61060.000   10021 1352938       0.000            UAE 
61060.000   10021 1352940    -537.400            UAE 
61060.000   10046 1404601   24373.400            AOS 
61060.000   10046 1352394    -713.400            AOS 
61060.000   10031 1353842    2426.900            APL 
61060.000   10031 1403107  255907.500            APL 
61060.000   10031 1403108  431438.200            APL 
61060.000   10031 1403109  132739.600            APL 
61060.000   10031 1412174   20689.700            APL 
61060.000   10054 1362269     177.000            AUS 
61060.000   10054 1360340   12239.000            AUS 
61060.000   10054 1360654  -42333.000            AUS 
61060.000   10054 1363814    4171.000            AUS 
61060.000   10054 1364971    6928.000            AUS 
61060.000   10054 1360299   27564.000            AUS 
61060.000   10101 1355360       0.000            AZ  
61060.000   10101 1355361    -866.100            AZ  
61060.000   10075 1352685    2980.100            IMBH
61060.000   10075 1320192   -7992.700            IMBH
61060.000   10075 1320193  -38151.600            IMBH
61060.000   10071 1353447    1194.400            BIRM
61060.000   10071 1353689    9815.400            BIRM
61060.000   10071 1407107 -387067.000            BIRM
61060.000   10071 1407111    -181.300            BIRM
61060.000   10071 1407112   -6514.700            BIRM
61060.000   10071 1415303   -2979.400            BIRM
61060.000   10071 1415304   -9609.500            BIRM
61060.000   10071 1415305  -18159.300            BIRM
61060.000   10092 1363159    4742.400            ICE 
61060.000   10092 1363522    3511.200            ICE 
61060.000   10057 1352117   14031.400            CH  
61060.000   10057 1355202    -547.600            CH  
61060.000   10057 1373644    -667.400            CH  
61060.000   10057 1405701   -1648.400            CH  
61060.000   10057 1405702   23218.600            CH  
61060.000   10057 1411117    -241.100            CH  
61060.000   10073 1353612  -10717.400            CNM 
61060.000   10073 1413211    -985.700            CNM 
61060.000   10073 1413212   42186.100            CNM 
61060.000   10074 1411045    3508.100            DLR 
61060.000   10053 1350136     -83.300            DTAG
61060.000   10053 1355332   -1420.200            DTAG
61060.000   10053 1352635    2321.800            DTAG
61060.000   10025 1352025    3970.400            ESA 
61060.000   10025 1351615   -4406.200            ESA 
61060.000   10025 1352353   11156.800            ESA 
61060.000   10025 1352210   27721.600            ESA 
61060.000   10025 1402543  -27861.700            ESA 
61060.000   10025 1402541  -93295.900            ESA 
61060.000   10089 1354233       0.000            HKO 
61060.000   10089 1355122    1224.400            HKO 
61060.000   10099 1354701       0.000            IFZG
61060.000   10093 1353401       0.000            NSAI
61060.000   10044 1361167    1413.100            IFAG
61060.000   10044 1361173     602.700            IFAG
61060.000   10044 1361629    8683.100            IFAG
61060.000   10044 1361732    6023.400            IFAG
61060.000   10044 1361798    1291.600            IFAG
61060.000   10044 1404439    2038.700            IFAG
61060.000   10044 1404418   15303.600            IFAG
61060.000   10048 1404878  906572.100            NIM 
61060.000   10048 1404871 1023943.200            NIM 
61060.000   10048 1404832 1015693.800            NIM 
61060.000   10048 1404879 1868942.700            NIM 
61060.000   10048 1404880 2148389.700            NIM 
61060.000   10048 1352742  110519.800            NIM 
61060.000   10048 1404849 1414418.300            NIM 
61060.000   10048 1404856   93421.400            NIM 
61060.000   10048 1404857   25376.900            NIM 
61060.000   10048 1404821    2704.700            NIM 
61060.000   10048 1404850     571.900            NIM 
61060.000   10048 1404870    4973.900            NIM 
61060.000   10015 1362377       0.000            INTI
61060.000   10015 1363270   11875.300            INTI
61060.000   10015 1363511    5868.400            INTI
61060.000   10070 1353546    8542.900            IPQ 
61060.000   10083 1353654    9584.800            NIS 
61060.000   10083 1354391   16019.000            NIS 
61060.000   10083 1353812  -27379.000            NIS 
61060.000   10083 1352182   -4014.500            NIS 
61060.000   10011 1350219    -971.900            IT  
61060.000   10011 1352487    -308.000            IT  
61060.000   10011 1401101  221728.500            IT  
61060.000   10011 1401102  287989.700            IT  
61060.000   10011 1401103   32629.300            IT  
61060.000   10011 1401104   12161.100            IT  
61060.000   10011 1411079    -753.300            IT  
61060.000   10011 1411078    2574.000            IT  
61060.000   10035 1350832   16395.700            BSJ 
61060.000   10035 1350833    9015.600            BSJ 
61060.000   10087 1361277 -111350.600            JV  
61060.000   10087 1362617   69443.400            JV  
61060.000   10087 1415218  -42078.500            JV  
61060.000   10087 1411122   14463.000            JV  
61060.000   10056 1351783   38995.200            KRIS
61060.000   10056 1405624  156089.000            KRIS
61060.000   10056 1405625  451222.700            KRIS
61060.000   10056 1405626   14364.600            KRIS
61060.000   10027 1415201    -639.100            KZ  
61060.000   10027 1415205    1411.700            KZ  
61060.000   10027 1415266   -2244.300            KZ  
61060.000   10052 1351324  -10977.200            NPLI
61060.000   10052 1353376  -10464.700            NPLI
61060.000   10052 1353457    3301.000            NPLI
61060.000   10052 1353413   44189.100            NPLI
61060.000   10052 1353453    5040.800            NPLI
61060.000   10052 1415225  110898.500            NPLI
61060.000   10052 1415365   46166.800            NPLI
61060.000   10052 1415363    3012.000            NPLI
61060.000   10052 1415364   10997.100            NPLI
61060.000   10091 1352370   -7521.000            LRTE
61060.000   10082 1351868       0.000            LT  
61060.000   10082 1351362   -1757.800            LT  
61060.000   10094 1353471  -60907.700            LUX 
61060.000   10094 1353544  -58000.500            LUX 
61060.000   10041 1404113  323552.400            MIKE
61060.000   10041 1404108   28834.100            MIKE
61060.000   10041 1404189  186681.000            MIKE
61060.000   10041 1412084   27628.900            MIKE
61060.000   10088 1361806  -12434.700            CNMP
61060.000   10088 1361752   -6626.600            CNMP
61060.000   10088 1363162    8012.600            CNMP
61060.000   10088 1363179  -66046.100            CNMP
61060.000   10063 1360274    3052.300            MSL 
61060.000   10063 1363396   -4383.800            MSL 
61060.000   10063 1363872  111344.300            MSL 
61060.000   10081 1353476    4773.700            NIMT
61060.000   10081 1353472   45679.800            NIMT
61060.000   10081 1353470   45537.300            NIMT
61060.000   10013 1410102   -1791.900            NAO 
61060.000   10013 1350779    6679.300            NAO 
61060.000   10013 1351689      45.200            NAO 
61060.000   10013 1351214     107.500            NAO 
61060.000   10020 1350343  127443.600            NICT
61060.000   10020 1350907   36034.900            NICT
61060.000   10020 1351226  -16582.600            NICT
61060.000   10020 1351778   74919.000            NICT
61060.000   10020 1351789   -7908.900            NICT
61060.000   10020 1351866    1414.300            NICT
61060.000   10020 1351944  108727.400            NICT
61060.000   10020 1352011  108171.100            NICT
61060.000   10020 1352056  109235.100            NICT
61060.000   10020 1352113  -45715.400            NICT
61060.000   10020 1352116  -27342.700            NICT
61060.000   10020 1352570   87863.200            NICT
61060.000   10020 1352620   59840.000            NICT
61060.000   10020 1352627  -22854.400            NICT
61060.000   10020 1352628  -24568.400            NICT
61060.000   10020 1352784   43633.500            NICT
61060.000   10020 1352876  123858.400            NICT
61060.000   10020 1352903   52632.200            NICT
61060.000   10020 1353594  -15057.200            NICT
61060.000   10020 1353716  -28137.100            NICT
61060.000   10020 1353717  -49394.000            NICT
61060.000   10020 1353718  -43711.900            NICT
61060.000   10020 1353720  -53266.900            NICT
61060.000   10020 1353722  -30426.100            NICT
61060.000   10020 1353909   27185.300            NICT
61060.000   10020 1353912  -37440.700            NICT
61060.000   10020 1353916  -70457.500            NICT
61060.000   10020 1353918   38362.500            NICT
61060.000   10020 1354230   68285.400            NICT
61060.000   10020 1355334   86093.700            NICT
61060.000   10020 1402003   15698.600            NICT
61060.000   10020 1402004   -8433.200            NICT
61060.000   10020 1402012   34132.500            NICT
61060.000   10020 1402013   37716.700            NICT
61060.000   10020 1402014   -2444.300            NICT
61060.000   10020 1402015   67852.600            NICT
61060.000   10020 1411041  -58537.800            NICT
61060.000   10020 1411062   33735.600            NICT
61060.000   10020 1412060   59768.100            NICT
61060.000   10002 1412108  531386.900            NIST
61060.000   10002 1412014 -546406.600            NIST
61060.000   10002 1400004 -199356.800            NIST
61060.000   10002 1400222  726781.400            NIST
61060.000   10002 1400209 -451351.600            NIST
61060.000   10002 1400212  453774.400            NIST
61060.000   10002 1400207  635686.600            NIST
61060.000   10002 1412015  600684.900            NIST
61060.000   10002 1400210  165212.800            NIST
61060.000   10002 1400205  980346.100            NIST
61060.000   10002 1352792 -547768.400            NIST
61060.000   10002 1412099  241596.500            NIST
61060.000   10002 1412006   67118.700            NIST
61060.000   10002 1442021 -552643.500            NIST
61060.000   10002 1352935 -653463.600            NIST
61060.000   10002 1352579  978576.900            NIST
61060.000   10002 1402205 -262256.000            NIST
61060.000   10050 1320293  117597.100            NMIJ
61060.000   10017 1412011   47518.800            NPL 
61060.000   10017 1412050   45459.800            NPL 
61060.000   10003 1352150    8039.900            NRC 
61060.000   10003 1362225   17136.000            NRC 
61060.000   10003 1352115   19036.800            NRC 
61060.000   10003 1400306   91422.000            NRC 
61060.000   10003 1400307   10623.300            NRC 
61060.000   10049 1415324   -1621.700            NTSC
61060.000   10049 1415316   -5288.300            NTSC
61060.000   10049 1415085  -22242.400            NTSC
61060.000   10049 1415082   47325.700            NTSC
61060.000   10049 1414922    5081.200            NTSC
61060.000   10049 1404967    4874.900            NTSC
61060.000   10049 1354937   14399.400            NTSC
61060.000   10049 1352142   15216.000            NTSC
61060.000   10016 1354619       0.000            INXE
61060.000   10008 1352027   32640.300            OP  
61060.000   10008 1400889    4073.500            OP  
61060.000   10008 1353765   77955.400            OP  
61060.000   10008 1400810   19802.800            OP  
61060.000   10008 1400809   34156.600            OP  
61060.000   10008 1400890   28519.700            OP  
61060.000   10026 1352722   -1916.400            ORB 
61060.000   10026 1352724    9282.700            ORB 
61060.000   10026 1411030   73413.400            ORB 
61060.000   10026 1402602  333784.000            ORB 
61060.000   10026 1352723    1314.400            ORB 
61060.000   10040 1350441    -750.600            PL  
61060.000   10040 1415318   -1695.600            PL  
61060.000   10040 1415321   24484.700            PL  
61060.000   10040 1354603     110.000            PL  
61060.000   10040 1354597     225.100            PL  
61060.000   10005 1920001   41547.200            PTB 
61060.000   10005 1920002   37503.400            PTB 
61060.000   10005 1355322    8708.700            PTB 
61060.000   10005 1400510    8595.600            PTB 
61060.000   10005 1400506   31926.100            PTB 
61060.000   10005 1400508   32558.700            PTB 
61060.000   10005 1400509    9709.700            PTB 
61060.000   10005 1415245   -5083.400            PTB 
61060.000   10005 1400512    6442.100            PTB 
61060.000   10005 1415221    3530.500            PTB 
61060.000   10019 1351942   68203.800            ONRJ
61060.000   10019 1320337   50585.700            ONRJ
61060.000   10019 1354204   69388.800            ONRJ
61060.000   10019 1350147   59249.200            ONRJ
61060.000   10019 1350102   19111.900            ONRJ
61060.000   10019 1353364   38424.900            ONRJ
61060.000   10019 1351153  -11315.400            ONRJ
61060.000   10019 1401958  120996.400            ONRJ
61060.000   10014 1350583   -4559.900            ROA 
61060.000   10014 1350718   -3035.000            ROA 
61060.000   10014 1361490   86824.100            ROA 
61060.000   10014 1361488   84907.100            ROA 
61060.000   10014 1351699   54781.300            ROA 
61060.000   10014 1401436 1919930.800            ROA 
61060.000   10014 1412032 1271821.400            ROA 
61060.000   10014 1352270    7796.700            ROA 
61060.000   10062 1352932       0.000            SASO
61060.000   10062 1352931    -288.000            SASO
61060.000   10062 1351628     617.400            SASO
61060.000   10062 1350221    -352.800            SASO
61060.000   10067 1352525   -7928.100            SCL 
61060.000   10067 1352178  -19231.100            SCL 
61060.000   10067 1415314     676.000            SCL 
61060.000   10067 1353448    -526.500            SCL 
61060.000   10079 1352003   33630.900            SMD 
61060.000   10079 1352543  -25490.700            SMD 
61060.000   10079 1411049   -1968.100            SMD 
61060.000   10072 1352745  -21025.600            SP  
61060.000   10072 1352749   20949.600            SP  
61060.000   10072 1352758   -2387.800            SP  
61060.000   10072 1354707    6584.500            SP  
61060.000   10072 1362295    1909.700            SP  
61060.000   10072 1365149   52212.100            SP  
61060.000   10072 1407201    -693.300            SP  
61060.000   10072 1407223  152074.000            SP  
61060.000   10072 1407231  237736.200            SP  
61060.000   10072 1407232  385027.600            SP  
61060.000   10072 1415319   40657.700            SP  
61060.000   10038 1403809 -408922.600            SU  
61060.000   10038 1403811 -282075.000            SU  
61060.000   10038 1403812  -27678.100            SU  
61060.000   10038 1403844 -562427.400            SU  
61060.000   10038 1403853    3648.400            SU  
61060.000   10038 1403833 -397808.200            SU  
61060.000   10038 1403846   45978.500            SU  
61060.000   10038 1403814 -656985.200            SU  
61060.000   10038 1403815 -333830.200            SU  
61060.000   10038 1403834    9678.000            SU  
61060.000   10038 1403841  -40559.800            SU  
61060.000   10038 1403840    9270.800            SU  
61060.000   10038 1403845 -453449.300            SU  
61060.000   10030 1403011  134581.500            TL  
61060.000   10030 1413202  220887.500            TL  
61060.000   10030 1353942  -35770.400            TL  
61060.000   10030 1353947   54041.500            TL  
61060.000   10030 1354060  -13799.100            TL  
61060.000   10022 1320211 1999815.600            TP  
61060.000   10022 1320247  999362.300            TP  
61060.000   10022 1351227       0.000            TP  
61060.000   10022 1352179     -52.100            TP  
61060.000   10022 1352476     519.600            TP  
61060.000   10022 1353519     -57.400            TP  
61060.000   10068 1411028       0.000            UME 
61060.000   10068 1352703    2509.700            UME 
61060.000   10068 1350251    3351.600            UME 
61060.000   10068 1350872   -7672.900            UME 
61060.000   10068 1352710    2502.800            UME 
61060.000   10007 1400711 3269796.300            USNO
61060.000   10007 1400712  270250.300            USNO
61060.000   10007 1400719  450692.600            USNO
61060.000   10007 1400702  -65658.300            USNO
61060.000   10007 1400708  660641.200            USNO
61060.000   10007 1400704  112189.200            USNO
61060.000   10007 1400718 1926149.000            USNO
61060.000   10007 1400710 -770159.100            USNO
61060.000   10007 1400726 1266912.700            USNO
61060.000   10007 1400715  413638.600            USNO
61060.000   10007 1350161   81105.900            USNO
61060.000   10007 1400727 -715431.200            USNO
61060.000   10007 1400729 2197679.400            USNO
61060.000   10007 1400725 -219032.800            USNO
61060.000   10007 1400724 -811974.200            USNO
61060.000   10007 1400723 -606454.400            USNO
61060.000   10007 1400722 2705308.800            USNO
61060.000   10007 1400721  407959.600            USNO
61060.000   10007 1400720 1250275.400            USNO
61060.000   10007 1400730 2116652.600            USNO
61060.000   10007 1400731 -397865.400            USNO
61060.000   10007 1400732  738233.300            USNO
61060.000   10007 1400736 1214585.000            USNO
61060.000   10007 1400737 2442427.300            USNO
61060.000   10007 1400740 1081585.600            USNO
61060.000   10007 1400713  448384.800            USNO
61060.000   10007 1400714   92529.400            USNO
61060.000   10007 1400716  673951.200            USNO
61060.000   10007 1400738   97171.000            USNO
61060.000   10028 1353669   19158.300            VMI 
61060.000   10028 1361233   11899.900            VMI 
61060.000   10028 1353670  -23866.700            VMI 
61060.000   10024 1411040   -2475.300            VSL 
61060.000   10024 1354466    9463.100            VSL 
61060.000   10024 1355008    6663.000            VSL 
61060.000   10055 1352191     -13.600            DMDM
61060.000   10055 1362033  -52427.300            DMDM
