61137.000   10021 1352938       0.000            UAE 
61137.000   10021 1352940   -2837.100            UAE 
61137.000   10046 1404601   26172.800            AOS 
61137.000   10046 1352394   -1029.300            AOS 
61137.000   10031 1353842    2410.100            APL 
61137.000   10031 1403107  263580.800            APL 
61137.000   10031 1403108  491035.800            APL 
61137.000   10031 1403109  134716.200            APL 
61137.000   10031 1412174   28217.500            APL 
61137.000   10054 1362269     122.000            AUS 
61137.000   10054 1360340   12798.000            AUS 
61137.000   10054 1360654  -44332.000            AUS 
61137.000   10054 1363814    4513.000            AUS 
61137.000   10054 1364971    7452.000            AUS 
61137.000   10054 1360299   28374.000            AUS 
61137.000   10101 1355360       0.000            AZ  
61137.000   10101 1355361   -1199.900            AZ  
61137.000   10075 1352685    3266.700            IMBH
61137.000   10075 1320192   -8539.400            IMBH
61137.000   10075 1320193  -41164.900            IMBH
61137.000   10071 1353447     868.500            BIRM
61137.000   10071 1353689    9921.000            BIRM
61137.000   10071 1407107 -415215.300            BIRM
61137.000   10071 1415303   -4468.600            BIRM
61137.000   10071 1415304  -11304.600            BIRM
61137.000   10071 1415305  -20195.600            BIRM
61137.000   10092 1363159    4212.100            ICE 
61137.000   10092 1363522    3661.900            ICE 
61137.000   10057 1355202    -708.100            CH  
61137.000   10057 1373644    -938.800            CH  
61137.000   10057 1405701   -2009.400            CH  
61137.000   10057 1405702   21866.300            CH  
61137.000   10057 1411117     -58.600            CH  
61137.000   10073 1353612  -13353.600            CNM 
61137.000   10073 1413211   -1042.900            CNM 
61137.000   10073 1413212   57515.500            CNM 
61137.000   10074 1411045    4627.600            DLR 
61137.000   10053 1350136     -83.300            DTAG
61137.000   10053 1355332   -1619.700            DTAG
61137.000   10053 1352635    2644.300            DTAG
61137.000   10025 1352025    4260.500            ESA 
61137.000   10025 1351615   -4639.400            ESA 
61137.000   10025 1352353   11668.200            ESA 
61137.000   10025 1352210   29318.100            ESA 
61137.000   10025 1402543  -36599.700            ESA 
61137.000   10025 1402541 -109265.400            ESA 
61137.000   10025 1411033   -1818.000            ESA 
61137.000   10089 1354233       0.000            HKO 
61137.000   10089 1355122    1282.800            HKO 
61137.000   10099 1354701       0.000            IFZG
61137.000   10093 1353401       0.000            NSAI
61137.000   10044 1361167    1040.200            IFAG
61137.000   10044 1361173     354.200            IFAG
61137.000   10044 1361629   10206.000            IFAG
61137.000   10044 1361732    6992.100            IFAG
61137.000   10044 1361798     841.700            IFAG
61137.000   10044 1404439    4528.500            IFAG
61137.000   10044 1404418   15346.000            IFAG
61137.000   10048 1404878  943273.900            NIM 
61137.000   10048 1404871 1068049.400            NIM 
61137.000   10048 1404832 1073576.500            NIM 
61137.000   10048 1404879 1912094.100            NIM 
61137.000   10048 1404880 2193702.900            NIM 
61137.000   10048 1352742  112737.900            NIM 
61137.000   10048 1404849 1414900.700            NIM 
61137.000   10048 1404856   93986.700            NIM 
61137.000   10048 1404857   25037.000            NIM 
61137.000   10048 1404821    2947.700            NIM 
61137.000   10048 1404850     666.500            NIM 
61137.000   10048 1404870    5527.900            NIM 
61137.000   10015 1362377       0.000            INTI
61137.000   10015 1363270   12469.900            INTI
61137.000   10015 1363511    6147.500            INTI
61137.000   10070 1353546    8509.400            IPQ 
61137.000   10083 1353654    9938.800            NIS 
61137.000   10083 1354391   17512.400            NIS 
61137.000   10083 1353812  -29124.400            NIS 
61137.000   10083 1352182   -4214.000            NIS 
61137.000   10011 1350219   -1097.400            IT  
61137.000   10011 1352487    -511.100            IT  
61137.000   10011 1401101  261358.200            IT  
61137.000   10011 1401102  295886.700            IT  
61137.000   10011 1401103   35590.500            IT  
61137.000   10011 1401104    7973.300            IT  
61137.000   10011 1411079   -1340.900            IT  
61137.000   10011 1411078    3810.800            IT  
61137.000   10011 1422012     944.400            IT  
61137.000   10035 1350832   17623.900            BSJ 
61137.000   10035 1350833    9673.200            BSJ 
61137.000   10087 1361277 -112156.800            JV  
61137.000   10087 1362617   70649.400            JV  
61137.000   10087 1415218  -42140.500            JV  
61137.000   10087 1411122   16648.300            JV  
61137.000   10056 1351783   40705.600            KRIS
61137.000   10056 1405624  167155.500            KRIS
61137.000   10056 1405625  483770.800            KRIS
61137.000   10056 1405626   15747.400            KRIS
61137.000   10027 1415201    -694.000            KZ  
61137.000   10027 1415205    1783.300            KZ  
61137.000   10027 1415266   -2749.000            KZ  
61137.000   10052 1351324  -11198.700            NPLI
61137.000   10052 1353376  -10764.600            NPLI
61137.000   10052 1353457    3419.800            NPLI
61137.000   10052 1353413   45125.200            NPLI
61137.000   10052 1353453    5249.400            NPLI
61137.000   10052 1415225  117854.100            NPLI
61137.000   10052 1415365   48699.900            NPLI
61137.000   10052 1415363    3781.000            NPLI
61137.000   10052 1415364   11871.700            NPLI
61137.000   10091 1352370  -10307.100            LRTE
61137.000   10082 1351868       0.000            LT  
61137.000   10082 1351362   -1669.400            LT  
61137.000   10094 1353471  -61661.600            LUX 
61137.000   10094 1353544  -57627.100            LUX 
61137.000   10085 1353507       0.000            NIMB
61137.000   10041 1404113  331142.100            MIKE
61137.000   10041 1404108   31994.200            MIKE
61137.000   10041 1404189  182870.400            MIKE
61137.000   10041 1412084   26686.500            MIKE
61137.000   10088 1361806  -12671.900            CNMP
61137.000   10088 1361752   -6746.200            CNMP
61137.000   10088 1363162    8550.600            CNMP
61137.000   10088 1363179  -67318.900            CNMP
61137.000   10063 1360274    3303.800            MSL 
61137.000   10063 1363396   -4316.600            MSL 
61137.000   10063 1363872  115161.800            MSL 
61137.000   10081 1353476    3825.400            NIMT
61137.000   10081 1353472   46575.200            NIMT
61137.000   10081 1353470   46854.600            NIMT
61137.000   10013 1410102   -2941.500            NAO 
61137.000   10013 1350779    5546.200            NAO 
61137.000   10013 1351689    -595.300            NAO 
61137.000   10013 1351214     107.400            NAO 
61137.000   10020 1350343  129402.300            NICT
61137.000   10020 1350907   34839.700            NICT
61137.000   10020 1351226  -16803.900            NICT
61137.000   10020 1351778   75947.200            NICT
61137.000   10020 1351789   -8372.000            NICT
61137.000   10020 1351866    1397.900            NICT
61137.000   10020 1351944  109683.400            NICT
61137.000   10020 1352011  107916.900            NICT
61137.000   10020 1352056  110219.300            NICT
61137.000   10020 1352113  -46038.700            NICT
61137.000   10020 1352116  -27129.500            NICT
61137.000   10020 1352570   88503.500            NICT
61137.000   10020 1352620   61042.800            NICT
61137.000   10020 1352627  -23995.800            NICT
61137.000   10020 1352628  -25434.200            NICT
61137.000   10020 1352784   42788.400            NICT
61137.000   10020 1352876  123523.800            NICT
61137.000   10020 1352903   53028.500            NICT
61137.000   10020 1353594  -14521.000            NICT
61137.000   10020 1353716  -28982.000            NICT
61137.000   10020 1353717  -51041.900            NICT
61137.000   10020 1353718  -45616.200            NICT
61137.000   10020 1353720  -54454.200            NICT
61137.000   10020 1353722  -31085.800            NICT
61137.000   10020 1353909   27709.000            NICT
61137.000   10020 1353912  -39051.100            NICT
61137.000   10020 1353916  -73090.900            NICT
61137.000   10020 1353918   39689.400            NICT
61137.000   10020 1354230   68874.900            NICT
61137.000   10020 1402003   16584.200            NICT
61137.000   10020 1402004  -10214.800            NICT
61137.000   10020 1402012   30325.600            NICT
61137.000   10020 1402013   46771.900            NICT
61137.000   10020 1402014   -2079.800            NICT
61137.000   10020 1402015   77045.600            NICT
61137.000   10020 1411041  -68432.300            NICT
61137.000   10020 1411062   32197.900            NICT
61137.000   10020 1412060   65783.300            NICT
61137.000   10002 1412108  588124.200            NIST
61137.000   10002 1412014 -535251.800            NIST
61137.000   10002 1400004 -193195.100            NIST
61137.000   10002 1400222  731345.500            NIST
61137.000   10002 1400209 -446051.600            NIST
61137.000   10002 1400212  546871.400            NIST
61137.000   10002 1400207  689275.600            NIST
61137.000   10002 1412015  636055.000            NIST
61137.000   10002 1400210  235241.700            NIST
61137.000   10002 1400205  978926.000            NIST
61137.000   10002 1412099  331176.800            NIST
61137.000   10002 1412006  144675.500            NIST
61137.000   10002 1442021 -563765.400            NIST
61137.000   10002 1352935 -655349.800            NIST
61137.000   10002 1352579  979927.300            NIST
61137.000   10002 1402205 -220758.100            NIST
61137.000   10050 1320293  135478.000            NMIJ
61137.000   10017 1412011   48448.200            NPL 
61137.000   10017 1412050   46908.200            NPL 
61137.000   10003 1352150    8229.700            NRC 
61137.000   10003 1362225   17090.600            NRC 
61137.000   10003 1352115   19558.000            NRC 
61137.000   10003 1352148    3185.600            NRC 
61137.000   10003 1400306   92383.300            NRC 
61137.000   10003 1400307   11551.800            NRC 
61137.000   10049 1415324   -1649.000            NTSC
61137.000   10049 1415322    2656.000            NTSC
61137.000   10049 1415316   -5843.600            NTSC
61137.000   10049 1415082   51987.900            NTSC
61137.000   10049 1414922    6239.200            NTSC
61137.000   10049 1404967    5867.900            NTSC
61137.000   10049 1354937   14372.500            NTSC
61137.000   10049 1352142   15166.800            NTSC
61137.000   10016 1354619       0.000            INXE
61137.000   10008 1352027   33856.600            OP  
61137.000   10008 1400889    5867.100            OP  
61137.000   10008 1353765   79880.000            OP  
61137.000   10008 1400810   21518.100            OP  
61137.000   10008 1400809   36607.600            OP  
61137.000   10008 1400890   30532.600            OP  
61137.000   10026 1352722   -2142.600            ORB 
61137.000   10026 1352724   10035.900            ORB 
61137.000   10026 1411030   79499.000            ORB 
61137.000   10026 1402602  372408.700            ORB 
61137.000   10026 1352723    1661.500            ORB 
61137.000   10040 1350441    -792.400            PL  
61137.000   10040 1415318  -47273.900            PL  
61137.000   10040 1415321   26686.600            PL  
61137.000   10040 1354603     172.000            PL  
61137.000   10040 1354597     265.600            PL  
61137.000   10005 1920001   41630.600            PTB 
61137.000   10005 1920002   37609.400            PTB 
61137.000   10005 1355322    8934.700            PTB 
61137.000   10005 1400510    9315.700            PTB 
61137.000   10005 1400506   32987.100            PTB 
61137.000   10005 1400508   33558.400            PTB 
61137.000   10005 1400509   10088.200            PTB 
61137.000   10005 1415245   -6144.700            PTB 
61137.000   10005 1400512    7193.300            PTB 
61137.000   10005 1415221    3593.300            PTB 
61137.000   10019 1351942   69705.300            ONRJ
61137.000   10019 1320337   51277.900            ONRJ
61137.000   10019 1354204   73040.600            ONRJ
61137.000   10019 1350147   59753.200            ONRJ
61137.000   10019 1350102   19981.800            ONRJ
61137.000   10019 1353364   39164.200            ONRJ
61137.000   10019 1351153  -12150.900            ONRJ
61137.000   10019 1401958  131132.000            ONRJ
61137.000   10014 1350583   -4954.500            ROA 
61137.000   10014 1350718   -2495.900            ROA 
61137.000   10014 1361490   87493.800            ROA 
61137.000   10014 1361488   85707.900            ROA 
61137.000   10014 1351699   55286.600            ROA 
61137.000   10014 1401436 1967476.800            ROA 
61137.000   10014 1412032 1321405.100            ROA 
61137.000   10014 1352270    7923.700            ROA 
61137.000   10062 1352932       0.000            SASO
61137.000   10062 1352931     625.400            SASO
61137.000   10062 1351628    1081.900            SASO
61137.000   10062 1350221    -795.600            SASO
61137.000   10067 1352525   -8581.200            SCL 
61137.000   10067 1352178  -20526.000            SCL 
61137.000   10067 1415314    1559.300            SCL 
61137.000   10067 1353448    1291.000            SCL 
61137.000   10079 1352003   34158.200            SMD 
61137.000   10079 1352543  -26627.600            SMD 
61137.000   10079 1411049   -1931.100            SMD 
61137.000   10072 1352745  -22261.800            SP  
61137.000   10072 1352749   22699.500            SP  
61137.000   10072 1352758   -2467.400            SP  
61137.000   10072 1354707    6565.900            SP  
61137.000   10072 1362295    4204.800            SP  
61137.000   10072 1365149   58990.600            SP  
61137.000   10072 1407201    1807.400            SP  
61137.000   10072 1407223  156871.700            SP  
61137.000   10072 1407231  256675.000            SP  
61137.000   10072 1407232  411449.000            SP  
61137.000   10072 1415319   42766.300            SP  
61137.000   10038 1403809 -410220.300            SU  
61137.000   10038 1403811 -282033.300            SU  
61137.000   10038 1403812  -25215.100            SU  
61137.000   10038 1403844 -560775.800            SU  
61137.000   10038 1403853    4643.100            SU  
61137.000   10038 1403833 -395924.300            SU  
61137.000   10038 1403846   48084.200            SU  
61137.000   10038 1403814 -647629.500            SU  
61137.000   10038 1403815 -331651.600            SU  
61137.000   10038 1403834   11087.300            SU  
61137.000   10038 1403841  -37108.600            SU  
61137.000   10038 1403840   10432.100            SU  
61137.000   10038 1403845 -454018.800            SU  
61137.000   10030 1403011  176520.100            TL  
61137.000   10030 1413202  238986.600            TL  
61137.000   10030 1353942  -37559.400            TL  
61137.000   10030 1353947   56193.200            TL  
61137.000   10030 1354060  -14420.100            TL  
61137.000   10022 1320211 1999893.100            TP  
61137.000   10022 1320247  998924.300            TP  
61137.000   10022 1351227       0.000            TP  
61137.000   10022 1352179      98.400            TP  
61137.000   10022 1352476     604.400            TP  
61137.000   10022 1353519    -115.000            TP  
61137.000   10007 1400711 3312982.800            USNO
61137.000   10007 1400712  275103.900            USNO
61137.000   10007 1400719  467484.000            USNO
61137.000   10007 1400702  -65461.100            USNO
61137.000   10007 1400708  670741.400            USNO
61137.000   10007 1400704  116004.400            USNO
61137.000   10007 1400718 1955839.000            USNO
61137.000   10007 1400710 -806979.200            USNO
61137.000   10007 1400726 1304078.800            USNO
61137.000   10007 1400715  427385.400            USNO
61137.000   10007 1350161   80941.000            USNO
61137.000   10007 1400727 -741598.000            USNO
61137.000   10007 1400729 2254289.100            USNO
61137.000   10007 1400725 -220084.500            USNO
61137.000   10007 1400724 -820362.800            USNO
61137.000   10007 1400723 -605292.100            USNO
61137.000   10007 1400722 2691075.100            USNO
61137.000   10007 1400721  469868.300            USNO
61137.000   10007 1400720 1257283.200            USNO
61137.000   10007 1400730 2162983.900            USNO
61137.000   10007 1400731 -411114.700            USNO
61137.000   10007 1400732  767112.100            USNO
61137.000   10007 1400736 1218440.300            USNO
61137.000   10007 1400737 2463605.800            USNO
61137.000   10007 1400740 1128966.900            USNO
61137.000   10007 1400713  459584.300            USNO
61137.000   10007 1400714   97260.800            USNO
61137.000   10007 1400716  692765.600            USNO
61137.000   10007 1400738  110007.600            USNO
61137.000   10064 1355005       0.000            UZ  
61137.000   10064 1354998 5126704.800            UZ  
61137.000   10028 1353669   19660.200            VMI 
61137.000   10028 1361233   12243.700            VMI 
61137.000   10028 1353670  -25576.200            VMI 
61137.000   10024 1411040   -2916.000            VSL 
61137.000   10024 1354466   10000.400            VSL 
61137.000   10024 1355008    7249.400            VSL 
61137.000   10024 1355697    1182.400            VSL 
61137.000   10055 1352191    -106.700            DMDM
61137.000   10055 1362033  -56841.800            DMDM
