61087.000   10046 1404601   25000.000            AOS 
61087.000   10046 1352394    -817.900            AOS 
61087.000   10031 1353842    2421.200            APL 
61087.000   10031 1403107  258573.600            APL 
61087.000   10031 1403108  452299.500            APL 
61087.000   10031 1403109  133431.300            APL 
61087.000   10031 1412174   23163.500            APL 
61087.000   10054 1362269     113.000            AUS 
61087.000   10054 1360340   12401.000            AUS 
61087.000   10054 1360654  -43025.000            AUS 
61087.000   10054 1363814    4290.000            AUS 
61087.000   10054 1364971    7073.000            AUS 
61087.000   10054 1360299   27834.000            AUS 
61087.000   10101 1355360       0.000            AZ  
61087.000   10101 1355361    -991.200            AZ  
61087.000   10075 1352685    3081.600            IMBH
61087.000   10075 1320192   -8149.300            IMBH
61087.000   10075 1320193  -39229.400            IMBH
61087.000   10071 1353447    1070.800            BIRM
61087.000   10071 1353689    9877.300            BIRM
61087.000   10071 1407107 -396895.200            BIRM
61087.000   10071 1407111    -272.300            BIRM
61087.000   10071 1407112   -7558.700            BIRM
61087.000   10071 1415303   -3482.900            BIRM
61087.000   10071 1415304  -10188.500            BIRM
61087.000   10071 1415305  -18860.100            BIRM
61087.000   10092 1363159    4556.400            ICE 
61087.000   10092 1363522    3517.500            ICE 
61087.000   10057 1352117   14087.200            CH  
61087.000   10057 1355202    -609.200            CH  
61087.000   10057 1373644    -766.700            CH  
61087.000   10057 1405701   -1774.500            CH  
61087.000   10057 1405702   22757.900            CH  
61087.000   10057 1411117    -166.400            CH  
61087.000   10073 1353612  -11656.100            CNM 
61087.000   10073 1413211   -1015.600            CNM 
61087.000   10073 1413212   47402.200            CNM 
61087.000   10074 1411045    3885.300            DLR 
61087.000   10053 1350136     -83.300            DTAG
61087.000   10053 1355332   -1526.200            DTAG
61087.000   10053 1352635    2438.600            DTAG
61087.000   10025 1352025    4083.200            ESA 
61087.000   10025 1351615   -4493.800            ESA 
61087.000   10025 1352353   11335.500            ESA 
61087.000   10025 1352210   28285.000            ESA 
61087.000   10025 1402543  -30826.100            ESA 
61087.000   10025 1402541  -98661.500            ESA 
61087.000   10025 1411033   -1086.500            ESA 
61087.000   10089 1354233       0.000            HKO 
61087.000   10089 1355122    1251.400            HKO 
61087.000   10099 1354701       0.000            IFZG
61087.000   10093 1353401       0.000            NSAI
61087.000   10044 1361167    1297.000            IFAG
61087.000   10044 1361173     504.500            IFAG
61087.000   10044 1361629    9220.800            IFAG
61087.000   10044 1361732    6363.000            IFAG
61087.000   10044 1361798    1134.200            IFAG
61087.000   10044 1404439    4484.500            IFAG
61087.000   10044 1404418   15255.100            IFAG
61087.000   10048 1404878  919403.900            NIM 
61087.000   10048 1404871 1039375.300            NIM 
61087.000   10048 1404832 1035827.500            NIM 
61087.000   10048 1404879 1884010.300            NIM 
61087.000   10048 1404880 2164210.600            NIM 
61087.000   10048 1352742  111266.600            NIM 
61087.000   10048 1404849 1414584.200            NIM 
61087.000   10048 1404856   93619.000            NIM 
61087.000   10048 1404857   25257.000            NIM 
61087.000   10048 1404821    2786.600            NIM 
61087.000   10048 1404850     601.800            NIM 
61087.000   10048 1404870    5163.700            NIM 
61087.000   10015 1362377       0.000            INTI
61087.000   10015 1363270   12067.600            INTI
61087.000   10015 1363511    5976.900            INTI
61087.000   10070 1353546    8545.900            IPQ 
61087.000   10083 1353654    9722.800            NIS 
61087.000   10083 1354391   16527.800            NIS 
61087.000   10083 1353812  -27996.700            NIS 
61087.000   10083 1352182   -4012.900            NIS 
61087.000   10011 1350219   -1025.300            IT  
61087.000   10011 1352487    -382.700            IT  
61087.000   10011 1401101  235549.800            IT  
61087.000   10011 1401102  290800.400            IT  
61087.000   10011 1401103   33654.500            IT  
61087.000   10011 1401104   10715.100            IT  
61087.000   10011 1411079    -948.300            IT  
61087.000   10011 1411078    2988.200            IT  
61087.000   10011 1422012     860.600            IT  
61087.000   10035 1350832   16803.000            BSJ 
61087.000   10035 1350833    9238.000            BSJ 
61087.000   10087 1361277 -111674.000            JV  
61087.000   10087 1362617   69902.400            JV  
61087.000   10087 1415218  -42100.200            JV  
61087.000   10087 1411122   15208.900            JV  
61087.000   10056 1351783   39596.000            KRIS
61087.000   10056 1405624  159949.900            KRIS
61087.000   10056 1405625  462558.000            KRIS
61087.000   10056 1405626   14847.600            KRIS
61087.000   10027 1415201    -650.600            KZ  
61087.000   10027 1415205    1547.300            KZ  
61087.000   10027 1415266   -2411.700            KZ  
61087.000   10052 1351324  -11059.900            NPLI
61087.000   10052 1353376  -10602.700            NPLI
61087.000   10052 1353457    3332.600            NPLI
61087.000   10052 1353413   44522.000            NPLI
61087.000   10052 1353453    5120.300            NPLI
61087.000   10052 1415225  113302.500            NPLI
61087.000   10052 1415365   47048.300            NPLI
61087.000   10052 1415363    3276.500            NPLI
61087.000   10052 1415364   11296.200            NPLI
61087.000   10091 1352370   -8071.500            LRTE
61087.000   10082 1351868       0.000            LT  
61087.000   10082 1351362   -1660.000            LT  
61087.000   10094 1353471  -61159.700            LUX 
61087.000   10094 1353544  -57858.000            LUX 
61087.000   10041 1404113  326210.300            MIKE
61087.000   10041 1404108   30016.300            MIKE
61087.000   10041 1404189  185218.300            MIKE
61087.000   10041 1412084   27322.300            MIKE
61087.000   10088 1361806  -12488.200            CNMP
61087.000   10088 1361752   -6645.700            CNMP
61087.000   10088 1363162    8181.600            CNMP
61087.000   10088 1363179  -66460.500            CNMP
61087.000   10063 1360274    3127.900            MSL 
61087.000   10063 1363396   -4377.800            MSL 
61087.000   10063 1363872  112692.200            MSL 
61087.000   10081 1353476    4425.400            NIMT
61087.000   10081 1353472   46010.600            NIMT
61087.000   10081 1353470   46006.600            NIMT
61087.000   10013 1410102   -1657.400            NAO 
61087.000   10013 1350779    6325.600            NAO 
61087.000   10013 1351689    -136.400            NAO 
61087.000   10013 1351214     107.500            NAO 
61087.000   10020 1350343  128118.000            NICT
61087.000   10020 1350907   35637.800            NICT
61087.000   10020 1351226  -16646.000            NICT
61087.000   10020 1351778   75281.200            NICT
61087.000   10020 1351789   -8064.800            NICT
61087.000   10020 1351866    1409.700            NICT
61087.000   10020 1351944  109062.400            NICT
61087.000   10020 1352011  108083.200            NICT
61087.000   10020 1352056  109593.500            NICT
61087.000   10020 1352113  -45827.500            NICT
61087.000   10020 1352116  -27310.500            NICT
61087.000   10020 1352570   88107.800            NICT
61087.000   10020 1352620   60259.500            NICT
61087.000   10020 1352627  -23234.400            NICT
61087.000   10020 1352628  -24874.800            NICT
61087.000   10020 1352784   43339.000            NICT
61087.000   10020 1352876  123733.800            NICT
61087.000   10020 1352903   52769.100            NICT
61087.000   10020 1353594  -14849.600            NICT
61087.000   10020 1353716  -28432.100            NICT
61087.000   10020 1353717  -49969.800            NICT
61087.000   10020 1353718  -44297.900            NICT
61087.000   10020 1353720  -53691.000            NICT
61087.000   10020 1353722  -30651.500            NICT
61087.000   10020 1353909   27363.600            NICT
61087.000   10020 1353912  -37996.000            NICT
61087.000   10020 1353916  -71372.000            NICT
61087.000   10020 1353918   38845.300            NICT
61087.000   10020 1354230   68515.700            NICT
61087.000   10020 1355334   85968.300            NICT
61087.000   10020 1402003   16004.700            NICT
61087.000   10020 1402004   -9054.400            NICT
61087.000   10020 1402012   32768.000            NICT
61087.000   10020 1402013   40820.600            NICT
61087.000   10020 1402014   -2344.100            NICT
61087.000   10020 1402015   71024.700            NICT
61087.000   10020 1411041  -61980.000            NICT
61087.000   10020 1411062   33200.500            NICT
61087.000   10020 1412060   61835.300            NICT
61087.000   10002 1412108  551170.200            NIST
61087.000   10002 1412014 -542532.400            NIST
61087.000   10002 1400004 -197205.600            NIST
61087.000   10002 1400222  728381.800            NIST
61087.000   10002 1400209 -449542.700            NIST
61087.000   10002 1400212  486226.900            NIST
61087.000   10002 1400207  654436.500            NIST
61087.000   10002 1412015  613044.500            NIST
61087.000   10002 1400210  189664.900            NIST
61087.000   10002 1400205  979844.800            NIST
61087.000   10002 1352792 -548292.100            NIST
61087.000   10002 1412099  272911.400            NIST
61087.000   10002 1412006   94203.000            NIST
61087.000   10002 1352935 -654134.800            NIST
61087.000   10002 1352579  979026.700            NIST
61087.000   10002 1402205 -247746.000            NIST
61087.000   10050 1320293  123839.800            NMIJ
61087.000   10017 1412011   47833.000            NPL 
61087.000   10017 1412050   45830.100            NPL 
61087.000   10003 1352150    8117.000            NRC 
61087.000   10003 1362225   17133.400            NRC 
61087.000   10003 1352115   19218.100            NRC 
61087.000   10003 1352148    3230.400            NRC 
61087.000   10003 1400306   91986.000            NRC 
61087.000   10003 1400307   10945.900            NRC 
61087.000   10049 1415324   -1647.600            NTSC
61087.000   10049 1415316   -5482.800            NTSC
61087.000   10049 1415085  -22587.000            NTSC
61087.000   10049 1415082   48943.300            NTSC
61087.000   10049 1414922    5475.600            NTSC
61087.000   10049 1404967    5212.900            NTSC
61087.000   10049 1354937   14433.700            NTSC
61087.000   10049 1352142   15215.600            NTSC
61087.000   10008 1352027   33068.000            OP  
61087.000   10008 1400889    4697.400            OP  
61087.000   10008 1353765   78626.900            OP  
61087.000   10008 1400810   20399.300            OP  
61087.000   10008 1400809   35010.700            OP  
61087.000   10008 1400890   29228.200            OP  
61087.000   10026 1352722   -1993.600            ORB 
61087.000   10026 1352724    9537.500            ORB 
61087.000   10026 1411030   75533.400            ORB 
61087.000   10026 1402602  347320.000            ORB 
61087.000   10026 1352723    1415.100            ORB 
61087.000   10040 1350441    -778.000            PL  
61087.000   10040 1415318  -13295.900            PL  
61087.000   10040 1415321   25248.700            PL  
61087.000   10040 1354603     134.400            PL  
61087.000   10040 1354597     248.100            PL  
61087.000   10005 1920001   41570.400            PTB 
61087.000   10005 1920002   37538.500            PTB 
61087.000   10005 1400506   32252.600            PTB 
61087.000   10005 1400508   32860.600            PTB 
61087.000   10005 1400509    9840.500            PTB 
61087.000   10005 1400510    8845.900            PTB 
61087.000   10005 1415245   -5449.200            PTB 
61087.000   10005 1400512    6700.800            PTB 
61087.000   10005 1415221    3552.000            PTB 
61087.000   10005 1355322    8786.100            PTB 
61087.000   10019 1351942   68732.300            ONRJ
61087.000   10019 1320337   50833.400            ONRJ
61087.000   10019 1354204   70678.200            ONRJ
61087.000   10019 1350147   59442.600            ONRJ
61087.000   10019 1350102   19357.400            ONRJ
61087.000   10019 1353364   38701.700            ONRJ
61087.000   10019 1351153  -11600.200            ONRJ
61087.000   10019 1401958  124492.700            ONRJ
61087.000   10014 1350583   -4686.800            ROA 
61087.000   10014 1350718   -2830.600            ROA 
61087.000   10014 1361490   87092.500            ROA 
61087.000   10014 1361488   85160.000            ROA 
61087.000   10014 1351699   54969.100            ROA 
61087.000   10014 1401436 1936544.200            ROA 
61087.000   10014 1412032 1289134.500            ROA 
61087.000   10014 1352270    7838.300            ROA 
61087.000   10062 1352932       0.000            SASO
61087.000   10062 1352931      28.200            SASO
61087.000   10062 1351628     757.100            SASO
61087.000   10062 1350221    -525.300            SASO
61087.000   10067 1352525   -8138.600            SCL 
61087.000   10067 1352178  -19673.700            SCL 
61087.000   10067 1415314     978.900            SCL 
61087.000   10067 1353448     110.300            SCL 
61087.000   10079 1352003   33800.100            SMD 
61087.000   10079 1352543  -25884.900            SMD 
61087.000   10079 1411049   -1958.200            SMD 
61087.000   10072 1352745  -21455.900            SP  
61087.000   10072 1352749   21577.300            SP  
61087.000   10072 1352758   -2398.600            SP  
61087.000   10072 1354707    6583.100            SP  
61087.000   10072 1362295    2699.000            SP  
61087.000   10072 1365149   54568.200            SP  
61087.000   10072 1407201     153.900            SP  
61087.000   10072 1407223  153749.000            SP  
61087.000   10072 1407231  244308.600            SP  
61087.000   10072 1407232  394237.800            SP  
61087.000   10072 1415319   41396.400            SP  
61087.000   10038 1403809 -409382.500            SU  
61087.000   10038 1403811 -282068.000            SU  
61087.000   10038 1403812  -26832.500            SU  
61087.000   10038 1403844 -561850.800            SU  
61087.000   10038 1403853    3996.100            SU  
61087.000   10038 1403833 -397153.500            SU  
61087.000   10038 1403846   46715.000            SU  
61087.000   10038 1403814 -653706.400            SU  
61087.000   10038 1403815 -333073.400            SU  
61087.000   10038 1403834   10165.300            SU  
61087.000   10038 1403841  -39354.400            SU  
61087.000   10038 1403840    9676.600            SU  
61087.000   10038 1403845 -453655.600            SU  
61087.000   10030 1403011  149219.900            TL  
61087.000   10030 1413202  223642.500            TL  
61087.000   10030 1353942  -36399.700            TL  
61087.000   10030 1353947   54809.600            TL  
61087.000   10030 1354060  -14025.200            TL  
61087.000   10022 1320211 1999819.500            TP  
61087.000   10022 1320247  999059.600            TP  
61087.000   10022 1351227       0.000            TP  
61087.000   10022 1352179     -22.800            TP  
61087.000   10022 1352476     530.900            TP  
61087.000   10022 1353519     -93.400            TP  
61087.000   10068 1411028       0.000            UME 
61087.000   10068 1352703    2429.000            UME 
61087.000   10068 1350251    3353.400            UME 
61087.000   10068 1350872   -8029.200            UME 
61087.000   10068 1352710    2771.900            UME 
61087.000   10007 1400711 3284929.300            USNO
61087.000   10007 1400712  271939.700            USNO
61087.000   10007 1400719  456678.000            USNO
61087.000   10007 1400702  -65589.800            USNO
61087.000   10007 1400708  664174.200            USNO
61087.000   10007 1400704  113520.700            USNO
61087.000   10007 1400718 1936537.800            USNO
61087.000   10007 1400710 -783079.100            USNO
61087.000   10007 1400726 1279894.400            USNO
61087.000   10007 1400715  418447.300            USNO
61087.000   10007 1350161   81044.300            USNO
61087.000   10007 1400727 -724663.600            USNO
61087.000   10007 1400729 2217456.800            USNO
61087.000   10007 1400725 -219408.900            USNO
61087.000   10007 1400724 -814920.200            USNO
61087.000   10007 1400723 -606068.600            USNO
61087.000   10007 1400722 2700422.200            USNO
61087.000   10007 1400721  429600.900            USNO
61087.000   10007 1400720 1252671.700            USNO
61087.000   10007 1400730 2132853.400            USNO
61087.000   10007 1400731 -402512.800            USNO
61087.000   10007 1400732  748303.300            USNO
61087.000   10007 1400736 1215877.100            USNO
61087.000   10007 1400737 2449785.000            USNO
61087.000   10007 1400740 1098101.900            USNO
61087.000   10007 1400713  452295.400            USNO
61087.000   10007 1400714   94149.500            USNO
61087.000   10007 1400716  680541.900            USNO
61087.000   10007 1400738  101637.900            USNO
61087.000   10064 1355005       0.000            UZ  
61087.000   10064 1354998 4831629.300            UZ  
61087.000   10028 1353669   19884.700            VMI 
61087.000   10028 1361233   12549.900            VMI 
61087.000   10028 1353670  -23928.700            VMI 
61087.000   10024 1411040   -2638.500            VSL 
61087.000   10024 1354466    9649.900            VSL 
61087.000   10024 1355008    6854.800            VSL 
61087.000   10024 1355697     693.200            VSL 
61087.000   10055 1352191     -97.200            DMDM
61087.000   10055 1362033  -53993.400            DMDM
