61099.000   10021 1352938       0.000            UAE 
61099.000   10021 1352940   -1669.600            UAE 
61099.000   10046 1404601   25278.700            AOS 
61099.000   10046 1352394    -876.100            AOS 
61099.000   10031 1353842    2408.200            APL 
61099.000   10031 1403107  259766.700            APL 
61099.000   10031 1403108  461584.300            APL 
61099.000   10031 1403109  133740.800            APL 
61099.000   10031 1412174   24320.200            APL 
61099.000   10054 1362269     100.000            AUS 
61099.000   10054 1360340   12487.000            AUS 
61099.000   10054 1360654  -43346.000            AUS 
61099.000   10054 1363814    4342.000            AUS 
61099.000   10054 1364971    7159.000            AUS 
61099.000   10054 1360299   27935.000            AUS 
61099.000   10101 1355360       0.000            AZ  
61099.000   10101 1355361   -1035.600            AZ  
61099.000   10075 1352685    3123.600            IMBH
61099.000   10075 1320192   -8209.400            IMBH
61099.000   10075 1320193  -39725.500            IMBH
61099.000   10071 1353447    1013.200            BIRM
61099.000   10071 1353689    9888.200            BIRM
61099.000   10071 1407107 -401276.800            BIRM
61099.000   10071 1407112   -8026.700            BIRM
61099.000   10071 1415303   -3712.600            BIRM
61099.000   10071 1415304  -10450.700            BIRM
61099.000   10071 1415305  -19175.700            BIRM
61099.000   10092 1363159    4473.800            ICE 
61099.000   10092 1363522    3562.000            ICE 
61099.000   10057 1352117   14090.500            CH  
61099.000   10057 1355202    -628.400            CH  
61099.000   10057 1373644    -812.300            CH  
61099.000   10057 1405701   -1830.600            CH  
61099.000   10057 1405702   22553.300            CH  
61099.000   10057 1411117    -130.900            CH  
61099.000   10073 1353612  -12062.900            CNM 
61099.000   10073 1413211   -1023.900            CNM 
61099.000   10073 1413212   49780.300            CNM 
61099.000   10074 1411045    4067.500            DLR 
61099.000   10053 1350136     -83.300            DTAG
61099.000   10053 1355332   -1598.000            DTAG
61099.000   10053 1352635    2497.400            DTAG
61099.000   10025 1352025    4126.100            ESA 
61099.000   10025 1351615   -4537.600            ESA 
61099.000   10025 1352353   11412.400            ESA 
61099.000   10025 1352210   28540.200            ESA 
61099.000   10025 1402543  -32176.600            ESA 
61099.000   10025 1402541 -101124.600            ESA 
61099.000   10025 1411033   -1256.800            ESA 
61099.000   10089 1354233       0.000            HKO 
61099.000   10089 1355122    1262.700            HKO 
61099.000   10099 1354701       0.000            IFZG
61099.000   10093 1353401       0.000            NSAI
61099.000   10044 1361167    1212.400            IFAG
61099.000   10044 1361173     461.200            IFAG
61099.000   10044 1361629    9441.200            IFAG
61099.000   10044 1361732    6514.000            IFAG
61099.000   10044 1361798    1045.100            IFAG
61099.000   10044 1404439    4486.800            IFAG
61099.000   10044 1404418   15263.300            IFAG
61099.000   10048 1404878  925121.200            NIM 
61099.000   10048 1404871 1046243.600            NIM 
61099.000   10048 1404832 1044835.000            NIM 
61099.000   10048 1404879 1890737.200            NIM 
61099.000   10048 1404880 2171266.400            NIM 
61099.000   10048 1352742  111629.800            NIM 
61099.000   10048 1404849 1414659.000            NIM 
61099.000   10048 1404856   93706.800            NIM 
61099.000   10048 1404857   25203.900            NIM 
61099.000   10048 1404821    2824.000            NIM 
61099.000   10048 1404850     616.200            NIM 
61099.000   10048 1404870    5250.000            NIM 
61099.000   10015 1362377       0.000            INTI
61099.000   10015 1363270   12150.400            INTI
61099.000   10015 1363511    5993.800            INTI
61099.000   10070 1353546    8530.000            IPQ 
61099.000   10083 1353654    9774.700            NIS 
61099.000   10083 1354391   16742.200            NIS 
61099.000   10083 1353812  -28257.000            NIS 
61099.000   10083 1352182   -4114.600            NIS 
61099.000   10011 1350219   -1042.600            IT  
61099.000   10011 1352487    -404.600            IT  
61099.000   10011 1401101  241718.300            IT  
61099.000   10011 1401102  292034.800            IT  
61099.000   10011 1401103   34115.500            IT  
61099.000   10011 1401104   10065.800            IT  
61099.000   10011 1411079   -1037.900            IT  
61099.000   10011 1411078    3180.200            IT  
61099.000   10011 1422012     882.600            IT  
61099.000   10035 1350832   16981.400            BSJ 
61099.000   10035 1350833    9326.300            BSJ 
61099.000   10087 1361277 -111810.200            JV  
61099.000   10087 1362617   70081.600            JV  
61099.000   10087 1415218  -42110.000            JV  
61099.000   10087 1411122   15546.500            JV  
61099.000   10056 1351783   39855.900            KRIS
61099.000   10056 1405624  161672.700            KRIS
61099.000   10056 1405625  467623.200            KRIS
61099.000   10056 1405626   15063.600            KRIS
61099.000   10027 1415201    -661.400            KZ  
61099.000   10027 1415205    1604.600            KZ  
61099.000   10027 1415266   -2490.100            KZ  
61099.000   10052 1351324  -11058.900            NPLI
61099.000   10052 1353376  -10640.800            NPLI
61099.000   10052 1353457    3344.600            NPLI
61099.000   10052 1353413   44679.700            NPLI
61099.000   10052 1353453    5143.000            NPLI
61099.000   10052 1415225  114381.000            NPLI
61099.000   10052 1415365   47442.200            NPLI
61099.000   10052 1415363    3395.200            NPLI
61099.000   10052 1415364   11431.200            NPLI
61099.000   10091 1352370   -8350.400            LRTE
61099.000   10082 1351868       0.000            LT  
61099.000   10082 1351362   -1661.500            LT  
61099.000   10094 1353471  -61282.100            LUX 
61099.000   10094 1353544  -57797.600            LUX 
61099.000   10041 1404113  327385.900            MIKE
61099.000   10041 1404108   30522.400            MIKE
61099.000   10041 1404189  184604.700            MIKE
61099.000   10041 1412084   27169.000            MIKE
61099.000   10088 1361806  -12559.200            CNMP
61099.000   10088 1361752   -6678.900            CNMP
61099.000   10088 1363162    8287.800            CNMP
61099.000   10088 1363179  -66684.400            CNMP
61099.000   10063 1360274    3209.300            MSL 
61099.000   10063 1363396   -4346.000            MSL 
61099.000   10063 1363872  113300.800            MSL 
61099.000   10081 1353476    4277.800            NIMT
61099.000   10081 1353472   46134.600            NIMT
61099.000   10081 1353470   46204.900            NIMT
61099.000   10013 1410102   -1511.900            NAO 
61099.000   10013 1350779    6147.200            NAO 
61099.000   10013 1351689    -228.500            NAO 
61099.000   10013 1351214     107.500            NAO 
61099.000   10020 1350343  128410.200            NICT
61099.000   10020 1350907   35445.000            NICT
61099.000   10020 1351226  -16684.400            NICT
61099.000   10020 1351778   75444.300            NICT
61099.000   10020 1351789   -8145.100            NICT
61099.000   10020 1351866    1411.600            NICT
61099.000   10020 1351944  109210.900            NICT
61099.000   10020 1352011  108043.500            NICT
61099.000   10020 1352056  109757.700            NICT
61099.000   10020 1352113  -45881.700            NICT
61099.000   10020 1352116  -27274.600            NICT
61099.000   10020 1352570   88199.200            NICT
61099.000   10020 1352620   60459.700            NICT
61099.000   10020 1352627  -23420.000            NICT
61099.000   10020 1352628  -24997.500            NICT
61099.000   10020 1352784   43215.200            NICT
61099.000   10020 1352876  123679.600            NICT
61099.000   10020 1352903   52829.900            NICT
61099.000   10020 1353594  -14761.400            NICT
61099.000   10020 1353716  -28570.300            NICT
61099.000   10020 1353717  -50224.200            NICT
61099.000   10020 1353718  -44612.300            NICT
61099.000   10020 1353720  -53863.000            NICT
61099.000   10020 1353722  -30753.400            NICT
61099.000   10020 1353909   27453.100            NICT
61099.000   10020 1353912  -38249.300            NICT
61099.000   10020 1353916  -71785.900            NICT
61099.000   10020 1353918   39054.300            NICT
61099.000   10020 1354230   68604.500            NICT
61099.000   10020 1355334   85910.100            NICT
61099.000   10020 1402003   16142.100            NICT
61099.000   10020 1402004   -9332.100            NICT
61099.000   10020 1402012   32171.300            NICT
61099.000   10020 1402013   42224.500            NICT
61099.000   10020 1402014   -2290.200            NICT
61099.000   10020 1402015   72451.900            NICT
61099.000   10020 1411041  -63517.400            NICT
61099.000   10020 1411062   32960.100            NICT
61099.000   10020 1412060   62768.600            NICT
61099.000   10002 1412108  560003.900            NIST
61099.000   10002 1412014 -540796.700            NIST
61099.000   10002 1400004 -196244.400            NIST
61099.000   10002 1400222  729094.500            NIST
61099.000   10002 1400209 -448725.400            NIST
61099.000   10002 1400212  500729.600            NIST
61099.000   10002 1400207  662784.500            NIST
61099.000   10002 1412015  618551.900            NIST
61099.000   10002 1400210  200579.000            NIST
61099.000   10002 1400205  979624.900            NIST
61099.000   10002 1352792 -548546.600            NIST
61099.000   10002 1412099  286817.500            NIST
61099.000   10002 1412006  106284.600            NIST
61099.000   10002 1352935 -654412.800            NIST
61099.000   10002 1352579  979248.900            NIST
61099.000   10002 1402205 -241278.100            NIST
61099.000   10050 1320293  126617.900            NMIJ
61099.000   10017 1412011   47977.300            NPL 
61099.000   10017 1412050   46042.500            NPL 
61099.000   10003 1352150    8167.100            NRC 
61099.000   10003 1362225   17112.500            NRC 
61099.000   10003 1352115   19304.400            NRC 
61099.000   10003 1352148    3229.900            NRC 
61099.000   10003 1400306   92241.600            NRC 
61099.000   10003 1400307   11090.200            NRC 
61099.000   10049 1415324   -1653.500            NTSC
61099.000   10049 1415316   -5569.400            NTSC
61099.000   10049 1415085  -22739.700            NTSC
61099.000   10049 1415082   49668.100            NTSC
61099.000   10049 1414922    5654.800            NTSC
61099.000   10049 1404967    5366.500            NTSC
61099.000   10049 1354937   14420.200            NTSC
61099.000   10049 1352142   15209.600            NTSC
61099.000   10016 1354619       0.000            INXE
61099.000   10008 1352027   33244.000            OP  
61099.000   10008 1400889    4976.600            OP  
61099.000   10008 1353765   78931.600            OP  
61099.000   10008 1400810   20666.400            OP  
61099.000   10008 1400809   35391.500            OP  
61099.000   10008 1400890   29540.800            OP  
61099.000   10026 1352722   -2018.200            ORB 
61099.000   10026 1352724    9653.700            ORB 
61099.000   10026 1411030   76480.100            ORB 
61099.000   10026 1402602  353339.000            ORB 
61099.000   10026 1352723    1482.700            ORB 
61099.000   10040 1350441    -766.400            PL  
61099.000   10040 1415318  -19979.100            PL  
61099.000   10040 1415321   25591.100            PL  
61099.000   10040 1354603     141.700            PL  
61099.000   10040 1354597     260.100            PL  
61099.000   10005 1920001   41578.800            PTB 
61099.000   10005 1920002   37559.000            PTB 
61099.000   10005 1355322    8816.600            PTB 
61099.000   10005 1400510    8957.600            PTB 
61099.000   10005 1400506   32414.200            PTB 
61099.000   10005 1400508   33010.000            PTB 
61099.000   10005 1400509    9899.900            PTB 
61099.000   10005 1415245   -5615.000            PTB 
61099.000   10005 1400512    6817.200            PTB 
61099.000   10005 1415221    3561.800            PTB 
61099.000   10019 1351942   68964.600            ONRJ
61099.000   10019 1320337   50937.300            ONRJ
61099.000   10019 1354204   71232.100            ONRJ
61099.000   10019 1350147   59500.600            ONRJ
61099.000   10019 1350102   19483.100            ONRJ
61099.000   10019 1353364   38809.300            ONRJ
61099.000   10019 1351153  -11732.300            ONRJ
61099.000   10019 1401958  126062.700            ONRJ
61099.000   10014 1350583   -4745.800            ROA 
61099.000   10014 1350718   -2755.700            ROA 
61099.000   10014 1361490   87215.000            ROA 
61099.000   10014 1361488   85319.000            ROA 
61099.000   10014 1351699   55043.100            ROA 
61099.000   10014 1401436 1943945.200            ROA 
61099.000   10014 1412032 1296856.400            ROA 
61099.000   10014 1352270    7856.100            ROA 
61099.000   10062 1352932       0.000            SASO
61099.000   10062 1352931     166.300            SASO
61099.000   10062 1351628     827.700            SASO
61099.000   10062 1350221    -589.500            SASO
61099.000   10067 1352525   -8246.800            SCL 
61099.000   10067 1352178  -19860.900            SCL 
61099.000   10067 1415314    1119.100            SCL 
61099.000   10067 1353448     392.900            SCL 
61099.000   10079 1352003   33891.500            SMD 
61099.000   10079 1352543  -26055.800            SMD 
61099.000   10079 1411049   -1952.200            SMD 
61099.000   10072 1352745  -21642.200            SP  
61099.000   10072 1352749   21834.700            SP  
61099.000   10072 1352758   -2420.700            SP  
61099.000   10072 1354707    6586.000            SP  
61099.000   10072 1362295    3048.600            SP  
61099.000   10072 1365149   55619.000            SP  
61099.000   10072 1407201     534.200            SP  
61099.000   10072 1407223  154498.600            SP  
61099.000   10072 1407231  247256.700            SP  
61099.000   10072 1407232  398353.200            SP  
61099.000   10072 1415319   41728.000            SP  
61099.000   10038 1403809 -409584.900            SU  
61099.000   10038 1403811 -282061.800            SU  
61099.000   10038 1403812  -26450.400            SU  
61099.000   10038 1403844 -561593.900            SU  
61099.000   10038 1403853    4150.700            SU  
61099.000   10038 1403833 -396860.700            SU  
61099.000   10038 1403846   47042.800            SU  
61099.000   10038 1403814 -652251.300            SU  
61099.000   10038 1403815 -332734.600            SU  
61099.000   10038 1403834   10384.000            SU  
61099.000   10038 1403841  -38817.200            SU  
61099.000   10038 1403840    9859.600            SU  
61099.000   10038 1403845 -453745.100            SU  
61099.000   10030 1403011  155750.100            TL  
61099.000   10030 1413202  226058.600            TL  
61099.000   10030 1353942  -36681.500            TL  
61099.000   10030 1353947   55143.500            TL  
61099.000   10030 1354060  -14119.900            TL  
61099.000   10022 1320211 1999816.500            TP  
61099.000   10022 1320247  998920.600            TP  
61099.000   10022 1351227       0.000            TP  
61099.000   10022 1352179      16.500            TP  
61099.000   10022 1352476     525.800            TP  
61099.000   10022 1353519    -125.900            TP  
61099.000   10022 1411076     110.400            TP  
61099.000   10068 1411028       0.000            UME 
61099.000   10068 1352703    2453.000            UME 
61099.000   10068 1350251    3425.000            UME 
61099.000   10068 1350872   -8134.800            UME 
61099.000   10068 1352710    2943.000            UME 
61099.000   10007 1400711 3291659.900            USNO
61099.000   10007 1400712  272686.900            USNO
61099.000   10007 1400719  459326.600            USNO
61099.000   10007 1400702  -65560.100            USNO
61099.000   10007 1400708  665748.200            USNO
61099.000   10007 1400704  114115.800            USNO
61099.000   10007 1400718 1941163.200            USNO
61099.000   10007 1400710 -788817.400            USNO
61099.000   10007 1400726 1285682.300            USNO
61099.000   10007 1400715  420589.600            USNO
61099.000   10007 1350161   81016.500            USNO
61099.000   10007 1400727 -728748.200            USNO
61099.000   10007 1400729 2226274.800            USNO
61099.000   10007 1400725 -219572.800            USNO
61099.000   10007 1400724 -816227.600            USNO
61099.000   10007 1400723 -605888.600            USNO
61099.000   10007 1400722 2698310.400            USNO
61099.000   10007 1400721  439244.100            USNO
61099.000   10007 1400720 1253758.200            USNO
61099.000   10007 1400730 2140070.700            USNO
61099.000   10007 1400731 -404577.300            USNO
61099.000   10007 1400732  752799.600            USNO
61099.000   10007 1400736 1216473.500            USNO
61099.000   10007 1400737 2453081.700            USNO
61099.000   10007 1400740 1105476.500            USNO
61099.000   10007 1400713  454040.100            USNO
61099.000   10007 1400714   94898.400            USNO
61099.000   10007 1400716  683473.500            USNO
61099.000   10007 1400738  103632.300            USNO
61099.000   10064 1355005       0.000            UZ  
61099.000   10064 1354998 5172774.700            UZ  
61099.000   10028 1353669   20021.300            VMI 
61099.000   10028 1361233   12681.200            VMI 
61099.000   10028 1353670  -24123.200            VMI 
61099.000   10024 1411040   -2705.700            VSL 
61099.000   10024 1354466    9732.800            VSL 
61099.000   10024 1355008    6955.900            VSL 
61099.000   10024 1355697     816.900            VSL 
61099.000   10055 1352191     -97.200            DMDM
61099.000   10055 1362033  -54674.300            DMDM
