61124.000   10021 1352938       0.000            UAE 
61124.000   10021 1352940   -2452.000            UAE 
61124.000   10046 1404601   25865.600            AOS 
61124.000   10046 1352394    -970.000            AOS 
61124.000   10031 1353842    2403.000            APL 
61124.000   10031 1403107  262269.800            APL 
61124.000   10031 1403108  480951.700            APL 
61124.000   10031 1403109  134383.800            APL 
61124.000   10031 1412174   26843.300            APL 
61124.000   10054 1362269     118.000            AUS 
61124.000   10054 1360340   12665.000            AUS 
61124.000   10054 1360654  -44002.000            AUS 
61124.000   10054 1363814    4443.000            AUS 
61124.000   10054 1364971    7370.000            AUS 
61124.000   10054 1360299   28192.000            AUS 
61124.000   10101 1355360       0.000            AZ  
61124.000   10101 1355361   -1136.500            AZ  
61124.000   10075 1352685    3217.100            IMBH
61124.000   10075 1320192   -8415.500            IMBH
61124.000   10075 1320193  -40654.300            IMBH
61124.000   10071 1353447     917.700            BIRM
61124.000   10071 1353689    9916.200            BIRM
61124.000   10071 1407107 -410438.100            BIRM
61124.000   10071 1407112   -9012.300            BIRM
61124.000   10071 1415303   -4206.700            BIRM
61124.000   10071 1415304  -11009.800            BIRM
61124.000   10071 1415305  -19844.500            BIRM
61124.000   10092 1363159    4301.600            ICE 
61124.000   10092 1363522    3599.500            ICE 
61124.000   10057 1355202    -674.600            CH  
61124.000   10057 1373644    -898.700            CH  
61124.000   10057 1405701   -1946.900            CH  
61124.000   10057 1405702   22110.800            CH  
61124.000   10057 1411117     -71.700            CH  
61124.000   10073 1353612  -12912.600            CNM 
61124.000   10073 1413211   -1037.800            CNM 
61124.000   10073 1413212   54836.800            CNM 
61124.000   10074 1411045    4441.600            DLR 
61124.000   10053 1350136     -83.300            DTAG
61124.000   10053 1355332   -1683.300            DTAG
61124.000   10053 1352635    2657.600            DTAG
61124.000   10025 1352025    4217.600            ESA 
61124.000   10025 1351615   -4600.500            ESA 
61124.000   10025 1352353   11584.400            ESA 
61124.000   10025 1352210   29049.900            ESA 
61124.000   10025 1402543  -35060.800            ESA 
61124.000   10025 1402541 -106424.600            ESA 
61124.000   10025 1411033   -1623.300            ESA 
61124.000   10089 1354233       0.000            HKO 
61124.000   10089 1355122    1276.700            HKO 
61124.000   10099 1354701       0.000            IFZG
61124.000   10044 1361167    1067.200            IFAG
61124.000   10044 1361173     387.400            IFAG
61124.000   10044 1361629    9932.200            IFAG
61124.000   10044 1361732    6828.600            IFAG
61124.000   10044 1361798     899.400            IFAG
61124.000   10044 1404439    4508.200            IFAG
61124.000   10044 1404418   15311.400            IFAG
61124.000   10048 1404878  937054.300            NIM 
61124.000   10048 1404871 1060575.800            NIM 
61124.000   10048 1404832 1063715.700            NIM 
61124.000   10048 1404879 1904768.700            NIM 
61124.000   10048 1404880 2186018.000            NIM 
61124.000   10048 1352742  112353.900            NIM 
61124.000   10048 1404849 1414817.200            NIM 
61124.000   10048 1404856   93890.700            NIM 
61124.000   10048 1404857   25094.100            NIM 
61124.000   10048 1404821    2904.300            NIM 
61124.000   10048 1404850     648.200            NIM 
61124.000   10048 1404870    5431.600            NIM 
61124.000   10015 1362377       0.000            INTI
61124.000   10015 1363270   12349.900            INTI
61124.000   10015 1363511    6098.300            INTI
61124.000   10070 1353546    8509.500            IPQ 
61124.000   10083 1353654    9882.600            NIS 
61124.000   10083 1354391   17260.200            NIS 
61124.000   10083 1353812  -28833.100            NIS 
61124.000   10083 1352182   -4146.300            NIS 
61124.000   10011 1350219   -1053.900            IT  
61124.000   10011 1352487    -484.700            IT  
61124.000   10011 1401101  254623.200            IT  
61124.000   10011 1401102  294577.400            IT  
61124.000   10011 1401103   35083.300            IT  
61124.000   10011 1401104    8694.800            IT  
61124.000   10011 1411079   -1234.600            IT  
61124.000   10011 1411078    3591.800            IT  
61124.000   10011 1422012     924.200            IT  
61124.000   10035 1350832   17421.200            BSJ 
61124.000   10035 1350833    9548.700            BSJ 
61124.000   10087 1361277 -112023.100            JV  
61124.000   10087 1362617   70472.400            JV  
61124.000   10087 1415218  -42130.000            JV  
61124.000   10087 1411122   16268.800            JV  
61124.000   10056 1351783   40404.700            KRIS
61124.000   10056 1405624  165275.100            KRIS
61124.000   10056 1405625  478227.900            KRIS
61124.000   10056 1405626   15513.000            KRIS
61124.000   10027 1415201    -687.200            KZ  
61124.000   10027 1415205    1719.200            KZ  
61124.000   10027 1415266   -2659.400            KZ  
61124.000   10052 1351324  -11147.600            NPLI
61124.000   10052 1353376  -10732.800            NPLI
61124.000   10052 1353457    3388.200            NPLI
61124.000   10052 1353413   44970.800            NPLI
61124.000   10052 1353453    5212.400            NPLI
61124.000   10052 1415225  116657.100            NPLI
61124.000   10052 1415365   48267.600            NPLI
61124.000   10052 1415363    3647.900            NPLI
61124.000   10052 1415364   11719.300            NPLI
61124.000   10091 1352370  -10012.800            LRTE
61124.000   10082 1351868       0.000            LT  
61124.000   10082 1351362   -1701.000            LT  
61124.000   10094 1353471  -61540.500            LUX 
61124.000   10094 1353544  -57685.100            LUX 
61124.000   10041 1404113  329853.900            MIKE
61124.000   10041 1404108   31489.600            MIKE
61124.000   10041 1404189  183427.700            MIKE
61124.000   10041 1412084   26852.200            MIKE
61124.000   10088 1361806  -12624.000            CNMP
61124.000   10088 1361752   -6736.100            CNMP
61124.000   10088 1363162    8457.600            CNMP
61124.000   10088 1363179  -67112.400            CNMP
61124.000   10063 1360274    3255.600            MSL 
61124.000   10063 1363396   -4319.600            MSL 
61124.000   10063 1363872  114537.900            MSL 
61124.000   10081 1353476    3961.100            NIMT
61124.000   10081 1353472   46428.600            NIMT
61124.000   10081 1353470   46616.700            NIMT
61124.000   10013 1410102   -1103.800            NAO 
61124.000   10013 1350779    5748.800            NAO 
61124.000   10013 1351689    -476.800            NAO 
61124.000   10013 1351214     107.500            NAO 
61124.000   10020 1350343  129050.000            NICT
61124.000   10020 1350907   35042.400            NICT
61124.000   10020 1351226  -16770.700            NICT
61124.000   10020 1351778   75754.800            NICT
61124.000   10020 1351789   -8288.100            NICT
61124.000   10020 1351866    1397.200            NICT
61124.000   10020 1351944  109516.800            NICT
61124.000   10020 1352011  107953.000            NICT
61124.000   10020 1352056  110062.400            NICT
61124.000   10020 1352113  -45988.900            NICT
61124.000   10020 1352116  -27182.400            NICT
61124.000   10020 1352570   88401.600            NICT
61124.000   10020 1352620   60843.500            NICT
61124.000   10020 1352627  -23782.100            NICT
61124.000   10020 1352628  -25287.500            NICT
61124.000   10020 1352784   42936.700            NICT
61124.000   10020 1352876  123581.000            NICT
61124.000   10020 1352903   52961.400            NICT
61124.000   10020 1353594  -14587.400            NICT
61124.000   10020 1353716  -28848.400            NICT
61124.000   10020 1353717  -50749.800            NICT
61124.000   10020 1353718  -45262.700            NICT
61124.000   10020 1353720  -54261.500            NICT
61124.000   10020 1353722  -30977.000            NICT
61124.000   10020 1353909   27622.700            NICT
61124.000   10020 1353912  -38777.500            NICT
61124.000   10020 1353916  -72640.800            NICT
61124.000   10020 1353918   39479.600            NICT
61124.000   10020 1354230   68779.900            NICT
61124.000   10020 1402003   16432.800            NICT
61124.000   10020 1402004   -9912.000            NICT
61124.000   10020 1402012   30949.800            NICT
61124.000   10020 1402013   45198.600            NICT
61124.000   10020 1402014   -2157.600            NICT
61124.000   10020 1402015   75461.900            NICT
61124.000   10020 1411041  -66740.400            NICT
61124.000   10020 1411062   32459.100            NICT
61124.000   10020 1412060   64742.700            NICT
61124.000   10002 1412108  578479.800            NIST
61124.000   10002 1412014 -537157.800            NIST
61124.000   10002 1400004 -194239.900            NIST
61124.000   10002 1400222  730575.500            NIST
61124.000   10002 1400209 -446981.200            NIST
61124.000   10002 1400212  531048.200            NIST
61124.000   10002 1400207  680203.700            NIST
61124.000   10002 1412015  630057.600            NIST
61124.000   10002 1400210  223363.700            NIST
61124.000   10002 1400205  979165.700            NIST
61124.000   10002 1412099  315945.800            NIST
61124.000   10002 1412006  131518.400            NIST
61124.000   10002 1442021 -564403.900            NIST
61124.000   10002 1352935 -655030.800            NIST
61124.000   10002 1352579  979696.300            NIST
61124.000   10002 1402205 -227774.800            NIST
61124.000   10050 1320293  132452.100            NMIJ
61124.000   10017 1412011   48289.600            NPL 
61124.000   10017 1412050   46572.800            NPL 
61124.000   10003 1352150    8210.200            NRC 
61124.000   10003 1362225   17108.400            NRC 
61124.000   10003 1352115   19469.800            NRC 
61124.000   10003 1352148    3199.000            NRC 
61124.000   10003 1400306   92351.300            NRC 
61124.000   10003 1400307   11393.300            NRC 
61124.000   10049 1415324   -1654.400            NTSC
61124.000   10049 1415322    2550.500            NTSC
61124.000   10049 1415316   -5750.000            NTSC
61124.000   10049 1415082   51190.000            NTSC
61124.000   10049 1414922    6035.800            NTSC
61124.000   10049 1404967    5693.800            NTSC
61124.000   10049 1354937   14385.800            NTSC
61124.000   10049 1352142   15186.400            NTSC
61124.000   10016 1354619       0.000            INXE
61124.000   10008 1352027   33658.300            OP  
61124.000   10008 1400889    5561.900            OP  
61124.000   10008 1353765   79557.300            OP  
61124.000   10008 1400810   21224.900            OP  
61124.000   10008 1400809   36189.900            OP  
61124.000   10008 1400890   30193.000            OP  
61124.000   10026 1352722   -2099.800            ORB 
61124.000   10026 1352724    9903.400            ORB 
61124.000   10026 1411030   78463.700            ORB 
61124.000   10026 1402602  365883.500            ORB 
61124.000   10026 1352723    1597.800            ORB 
61124.000   10040 1350441    -787.400            PL  
61124.000   10040 1415318  -36917.200            PL  
61124.000   10040 1415321   26310.100            PL  
61124.000   10040 1354603     159.200            PL  
61124.000   10040 1354597     257.000            PL  
61124.000   10005 1920001   41593.200            PTB 
61124.000   10005 1920002   37583.400            PTB 
61124.000   10005 1355322    8899.400            PTB 
61124.000   10005 1400510    9192.500            PTB 
61124.000   10005 1400506   32783.100            PTB 
61124.000   10005 1400508   33358.800            PTB 
61124.000   10005 1400509   10023.300            PTB 
61124.000   10005 1415245   -5962.800            PTB 
61124.000   10005 1400512    7063.600            PTB 
61124.000   10005 1415221    3584.000            PTB 
61124.000   10019 1351942   69440.400            ONRJ
61124.000   10019 1320337   51164.900            ONRJ
61124.000   10019 1354204   72418.300            ONRJ
61124.000   10019 1350147   59656.400            ONRJ
61124.000   10019 1350102   19681.900            ONRJ
61124.000   10019 1353364   39033.800            ONRJ
61124.000   10019 1351153  -12009.900            ONRJ
61124.000   10019 1401958  129380.800            ONRJ
61124.000   10014 1350583   -4873.500            ROA 
61124.000   10014 1350718   -2581.100            ROA 
61124.000   10014 1361490   87396.400            ROA 
61124.000   10014 1361488   85571.500            ROA 
61124.000   10014 1351699   55214.500            ROA 
61124.000   10014 1401436 1959410.100            ROA 
61124.000   10014 1412032 1312992.400            ROA 
61124.000   10014 1352270    7902.000            ROA 
61124.000   10062 1352932       0.000            SASO
61124.000   10062 1352931     476.900            SASO
61124.000   10062 1351628     991.300            SASO
61124.000   10062 1350221    -705.500            SASO
61124.000   10067 1352525   -8478.900            SCL 
61124.000   10067 1352178  -20318.500            SCL 
61124.000   10067 1415314    1395.500            SCL 
61124.000   10067 1353448     976.700            SCL 
61124.000   10079 1352003   34059.600            SMD 
61124.000   10079 1352543  -26421.300            SMD 
61124.000   10079 1411049   -1938.700            SMD 
61124.000   10072 1352745  -22049.200            SP  
61124.000   10072 1352749   22386.300            SP  
61124.000   10072 1352758   -2457.700            SP  
61124.000   10072 1354707    6569.900            SP  
61124.000   10072 1362295    3782.000            SP  
61124.000   10072 1365149   57833.300            SP  
61124.000   10072 1407201    1357.400            SP  
61124.000   10072 1407223  156058.600            SP  
61124.000   10072 1407231  253437.300            SP  
61124.000   10072 1407232  406956.100            SP  
61124.000   10072 1415319   42410.500            SP  
61124.000   10038 1403809 -410004.300            SU  
61124.000   10038 1403811 -282044.900            SU  
61124.000   10038 1403812  -25642.100            SU  
61124.000   10038 1403844 -561056.800            SU  
61124.000   10038 1403853    4474.200            SU  
61124.000   10038 1403833 -396246.100            SU  
61124.000   10038 1403846   47727.500            SU  
61124.000   10038 1403814 -649212.900            SU  
61124.000   10038 1403815 -332024.000            SU  
61124.000   10038 1403834   10844.900            SU  
61124.000   10038 1403841  -37694.400            SU  
61124.000   10038 1403840   10234.200            SU  
61124.000   10038 1403845 -453926.800            SU  
61124.000   10030 1403011  169401.200            TL  
61124.000   10030 1413202  233706.300            TL  
61124.000   10030 1353942  -37247.900            TL  
61124.000   10030 1353947   55852.200            TL  
61124.000   10030 1354060  -14315.600            TL  
61124.000   10022 1320211 1999872.700            TP  
61124.000   10022 1320247  998911.700            TP  
61124.000   10022 1351227       0.000            TP  
61124.000   10022 1352179      61.300            TP  
61124.000   10022 1352476     588.700            TP  
61124.000   10022 1353519    -110.900            TP  
61124.000   10068 1411028       0.000            UME 
61124.000   10068 1352703    2485.000            UME 
61124.000   10068 1350251    3560.500            UME 
61124.000   10068 1350872   -8403.500            UME 
61124.000   10068 1352710    3296.000            UME 
61124.000   10007 1400711 3305686.200            USNO
61124.000   10007 1400712  274276.900            USNO
61124.000   10007 1400719  464734.000            USNO
61124.000   10007 1400702  -65493.800            USNO
61124.000   10007 1400708  669031.300            USNO
61124.000   10007 1400704  115356.300            USNO
61124.000   10007 1400718 1950812.700            USNO
61124.000   10007 1400710 -800767.700            USNO
61124.000   10007 1400726 1297773.200            USNO
61124.000   10007 1400715  425058.000            USNO
61124.000   10007 1350161   80964.100            USNO
61124.000   10007 1400727 -737217.900            USNO
61124.000   10007 1400729 2244691.200            USNO
61124.000   10007 1400725 -219909.700            USNO
61124.000   10007 1400724 -818949.000            USNO
61124.000   10007 1400723 -605500.800            USNO
61124.000   10007 1400722 2693790.800            USNO
61124.000   10007 1400721  459370.100            USNO
61124.000   10007 1400720 1256062.600            USNO
61124.000   10007 1400730 2155134.200            USNO
61124.000   10007 1400731 -408878.900            USNO
61124.000   10007 1400732  762203.100            USNO
61124.000   10007 1400736 1217753.200            USNO
61124.000   10007 1400737 2459989.500            USNO
61124.000   10007 1400740 1120906.900            USNO
61124.000   10007 1400713  457684.500            USNO
61124.000   10007 1400714   96389.500            USNO
61124.000   10007 1400716  689585.600            USNO
61124.000   10007 1400738  107803.400            USNO
61124.000   10064 1355005       0.000            UZ  
61124.000   10064 1354998 5155460.600            UZ  
61124.000   10028 1353669   19698.900            VMI 
61124.000   10028 1361233   12308.900            VMI 
61124.000   10028 1353670  -25165.400            VMI 
61124.000   10024 1411040   -2843.400            VSL 
61124.000   10024 1354466    9905.200            VSL 
61124.000   10024 1355008    7144.300            VSL 
61124.000   10024 1355697    1057.300            VSL 
61124.000   10055 1352191    -106.700            DMDM
61124.000   10055 1362033  -56093.500            DMDM
