61202.000   10021 1352938       0.000            UAE 
61202.000   10021 1352940   -4685.600            UAE 
61202.000   10046 1404601   27737.600            AOS 
61202.000   10046 1352394   -1317.600            AOS 
61202.000   10031 1353842    2418.500            APL 
61202.000   10031 1403107  270235.800            APL 
61202.000   10031 1403108  541612.800            APL 
61202.000   10031 1403109  136390.100            APL 
61202.000   10031 1412174   35787.400            APL 
61202.000   10054 1362269     177.000            AUS 
61202.000   10054 1360340   13224.000            AUS 
61202.000   10054 1360654  -46037.000            AUS 
61202.000   10054 1363814    4802.000            AUS 
61202.000   10054 1364971    7936.000            AUS 
61202.000   10054 1360299   29168.000            AUS 
61202.000   10101 1355360       0.000            AZ  
61202.000   10101 1355361      -7.400            AZ  
61202.000   10075 1352685    3497.200            IMBH
61202.000   10075 1320192   -8979.200            IMBH
61202.000   10075 1320193  -43639.100            IMBH
61202.000   10071 1353447     611.600            BIRM
61202.000   10071 1353689    9943.200            BIRM
61202.000   10071 1407103    -640.500            BIRM
61202.000   10071 1407107 -439258.100            BIRM
61202.000   10071 1407111   -1853.300            BIRM
61202.000   10071 1407112  -12165.700            BIRM
61202.000   10071 1415303   -5848.900            BIRM
61202.000   10071 1415304  -13283.100            BIRM
61202.000   10071 1415305  -22000.900            BIRM
61202.000   10092 1363159    3764.500            ICE 
61202.000   10092 1363522    3735.900            ICE 
61202.000   10057 1355202    -842.600            CH  
61202.000   10057 1373644   -1180.100            CH  
61202.000   10057 1405701   -2321.500            CH  
61202.000   10057 1405702   20500.300            CH  
61202.000   10057 1411117    -105.600            CH  
61202.000   10073 1353612  -15429.700            CNM 
61202.000   10073 1413211    -992.000            CNM 
61202.000   10073 1413212   71400.000            CNM 
61202.000   10074 1411045    5581.200            DLR 
61202.000   10053 1350136     -83.300            DTAG
61202.000   10053 1355332   -1401.400            DTAG
61202.000   10053 1352635    2490.500            DTAG
61202.000   10025 1352025    4465.100            ESA 
61202.000   10025 1351615   -4850.000            ESA 
61202.000   10025 1352353   12105.300            ESA 
61202.000   10025 1352210   30669.700            ESA 
61202.000   10025 1402543  -44683.000            ESA 
61202.000   10025 1402541 -124312.100            ESA 
61202.000   10025 1411033   -2850.600            ESA 
61202.000   10089 1354233       0.000            HKO 
61202.000   10089 1355122    1381.300            HKO 
61202.000   10099 1354701       0.000            IFZG
61202.000   10093 1353401       0.000            NSAI
61202.000   10044 1361167     647.600            IFAG
61202.000   10044 1361173      62.700            IFAG
61202.000   10044 1361629   11162.300            IFAG
61202.000   10044 1361732    7809.900            IFAG
61202.000   10044 1361798     140.300            IFAG
61202.000   10044 1404439    4127.300            IFAG
61202.000   10044 1404418   15080.800            IFAG
61202.000   10048 1404878  974508.300            NIM 
61202.000   10048 1404871 1105481.600            NIM 
61202.000   10048 1404832 1123288.400            NIM 
61202.000   10048 1404879 1948868.600            NIM 
61202.000   10048 1404880 2232308.100            NIM 
61202.000   10048 1352742  114606.800            NIM 
61202.000   10048 1404849 1415331.200            NIM 
61202.000   10048 1404856   94469.700            NIM 
61202.000   10048 1404857   24754.400            NIM 
61202.000   10048 1404821    3177.100            NIM 
61202.000   10048 1404850     767.700            NIM 
61202.000   10048 1404870    6025.300            NIM 
61202.000   10015 1362377       0.000            INTI
61202.000   10015 1363270      12.100            INTI
61202.000   10015 1363511    6375.700            INTI
61202.000   10070 1353546    9218.300            IPQ 
61202.000   10083 1353654   10219.400            NIS 
61202.000   10083 1354391   18693.800            NIS 
61202.000   10083 1353812  -30617.600            NIS 
61202.000   10083 1352182   -4510.500            NIS 
61202.000   10011 1350219   -1157.100            IT  
61202.000   10011 1352487    -734.300            IT  
61202.000   10011 1401101  295333.000            IT  
61202.000   10011 1401102  302307.500            IT  
61202.000   10011 1401103   38185.000            IT  
61202.000   10011 1401104    4291.300            IT  
61202.000   10011 1411079   -1887.000            IT  
61202.000   10011 1411078    4978.100            IT  
61202.000   10011 1422012     -32.900            IT  
61202.000   10035 1350832   18660.100            BSJ 
61202.000   10035 1350833   10377.400            BSJ 
61202.000   10087 1361277 -112800.500            JV  
61202.000   10087 1362617   71715.700            JV  
61202.000   10087 1415218  -42192.900            JV  
61202.000   10087 1411122   18616.000            JV  
61202.000   10056 1351783   42105.200            KRIS
61202.000   10056 1405624  176638.000            KRIS
61202.000   10056 1405625  511768.700            KRIS
61202.000   10056 1405626   16920.700            KRIS
61202.000   10027 1415201     -13.700            KZ  
61202.000   10027 1415205      76.100            KZ  
61202.000   10027 1415266    -186.000            KZ  
61202.000   10052 1351324  -11287.000            NPLI
61202.000   10052 1353376  -10958.300            NPLI
61202.000   10052 1353457    3526.100            NPLI
61202.000   10052 1353413   45887.000            NPLI
61202.000   10052 1353453    5407.300            NPLI
61202.000   10052 1415225  124019.900            NPLI
61202.000   10052 1415365   50874.600            NPLI
61202.000   10052 1415363    4458.300            NPLI
61202.000   10052 1415364   12646.700            NPLI
61202.000   10091 1352370  -12036.900            LRTE
61202.000   10082 1351868       0.000            LT  
61202.000   10082 1351362   -1672.800            LT  
61202.000   10094 1353471  -62330.800            LUX 
61202.000   10094 1353544  -57340.700            LUX 
61202.000   10085 1353507       0.000            NIMB
61202.000   10041 1404113  337565.500            MIKE
61202.000   10041 1404108   34867.600            MIKE
61202.000   10041 1404189  180580.100            MIKE
61202.000   10041 1412084   25890.400            MIKE
61202.000   10088 1361806  -12915.100            CNMP
61202.000   10088 1361752   -6849.200            CNMP
61202.000   10088 1363162    9006.400            CNMP
61202.000   10088 1363179  -68391.700            CNMP
61202.000   10063 1360274    3382.300            MSL 
61202.000   10063 1363396   -4297.200            MSL 
61202.000   10063 1363872  118305.500            MSL 
61202.000   10081 1353476    3077.700            NIMT
61202.000   10081 1353472   47331.900            NIMT
61202.000   10081 1353470   47987.900            NIMT
61202.000   10013 1410102    1659.900            NAO 
61202.000   10013 1350779     432.100            NAO 
61202.000   10013 1351689     340.400            NAO 
61202.000   10013 1351214     107.400            NAO 
61202.000   10020 1350343  131152.900            NICT
61202.000   10020 1350907   33851.600            NICT
61202.000   10020 1351778   76821.100            NICT
61202.000   10020 1351789   -8783.700            NICT
61202.000   10020 1351866    1383.100            NICT
61202.000   10020 1351944  110463.500            NICT
61202.000   10020 1352011  107701.300            NICT
61202.000   10020 1352056  111046.700            NICT
61202.000   10020 1352113  -46295.700            NICT
61202.000   10020 1352116  -26834.800            NICT
61202.000   10020 1352570   88996.000            NICT
61202.000   10020 1352620   62038.700            NICT
61202.000   10020 1352627  -25000.300            NICT
61202.000   10020 1352628  -26268.300            NICT
61202.000   10020 1352784   42094.600            NICT
61202.000   10020 1352876  123263.500            NICT
61202.000   10020 1352903   53362.200            NICT
61202.000   10020 1353259  -14491.600            NICT
61202.000   10020 1353594  -14240.900            NICT
61202.000   10020 1353716  -29671.800            NICT
61202.000   10020 1353717  -52517.400            NICT
61202.000   10020 1353718  -47335.300            NICT
61202.000   10020 1353720  -55416.300            NICT
61202.000   10020 1353722  -31643.500            NICT
61202.000   10020 1353909   28194.300            NICT
61202.000   10020 1353912  -40415.400            NICT
61202.000   10020 1353916  -75323.600            NICT
61202.000   10020 1353918   40760.100            NICT
61202.000   10020 1354230   69184.200            NICT
61202.000   10020 1402003   17361.800            NICT
61202.000   10020 1402004  -11729.500            NICT
61202.000   10020 1402012   27327.300            NICT
61202.000   10020 1402013   54924.900            NICT
61202.000   10020 1402014   -1582.400            NICT
61202.000   10020 1402015   85161.200            NICT
61202.000   10020 1411041  -77006.000            NICT
61202.000   10020 1411062   30888.100            NICT
61202.000   10020 1412060   71134.000            NICT
61202.000   10002 1412108  636754.700            NIST
61202.000   10002 1412014 -525583.100            NIST
61202.000   10002 1400004 -187941.800            NIST
61202.000   10002 1400222  735197.400            NIST
61202.000   10002 1400209 -441179.300            NIST
61202.000   10002 1400212  626673.000            NIST
61202.000   10002 1400207  734776.200            NIST
61202.000   10002 1412015  666185.200            NIST
61202.000   10002 1400210  294990.400            NIST
61202.000   10002 1400205  977738.900            NIST
61202.000   10002 1412099  407623.200            NIST
61202.000   10002 1412006  210890.500            NIST
61202.000   10002 1442021 -560047.000            NIST
61202.000   10002 1352935 -656864.000            NIST
61202.000   10002 1352579  981165.200            NIST
61202.000   10002 1402205 -185391.200            NIST
61202.000   10050 1320293  150483.800            NMIJ
61202.000   10017 1412011   49288.600            NPL 
61202.000   10017 1412050   49143.200            NPL 
61202.000   10003 1352150    8387.400            NRC 
61202.000   10003 1362225   16922.700            NRC 
61202.000   10003 1352115   20004.500            NRC 
61202.000   10003 1352148    3134.100            NRC 
61202.000   10003 1400306   92727.000            NRC 
61202.000   10003 1400307   12365.900            NRC 
61202.000   10049 1415324   -1566.100            NTSC
61202.000   10049 1415322    3203.500            NTSC
61202.000   10049 1415316   -6315.500            NTSC
61202.000   10049 1415085    -446.000            NTSC
61202.000   10049 1414922    7297.600            NTSC
61202.000   10049 1404967    6774.300            NTSC
61202.000   10049 1354937   14331.000            NTSC
61202.000   10049 1352142   15118.700            NTSC
61202.000   10016 1354619       0.000            INXE
61202.000   10008 1352027   34894.400            OP  
61202.000   10008 1400889    7407.200            OP  
61202.000   10008 1353765   81448.100            OP  
61202.000   10008 1400810   23012.900            OP  
61202.000   10008 1400809   38738.500            OP  
61202.000   10008 1400890   32235.300            OP  
61202.000   10026 1352722   -1948.200            ORB 
61202.000   10026 1352724   10692.100            ORB 
61202.000   10026 1411030   84712.900            ORB 
61202.000   10026 1402602  405045.800            ORB 
61202.000   10026 1352723    1942.800            ORB 
61202.000   10040 1350441    -784.300            PL  
61202.000   10040 1415318 -114643.800            PL  
61202.000   10040 1415321   28750.900            PL  
61202.000   10040 1354603     263.000            PL  
61202.000   10040 1354597     272.300            PL  
61202.000   10005 1920001   41788.800            PTB 
61202.000   10005 1920002   37753.700            PTB 
61202.000   10005 1355322    9122.300            PTB 
61202.000   10005 1400510    9774.300            PTB 
61202.000   10005 1400506   34133.500            PTB 
61202.000   10005 1400508   34753.300            PTB 
61202.000   10005 1400509   10414.500            PTB 
61202.000   10005 1415245   -7075.700            PTB 
61202.000   10005 1400512    7857.700            PTB 
61202.000   10005 1415221    3648.500            PTB 
61202.000   10019 1351942   70953.100            ONRJ
61202.000   10019 1320337   51858.900            ONRJ
61202.000   10019 1354204   76109.200            ONRJ
61202.000   10019 1350147   60122.300            ONRJ
61202.000   10019 1353364   39780.600            ONRJ
61202.000   10019 1351153  -12902.700            ONRJ
61202.000   10019 1401958  140095.000            ONRJ
61202.000   10014 1350583   -5291.300            ROA 
61202.000   10014 1350718   -2067.700            ROA 
61202.000   10014 1361490   87914.300            ROA 
61202.000   10014 1361488   86487.400            ROA 
61202.000   10014 1351699   55694.800            ROA 
61202.000   10014 1401436 2008032.600            ROA 
61202.000   10014 1412032 1363743.600            ROA 
61202.000   10014 1352270    7991.800            ROA 
61202.000   10062 1352932       0.000            SASO
61202.000   10062 1352931    1372.900            SASO
61202.000   10062 1351628    1524.400            SASO
61202.000   10062 1350221   -1212.200            SASO
61202.000   10067 1352525   -9169.200            SCL 
61202.000   10067 1352178  -21734.400            SCL 
61202.000   10067 1415314    2351.600            SCL 
61202.000   10067 1353448    2853.600            SCL 
61202.000   10072 1352745  -23251.400            SP  
61202.000   10072 1352750    1106.900            SP  
61202.000   10072 1352758   -2503.400            SP  
61202.000   10072 1354707    6489.300            SP  
61202.000   10072 1362295    6168.600            SP  
61202.000   10072 1362746    1168.700            SP  
61202.000   10072 1362749   24233.800            SP  
61202.000   10072 1362956   -4878.100            SP  
61202.000   10072 1365149   64671.200            SP  
61202.000   10072 1407201    4208.100            SP  
61202.000   10072 1407223  160957.800            SP  
61202.000   10072 1407231  273085.000            SP  
61202.000   10072 1407232  434091.200            SP  
61202.000   10072 1415319   44552.200            SP  
61202.000   10038 1403809 -411277.800            SU  
61202.000   10038 1403811 -281938.800            SU  
61202.000   10038 1403812  -23011.200            SU  
61202.000   10038 1403844 -559357.200            SU  
61202.000   10038 1403853    5494.500            SU  
61202.000   10038 1403833 -394288.100            SU  
61202.000   10038 1403846   49880.900            SU  
61202.000   10038 1403814 -639670.000            SU  
61202.000   10038 1403815 -329759.100            SU  
61202.000   10038 1403816 -297445.800            SU  
61202.000   10038 1403834   12326.500            SU  
61202.000   10038 1403841  -34159.000            SU  
61202.000   10038 1403840   11432.700            SU  
61202.000   10038 1403845 -454451.300            SU  
61202.000   10030 1403011  212375.200            TL  
61202.000   10030 1413202  260360.200            TL  
61202.000   10030 1353942  -39007.900            TL  
61202.000   10030 1353947   57967.100            TL  
61202.000   10030 1354060  -14910.800            TL  
61202.000   10022 1320211 1999889.100            TP  
61202.000   10022 1320247  998984.100            TP  
61202.000   10022 1351227       0.000            TP  
61202.000   10022 1352179      75.800            TP  
61202.000   10022 1352476     610.700            TP  
61202.000   10022 1353519    -133.000            TP  
61202.000   10068 1411028       0.000            UME 
61202.000   10068 1352703     122.500            UME 
61202.000   10068 1350251     261.900            UME 
61202.000   10068 1350872    -794.200            UME 
61202.000   10068 1352710     914.400            UME 
61202.000   10007 1400711 3349510.800            USNO
61202.000   10007 1400719  480721.900            USNO
61202.000   10007 1400702  -65275.600            USNO
61202.000   10007 1400708  679323.900            USNO
61202.000   10007 1400704  119277.000            USNO
61202.000   10007 1400718 1981054.700            USNO
61202.000   10007 1400710 -838001.800            USNO
61202.000   10007 1400715  439062.000            USNO
61202.000   10007 1350161   80815.300            USNO
61202.000   10007 1400727 -763264.000            USNO
61202.000   10007 1400729 2302551.700            USNO
61202.000   10007 1400725 -220952.000            USNO
61202.000   10007 1400724 -827418.600            USNO
61202.000   10007 1400723 -604173.900            USNO
61202.000   10007 1400722 2671234.600            USNO
61202.000   10007 1400721  522656.200            USNO
61202.000   10007 1400720 1263596.100            USNO
61202.000   10007 1400730 2202406.400            USNO
61202.000   10007 1400731 -422296.900            USNO
61202.000   10007 1400732  791858.200            USNO
61202.000   10007 1400736 1222094.900            USNO
61202.000   10007 1400737 2481962.100            USNO
61202.000   10007 1400740 1169650.000            USNO
61202.000   10007 1400713  469151.400            USNO
61202.000   10007 1400716  708696.800            USNO
61202.000   10007 1400733  145854.000            USNO
61202.000   10064 1355005       0.000            UZ  
61202.000   10064 1354998 4375223.100            UZ  
61202.000   10028 1353669  -11443.000            VMI 
61202.000   10028 1361233  -11446.100            VMI 
61202.000   10028 1353670  -11477.200            VMI 
61202.000   10024 1411040   -3284.400            VSL 
61202.000   10024 1354466   10447.900            VSL 
61202.000   10024 1355008    7762.700            VSL 
61202.000   10024 1355697    1831.000            VSL 
61202.000   10055 1352191     -66.800            DMDM
61202.000   10055 1362033  -60575.100            DMDM
