61079.000   10021 1352938       0.000            UAE 
61079.000   10021 1352940   -1053.100            UAE 
61079.000   10046 1404601   24814.100            AOS 
61079.000   10046 1352394    -788.200            AOS 
61079.000   10031 1353842    2424.500            APL 
61079.000   10031 1403107  257781.000            APL 
61079.000   10031 1403108  446113.900            APL 
61079.000   10031 1403109  133225.700            APL 
61079.000   10031 1412174   22411.900            APL 
61079.000   10054 1362269     143.000            AUS 
61079.000   10054 1360340   12371.000            AUS 
61079.000   10054 1360654  -42804.000            AUS 
61079.000   10054 1363814    4284.000            AUS 
61079.000   10054 1364971    7035.000            AUS 
61079.000   10054 1360299   27776.000            AUS 
61079.000   10075 1352685    3047.500            IMBH
61079.000   10075 1320192   -8090.700            IMBH
61079.000   10075 1320193  -38908.500            IMBH
61079.000   10071 1353447    1108.000            BIRM
61079.000   10071 1353689    9861.600            BIRM
61079.000   10071 1407107 -393978.700            BIRM
61079.000   10071 1407111    -243.400            BIRM
61079.000   10071 1407112   -7247.900            BIRM
61079.000   10071 1415303   -3331.700            BIRM
61079.000   10071 1415304  -10015.300            BIRM
61079.000   10071 1415305  -18651.000            BIRM
61079.000   10092 1363159    4611.600            ICE 
61079.000   10092 1363522    3501.600            ICE 
61079.000   10057 1352117   14076.400            CH  
61079.000   10057 1355202    -589.600            CH  
61079.000   10057 1373644    -736.600            CH  
61079.000   10057 1405701   -1737.100            CH  
61079.000   10057 1405702   22898.600            CH  
61079.000   10057 1411117    -188.900            CH  
61079.000   10073 1353612  -11378.700            CNM 
61079.000   10073 1413211   -1008.100            CNM 
61079.000   10073 1413212   45836.900            CNM 
61079.000   10074 1411045    3768.700            DLR 
61079.000   10053 1350136     -83.300            DTAG
61079.000   10053 1355332   -1489.100            DTAG
61079.000   10053 1352635    2407.500            DTAG
61079.000   10025 1352025    4048.800            ESA 
61079.000   10025 1351615   -4472.000            ESA 
61079.000   10025 1352353   11276.500            ESA 
61079.000   10025 1352210   28119.300            ESA 
61079.000   10025 1402543  -29935.500            ESA 
61079.000   10025 1402541  -97042.200            ESA 
61079.000   10025 1411033    -974.600            ESA 
61079.000   10089 1354233       0.000            HKO 
61079.000   10089 1355122    1251.200            HKO 
61079.000   10099 1354701       0.000            IFZG
61079.000   10093 1353401       0.000            NSAI
61079.000   10044 1361167    1293.900            IFAG
61079.000   10044 1361173     514.700            IFAG
61079.000   10044 1361629    9048.600            IFAG
61079.000   10044 1361732    6262.300            IFAG
61079.000   10044 1361798    1166.100            IFAG
61079.000   10044 1404439    4579.000            IFAG
61079.000   10044 1404418   15234.200            IFAG
61079.000   10048 1404878  915597.600            NIM 
61079.000   10048 1404871 1034800.100            NIM 
61079.000   10048 1404832 1029839.200            NIM 
61079.000   10048 1404879 1879533.800            NIM 
61079.000   10048 1404880 2159515.500            NIM 
61079.000   10048 1352742  111049.200            NIM 
61079.000   10048 1404849 1414534.800            NIM 
61079.000   10048 1404856   93560.500            NIM 
61079.000   10048 1404857   25292.600            NIM 
61079.000   10048 1404821    2762.100            NIM 
61079.000   10048 1404850     592.700            NIM 
61079.000   10048 1404870    5107.100            NIM 
61079.000   10015 1362377       0.000            INTI
61079.000   10015 1363270   12008.600            INTI
61079.000   10015 1363511    5947.800            INTI
61079.000   10070 1353546    8544.400            IPQ 
61079.000   10083 1353654    9688.300            NIS 
61079.000   10083 1354391   16386.700            NIS 
61079.000   10083 1353812  -27788.700            NIS 
61079.000   10083 1352182   -3985.000            NIS 
61079.000   10011 1350219   -1020.200            IT  
61079.000   10011 1352487    -361.100            IT  
61079.000   10011 1401101  231446.400            IT  
61079.000   10011 1401102  289969.700            IT  
61079.000   10011 1401103   33348.800            IT  
61079.000   10011 1401104   11145.500            IT  
61079.000   10011 1411079    -890.400            IT  
61079.000   10011 1411078    2862.500            IT  
61079.000   10011 1422012     849.000            IT  
61079.000   10035 1350832   16668.700            BSJ 
61079.000   10035 1350833    9181.700            BSJ 
61079.000   10087 1361277 -111571.000            JV  
61079.000   10087 1362617   69765.100            JV  
61079.000   10087 1415218  -42093.800            JV  
61079.000   10087 1411122   14986.400            JV  
61079.000   10056 1351783   39412.100            KRIS
61079.000   10056 1405624  158803.400            KRIS
61079.000   10056 1405625  459190.400            KRIS
61079.000   10056 1405626   14704.100            KRIS
61079.000   10027 1415201    -644.100            KZ  
61079.000   10027 1415205    1508.400            KZ  
61079.000   10027 1415266   -2360.300            KZ  
61079.000   10052 1351324  -11039.800            NPLI
61079.000   10052 1353376  -10562.900            NPLI
61079.000   10052 1353457    3318.700            NPLI
61079.000   10052 1353413   44426.700            NPLI
61079.000   10052 1353453    5109.600            NPLI
61079.000   10052 1415225  112586.700            NPLI
61079.000   10052 1415365   46786.600            NPLI
61079.000   10052 1415363    3197.800            NPLI
61079.000   10052 1415364   11206.600            NPLI
61079.000   10091 1352370   -7909.200            LRTE
61079.000   10082 1351868       0.000            LT  
61079.000   10082 1351362   -1707.200            LT  
61079.000   10094 1353471  -61080.200            LUX 
61079.000   10094 1353544  -57900.900            LUX 
61079.000   10041 1404113  325428.300            MIKE
61079.000   10041 1404108   29672.100            MIKE
61079.000   10041 1404189  185644.500            MIKE
61079.000   10041 1412084   27423.000            MIKE
61079.000   10088 1361806  -12491.000            CNMP
61079.000   10088 1361752   -6649.000            CNMP
61079.000   10088 1363162    8122.100            CNMP
61079.000   10088 1363179  -66355.700            CNMP
61079.000   10063 1360274    3136.800            MSL 
61079.000   10063 1363396   -4394.900            MSL 
61079.000   10063 1363872  112286.400            MSL 
61079.000   10081 1353476    4553.900            NIMT
61079.000   10081 1353472   45925.600            NIMT
61079.000   10081 1353470   45888.600            NIMT
61079.000   10013 1410102   -1736.500            NAO 
61079.000   10013 1350779    6418.800            NAO 
61079.000   10013 1351689     -93.200            NAO 
61079.000   10013 1351214     107.500            NAO 
61079.000   10020 1350343  127922.700            NICT
61079.000   10020 1350907   35757.400            NICT
61079.000   10020 1351226  -16628.400            NICT
61079.000   10020 1351778   75174.000            NICT
61079.000   10020 1351789   -8012.900            NICT
61079.000   10020 1351866    1414.700            NICT
61079.000   10020 1351944  108966.300            NICT
61079.000   10020 1352011  108104.600            NICT
61079.000   10020 1352056  109495.900            NICT
61079.000   10020 1352113  -45799.400            NICT
61079.000   10020 1352116  -27319.100            NICT
61079.000   10020 1352570   88019.000            NICT
61079.000   10020 1352620   60137.600            NICT
61079.000   10020 1352627  -23129.500            NICT
61079.000   10020 1352628  -24787.700            NICT
61079.000   10020 1352784   43428.200            NICT
61079.000   10020 1352876  123770.700            NICT
61079.000   10020 1352903   52728.800            NICT
61079.000   10020 1353594  -14911.100            NICT
61079.000   10020 1353716  -28347.600            NICT
61079.000   10020 1353717  -49808.400            NICT
61079.000   10020 1353718  -44089.300            NICT
61079.000   10020 1353720  -53567.300            NICT
61079.000   10020 1353722  -30580.600            NICT
61079.000   10020 1353909   27300.500            NICT
61079.000   10020 1353912  -37839.900            NICT
61079.000   10020 1353916  -71110.500            NICT
61079.000   10020 1353918   38710.500            NICT
61079.000   10020 1354230   68448.300            NICT
61079.000   10020 1355334   86002.700            NICT
61079.000   10020 1402003   15912.800            NICT
61079.000   10020 1402004   -8870.500            NICT
61079.000   10020 1402012   33168.600            NICT
61079.000   10020 1402013   39892.200            NICT
61079.000   10020 1402014   -2377.500            NICT
61079.000   10020 1402015   70078.400            NICT
61079.000   10020 1411041  -60959.400            NICT
61079.000   10020 1411062   33360.400            NICT
61079.000   10020 1412060   61216.000            NICT
61079.000   10002 1412108  545295.500            NIST
61079.000   10002 1412014 -543683.700            NIST
61079.000   10002 1400004 -197844.100            NIST
61079.000   10002 1400222  727907.800            NIST
61079.000   10002 1400209 -450086.100            NIST
61079.000   10002 1400212  476589.800            NIST
61079.000   10002 1400207  648876.600            NIST
61079.000   10002 1412015  609378.200            NIST
61079.000   10002 1400210  182406.100            NIST
61079.000   10002 1400205  979992.200            NIST
61079.000   10002 1352792 -548138.200            NIST
61079.000   10002 1412099  263647.700            NIST
61079.000   10002 1412006   86166.000            NIST
61079.000   10002 1352935 -653939.500            NIST
61079.000   10002 1352579  978885.600            NIST
61079.000   10002 1402205 -252051.600            NIST
61079.000   10050 1320293  121998.500            NMIJ
61079.000   10017 1412011   47739.000            NPL 
61079.000   10017 1412050   45706.100            NPL 
61079.000   10003 1352150    8099.300            NRC 
61079.000   10003 1362225   17127.400            NRC 
61079.000   10003 1352115   19162.500            NRC 
61079.000   10003 1352148    3235.800            NRC 
61079.000   10003 1400306   91819.000            NRC 
61079.000   10003 1400307   10849.500            NRC 
61079.000   10049 1415324   -1641.800            NTSC
61079.000   10049 1415316   -5425.000            NTSC
61079.000   10049 1415085  -22484.800            NTSC
61079.000   10049 1415082   48462.000            NTSC
61079.000   10049 1414922    5357.700            NTSC
61079.000   10049 1404967    5111.800            NTSC
61079.000   10049 1354937   14431.700            NTSC
61079.000   10049 1352142   15221.700            NTSC
61079.000   10016 1354619       0.000            INXE
61079.000   10008 1352027   32939.600            OP  
61079.000   10008 1400889    4511.500            OP  
61079.000   10008 1353765   78425.500            OP  
61079.000   10008 1400810   20222.000            OP  
61079.000   10008 1400809   34756.500            OP  
61079.000   10008 1400890   29018.200            OP  
61079.000   10026 1352722   -1966.600            ORB 
61079.000   10026 1352724    9455.100            ORB 
61079.000   10026 1411030   74903.500            ORB 
61079.000   10026 1402602  343308.100            ORB 
61079.000   10026 1352723    1384.900            ORB 
61079.000   10040 1350441    -773.600            PL  
61079.000   10040 1415318   -9366.100            PL  
61079.000   10040 1415321   25021.100            PL  
61079.000   10040 1354603     128.500            PL  
61079.000   10040 1354597     243.800            PL  
61079.000   10005 1920001   41555.700            PTB 
61079.000   10005 1920002   37521.000            PTB 
61079.000   10005 1355322    8761.400            PTB 
61079.000   10005 1400510    8771.500            PTB 
61079.000   10005 1400506   32149.300            PTB 
61079.000   10005 1400508   32766.900            PTB 
61079.000   10005 1400509    9801.700            PTB 
61079.000   10005 1415245   -5339.300            PTB 
61079.000   10005 1400512    6623.500            PTB 
61079.000   10005 1415221    3546.000            PTB 
61079.000   10019 1351942   68568.900            ONRJ
61079.000   10019 1320337   50761.700            ONRJ
61079.000   10019 1354204   70290.900            ONRJ
61079.000   10019 1350147   59390.100            ONRJ
61079.000   10019 1350102   19289.200            ONRJ
61079.000   10019 1353364   38622.300            ONRJ
61079.000   10019 1351153  -11514.700            ONRJ
61079.000   10019 1401958  123451.400            ONRJ
61079.000   10014 1350583   -4647.900            ROA 
61079.000   10014 1350718   -2890.700            ROA 
61079.000   10014 1361490   86982.800            ROA 
61079.000   10014 1361488   85079.800            ROA 
61079.000   10014 1351699   54910.500            ROA 
61079.000   10014 1401436 1931614.400            ROA 
61079.000   10014 1412032 1283998.100            ROA 
61079.000   10014 1352270    7832.300            ROA 
61079.000   10062 1352932       0.000            SASO
61079.000   10062 1352931     -71.100            SASO
61079.000   10062 1351628     687.500            SASO
61079.000   10062 1350221    -490.800            SASO
61079.000   10067 1352525   -8080.300            SCL 
61079.000   10067 1352178  -19548.600            SCL 
61079.000   10067 1415314     888.700            SCL 
61079.000   10067 1353448     -80.500            SCL 
61079.000   10079 1352003   33743.800            SMD 
61079.000   10079 1352543  -25769.200            SMD 
61079.000   10079 1411049   -1961.700            SMD 
61079.000   10072 1352745  -21331.700            SP  
61079.000   10072 1352749   21393.600            SP  
61079.000   10072 1352758   -2393.900            SP  
61079.000   10072 1354707    6587.500            SP  
61079.000   10072 1362295    2471.800            SP  
61079.000   10072 1365149   53880.400            SP  
61079.000   10072 1407201    -101.300            SP  
61079.000   10072 1407223  153252.200            SP  
61079.000   10072 1407231  242353.900            SP  
61079.000   10072 1407232  391503.200            SP  
61079.000   10072 1415319   41176.800            SP  
61079.000   10038 1403809 -409246.800            SU  
61079.000   10038 1403811 -282070.800            SU  
61079.000   10038 1403812  -27085.000            SU  
61079.000   10038 1403844 -562021.800            SU  
61079.000   10038 1403853    3892.800            SU  
61079.000   10038 1403833 -397348.300            SU  
61079.000   10038 1403846   46496.600            SU  
61079.000   10038 1403814 -654675.500            SU  
61079.000   10038 1403815 -333298.400            SU  
61079.000   10038 1403834   10020.100            SU  
61079.000   10038 1403841  -39712.200            SU  
61079.000   10038 1403840    9554.300            SU  
61079.000   10038 1403845 -453595.200            SU  
61079.000   10030 1403011  144874.700            TL  
61079.000   10030 1413202  222436.000            TL  
61079.000   10030 1353942  -36229.100            TL  
61079.000   10030 1353947   54565.600            TL  
61079.000   10030 1354060  -13967.600            TL  
61079.000   10022 1320211 1999819.400            TP  
61079.000   10022 1320247  999143.700            TP  
61079.000   10022 1351227       0.000            TP  
61079.000   10022 1352179     -37.900            TP  
61079.000   10022 1352476     515.500            TP  
61079.000   10022 1353519     -84.400            TP  
61079.000   10068 1411028       0.000            UME 
61079.000   10068 1352703    2427.100            UME 
61079.000   10068 1350251    3325.900            UME 
61079.000   10068 1350872   -7955.200            UME 
61079.000   10068 1352710    2660.900            UME 
61079.000   10007 1400711 3280444.400            USNO
61079.000   10007 1400712  271440.400            USNO
61079.000   10007 1400719  454902.500            USNO
61079.000   10007 1400702  -65608.400            USNO
61079.000   10007 1400708  663126.700            USNO
61079.000   10007 1400704  113126.800            USNO
61079.000   10007 1400718 1933457.900            USNO
61079.000   10007 1400710 -779252.200            USNO
61079.000   10007 1400726 1276042.300            USNO
61079.000   10007 1400715  417021.400            USNO
61079.000   10007 1350161   81060.800            USNO
61079.000   10007 1400727 -721934.700            USNO
61079.000   10007 1400729 2211589.500            USNO
61079.000   10007 1400725 -219297.900            USNO
61079.000   10007 1400724 -814047.700            USNO
61079.000   10007 1400723 -606185.500            USNO
61079.000   10007 1400722 2701861.000            USNO
61079.000   10007 1400721  423179.700            USNO
61079.000   10007 1400720 1251955.600            USNO
61079.000   10007 1400730 2128048.200            USNO
61079.000   10007 1400731 -401136.800            USNO
61079.000   10007 1400732  745314.100            USNO
61079.000   10007 1400736 1215487.300            USNO
61079.000   10007 1400737 2447597.800            USNO
61079.000   10007 1400740 1093195.300            USNO
61079.000   10007 1400713  451134.100            USNO
61079.000   10007 1400714   93674.800            USNO
61079.000   10007 1400716  678587.800            USNO
61079.000   10007 1400738  100311.100            USNO
61079.000   10064 1355005       0.000            UZ  
61079.000   10064 1354998 4642723.100            UZ  
61079.000   10028 1353669   19697.400            VMI 
61079.000   10028 1361233   12354.500            VMI 
61079.000   10028 1353670  -23897.400            VMI 
61079.000   10024 1411040   -2592.600            VSL 
61079.000   10024 1354466    9592.100            VSL 
61079.000   10024 1355008    6798.100            VSL 
61079.000   10024 1355697     625.600            VSL 
61079.000   10055 1352191     -83.900            DMDM
61079.000   10055 1362033  -53533.600            DMDM
