61216.000   10021 1352938       0.000            UAE 
61216.000   10021 1352940   -5100.100            UAE 
61216.000   10046 1404601   28077.400            AOS 
61216.000   10046 1352394   -1375.000            AOS 
61216.000   10031 1353842    2405.200            APL 
61216.000   10031 1403107  271692.900            APL 
61216.000   10031 1403108  552541.100            APL 
61216.000   10031 1403109  136753.800            APL 
61216.000   10031 1412174   37578.900            APL 
61216.000   10054 1362269     197.000            AUS 
61216.000   10054 1360340   13311.000            AUS 
61216.000   10054 1360654  -46386.000            AUS 
61216.000   10054 1363814    4858.000            AUS 
61216.000   10054 1364971    8055.000            AUS 
61216.000   10054 1360299   29332.000            AUS 
61216.000   10075 1352685    3534.100            IMBH
61216.000   10075 1320192   -9082.800            IMBH
61216.000   10075 1320193  -44173.400            IMBH
61216.000   10071 1353447     560.900            BIRM
61216.000   10071 1353689    9977.700            BIRM
61216.000   10071 1407103    -847.500            BIRM
61216.000   10071 1407107 -444467.300            BIRM
61216.000   10071 1407111   -2308.700            BIRM
61216.000   10071 1407112  -12749.900            BIRM
61216.000   10071 1415303   -6161.900            BIRM
61216.000   10071 1415304  -14696.700            BIRM
61216.000   10071 1415305  -22400.100            BIRM
61216.000   10092 1363159    3668.200            ICE 
61216.000   10092 1363522    3769.200            ICE 
61216.000   10057 1355202    -838.700            CH  
61216.000   10057 1373644   -1244.200            CH  
61216.000   10057 1405701   -2389.600            CH  
61216.000   10057 1405702   20172.300            CH  
61216.000   10057 1411117    -118.800            CH  
61216.000   10073 1353612  -15925.100            CNM 
61216.000   10073 1413211    -974.600            CNM 
61216.000   10073 1413212   74480.200            CNM 
61216.000   10074 1411045    5767.300            DLR 
61216.000   10053 1350136     -83.300            DTAG
61216.000   10053 1355332 1332719.300            DTAG
61216.000   10053 1352635    2449.600            DTAG
61216.000   10025 1352025    4528.000            ESA 
61216.000   10025 1351615   -4894.400            ESA 
61216.000   10025 1352353   12228.600            ESA 
61216.000   10025 1352210   30971.700            ESA 
61216.000   10025 1402543  -46482.900            ESA 
61216.000   10025 1402541 -127736.700            ESA 
61216.000   10025 1411033   -3076.600            ESA 
61216.000   10089 1354233       0.000            HKO 
61216.000   10089 1355122    1403.900            HKO 
61216.000   10099 1354701       0.000            IFZG
61216.000   10093 1353401       0.000            NSAI
61216.000   10044 1361167     510.400            IFAG
61216.000   10044 1361173      16.600            IFAG
61216.000   10044 1361629   11368.700            IFAG
61216.000   10044 1361732    7986.000            IFAG
61216.000   10044 1361798     -12.300            IFAG
61216.000   10044 1404439    4015.700            IFAG
61216.000   10044 1404418   15013.500            IFAG
61216.000   10048 1404878  981263.700            NIM 
61216.000   10048 1404871 1113572.600            NIM 
61216.000   10048 1404832 1134112.800            NIM 
61216.000   10048 1404879 1956843.500            NIM 
61216.000   10048 1404880 2240663.300            NIM 
61216.000   10048 1352742  115044.500            NIM 
61216.000   10048 1404849 1415426.700            NIM 
61216.000   10048 1404856   94574.400            NIM 
61216.000   10048 1404857   24694.300            NIM 
61216.000   10048 1404821    3229.500            NIM 
61216.000   10048 1404850     791.800            NIM 
61216.000   10048 1404870    6136.000            NIM 
61216.000   10015 1362377       0.000            INTI
61216.000   10015 1363270     138.600            INTI
61216.000   10015 1363511    6434.100            INTI
61216.000   10070 1353546     -98.000            IPQ 
61216.000   10083 1353654   10283.700            NIS 
61216.000   10083 1354391   18915.200            NIS 
61216.000   10083 1353812  -30955.500            NIS 
61216.000   10083 1352182   -4578.600            NIS 
61216.000   10011 1350219   -1165.700            IT  
61216.000   10011 1352487    -788.000            IT  
61216.000   10011 1401101  302710.300            IT  
61216.000   10011 1401102  303661.800            IT  
61216.000   10011 1401103   38754.800            IT  
61216.000   10011 1401104    3481.100            IT  
61216.000   10011 1411079   -1911.800            IT  
61216.000   10011 1411078    5336.000            IT  
61216.000   10011 1422012     -57.800            IT  
61216.000   10035 1350832   18871.000            BSJ 
61216.000   10035 1350833   10518.900            BSJ 
61216.000   10087 1361277 -112939.800            JV  
61216.000   10087 1362617   71974.600            JV  
61216.000   10087 1415218  -42204.200            JV  
61216.000   10087 1411122   19053.700            JV  
61216.000   10056 1351783   42404.600            KRIS
61216.000   10056 1405624  178696.300            KRIS
61216.000   10056 1405625  517858.900            KRIS
61216.000   10056 1405626   17171.100            KRIS
61216.000   10027 1415201     -16.000            KZ  
61216.000   10027 1415205     144.000            KZ  
61216.000   10027 1415266    -337.800            KZ  
61216.000   10052 1351324  -11324.300            NPLI
61216.000   10052 1353376  -11006.800            NPLI
61216.000   10052 1353413   46060.800            NPLI
61216.000   10052 1353453    5435.400            NPLI
61216.000   10052 1415225  125375.200            NPLI
61216.000   10052 1415365   51346.600            NPLI
61216.000   10052 1415363    4607.600            NPLI
61216.000   10052 1415364   12816.500            NPLI
61216.000   10091 1352370  -12236.500            LRTE
61216.000   10082 1351868       0.000            LT  
61216.000   10082 1351362   -1671.600            LT  
61216.000   10094 1353471  -62473.300            LUX 
61216.000   10094 1353544  -57285.500            LUX 
61216.000   10085 1353507       0.000            NIMB
61216.000   10041 1404113  338948.200            MIKE
61216.000   10041 1404108   35536.100            MIKE
61216.000   10041 1404189  180200.900            MIKE
61216.000   10041 1412084   25732.100            MIKE
61216.000   10088 1361806  -12971.500            CNMP
61216.000   10088 1361752   -6843.600            CNMP
61216.000   10088 1363162    9113.300            CNMP
61216.000   10088 1363179  -68631.400            CNMP
61216.000   10063 1360274    3388.400            MSL 
61216.000   10063 1363396   -4331.500            MSL 
61216.000   10063 1363872  118989.700            MSL 
61216.000   10081 1353476    2905.900            NIMT
61216.000   10081 1353472   47490.600            NIMT
61216.000   10081 1353470   48240.900            NIMT
61216.000   10013 1410102    1680.900            NAO 
61216.000   10013 1350779     412.400            NAO 
61216.000   10013 1351689     318.200            NAO 
61216.000   10013 1351214     107.400            NAO 
61216.000   10020 1350343  131531.100            NICT
61216.000   10020 1350907   33638.700            NICT
61216.000   10020 1351778   76996.300            NICT
61216.000   10020 1351789   -8876.700            NICT
61216.000   10020 1351866    1375.400            NICT
61216.000   10020 1351944  110637.000            NICT
61216.000   10020 1352011  107660.400            NICT
61216.000   10020 1352056  111227.000            NICT
61216.000   10020 1352113  -46345.400            NICT
61216.000   10020 1352116  -26771.400            NICT
61216.000   10020 1352570   89079.700            NICT
61216.000   10020 1352620   62252.600            NICT
61216.000   10020 1352627  -25197.700            NICT
61216.000   10020 1352628  -26443.800            NICT
61216.000   10020 1352784   41941.900            NICT
61216.000   10020 1352876  123208.000            NICT
61216.000   10020 1352903   53434.100            NICT
61216.000   10020 1353259  -14583.500            NICT
61216.000   10020 1353594  -14191.900            NICT
61216.000   10020 1353716  -29825.200            NICT
61216.000   10020 1353717  -52845.300            NICT
61216.000   10020 1353718  -47699.900            NICT
61216.000   10020 1353720  -55626.600            NICT
61216.000   10020 1353722  -31762.200            NICT
61216.000   10020 1353909   28318.600            NICT
61216.000   10020 1353912  -40716.100            NICT
61216.000   10020 1353916  -75805.000            NICT
61216.000   10020 1353918   40972.000            NICT
61216.000   10020 1354230   69253.000            NICT
61216.000   10020 1402003   17535.100            NICT
61216.000   10020 1402004  -12056.800            NICT
61216.000   10020 1402012   26707.600            NICT
61216.000   10020 1402013   56741.800            NICT
61216.000   10020 1402014   -1451.100            NICT
61216.000   10020 1402015   86951.000            NICT
61216.000   10020 1411041  -78878.200            NICT
61216.000   10020 1411062   30605.600            NICT
61216.000   10020 1412060   72321.700            NICT
61216.000   10002 1412108  647311.900            NIST
61216.000   10002 1412014 -523474.700            NIST
61216.000   10002 1400004 -186803.800            NIST
61216.000   10002 1400222  736025.000            NIST
61216.000   10002 1400209 -440076.700            NIST
61216.000   10002 1400212  644013.700            NIST
61216.000   10002 1400207  744599.000            NIST
61216.000   10002 1412015  672712.100            NIST
61216.000   10002 1400210  307933.700            NIST
61216.000   10002 1400205  977484.300            NIST
61216.000   10002 1412099  424142.600            NIST
61216.000   10002 1412006  225247.500            NIST
61216.000   10002 1442021 -559140.400            NIST
61216.000   10002 1352935 -657185.500            NIST
61216.000   10002 1352579  981445.000            NIST
61216.000   10002 1402205 -177735.300            NIST
61216.000   10050 1320293  153697.500            NMIJ
61216.000   10017 1412011   49496.000            NPL 
61216.000   10017 1412050   49724.000            NPL 
61216.000   10003 1352150    8403.500            NRC 
61216.000   10003 1362225   16898.500            NRC 
61216.000   10003 1352115   20101.800            NRC 
61216.000   10003 1352148    3131.200            NRC 
61216.000   10003 1400306   92834.700            NRC 
61216.000   10003 1400307   12548.000            NRC 
61216.000   10049 1415325    3294.300            NTSC
61216.000   10049 1415324   -1536.200            NTSC
61216.000   10049 1415322    3326.000            NTSC
61216.000   10049 1415316   -6417.700            NTSC
61216.000   10049 1415085    -624.600            NTSC
61216.000   10049 1414922    7533.700            NTSC
61216.000   10049 1404967    6976.900            NTSC
61216.000   10049 1352142   15110.500            NTSC
61216.000   10016 1354619       0.000            INXE
61216.000   10008 1352027   35137.400            OP  
61216.000   10008 1400889    7741.900            OP  
61216.000   10008 1353765   81794.900            OP  
61216.000   10008 1400810   23341.700            OP  
61216.000   10008 1400809   39205.300            OP  
61216.000   10008 1400890   32601.400            OP  
61216.000   10026 1352722   -1983.500            ORB 
61216.000   10026 1352724   10847.000            ORB 
61216.000   10026 1411030   85848.000            ORB 
61216.000   10026 1402602  412083.500            ORB 
61216.000   10026 1352723    2019.900            ORB 
61216.000   10040 1350441    -791.500            PL  
61216.000   10040 1415318 -132483.600            PL  
61216.000   10040 1415321   29172.300            PL  
61216.000   10040 1354603     283.800            PL  
61216.000   10040 1354597     269.000            PL  
61216.000   10005 1920001   41814.500            PTB 
61216.000   10005 1920002   37781.800            PTB 
61216.000   10005 1355322    9167.100            PTB 
61216.000   10005 1400510    9813.100            PTB 
61216.000   10005 1400506   34404.000            PTB 
61216.000   10005 1400508   35053.600            PTB 
61216.000   10005 1400509   10484.800            PTB 
61216.000   10005 1415245   -7282.000            PTB 
61216.000   10005 1400512    8004.300            PTB 
61216.000   10005 1415221    3657.000            PTB 
61216.000   10019 1351942   71207.900            ONRJ
61216.000   10019 1320337   51994.200            ONRJ
61216.000   10019 1354204   76775.400            ONRJ
61216.000   10019 1350147   60217.200            ONRJ
61216.000   10019 1353364   39922.800            ONRJ
61216.000   10019 1351153  -13071.600            ONRJ
61216.000   10019 1401958  142067.000            ONRJ
61216.000   10014 1350583   -5368.400            ROA 
61216.000   10014 1350718   -1978.000            ROA 
61216.000   10014 1361490   87991.300            ROA 
61216.000   10014 1361488   86631.000            ROA 
61216.000   10014 1351699   55779.800            ROA 
61216.000   10014 1401436 2016802.700            ROA 
61216.000   10014 1412032 1372911.600            ROA 
61216.000   10014 1352270    8030.800            ROA 
61216.000   10062 1352932       0.000            SASO
61216.000   10062 1352931    1533.100            SASO
61216.000   10062 1351628    1629.900            SASO
61216.000   10062 1350221   -1294.300            SASO
61216.000   10067 1352178  -22024.900            SCL 
61216.000   10067 1415314    2525.700            SCL 
61216.000   10067 1353448    3180.400            SCL 
61216.000   10079 1352003   34675.600            SMD 
61216.000   10079 1352543  -27759.100            SMD 
61216.000   10079 1411049   -1871.100            SMD 
61216.000   10072 1352745  -23417.700            SP  
61216.000   10072 1352750    1283.300            SP  
61216.000   10072 1352758   -2506.500            SP  
61216.000   10072 1354707    6452.900            SP  
61216.000   10072 1362295    6567.100            SP  
61216.000   10072 1362746    1395.400            SP  
61216.000   10072 1362749   24525.400            SP  
61216.000   10072 1362956   -5187.700            SP  
61216.000   10072 1365149   65879.700            SP  
61216.000   10072 1407201    4776.200            SP  
61216.000   10072 1407223  161836.800            SP  
61216.000   10072 1407231  276668.900            SP  
61216.000   10072 1407232  439010.400            SP  
61216.000   10072 1415319   44939.900            SP  
61216.000   10038 1403809 -411500.800            SU  
61216.000   10038 1403811 -281911.300            SU  
61216.000   10038 1403812  -22522.000            SU  
61216.000   10038 1403844 -559049.500            SU  
61216.000   10038 1403853    5679.700            SU  
61216.000   10038 1403833 -393929.800            SU  
61216.000   10038 1403846   50270.600            SU  
61216.000   10038 1403814 -637945.300            SU  
61216.000   10038 1403815 -329344.900            SU  
61216.000   10038 1403816 -296994.500            SU  
61216.000   10038 1403834   12599.400            SU  
61216.000   10038 1403841  -33519.300            SU  
61216.000   10038 1403840   11645.100            SU  
61216.000   10038 1403845 -454538.700            SU  
61216.000   10030 1403011  220153.000            TL  
61216.000   10030 1413202  263433.800            TL  
61216.000   10030 1353942  -39297.300            TL  
61216.000   10030 1353947   58365.300            TL  
61216.000   10030 1354060  -15013.500            TL  
61216.000   10022 1320211 1999911.100            TP  
61216.000   10022 1320247  998996.200            TP  
61216.000   10022 1351227       0.000            TP  
61216.000   10022 1352179      94.900            TP  
61216.000   10022 1352476     594.400            TP  
61216.000   10022 1353519    -142.800            TP  
61216.000   10022 1411076    1946.400            TP  
61216.000   10068 1411028       0.000            UME 
61216.000   10068 1352703     146.800            UME 
61216.000   10068 1350251     314.900            UME 
61216.000   10068 1350872    -961.900            UME 
61216.000   10068 1352710    1125.800            UME 
61216.000   10007 1400711 3357386.300            USNO
61216.000   10007 1400719  483485.400            USNO
61216.000   10007 1400702  -65234.500            USNO
61216.000   10007 1400708  681178.800            USNO
61216.000   10007 1400704  119984.400            USNO
61216.000   10007 1400718 1986504.000            USNO
61216.000   10007 1400710 -844677.800            USNO
61216.000   10007 1400715  441585.200            USNO
61216.000   10007 1350161   80793.300            USNO
61216.000   10007 1400727 -767885.800            USNO
61216.000   10007 1400725 -221135.600            USNO
61216.000   10007 1400724 -828935.900            USNO
61216.000   10007 1400723 -603917.600            USNO
61216.000   10007 1400722 2666046.800            USNO
61216.000   10007 1400721  534090.400            USNO
61216.000   10007 1400720 1265000.400            USNO
61216.000   10007 1400730 2210935.200            USNO
61216.000   10007 1400731 -424706.800            USNO
61216.000   10007 1400732  797232.200            USNO
61216.000   10007 1400736 1222930.000            USNO
61216.000   10007 1400737 2485974.100            USNO
61216.000   10007 1400740 1178496.900            USNO
61216.000   10007 1400713  471223.500            USNO
61216.000   10007 1400716  712135.800            USNO
61216.000   10007 1400733  155364.800            USNO
61216.000   10064 1355005       0.000            UZ  
61216.000   10064 1354998 3866015.900            UZ  
61216.000   10024 1354466   10548.200            VSL 
61216.000   10024 1355008    7881.500            VSL 
61216.000   10024 1355697    1986.500            VSL 
61216.000   10055 1352191     -65.900            DMDM
61216.000   10055 1362033  -61361.300            DMDM
