61058.000   10021 1352938       0.000            UAE 
61058.000   10021 1352940    -484.900            UAE 
61058.000   10046 1404601   24327.200            AOS 
61058.000   10046 1352394    -711.900            AOS 
61058.000   10031 1353842    2429.300            APL 
61058.000   10031 1403107  255711.400            APL 
61058.000   10031 1403108  429894.700            APL 
61058.000   10031 1403109  132688.700            APL 
61058.000   10031 1412174   20513.700            APL 
61058.000   10054 1362269     181.000            AUS 
61058.000   10054 1360340   12243.000            AUS 
61058.000   10054 1360654  -42282.000            AUS 
61058.000   10054 1363814    4162.000            AUS 
61058.000   10054 1364971    6912.000            AUS 
61058.000   10054 1360299   27544.000            AUS 
61058.000   10101 1355360       0.000            AZ  
61058.000   10101 1355361    -858.600            AZ  
61058.000   10075 1352685    2975.700            IMBH
61058.000   10075 1320192   -7986.500            IMBH
61058.000   10075 1320193  -38050.800            IMBH
61058.000   10071 1353447    1206.000            BIRM
61058.000   10071 1353689    9805.500            BIRM
61058.000   10071 1407107 -386340.900            BIRM
61058.000   10071 1407111    -173.100            BIRM
61058.000   10071 1407112   -6437.700            BIRM
61058.000   10071 1415303   -2942.900            BIRM
61058.000   10071 1415304   -9567.400            BIRM
61058.000   10071 1415305  -18108.100            BIRM
61058.000   10092 1363159    4756.200            ICE 
61058.000   10092 1363522    3510.700            ICE 
61058.000   10057 1352117   14033.000            CH  
61058.000   10057 1355202    -545.700            CH  
61058.000   10057 1373644    -662.500            CH  
61058.000   10057 1405701   -1639.100            CH  
61058.000   10057 1405702   23250.200            CH  
61058.000   10057 1411117    -245.700            CH  
61058.000   10073 1353612  -10641.200            CNM 
61058.000   10073 1413211    -983.800            CNM 
61058.000   10073 1413212   41806.300            CNM 
61058.000   10074 1411045    3480.100            DLR 
61058.000   10053 1350136     -83.400            DTAG
61058.000   10053 1355332   -1407.400            DTAG
61058.000   10053 1352635    2313.500            DTAG
61058.000   10025 1352025    3958.400            ESA 
61058.000   10025 1351615   -4402.700            ESA 
61058.000   10025 1352353   11138.100            ESA 
61058.000   10025 1352210   27671.500            ESA 
61058.000   10025 1402543  -27647.500            ESA 
61058.000   10025 1402541  -92909.000            ESA 
61058.000   10089 1354233       0.000            HKO 
61058.000   10089 1355122    1212.900            HKO 
61058.000   10099 1354701       0.000            IFZG
61058.000   10093 1353401       0.000            NSAI
61058.000   10044 1361167    1418.400            IFAG
61058.000   10044 1361173     602.700            IFAG
61058.000   10044 1361629    8632.100            IFAG
61058.000   10044 1361732    5998.100            IFAG
61058.000   10044 1361798    1296.700            IFAG
61058.000   10044 1404439    2075.400            IFAG
61058.000   10044 1404418   15308.700            IFAG
61058.000   10048 1404878  905622.900            NIM 
61058.000   10048 1404871 1022800.800            NIM 
61058.000   10048 1404832 1014212.000            NIM 
61058.000   10048 1404879 1867831.000            NIM 
61058.000   10048 1404880 2147222.600            NIM 
61058.000   10048 1352742  110452.300            NIM 
61058.000   10048 1404849 1414406.400            NIM 
61058.000   10048 1404856   93406.900            NIM 
61058.000   10048 1404857   25386.000            NIM 
61058.000   10048 1404821    2699.000            NIM 
61058.000   10048 1404850     569.900            NIM 
61058.000   10048 1404870    4960.100            NIM 
61058.000   10015 1362377       0.000            INTI
61058.000   10015 1363270   11862.000            INTI
61058.000   10015 1363511    5874.900            INTI
61058.000   10070 1353546    8543.000            IPQ 
61058.000   10083 1353654    9571.500            NIS 
61058.000   10083 1354391   15979.800            NIS 
61058.000   10083 1353812  -27334.300            NIS 
61058.000   10083 1352182   -4023.600            NIS 
61058.000   10011 1350219    -968.800            IT  
61058.000   10011 1352487    -307.400            IT  
61058.000   10011 1401101  220708.000            IT  
61058.000   10011 1401102  287781.200            IT  
61058.000   10011 1401103   32553.800            IT  
61058.000   10011 1401104   12267.200            IT  
61058.000   10011 1411079    -739.400            IT  
61058.000   10011 1411078    2544.100            IT  
61058.000   10011 1422012     379.600            IT  
61058.000   10035 1350832   16363.200            BSJ 
61058.000   10035 1350833    8998.400            BSJ 
61058.000   10087 1361277 -111323.700            JV  
61058.000   10087 1362617   69404.300            JV  
61058.000   10087 1415218  -42076.900            JV  
61058.000   10087 1411122   14409.100            JV  
61058.000   10056 1351783   38950.700            KRIS
61058.000   10056 1405624  155803.900            KRIS
61058.000   10056 1405625  450386.500            KRIS
61058.000   10056 1405626   14329.200            KRIS
61058.000   10027 1415201    -638.300            KZ  
61058.000   10027 1415205    1402.700            KZ  
61058.000   10027 1415266   -2230.800            KZ  
61058.000   10052 1351324  -10974.600            NPLI
61058.000   10052 1353376  -10452.500            NPLI
61058.000   10052 1353457    3301.900            NPLI
61058.000   10052 1353413   44162.700            NPLI
61058.000   10052 1353453    5033.100            NPLI
61058.000   10052 1415225  110721.700            NPLI
61058.000   10052 1415365   46101.700            NPLI
61058.000   10052 1415363    2992.500            NPLI
61058.000   10052 1415364   10975.300            NPLI
61058.000   10091 1352370   -7457.800            LRTE
61058.000   10082 1351868       0.000            LT  
61058.000   10082 1351362   -1753.000            LT  
61058.000   10094 1353471  -60890.400            LUX 
61058.000   10094 1353544  -58010.900            LUX 
61058.000   10041 1404113  323353.800            MIKE
61058.000   10041 1404108   28746.000            MIKE
61058.000   10041 1404189  186792.200            MIKE
61058.000   10041 1412084   27648.900            MIKE
61058.000   10051 1352900       0.000            MASM
61058.000   10088 1361806  -12420.600            CNMP
61058.000   10088 1361752   -6631.300            CNMP
61058.000   10088 1363162    7996.700            CNMP
61058.000   10088 1363179  -66006.200            CNMP
61058.000   10063 1360274    3041.800            MSL 
61058.000   10063 1363396   -4387.500            MSL 
61058.000   10063 1363872  111247.100            MSL 
61058.000   10081 1353476    4804.100            NIMT
61058.000   10081 1353472   45659.300            NIMT
61058.000   10081 1353470   45510.600            NIMT
61058.000   10013 1410102   -1791.300            NAO 
61058.000   10013 1350779    6707.000            NAO 
61058.000   10013 1351689      51.600            NAO 
61058.000   10013 1351214     107.500            NAO 
61058.000   10020 1350343  127395.100            NICT
61058.000   10020 1350907   36066.300            NICT
61058.000   10020 1351226  -16579.200            NICT
61058.000   10020 1351778   74889.200            NICT
61058.000   10020 1351789   -7895.600            NICT
61058.000   10020 1351866    1409.200            NICT
61058.000   10020 1351944  108706.600            NICT
61058.000   10020 1352011  108183.100            NICT
61058.000   10020 1352056  109209.100            NICT
61058.000   10020 1352113  -45706.600            NICT
61058.000   10020 1352116  -27346.500            NICT
61058.000   10020 1352570   87856.500            NICT
61058.000   10020 1352620   59815.000            NICT
61058.000   10020 1352627  -22819.800            NICT
61058.000   10020 1352628  -24550.800            NICT
61058.000   10020 1352784   43656.200            NICT
61058.000   10020 1352876  123867.300            NICT
61058.000   10020 1352903   52622.300            NICT
61058.000   10020 1353594  -15076.200            NICT
61058.000   10020 1353716  -28114.300            NICT
61058.000   10020 1353717  -49348.400            NICT
61058.000   10020 1353718  -43669.500            NICT
61058.000   10020 1353720  -53235.300            NICT
61058.000   10020 1353722  -30414.000            NICT
61058.000   10020 1353909   27177.700            NICT
61058.000   10020 1353912  -37396.000            NICT
61058.000   10020 1353916  -70382.100            NICT
61058.000   10020 1353918   38327.400            NICT
61058.000   10020 1354230   68268.700            NICT
61058.000   10020 1355334   86105.800            NICT
61058.000   10020 1402003   15676.500            NICT
61058.000   10020 1402004   -8387.000            NICT
61058.000   10020 1402012   34235.000            NICT
61058.000   10020 1402013   37490.200            NICT
61058.000   10020 1402014   -2450.100            NICT
61058.000   10020 1402015   67620.100            NICT
61058.000   10020 1411041  -58283.500            NICT
61058.000   10020 1411062   33775.000            NICT
61058.000   10020 1412060   59618.100            NICT
61058.000   10002 1412108  529925.700            NIST
61058.000   10002 1412014 -546693.600            NIST
61058.000   10002 1400004 -199516.200            NIST
61058.000   10002 1400222  726662.400            NIST
61058.000   10002 1400209 -451484.400            NIST
61058.000   10002 1400212  451377.700            NIST
61058.000   10002 1400207  634298.700            NIST
61058.000   10002 1412015  599770.700            NIST
61058.000   10002 1400210  163405.200            NIST
61058.000   10002 1400205  980382.900            NIST
61058.000   10002 1352792 -547729.900            NIST
61058.000   10002 1412099  239273.400            NIST
61058.000   10002 1412006   65116.600            NIST
61058.000   10002 1442021 -552732.500            NIST
61058.000   10002 1352935 -653413.100            NIST
61058.000   10002 1352579  978537.000            NIST
61058.000   10002 1402205 -263329.300            NIST
61058.000   10050 1320293  117130.700            NMIJ
61058.000   10017 1412011   47496.600            NPL 
61058.000   10017 1412050   45439.700            NPL 
61058.000   10003 1352150    8025.500            NRC 
61058.000   10003 1362225   17135.900            NRC 
61058.000   10003 1352115   19025.800            NRC 
61058.000   10003 1400306   91383.300            NRC 
61058.000   10003 1400307   10599.700            NRC 
61058.000   10049 1415324   -1619.100            NTSC
61058.000   10049 1415316   -5274.000            NTSC
61058.000   10049 1415085  -22216.800            NTSC
61058.000   10049 1415082   47206.500            NTSC
61058.000   10049 1414922    5052.500            NTSC
61058.000   10049 1404967    4850.200            NTSC
61058.000   10049 1354937   14390.300            NTSC
61058.000   10049 1352142   15216.800            NTSC
61058.000   10016 1354619       0.000            INXE
61058.000   10008 1352027   32615.200            OP  
61058.000   10008 1400889    4027.300            OP  
61058.000   10008 1353765   77908.800            OP  
61058.000   10008 1400810   19758.700            OP  
61058.000   10008 1400809   34094.000            OP  
61058.000   10008 1400890   28467.000            OP  
61058.000   10026 1352722   -1907.800            ORB 
61058.000   10026 1352724    9265.100            ORB 
61058.000   10026 1411030   73257.200            ORB 
61058.000   10026 1402602  332781.500            ORB 
61058.000   10026 1352723    1307.300            ORB 
61058.000   10040 1350441    -746.300            PL  
61058.000   10040 1415318   -1025.500            PL  
61058.000   10040 1415321   24428.600            PL  
61058.000   10040 1354603     111.200            PL  
61058.000   10040 1354597     226.600            PL  
61058.000   10005 1920001   41549.900            PTB 
61058.000   10005 1920002   37498.900            PTB 
61058.000   10005 1355322    8702.900            PTB 
61058.000   10005 1400510    8577.200            PTB 
61058.000   10005 1400506   31905.200            PTB 
61058.000   10005 1400508   32538.100            PTB 
61058.000   10005 1400509    9700.200            PTB 
61058.000   10005 1415245   -5056.400            PTB 
61058.000   10005 1400512    6423.000            PTB 
61058.000   10005 1415221    3529.000            PTB 
61058.000   10019 1351942   68169.000            ONRJ
61058.000   10019 1320337   50573.100            ONRJ
61058.000   10019 1354204   69297.100            ONRJ
61058.000   10019 1350147   59237.200            ONRJ
61058.000   10019 1350102   19097.300            ONRJ
61058.000   10019 1353364   38411.400            ONRJ
61058.000   10019 1351153  -11293.900            ONRJ
61058.000   10019 1401958  120743.000            ONRJ
61058.000   10014 1350583   -4550.500            ROA 
61058.000   10014 1350718   -3054.300            ROA 
61058.000   10014 1361490   86795.100            ROA 
61058.000   10014 1361488   84878.000            ROA 
61058.000   10014 1351699   54764.300            ROA 
61058.000   10014 1401436 1918703.300            ROA 
61058.000   10014 1412032 1270542.000            ROA 
61058.000   10014 1352270    7793.100            ROA 
61058.000   10062 1352932       0.000            SASO
61058.000   10062 1352931    -312.600            SASO
61058.000   10062 1351628     610.600            SASO
61058.000   10062 1350221    -339.800            SASO
61058.000   10067 1352525   -7909.300            SCL 
61058.000   10067 1352178  -19196.100            SCL 
61058.000   10067 1415314     656.900            SCL 
61058.000   10067 1353448    -572.100            SCL 
61058.000   10079 1352003   33620.100            SMD 
61058.000   10079 1352543  -25460.700            SMD 
61058.000   10079 1411049   -1968.700            SMD 
61058.000   10072 1352745  -20995.800            SP  
61058.000   10072 1352749   20906.700            SP  
61058.000   10072 1352758   -2386.600            SP  
61058.000   10072 1354707    6584.600            SP  
61058.000   10072 1362295    1846.400            SP  
61058.000   10072 1365149   52040.100            SP  
61058.000   10072 1407201    -753.700            SP  
61058.000   10072 1407223  151950.400            SP  
61058.000   10072 1407231  237252.100            SP  
61058.000   10072 1407232  384347.800            SP  
61058.000   10072 1415319   40603.300            SP  
61058.000   10038 1403809 -408888.300            SU  
61058.000   10038 1403811 -282074.700            SU  
61058.000   10038 1403812  -27739.800            SU  
61058.000   10038 1403844 -562469.900            SU  
61058.000   10038 1403853    3622.600            SU  
61058.000   10038 1403833 -397856.300            SU  
61058.000   10038 1403846   45924.100            SU  
61058.000   10038 1403814 -657226.600            SU  
61058.000   10038 1403815 -333886.000            SU  
61058.000   10038 1403834    9642.300            SU  
61058.000   10038 1403841  -40648.700            SU  
61058.000   10038 1403840    9241.800            SU  
61058.000   10038 1403845 -453433.800            SU  
61058.000   10030 1403011  133499.600            TL  
61058.000   10030 1413202  220829.200            TL  
61058.000   10030 1353942  -35718.500            TL  
61058.000   10030 1353947   53987.900            TL  
61058.000   10030 1354060  -13781.600            TL  
61058.000   10022 1320211 1999815.000            TP  
61058.000   10022 1320247  999384.100            TP  
61058.000   10022 1351227       0.000            TP  
61058.000   10022 1352179     -58.900            TP  
61058.000   10022 1352476     526.100            TP  
61058.000   10022 1353519     -52.400            TP  
61058.000   10068 1411028       0.000            UME 
61058.000   10068 1352703    2516.900            UME 
61058.000   10068 1350251    3345.300            UME 
61058.000   10068 1350872   -7651.300            UME 
61058.000   10068 1352710    2488.000            UME 
61058.000   10007 1400711 3268675.700            USNO
61058.000   10007 1400712  270127.000            USNO
61058.000   10007 1400719  450253.800            USNO
61058.000   10007 1400702  -65663.500            USNO
61058.000   10007 1400708  660379.600            USNO
61058.000   10007 1400704  112090.200            USNO
61058.000   10007 1400718 1925380.500            USNO
61058.000   10007 1400710 -769201.700            USNO
61058.000   10007 1400726 1265953.200            USNO
61058.000   10007 1400715  413282.900            USNO
61058.000   10007 1350161   81111.500            USNO
61058.000   10007 1400727 -714744.600            USNO
61058.000   10007 1400729 2196215.300            USNO
61058.000   10007 1400725 -219004.200            USNO
61058.000   10007 1400724 -811755.300            USNO
61058.000   10007 1400723 -606481.800            USNO
61058.000   10007 1400722 2705673.900            USNO
61058.000   10007 1400721  406361.600            USNO
61058.000   10007 1400720 1250100.500            USNO
61058.000   10007 1400730 2115454.600            USNO
61058.000   10007 1400731 -397520.800            USNO
61058.000   10007 1400732  737489.400            USNO
61058.000   10007 1400736 1214491.700            USNO
61058.000   10007 1400737 2441884.900            USNO
61058.000   10007 1400740 1080367.000            USNO
61058.000   10007 1400713  448096.000            USNO
61058.000   10007 1400714   92402.800            USNO
61058.000   10007 1400716  673463.600            USNO
61058.000   10007 1400738   96842.200            USNO
61058.000   10064 1355005       0.000            UZ  
61058.000   10064 1354998 4145055.600            UZ  
61058.000   10028 1353669   19119.200            VMI 
61058.000   10028 1361233   11862.300            VMI 
61058.000   10028 1353670  -23847.300            VMI 
61058.000   10024 1411040   -2462.900            VSL 
61058.000   10024 1354466    9448.700            VSL 
61058.000   10024 1355008    6648.400            VSL 
61058.000   10055 1352191     -13.600            DMDM
61058.000   10055 1362033  -52320.400            DMDM
