61125.000   10021 1352938       0.000            UAE 
61125.000   10021 1352940   -2481.000            UAE 
61125.000   10046 1404601   25889.300            AOS 
61125.000   10046 1352394    -968.600            AOS 
61125.000   10031 1353842    2403.900            APL 
61125.000   10031 1403107  262370.200            APL 
61125.000   10031 1403108  481727.000            APL 
61125.000   10031 1403109  134409.300            APL 
61125.000   10031 1412174   26947.400            APL 
61125.000   10054 1362269     119.000            AUS 
61125.000   10054 1360340   12673.000            AUS 
61125.000   10054 1360654  -44035.000            AUS 
61125.000   10054 1363814    4450.000            AUS 
61125.000   10054 1364971    7368.000            AUS 
61125.000   10054 1360299   28190.000            AUS 
61125.000   10101 1355360       0.000            AZ  
61125.000   10101 1355361   -1140.900            AZ  
61125.000   10075 1352685    3221.200            IMBH
61125.000   10075 1320192   -8429.700            IMBH
61125.000   10075 1320193  -40698.900            IMBH
61125.000   10071 1353447     913.900            BIRM
61125.000   10071 1353689    9916.100            BIRM
61125.000   10071 1407107 -410805.200            BIRM
61125.000   10071 1407112   -9051.600            BIRM
61125.000   10071 1415303   -4226.500            BIRM
61125.000   10071 1415304  -11032.300            BIRM
61125.000   10071 1415305  -19871.300            BIRM
61125.000   10092 1363159    4294.700            ICE 
61125.000   10092 1363522    3600.500            ICE 
61125.000   10057 1355202    -677.300            CH  
61125.000   10057 1373644    -902.000            CH  
61125.000   10057 1405701   -1951.500            CH  
61125.000   10057 1405702   22092.000            CH  
61125.000   10057 1411117     -70.400            CH  
61125.000   10073 1353612  -12947.800            CNM 
61125.000   10073 1413211   -1038.700            CNM 
61125.000   10073 1413212   55041.200            CNM 
61125.000   10074 1411045    4456.000            DLR 
61125.000   10053 1350136     -83.300            DTAG
61125.000   10053 1355332   -1681.700            DTAG
61125.000   10053 1352635    2663.300            DTAG
61125.000   10025 1352025    4218.800            ESA 
61125.000   10025 1351615   -4605.600            ESA 
61125.000   10025 1352353   11588.700            ESA 
61125.000   10025 1352210   29068.400            ESA 
61125.000   10025 1402543  -35178.200            ESA 
61125.000   10025 1402541 -106640.800            ESA 
61125.000   10025 1411033   -1638.200            ESA 
61125.000   10089 1354233       0.000            HKO 
61125.000   10089 1355122    1276.400            HKO 
61125.000   10099 1354701       0.000            IFZG
61125.000   10044 1361167    1061.400            IFAG
61125.000   10044 1361173     389.300            IFAG
61125.000   10044 1361629    9958.600            IFAG
61125.000   10044 1361732    6841.200            IFAG
61125.000   10044 1361798     898.100            IFAG
61125.000   10044 1404439    4512.800            IFAG
61125.000   10044 1404418   15316.900            IFAG
61125.000   10048 1404878  937532.300            NIM 
61125.000   10048 1404871 1061149.600            NIM 
61125.000   10048 1404832 1064473.300            NIM 
61125.000   10048 1404879 1905331.100            NIM 
61125.000   10048 1404880 2186609.000            NIM 
61125.000   10048 1352742  112376.800            NIM 
61125.000   10048 1404849 1414823.500            NIM 
61125.000   10048 1404856   93898.000            NIM 
61125.000   10048 1404857   25089.700            NIM 
61125.000   10048 1404821    2907.500            NIM 
61125.000   10048 1404850     649.500            NIM 
61125.000   10048 1404870    5438.900            NIM 
61125.000   10015 1362377       0.000            INTI
61125.000   10015 1363270   12369.000            INTI
61125.000   10015 1363511    6104.100            INTI
61125.000   10070 1353546    8509.500            IPQ 
61125.000   10083 1353654    9887.000            NIS 
61125.000   10083 1354391   17281.800            NIS 
61125.000   10083 1353812  -28855.700            NIS 
61125.000   10083 1352182   -4150.000            NIS 
61125.000   10011 1350219   -1055.800            IT  
61125.000   10011 1352487    -481.600            IT  
61125.000   10011 1401101  255140.900            IT  
61125.000   10011 1401102  294678.700            IT  
61125.000   10011 1401103   35122.200            IT  
61125.000   10011 1401104    8639.600            IT  
61125.000   10011 1411079   -1242.700            IT  
61125.000   10011 1411078    3608.600            IT  
61125.000   10011 1422012     925.100            IT  
61125.000   10035 1350832   17442.500            BSJ 
61125.000   10035 1350833    9550.500            BSJ 
61125.000   10087 1361277 -112039.800            JV  
61125.000   10087 1362617   70480.000            JV  
61125.000   10087 1415218  -42130.900            JV  
61125.000   10087 1411122   16297.600            JV  
61125.000   10056 1351783   40423.900            KRIS
61125.000   10056 1405624  165419.500            KRIS
61125.000   10056 1405625  478653.500            KRIS
61125.000   10056 1405626   15530.700            KRIS
61125.000   10027 1415201    -687.900            KZ  
61125.000   10027 1415205    1723.900            KZ  
61125.000   10027 1415266   -2666.300            KZ  
61125.000   10052 1351324  -11149.200            NPLI
61125.000   10052 1353376  -10735.200            NPLI
61125.000   10052 1353457    3391.400            NPLI
61125.000   10052 1353413   44984.300            NPLI
61125.000   10052 1353453    5212.600            NPLI
61125.000   10052 1415225  116748.500            NPLI
61125.000   10052 1415365   48300.800            NPLI
61125.000   10052 1415363    3657.900            NPLI
61125.000   10052 1415364   11730.800            NPLI
61125.000   10091 1352370  -10044.500            LRTE
61125.000   10082 1351868       0.000            LT  
61125.000   10082 1351362   -1700.200            LT  
61125.000   10094 1353471  -61550.300            LUX 
61125.000   10094 1353544  -57684.700            LUX 
61125.000   10041 1404113  329952.600            MIKE
61125.000   10041 1404108   31526.300            MIKE
61125.000   10041 1404189  183383.100            MIKE
61125.000   10041 1412084   26838.500            MIKE
61125.000   10088 1361806  -12624.300            CNMP
61125.000   10088 1361752   -6747.400            CNMP
61125.000   10088 1363162    8462.600            CNMP
61125.000   10088 1363179  -67129.800            CNMP
61125.000   10063 1360274    3271.400            MSL 
61125.000   10063 1363396   -4316.800            MSL 
61125.000   10063 1363872  114587.100            MSL 
61125.000   10081 1353476    3951.300            NIMT
61125.000   10081 1353472   46441.400            NIMT
61125.000   10081 1353470   46633.500            NIMT
61125.000   10013 1410102   -1078.300            NAO 
61125.000   10013 1350779    5738.800            NAO 
61125.000   10013 1351689    -476.800            NAO 
61125.000   10013 1351214     107.500            NAO 
61125.000   10020 1350343  129079.300            NICT
61125.000   10020 1350907   35029.900            NICT
61125.000   10020 1351226  -16771.900            NICT
61125.000   10020 1351778   75769.000            NICT
61125.000   10020 1351789   -8296.400            NICT
61125.000   10020 1351866    1399.200            NICT
61125.000   10020 1351944  109530.300            NICT
61125.000   10020 1352011  107948.000            NICT
61125.000   10020 1352056  110075.400            NICT
61125.000   10020 1352113  -45994.400            NICT
61125.000   10020 1352116  -27181.200            NICT
61125.000   10020 1352570   88408.600            NICT
61125.000   10020 1352620   60860.700            NICT
61125.000   10020 1352627  -23801.300            NICT
61125.000   10020 1352628  -25300.800            NICT
61125.000   10020 1352784   42925.200            NICT
61125.000   10020 1352876  123574.800            NICT
61125.000   10020 1352903   52968.000            NICT
61125.000   10020 1353594  -14585.200            NICT
61125.000   10020 1353716  -28859.000            NICT
61125.000   10020 1353717  -50771.600            NICT
61125.000   10020 1353718  -45285.400            NICT
61125.000   10020 1353720  -54273.900            NICT
61125.000   10020 1353722  -30982.800            NICT
61125.000   10020 1353909   27632.000            NICT
61125.000   10020 1353912  -38798.500            NICT
61125.000   10020 1353916  -72675.100            NICT
61125.000   10020 1353918   39494.200            NICT
61125.000   10020 1354230   68787.100            NICT
61125.000   10020 1402003   16444.500            NICT
61125.000   10020 1402004   -9935.300            NICT
61125.000   10020 1402012   30901.500            NICT
61125.000   10020 1402013   45318.900            NICT
61125.000   10020 1402014   -2151.900            NICT
61125.000   10020 1402015   75583.300            NICT
61125.000   10020 1411041  -66870.200            NICT
61125.000   10020 1411062   32439.000            NICT
61125.000   10020 1412060   64821.900            NICT
61125.000   10002 1412108  579220.800            NIST
61125.000   10002 1412014 -537011.700            NIST
61125.000   10002 1400004 -194159.600            NIST
61125.000   10002 1400222  730634.900            NIST
61125.000   10002 1400209 -446910.100            NIST
61125.000   10002 1400212  532263.800            NIST
61125.000   10002 1400207  680901.100            NIST
61125.000   10002 1412015  630518.900            NIST
61125.000   10002 1400210  224276.600            NIST
61125.000   10002 1400205  979147.300            NIST
61125.000   10002 1412099  317115.100            NIST
61125.000   10002 1412006  132529.600            NIST
61125.000   10002 1442021 -564356.200            NIST
61125.000   10002 1352935 -655054.100            NIST
61125.000   10002 1352579  979720.800            NIST
61125.000   10002 1402205 -227234.100            NIST
61125.000   10050 1320293  132685.300            NMIJ
61125.000   10017 1412011   48301.900            NPL 
61125.000   10017 1412050   46597.800            NPL 
61125.000   10003 1352150    8213.900            NRC 
61125.000   10003 1362225   17113.100            NRC 
61125.000   10003 1352115   19478.700            NRC 
61125.000   10003 1352148    3199.100            NRC 
61125.000   10003 1400306   92353.300            NRC 
61125.000   10003 1400307   11405.400            NRC 
61125.000   10049 1415324   -1654.100            NTSC
61125.000   10049 1415322    2558.400            NTSC
61125.000   10049 1415316   -5757.300            NTSC
61125.000   10049 1415082   51251.200            NTSC
61125.000   10049 1414922    6051.300            NTSC
61125.000   10049 1404967    5707.000            NTSC
61125.000   10049 1354937   14384.300            NTSC
61125.000   10049 1352142   15184.600            NTSC
61125.000   10016 1354619       0.000            INXE
61125.000   10008 1352027   33677.500            OP  
61125.000   10008 1400889    5585.400            OP  
61125.000   10008 1353765   79580.900            OP  
61125.000   10008 1400810   21247.300            OP  
61125.000   10008 1400809   36221.900            OP  
61125.000   10008 1400890   30218.900            OP  
61125.000   10026 1352722   -2106.500            ORB 
61125.000   10026 1352724    9913.200            ORB 
61125.000   10026 1411030   78543.500            ORB 
61125.000   10026 1402602  366385.500            ORB 
61125.000   10026 1352723    1603.900            ORB 
61125.000   10040 1350441    -787.100            PL  
61125.000   10040 1415318  -37676.200            PL  
61125.000   10040 1415321   26339.000            PL  
61125.000   10040 1354603     161.300            PL  
61125.000   10040 1354597     256.800            PL  
61125.000   10005 1920001   41598.000            PTB 
61125.000   10005 1920002   37584.800            PTB 
61125.000   10005 1355322    8900.900            PTB 
61125.000   10005 1400510    9201.800            PTB 
61125.000   10005 1400506   32798.400            PTB 
61125.000   10005 1400508   33373.700            PTB 
61125.000   10005 1400509   10028.200            PTB 
61125.000   10005 1415245   -5976.700            PTB 
61125.000   10005 1400512    7073.400            PTB 
61125.000   10005 1415221    3585.100            PTB 
61125.000   10019 1351942   69459.800            ONRJ
61125.000   10019 1320337   51175.100            ONRJ
61125.000   10019 1354204   72468.000            ONRJ
61125.000   10019 1350147   59666.100            ONRJ
61125.000   10019 1350102   19707.600            ONRJ
61125.000   10019 1353364   39048.600            ONRJ
61125.000   10019 1351153  -12020.700            ONRJ
61125.000   10019 1401958  129514.800            ONRJ
61125.000   10014 1350583   -4881.500            ROA 
61125.000   10014 1350718   -2573.500            ROA 
61125.000   10014 1361490   87413.400            ROA 
61125.000   10014 1361488   85585.300            ROA 
61125.000   10014 1351699   55220.700            ROA 
61125.000   10014 1401436 1960030.000            ROA 
61125.000   10014 1412032 1313639.200            ROA 
61125.000   10014 1352270    7903.700            ROA 
61125.000   10062 1352932       0.000            SASO
61125.000   10062 1352931     486.000            SASO
61125.000   10062 1351628     994.600            SASO
61125.000   10062 1350221    -713.000            SASO
61125.000   10067 1352525   -8490.400            SCL 
61125.000   10067 1352178  -20337.200            SCL 
61125.000   10067 1415314    1406.000            SCL 
61125.000   10067 1353448    1002.000            SCL 
61125.000   10079 1352003   34061.700            SMD 
61125.000   10079 1352543  -26437.500            SMD 
61125.000   10079 1411049   -1938.100            SMD 
61125.000   10072 1352745  -22066.300            SP  
61125.000   10072 1352749   22417.700            SP  
61125.000   10072 1352758   -2460.800            SP  
61125.000   10072 1354707    6569.500            SP  
61125.000   10072 1362295    3818.500            SP  
61125.000   10072 1365149   57923.500            SP  
61125.000   10072 1407201    1391.700            SP  
61125.000   10072 1407223  156121.300            SP  
61125.000   10072 1407231  253685.700            SP  
61125.000   10072 1407232  407301.400            SP  
61125.000   10072 1415319   42437.800            SP  
61125.000   10038 1403809 -410020.900            SU  
61125.000   10038 1403811 -282043.900            SU  
61125.000   10038 1403812  -25609.500            SU  
61125.000   10038 1403844 -561035.200            SU  
61125.000   10038 1403853    4487.200            SU  
61125.000   10038 1403833 -396221.400            SU  
61125.000   10038 1403846   47755.000            SU  
61125.000   10038 1403814 -649091.200            SU  
61125.000   10038 1403815 -331995.200            SU  
61125.000   10038 1403834   10863.600            SU  
61125.000   10038 1403841  -37649.400            SU  
61125.000   10038 1403840   10249.100            SU  
61125.000   10038 1403845 -453933.900            SU  
61125.000   10030 1403011  169948.300            TL  
61125.000   10030 1413202  234080.700            TL  
61125.000   10030 1353942  -37270.500            TL  
61125.000   10030 1353947   55875.500            TL  
61125.000   10030 1354060  -14321.800            TL  
61125.000   10022 1320211 1999875.600            TP  
61125.000   10022 1320247  998912.700            TP  
61125.000   10022 1351227       0.000            TP  
61125.000   10022 1352179      60.600            TP  
61125.000   10022 1352476     593.500            TP  
61125.000   10022 1353519    -117.700            TP  
61125.000   10068 1411028       0.000            UME 
61125.000   10068 1352703    2484.900            UME 
61125.000   10068 1350251    3559.200            UME 
61125.000   10068 1350872   -8417.900            UME 
61125.000   10068 1352710    3312.000            UME 
61125.000   10007 1400711 3306247.200            USNO
61125.000   10007 1400712  274341.400            USNO
61125.000   10007 1400719  464947.000            USNO
61125.000   10007 1400702  -65491.300            USNO
61125.000   10007 1400708  669162.800            USNO
61125.000   10007 1400704  115406.100            USNO
61125.000   10007 1400718 1951199.300            USNO
61125.000   10007 1400710 -801245.400            USNO
61125.000   10007 1400726 1298257.800            USNO
61125.000   10007 1400715  425237.000            USNO
61125.000   10007 1350161   80961.300            USNO
61125.000   10007 1400727 -737555.700            USNO
61125.000   10007 1400729 2245429.600            USNO
61125.000   10007 1400725 -219922.800            USNO
61125.000   10007 1400724 -819057.700            USNO
61125.000   10007 1400723 -605484.900            USNO
61125.000   10007 1400722 2693594.600            USNO
61125.000   10007 1400721  460176.700            USNO
61125.000   10007 1400720 1256156.200            USNO
61125.000   10007 1400730 2155737.900            USNO
61125.000   10007 1400731 -409050.600            USNO
61125.000   10007 1400732  762580.200            USNO
61125.000   10007 1400736 1217805.600            USNO
61125.000   10007 1400737 2460267.000            USNO
61125.000   10007 1400740 1121526.000            USNO
61125.000   10007 1400713  457830.600            USNO
61125.000   10007 1400714   96484.500            USNO
61125.000   10007 1400716  689830.200            USNO
61125.000   10007 1400738  107970.900            USNO
61125.000   10064 1355005       0.000            UZ  
61125.000   10064 1354998 5141413.900            UZ  
61125.000   10028 1353669   19689.200            VMI 
61125.000   10028 1361233   12300.600            VMI 
61125.000   10028 1353670  -25201.400            VMI 
61125.000   10024 1411040   -2849.000            VSL 
61125.000   10024 1354466    9912.900            VSL 
61125.000   10024 1355008    7152.500            VSL 
61125.000   10024 1355697    1067.400            VSL 
61125.000   10055 1352191    -106.700            DMDM
61125.000   10055 1362033  -56150.500            DMDM
