61045.000   10021 1352938       0.000            UAE 
61045.000   10021 1352940    -137.400            UAE 
61045.000   10046 1404601   24025.300            AOS 
61045.000   10046 1352394    -676.000            AOS 
61045.000   10031 1353842    2441.700            APL 
61045.000   10031 1403107  254439.400            APL 
61045.000   10031 1403108  419867.900            APL 
61045.000   10031 1403109  132359.300            APL 
61045.000   10031 1412174   19392.900            APL 
61045.000   10054 1362269     172.000            AUS 
61045.000   10054 1360340   12142.000            AUS 
61045.000   10054 1360654  -41925.000            AUS 
61045.000   10054 1363814    4107.000            AUS 
61045.000   10054 1364971    6772.000            AUS 
61045.000   10054 1360299   27412.000            AUS 
61045.000   10101 1355360       0.000            AZ  
61045.000   10101 1355361    -783.600            AZ  
61045.000   10075 1352685    2929.800            IMBH
61045.000   10075 1320192   -7902.000            IMBH
61045.000   10075 1320193  -37608.300            IMBH
61045.000   10071 1353447    1265.300            BIRM
61045.000   10071 1353689    9782.400            BIRM
61045.000   10071 1407107 -381622.600            BIRM
61045.000   10071 1407111    -138.300            BIRM
61045.000   10071 1407112   -5934.100            BIRM
61045.000   10071 1415303   -2705.300            BIRM
61045.000   10071 1415304   -9292.500            BIRM
61045.000   10071 1415305  -17773.700            BIRM
61045.000   10092 1363159    4859.700            ICE 
61045.000   10092 1363522    3473.500            ICE 
61045.000   10057 1352117   14008.600            CH  
61045.000   10057 1355202    -527.500            CH  
61045.000   10057 1373644    -613.600            CH  
61045.000   10057 1405701   -1578.400            CH  
61045.000   10057 1405702   23448.300            CH  
61045.000   10057 1411117    -276.800            CH  
61045.000   10073 1353612  -10176.200            CNM 
61045.000   10073 1413211    -968.500            CNM 
61045.000   10073 1413212   39366.800            CNM 
61045.000   10074 1411045    3315.000            DLR 
61045.000   10053 1350136     -83.300            DTAG
61045.000   10053 1355332   -1323.000            DTAG
61045.000   10053 1352635    2271.500            DTAG
61045.000   10025 1352025    3914.300            ESA 
61045.000   10025 1351615   -4354.000            ESA 
61045.000   10025 1352353   11027.800            ESA 
61045.000   10025 1352210   27405.200            ESA 
61045.000   10025 1402543  -26267.700            ESA 
61045.000   10025 1402541  -90429.200            ESA 
61045.000   10089 1354233       0.000            HKO 
61045.000   10089 1355122    1184.000            HKO 
61045.000   10099 1354701       0.000            IFZG
61045.000   10093 1353401       0.000            NSAI
61045.000   10044 1361167    1502.000            IFAG
61045.000   10044 1361173     674.500            IFAG
61045.000   10044 1361629    8383.700            IFAG
61045.000   10044 1361732    5834.700            IFAG
61045.000   10044 1361798    1381.900            IFAG
61045.000   10044 1404439    2379.400            IFAG
61045.000   10044 1404418   15412.100            IFAG
61045.000   10048 1404878  899459.200            NIM 
61045.000   10048 1404871 1015383.000            NIM 
61045.000   10048 1404832 1004606.500            NIM 
61045.000   10048 1404879 1860627.000            NIM 
61045.000   10048 1404880 2139644.100            NIM 
61045.000   10048 1352742  110094.200            NIM 
61045.000   10048 1404849 1414327.900            NIM 
61045.000   10048 1404856   93312.300            NIM 
61045.000   10048 1404857   25444.400            NIM 
61045.000   10048 1404821    2660.500            NIM 
61045.000   10048 1404850     556.300            NIM 
61045.000   10048 1404870    4870.000            NIM 
61045.000   10015 1362377       0.000            INTI
61045.000   10015 1363270   11767.500            INTI
61045.000   10015 1363511    5821.200            INTI
61045.000   10083 1353654    9470.600            NIS 
61045.000   10083 1354391   15715.100            NIS 
61045.000   10083 1353812  -27058.300            NIS 
61045.000   10083 1352182   -3984.100            NIS 
61045.000   10011 1350219    -941.200            IT  
61045.000   10011 1352487    -280.400            IT  
61045.000   10011 1401101  214086.200            IT  
61045.000   10011 1401102  286416.300            IT  
61045.000   10011 1401103   32065.200            IT  
61045.000   10011 1401104   12954.100            IT  
61045.000   10011 1411079    -651.800            IT  
61045.000   10011 1411078    2353.200            IT  
61045.000   10011 1422012     357.100            IT  
61045.000   10035 1350832   16169.400            BSJ 
61045.000   10035 1350833    8893.100            BSJ 
61045.000   10087 1361277 -111164.000            JV  
61045.000   10087 1362617   69161.200            JV  
61045.000   10087 1415218  -42066.500            JV  
61045.000   10087 1411122   14059.800            JV  
61045.000   10056 1351783   38676.400            KRIS
61045.000   10056 1405624  153955.000            KRIS
61045.000   10056 1405625  444962.900            KRIS
61045.000   10056 1405626   14097.900            KRIS
61045.000   10027 1415201    -631.700            KZ  
61045.000   10027 1415205    1342.500            KZ  
61045.000   10027 1415266   -2147.000            KZ  
61045.000   10052 1351324  -10974.300            NPLI
61045.000   10052 1353376  -10359.800            NPLI
61045.000   10052 1353457    3283.000            NPLI
61045.000   10052 1353413   43993.300            NPLI
61045.000   10052 1353453    4992.100            NPLI
61045.000   10052 1415225  109578.500            NPLI
61045.000   10052 1415365   45679.400            NPLI
61045.000   10052 1415363    2867.200            NPLI
61045.000   10052 1415364   10836.000            NPLI
61045.000   10091 1352370   -7194.200            LRTE
61045.000   10082 1351868       0.000            LT  
61045.000   10082 1351362   -1723.100            LT  
61045.000   10094 1353471  -60778.100            LUX 
61045.000   10094 1353544  -58087.600            LUX 
61045.000   10041 1404113  322059.500            MIKE
61045.000   10041 1404108   28179.400            MIKE
61045.000   10041 1404189  187529.800            MIKE
61045.000   10041 1412084   27775.200            MIKE
61045.000   10051 1352900       0.000            MASM
61045.000   10088 1361806  -12374.300            CNMP
61045.000   10088 1361752   -6624.300            CNMP
61045.000   10088 1363162    7931.400            CNMP
61045.000   10088 1363179  -65797.500            CNMP
61045.000   10063 1360274    3032.200            MSL 
61045.000   10063 1363396   -4381.100            MSL 
61045.000   10063 1363872  110620.100            MSL 
61045.000   10081 1353476    4948.700            NIMT
61045.000   10081 1353472   45505.400            NIMT
61045.000   10081 1353470   45267.900            NIMT
61045.000   10013 1410102   -1676.000            NAO 
61045.000   10013 1350779    6886.800            NAO 
61045.000   10013 1351689     105.400            NAO 
61045.000   10013 1351214     107.500            NAO 
61045.000   10020 1350343  127058.400            NICT
61045.000   10020 1350907   36264.000            NICT
61045.000   10020 1351226  -16527.800            NICT
61045.000   10020 1351778   74719.500            NICT
61045.000   10020 1351789   -7808.300            NICT
61045.000   10020 1351866    1401.700            NICT
61045.000   10020 1351944  108553.000            NICT
61045.000   10020 1352011  108215.700            NICT
61045.000   10020 1352056  109046.500            NICT
61045.000   10020 1352113  -45665.100            NICT
61045.000   10020 1352116  -27363.700            NICT
61045.000   10020 1352570   87742.500            NICT
61045.000   10020 1352620   59599.500            NICT
61045.000   10020 1352627  -22641.100            NICT
61045.000   10020 1352628  -24399.000            NICT
61045.000   10020 1352784   43781.000            NICT
61045.000   10020 1352876  123933.100            NICT
61045.000   10020 1352903   52565.300            NICT
61045.000   10020 1353594  -15170.700            NICT
61045.000   10020 1353716  -27972.900            NICT
61045.000   10020 1353717  -49077.200            NICT
61045.000   10020 1353718  -43415.100            NICT
61045.000   10020 1353720  -53035.400            NICT
61045.000   10020 1353722  -30295.600            NICT
61045.000   10020 1353909   27084.900            NICT
61045.000   10020 1353912  -37131.000            NICT
61045.000   10020 1353916  -69928.500            NICT
61045.000   10020 1353918   38099.900            NICT
61045.000   10020 1354230   68174.200            NICT
61045.000   10020 1355334   86170.200            NICT
61045.000   10020 1402003   15533.300            NICT
61045.000   10020 1402004   -8087.700            NICT
61045.000   10020 1402012   34905.200            NICT
61045.000   10020 1402013   36028.000            NICT
61045.000   10020 1402014   -2484.700            NICT
61045.000   10020 1402015   66115.800            NICT
61045.000   10020 1411041  -56636.300            NICT
61045.000   10020 1411062   34031.500            NICT
61045.000   10020 1412060   58646.800            NICT
61045.000   10002 1412108  520442.100            NIST
61045.000   10002 1412014 -548553.100            NIST
61045.000   10002 1400004 -200553.800            NIST
61045.000   10002 1400222  725887.900            NIST
61045.000   10002 1400209 -452334.400            NIST
61045.000   10002 1400212  435817.500            NIST
61045.000   10002 1400207  625282.400            NIST
61045.000   10002 1412015  593833.000            NIST
61045.000   10002 1400210  151666.100            NIST
61045.000   10002 1400205  980620.500            NIST
61045.000   10002 1352792 -547490.800            NIST
61045.000   10002 1412099  224211.800            NIST
61045.000   10002 1412006   52114.700            NIST
61045.000   10002 1442021 -553289.300            NIST
61045.000   10002 1352935 -653090.000            NIST
61045.000   10002 1352579  978328.300            NIST
61045.000   10002 1402205 -270300.600            NIST
61045.000   10050 1320293  114094.600            NMIJ
61045.000   10017 1412011   47354.600            NPL 
61045.000   10017 1412050   45324.600            NPL 
61045.000   10003 1352150    7990.200            NRC 
61045.000   10003 1352152    2908.100            NRC 
61045.000   10003 1362225   17142.500            NRC 
61045.000   10003 1352115   18950.400            NRC 
61045.000   10003 1400306   91140.800            NRC 
61045.000   10003 1400307   10446.300            NRC 
61045.000   10049 1415324   -1600.000            NTSC
61045.000   10049 1415316   -5180.700            NTSC
61045.000   10049 1415085  -22050.800            NTSC
61045.000   10049 1415082   46435.300            NTSC
61045.000   10049 1414922    4867.700            NTSC
61045.000   10049 1404967    4691.600            NTSC
61045.000   10049 1354937   14351.600            NTSC
61045.000   10049 1352142   15216.100            NTSC
61045.000   10016 1354619       0.000            INXE
61045.000   10008 1352027   32422.000            OP  
61045.000   10008 1400889    3728.900            OP  
61045.000   10008 1353765   77588.500            OP  
61045.000   10008 1400810   19473.100            OP  
61045.000   10008 1400809   33687.000            OP  
61045.000   10008 1400890   28127.400            OP  
61045.000   10026 1352722   -1864.000            ORB 
61045.000   10026 1352724    9143.000            ORB 
61045.000   10026 1411030   72243.100            ORB 
61045.000   10026 1402602  326265.200            ORB 
61045.000   10026 1352723    1250.400            ORB 
61045.000   10040 1350441    -732.600            PL  
61045.000   10040 1415318    2677.200            PL  
61045.000   10040 1415321   24065.100            PL  
61045.000   10040 1354603     106.200            PL  
61045.000   10040 1354597     209.300            PL  
61045.000   10005 1920001   41544.000            PTB 
61045.000   10005 1920002   37471.900            PTB 
61045.000   10005 1355322    8665.500            PTB 
61045.000   10005 1400510    8457.900            PTB 
61045.000   10005 1400506   31774.900            PTB 
61045.000   10005 1400508   32408.300            PTB 
61045.000   10005 1400509    9637.700            PTB 
61045.000   10005 1415245   -4883.100            PTB 
61045.000   10005 1400512    6300.500            PTB 
61045.000   10005 1415221    3518.400            PTB 
61045.000   10019 1351942   67904.100            ONRJ
61045.000   10019 1320337   50461.200            ONRJ
61045.000   10019 1354204   68684.800            ONRJ
61045.000   10019 1350147   59152.000            ONRJ
61045.000   10019 1350102   18963.300            ONRJ
61045.000   10019 1353364   38283.100            ONRJ
61045.000   10019 1351153  -11156.200            ONRJ
61045.000   10019 1401958  119085.900            ONRJ
61045.000   10014 1350583   -4478.200            ROA 
61045.000   10014 1350718   -3137.700            ROA 
61045.000   10014 1361490   86713.800            ROA 
61045.000   10014 1361488   84744.100            ROA 
61045.000   10014 1351699   54688.300            ROA 
61045.000   10014 1401436 1910735.000            ROA 
61045.000   10014 1412032 1262240.200            ROA 
61045.000   10014 1352270    7783.900            ROA 
61045.000   10062 1352932       0.000            SASO
61045.000   10062 1352931    -465.300            SASO
61045.000   10062 1351628     512.600            SASO
61045.000   10062 1350221    -267.500            SASO
61045.000   10067 1352525   -7789.900            SCL 
61045.000   10067 1352178  -18982.200            SCL 
61045.000   10067 1415314     523.900            SCL 
61045.000   10067 1353448    -875.900            SCL 
61045.000   10079 1352003   33529.300            SMD 
61045.000   10079 1352543  -25272.400            SMD 
61045.000   10079 1411049   -1972.000            SMD 
61045.000   10072 1352745  -20775.200            SP  
61045.000   10072 1352749   20600.600            SP  
61045.000   10072 1352758   -2373.100            SP  
61045.000   10072 1354707    6586.400            SP  
61045.000   10072 1362295    1463.300            SP  
61045.000   10072 1365149   50877.900            SP  
61045.000   10072 1407201   -1134.700            SP  
61045.000   10072 1407223  151146.700            SP  
61045.000   10072 1407231  234116.000            SP  
61045.000   10072 1407232  379936.400            SP  
61045.000   10072 1415319   40250.800            SP  
61045.000   10038 1403809 -408664.600            SU  
61045.000   10038 1403811 -282075.300            SU  
61045.000   10038 1403812  -28138.900            SU  
61045.000   10038 1403844 -562745.700            SU  
61045.000   10038 1403853    3456.200            SU  
61045.000   10038 1403833 -398168.300            SU  
61045.000   10038 1403846   45571.100            SU  
61045.000   10038 1403814 -658795.400            SU  
61045.000   10038 1403815 -334246.900            SU  
61045.000   10038 1403816 -302188.400            SU  
61045.000   10038 1403834    9411.300            SU  
61045.000   10038 1403841  -41226.500            SU  
61045.000   10038 1403840    9045.700            SU  
61045.000   10038 1403845 -453331.600            SU  
61045.000   10030 1403011  126475.600            TL  
61045.000   10030 1413202  219753.800            TL  
61045.000   10030 1353942  -35421.200            TL  
61045.000   10030 1353947   53638.100            TL  
61045.000   10030 1354060  -13695.300            TL  
61045.000   10022 1320211 1999815.000            TP  
61045.000   10022 1320247  999519.000            TP  
61045.000   10022 1351227       0.000            TP  
61045.000   10022 1352179     -80.600            TP  
61045.000   10022 1352476     556.600            TP  
61045.000   10022 1353519     -35.600            TP  
61045.000   10022 1411076    3961.100            TP  
61045.000   10068 1411028       0.000            UME 
61045.000   10068 1352703    2488.000            UME 
61045.000   10068 1350251    3308.300            UME 
61045.000   10068 1350872   -7533.600            UME 
61045.000   10068 1352710    2275.900            UME 
61045.000   10007 1400711 3261393.000            USNO
61045.000   10007 1400712  269317.100            USNO
61045.000   10007 1400719  447404.800            USNO
61045.000   10007 1400702  -65695.900            USNO
61045.000   10007 1400708  658681.300            USNO
61045.000   10007 1400704  111446.500            USNO
61045.000   10007 1400718 1920387.900            USNO
61045.000   10007 1400710 -762977.100            USNO
61045.000   10007 1400726 1259723.800            USNO
61045.000   10007 1400715  410972.500            USNO
61045.000   10007 1350161   81159.300            USNO
61045.000   10007 1400727 -710273.900            USNO
61045.000   10007 1400729 2186713.900            USNO
61045.000   10007 1400725 -218823.100            USNO
61045.000   10007 1400724 -810334.200            USNO
61045.000   10007 1400723 -606655.700            USNO
61045.000   10007 1400722 2708059.900            USNO
61045.000   10007 1400721  395987.300            USNO
61045.000   10007 1400720 1248973.500            USNO
61045.000   10007 1400730 2107673.700            USNO
61045.000   10007 1400731 -395283.300            USNO
61045.000   10007 1400732  732662.100            USNO
61045.000   10007 1400736 1213895.100            USNO
61045.000   10007 1400737 2438370.300            USNO
61045.000   10007 1400740 1072459.400            USNO
61045.000   10007 1400713  446219.100            USNO
61045.000   10007 1400714   91654.800            USNO
61045.000   10007 1400716  670292.300            USNO
61045.000   10007 1400738   94708.500            USNO
61045.000   10064 1355005       0.000            UZ  
61045.000   10064 1354998 3463004.600            UZ  
61045.000   10028 1353669   18939.000            VMI 
61045.000   10028 1361233   11718.900            VMI 
61045.000   10028 1353670  -23663.100            VMI 
61045.000   10024 1411040   -2388.000            VSL 
61045.000   10024 1354466    9360.200            VSL 
61045.000   10024 1355008    6549.800            VSL 
61045.000   10055 1352191     -14.100            DMDM
61045.000   10055 1362033  -51628.900            DMDM
