61086.000   10046 1404601   24975.400            AOS 
61086.000   10046 1352394    -818.300            AOS 
61086.000   10031 1353842    2420.000            APL 
61086.000   10031 1403107  258474.500            APL 
61086.000   10031 1403108  451526.200            APL 
61086.000   10031 1403109  133405.600            APL 
61086.000   10031 1412174   23068.700            APL 
61086.000   10054 1362269     116.000            AUS 
61086.000   10054 1360340   12392.000            AUS 
61086.000   10054 1360654  -43007.000            AUS 
61086.000   10054 1363814    4286.000            AUS 
61086.000   10054 1364971    7062.000            AUS 
61086.000   10054 1360299   27821.000            AUS 
61086.000   10101 1355360       0.000            AZ  
61086.000   10101 1355361    -988.300            AZ  
61086.000   10075 1352685    3077.200            IMBH
61086.000   10075 1320192   -8140.400            IMBH
61086.000   10075 1320193  -39190.900            IMBH
61086.000   10071 1353447    1073.900            BIRM
61086.000   10071 1353689    9873.700            BIRM
61086.000   10071 1407107 -396530.600            BIRM
61086.000   10071 1407111    -268.200            BIRM
61086.000   10071 1407112   -7520.100            BIRM
61086.000   10071 1415303   -3464.100            BIRM
61086.000   10071 1415304  -10166.700            BIRM
61086.000   10071 1415305  -18834.100            BIRM
61086.000   10092 1363159    4563.400            ICE 
61086.000   10092 1363522    3517.400            ICE 
61086.000   10057 1352117   14093.800            CH  
61086.000   10057 1355202    -605.500            CH  
61086.000   10057 1373644    -763.400            CH  
61086.000   10057 1405701   -1769.800            CH  
61086.000   10057 1405702   22775.300            CH  
61086.000   10057 1411117    -169.400            CH  
61086.000   10073 1353612  -11619.700            CNM 
61086.000   10073 1413211   -1014.600            CNM 
61086.000   10073 1413212   47205.700            CNM 
61086.000   10074 1411045    3870.600            DLR 
61086.000   10053 1350136     -83.300            DTAG
61086.000   10053 1355332   -1525.500            DTAG
61086.000   10053 1352635    2432.700            DTAG
61086.000   10025 1352025    4079.200            ESA 
61086.000   10025 1351615   -4492.800            ESA 
61086.000   10025 1352353   11329.500            ESA 
61086.000   10025 1352210   28265.800            ESA 
61086.000   10025 1402543  -30714.400            ESA 
61086.000   10025 1402541  -98458.000            ESA 
61086.000   10025 1411033   -1072.700            ESA 
61086.000   10089 1354233       0.000            HKO 
61086.000   10089 1355122    1252.300            HKO 
61086.000   10099 1354701       0.000            IFZG
61086.000   10093 1353401       0.000            NSAI
61086.000   10044 1361167    1297.200            IFAG
61086.000   10044 1361173     508.300            IFAG
61086.000   10044 1361629    9203.500            IFAG
61086.000   10044 1361732    6350.400            IFAG
61086.000   10044 1361798    1139.600            IFAG
61086.000   10044 1404439    4486.600            IFAG
61086.000   10044 1404418   15256.000            IFAG
61086.000   10048 1404878  918927.500            NIM 
61086.000   10048 1404871 1038802.900            NIM 
61086.000   10048 1404832 1035078.000            NIM 
61086.000   10048 1404879 1883450.000            NIM 
61086.000   10048 1404880 2163623.200            NIM 
61086.000   10048 1352742  111234.500            NIM 
61086.000   10048 1404849 1414578.100            NIM 
61086.000   10048 1404856   93611.700            NIM 
61086.000   10048 1404857   25261.500            NIM 
61086.000   10048 1404821    2783.500            NIM 
61086.000   10048 1404850     600.700            NIM 
61086.000   10048 1404870    5156.700            NIM 
61086.000   10015 1362377       0.000            INTI
61086.000   10015 1363270   12050.400            INTI
61086.000   10015 1363511    5971.500            INTI
61086.000   10070 1353546    8545.500            IPQ 
61086.000   10083 1353654    9718.500            NIS 
61086.000   10083 1354391   16511.200            NIS 
61086.000   10083 1353812  -27977.100            NIS 
61086.000   10083 1352182   -4009.700            NIS 
61086.000   10011 1350219   -1027.700            IT  
61086.000   10011 1352487    -380.000            IT  
61086.000   10011 1401101  235041.600            IT  
61086.000   10011 1401102  290696.800            IT  
61086.000   10011 1401103   33616.200            IT  
61086.000   10011 1401104   10768.900            IT  
61086.000   10011 1411079    -941.800            IT  
61086.000   10011 1411078    2972.400            IT  
61086.000   10011 1422012     859.800            IT  
61086.000   10035 1350832   16777.000            BSJ 
61086.000   10035 1350833    9229.800            BSJ 
61086.000   10087 1361277 -111661.500            JV  
61086.000   10087 1362617   69884.200            JV  
61086.000   10087 1415218  -42099.400            JV  
61086.000   10087 1411122   15181.000            JV  
61086.000   10056 1351783   39573.400            KRIS
61086.000   10056 1405624  159806.400            KRIS
61086.000   10056 1405625  462136.600            KRIS
61086.000   10056 1405626   14829.700            KRIS
61086.000   10027 1415201    -649.700            KZ  
61086.000   10027 1415205    1542.400            KZ  
61086.000   10027 1415266   -2405.200            KZ  
61086.000   10052 1351324  -11058.700            NPLI
61086.000   10052 1353376  -10592.500            NPLI
61086.000   10052 1353457    3328.700            NPLI
61086.000   10052 1353413   44509.100            NPLI
61086.000   10052 1353453    5120.200            NPLI
61086.000   10052 1415225  113212.800            NPLI
61086.000   10052 1415365   47015.500            NPLI
61086.000   10052 1415363    3266.700            NPLI
61086.000   10052 1415364   11285.000            NPLI
61086.000   10091 1352370   -8053.100            LRTE
61086.000   10082 1351868       0.000            LT  
61086.000   10082 1351362   -1660.600            LT  
61086.000   10094 1353471  -61149.700            LUX 
61086.000   10094 1353544  -57865.600            LUX 
61086.000   10041 1404113  326112.300            MIKE
61086.000   10041 1404108   29972.900            MIKE
61086.000   10041 1404189  185270.900            MIKE
61086.000   10041 1412084   27334.900            MIKE
61086.000   10088 1361806  -12483.000            CNMP
61086.000   10088 1361752   -6642.200            CNMP
61086.000   10088 1363162    8170.800            CNMP
61086.000   10088 1363179  -66445.800            CNMP
61086.000   10063 1360274    3125.300            MSL 
61086.000   10063 1363396   -4380.100            MSL 
61086.000   10063 1363872  112641.500            MSL 
61086.000   10081 1353476    4443.200            NIMT
61086.000   10081 1353472   46004.400            NIMT
61086.000   10081 1353470   45998.600            NIMT
61086.000   10013 1410102   -1672.500            NAO 
61086.000   10013 1350779    6335.400            NAO 
61086.000   10013 1351689    -134.100            NAO 
61086.000   10013 1351214     107.500            NAO 
61086.000   10020 1350343  128094.200            NICT
61086.000   10020 1350907   35650.700            NICT
61086.000   10020 1351226  -16644.700            NICT
61086.000   10020 1351778   75266.200            NICT
61086.000   10020 1351789   -8059.400            NICT
61086.000   10020 1351866    1413.600            NICT
61086.000   10020 1351944  109049.100            NICT
61086.000   10020 1352011  108089.300            NICT
61086.000   10020 1352056  109577.000            NICT
61086.000   10020 1352113  -45824.600            NICT
61086.000   10020 1352116  -27310.900            NICT
61086.000   10020 1352570   88092.200            NICT
61086.000   10020 1352620   60245.500            NICT
61086.000   10020 1352627  -23221.000            NICT
61086.000   10020 1352628  -24867.200            NICT
61086.000   10020 1352784   43350.800            NICT
61086.000   10020 1352876  123737.900            NICT
61086.000   10020 1352903   52765.800            NICT
61086.000   10020 1353594  -14862.600            NICT
61086.000   10020 1353716  -28420.700            NICT
61086.000   10020 1353717  -49951.600            NICT
61086.000   10020 1353718  -44267.900            NICT
61086.000   10020 1353720  -53676.400            NICT
61086.000   10020 1353722  -30644.000            NICT
61086.000   10020 1353909   27353.000            NICT
61086.000   10020 1353912  -37975.200            NICT
61086.000   10020 1353916  -71340.000            NICT
61086.000   10020 1353918   38829.000            NICT
61086.000   10020 1354230   68507.200            NICT
61086.000   10020 1355334   85975.700            NICT
61086.000   10020 1402003   15993.200            NICT
61086.000   10020 1402004   -9031.300            NICT
61086.000   10020 1402012   32818.000            NICT
61086.000   10020 1402013   40704.300            NICT
61086.000   10020 1402014   -2348.400            NICT
61086.000   10020 1402015   70906.200            NICT
61086.000   10020 1411041  -61852.100            NICT
61086.000   10020 1411062   33220.500            NICT
61086.000   10020 1412060   61757.500            NICT
61086.000   10002 1412108  550435.300            NIST
61086.000   10002 1412014 -542676.600            NIST
61086.000   10002 1400004 -197285.500            NIST
61086.000   10002 1400222  728322.500            NIST
61086.000   10002 1400209 -449610.600            NIST
61086.000   10002 1400212  485020.900            NIST
61086.000   10002 1400207  653741.500            NIST
61086.000   10002 1412015  612586.000            NIST
61086.000   10002 1400210  188756.800            NIST
61086.000   10002 1400205  979863.100            NIST
61086.000   10002 1352792 -548272.500            NIST
61086.000   10002 1412099  271753.200            NIST
61086.000   10002 1412006   93197.700            NIST
61086.000   10002 1352935 -654115.200            NIST
61086.000   10002 1352579  979001.600            NIST
61086.000   10002 1402205 -248284.500            NIST
61086.000   10050 1320293  123609.500            NMIJ
61086.000   10017 1412011   47821.400            NPL 
61086.000   10017 1412050   45814.500            NPL 
61086.000   10003 1352150    8119.400            NRC 
61086.000   10003 1362225   17138.700            NRC 
61086.000   10003 1352115   19209.500            NRC 
61086.000   10003 1352148    3231.800            NRC 
61086.000   10003 1400306   91964.900            NRC 
61086.000   10003 1400307   10933.800            NRC 
61086.000   10049 1415324   -1647.100            NTSC
61086.000   10049 1415316   -5475.600            NTSC
61086.000   10049 1415085  -22574.200            NTSC
61086.000   10049 1415082   48883.000            NTSC
61086.000   10049 1414922    5460.800            NTSC
61086.000   10049 1404967    5200.300            NTSC
61086.000   10049 1354937   14432.300            NTSC
61086.000   10049 1352142   15218.600            NTSC
61086.000   10016 1354619       0.000            INXE
61086.000   10008 1352027   33051.200            OP  
61086.000   10008 1400889    4674.100            OP  
61086.000   10008 1353765   78601.400            OP  
61086.000   10008 1400810   20377.200            OP  
61086.000   10008 1400809   34978.900            OP  
61086.000   10008 1400890   29202.100            OP  
61086.000   10026 1352722   -1988.700            ORB 
61086.000   10026 1352724    9528.300            ORB 
61086.000   10026 1411030   75454.600            ORB 
61086.000   10026 1402602  346818.300            ORB 
61086.000   10026 1352723    1411.800            ORB 
61086.000   10040 1350441    -774.900            PL  
61086.000   10040 1415318  -12781.900            PL  
61086.000   10040 1415321   25220.200            PL  
61086.000   10040 1354603     133.200            PL  
61086.000   10040 1354597     246.400            PL  
61086.000   10005 1920001   41567.900            PTB 
61086.000   10005 1920002   37537.700            PTB 
61086.000   10005 1355322    8783.100            PTB 
61086.000   10005 1400510    8836.500            PTB 
61086.000   10005 1400506   32239.700            PTB 
61086.000   10005 1400508   32848.700            PTB 
61086.000   10005 1400509    9835.900            PTB 
61086.000   10005 1415245   -5435.200            PTB 
61086.000   10005 1400512    6690.900            PTB 
61086.000   10005 1415221    3551.100            PTB 
61086.000   10019 1351942   68711.100            ONRJ
61086.000   10019 1320337   50822.200            ONRJ
61086.000   10019 1354204   70625.900            ONRJ
61086.000   10019 1350147   59432.800            ONRJ
61086.000   10019 1350102   19343.300            ONRJ
61086.000   10019 1353364   38694.000            ONRJ
61086.000   10019 1351153  -11592.000            ONRJ
61086.000   10019 1401958  124360.800            ONRJ
61086.000   10014 1350583   -4680.900            ROA 
61086.000   10014 1350718   -2838.300            ROA 
61086.000   10014 1361490   87077.400            ROA 
61086.000   10014 1361488   85154.500            ROA 
61086.000   10014 1351699   54964.200            ROA 
61086.000   10014 1401436 1935928.300            ROA 
61086.000   10014 1412032 1288492.300            ROA 
61086.000   10014 1352270    7837.100            ROA 
61086.000   10062 1352932       0.000            SASO
61086.000   10062 1352931      17.500            SASO
61086.000   10062 1351628     748.500            SASO
61086.000   10062 1350221    -517.600            SASO
61086.000   10067 1352525   -8133.600            SCL 
61086.000   10067 1352178  -19658.000            SCL 
61086.000   10067 1415314     966.800            SCL 
61086.000   10067 1353448      86.300            SCL 
61086.000   10079 1352003   33794.100            SMD 
61086.000   10079 1352543  -25871.800            SMD 
61086.000   10079 1411049   -1958.700            SMD 
61086.000   10072 1352745  -21441.700            SP  
61086.000   10072 1352749   21552.900            SP  
61086.000   10072 1352758   -2398.200            SP  
61086.000   10072 1354707    6580.700            SP  
61086.000   10072 1362295    2666.100            SP  
61086.000   10072 1365149   54482.400            SP  
61086.000   10072 1407201     121.700            SP  
61086.000   10072 1407223  153686.500            SP  
61086.000   10072 1407231  244063.600            SP  
61086.000   10072 1407232  393895.500            SP  
61086.000   10072 1415319   41368.600            SP  
61086.000   10038 1403809 -409365.700            SU  
61086.000   10038 1403811 -282068.500            SU  
61086.000   10038 1403812  -26864.100            SU  
61086.000   10038 1403844 -561872.200            SU  
61086.000   10038 1403853    3983.100            SU  
61086.000   10038 1403833 -397177.900            SU  
61086.000   10038 1403846   46687.700            SU  
61086.000   10038 1403814 -653827.700            SU  
61086.000   10038 1403815 -333101.600            SU  
61086.000   10038 1403834   10147.100            SU  
61086.000   10038 1403841  -39399.100            SU  
61086.000   10038 1403840    9661.100            SU  
61086.000   10038 1403845 -453648.100            SU  
61086.000   10030 1403011  148676.500            TL  
61086.000   10030 1413202  223474.200            TL  
61086.000   10030 1353942  -36377.600            TL  
61086.000   10030 1353947   54780.800            TL  
61086.000   10030 1354060  -14018.400            TL  
61086.000   10022 1320211 1999821.400            TP  
61086.000   10022 1320247  999071.900            TP  
61086.000   10022 1351227       0.000            TP  
61086.000   10022 1352179     -17.900            TP  
61086.000   10022 1352476     530.900            TP  
61086.000   10022 1353519     -90.400            TP  
61086.000   10068 1411028       0.000            UME 
61086.000   10068 1352703    2429.000            UME 
61086.000   10068 1350251    3345.300            UME 
61086.000   10068 1350872   -8023.300            UME 
61086.000   10068 1352710    2754.300            UME 
61086.000   10007 1400711 3284369.000            USNO
61086.000   10007 1400712  271878.100            USNO
61086.000   10007 1400719  456456.600            USNO
61086.000   10007 1400702  -65591.900            USNO
61086.000   10007 1400708  664043.500            USNO
61086.000   10007 1400704  113471.800            USNO
61086.000   10007 1400718 1936152.900            USNO
61086.000   10007 1400710 -782600.500            USNO
61086.000   10007 1400726 1279413.100            USNO
61086.000   10007 1400715  418269.400            USNO
61086.000   10007 1350161   81044.000            USNO
61086.000   10007 1400727 -724322.400            USNO
61086.000   10007 1400729 2216723.400            USNO
61086.000   10007 1400725 -219394.700            USNO
61086.000   10007 1400724 -814810.900            USNO
61086.000   10007 1400723 -606083.000            USNO
61086.000   10007 1400722 2700601.600            USNO
61086.000   10007 1400721  428798.500            USNO
61086.000   10007 1400720 1252582.300            USNO
61086.000   10007 1400730 2132252.800            USNO
61086.000   10007 1400731 -402341.000            USNO
61086.000   10007 1400732  747929.500            USNO
61086.000   10007 1400736 1215828.400            USNO
61086.000   10007 1400737 2449511.500            USNO
61086.000   10007 1400740 1097488.700            USNO
61086.000   10007 1400713  452150.100            USNO
61086.000   10007 1400714   94088.400            USNO
61086.000   10007 1400716  680297.800            USNO
61086.000   10007 1400738  101471.900            USNO
61086.000   10064 1355005       0.000            UZ  
61086.000   10064 1354998 4803966.800            UZ  
61086.000   10028 1353669   19863.500            VMI 
61086.000   10028 1361233   12526.100            VMI 
61086.000   10028 1353670  -23922.700            VMI 
61086.000   10024 1411040   -2632.900            VSL 
61086.000   10024 1354466    9643.100            VSL 
61086.000   10024 1355008    6848.200            VSL 
61086.000   10024 1355697     684.900            VSL 
61086.000   10055 1352191     -97.200            DMDM
61086.000   10055 1362033  -53939.800            DMDM
