61153.000   10021 1352938       0.000            UAE 
61153.000   10021 1352940   -3300.800            UAE 
61153.000   10046 1404601   26552.700            AOS 
61153.000   10046 1352394   -1096.200            AOS 
61153.000   10031 1353842    2422.200            APL 
61153.000   10031 1403107  265204.800            APL 
61153.000   10031 1403108  503462.000            APL 
61153.000   10031 1403109  135127.000            APL 
61153.000   10031 1412174   29972.200            APL 
61153.000   10054 1362269     123.000            AUS 
61153.000   10054 1360340   12885.000            AUS 
61153.000   10054 1360654  -44733.000            AUS 
61153.000   10054 1363814    4596.000            AUS 
61153.000   10054 1364971    7579.000            AUS 
61153.000   10054 1360299   28597.000            AUS 
61153.000   10101 1355360       0.000            AZ  
61153.000   10101 1355361   -1271.800            AZ  
61153.000   10075 1352685    3325.300            IMBH
61153.000   10075 1320192   -8709.300            IMBH
61153.000   10075 1320193  -41783.700            IMBH
61153.000   10071 1353447     807.300            BIRM
61153.000   10071 1353689    9936.700            BIRM
61153.000   10071 1407107 -421110.900            BIRM
61153.000   10071 1407112  -10165.400            BIRM
61153.000   10071 1415303   -4798.300            BIRM
61153.000   10071 1415304  -11673.300            BIRM
61153.000   10071 1415305  -20633.500            BIRM
61153.000   10092 1363159    4101.900            ICE 
61153.000   10092 1363522    3659.500            ICE 
61153.000   10057 1355202    -748.300            CH  
61153.000   10057 1373644    -993.400            CH  
61153.000   10057 1405701   -2086.100            CH  
61153.000   10057 1405702   21552.600            CH  
61153.000   10057 1411117     -55.100            CH  
61153.000   10073 1353612  -13881.500            CNM 
61153.000   10073 1413211   -1037.800            CNM 
61153.000   10073 1413212   60862.500            CNM 
61153.000   10074 1411045    4851.900            DLR 
61153.000   10053 1350136     -83.300            DTAG
61153.000   10053 1355332   -1541.400            DTAG
61153.000   10053 1352635    2621.600            DTAG
61153.000   10025 1352025    4316.000            ESA 
61153.000   10025 1351615   -4686.000            ESA 
61153.000   10025 1352353   11783.500            ESA 
61153.000   10025 1352210   29653.300            ESA 
61153.000   10025 1402543  -38534.700            ESA 
61153.000   10025 1402541 -112845.500            ESA 
61153.000   10025 1411033   -2063.300            ESA 
61153.000   10089 1354233       0.000            HKO 
61153.000   10089 1355122    1297.000            HKO 
61153.000   10099 1354701       0.000            IFZG
61153.000   10093 1353401       0.000            NSAI
61153.000   10044 1361167     986.900            IFAG
61153.000   10044 1361173     287.600            IFAG
61153.000   10044 1361629   10471.300            IFAG
61153.000   10044 1361732    7193.400            IFAG
61153.000   10044 1361798     694.900            IFAG
61153.000   10044 1404439    4477.000            IFAG
61153.000   10044 1404418   15317.900            IFAG
61153.000   10048 1404878  950942.500            NIM 
61153.000   10048 1404871 1077243.700            NIM 
61153.000   10048 1404832 1085738.300            NIM 
61153.000   10048 1404879 1921127.300            NIM 
61153.000   10048 1404880 2203179.300            NIM 
61153.000   10048 1352742  113215.000            NIM 
61153.000   10048 1404849 1415004.800            NIM 
61153.000   10048 1404856   94105.100            NIM 
61153.000   10048 1404857   24967.000            NIM 
61153.000   10048 1404821    3001.700            NIM 
61153.000   10048 1404850     689.400            NIM 
61153.000   10048 1404870    5647.700            NIM 
61153.000   10015 1362377       0.000            INTI
61153.000   10015 1363270   12569.800            INTI
61153.000   10015 1363511    6196.000            INTI
61153.000   10070 1353546    8466.100            IPQ 
61153.000   10083 1353654   10007.900            NIS 
61153.000   10083 1354391   17815.100            NIS 
61153.000   10083 1353812  -29485.800            NIS 
61153.000   10083 1352182   -4310.100            NIS 
61153.000   10011 1350219   -1109.700            IT  
61153.000   10011 1352487    -578.600            IT  
61153.000   10011 1401101  269673.600            IT  
61153.000   10011 1401102  297485.900            IT  
61153.000   10011 1401103   36220.800            IT  
61153.000   10011 1401104    7079.700            IT  
61153.000   10011 1411079   -1475.000            IT  
61153.000   10011 1411078    4088.600            IT  
61153.000   10035 1350832   17886.800            BSJ 
61153.000   10035 1350833    9835.400            BSJ 
61153.000   10087 1361277 -112299.300            JV  
61153.000   10087 1362617   70907.200            JV  
61153.000   10087 1415218  -42153.400            JV  
61153.000   10087 1411122   17121.000            JV  
61153.000   10056 1351783   41047.400            KRIS
61153.000   10056 1405624  169477.600            KRIS
61153.000   10056 1405625  490618.300            KRIS
61153.000   10056 1405626   16036.300            KRIS
61153.000   10027 1415201    -700.000            KZ  
61153.000   10027 1415205    1867.600            KZ  
61153.000   10027 1415266   -2858.600            KZ  
61153.000   10052 1351324  -11202.800            NPLI
61153.000   10052 1353376  -10814.600            NPLI
61153.000   10052 1353457    3454.700            NPLI
61153.000   10052 1353413   45306.900            NPLI
61153.000   10052 1353453    5286.900            NPLI
61153.000   10052 1415225  119348.400            NPLI
61153.000   10052 1415365   49234.200            NPLI
61153.000   10052 1415363    3947.000            NPLI
61153.000   10052 1415364   12061.800            NPLI
61153.000   10091 1352370  -10642.900            LRTE
61153.000   10082 1351868       0.000            LT  
61153.000   10082 1351362   -1639.000            LT  
61153.000   10094 1353471  -61832.800            LUX 
61153.000   10094 1353544  -57561.900            LUX 
61153.000   10085 1353507       0.000            NIMB
61153.000   10041 1404113  332726.100            MIKE
61153.000   10041 1404108   32659.900            MIKE
61153.000   10041 1404189  182230.200            MIKE
61153.000   10041 1412084   26492.700            MIKE
61153.000   10088 1361806  -12731.800            CNMP
61153.000   10088 1361752   -6727.800            CNMP
61153.000   10088 1363162    8657.100            CNMP
61153.000   10088 1363179  -67553.200            CNMP
61153.000   10063 1360274    3307.100            MSL 
61153.000   10063 1363396   -4259.900            MSL 
61153.000   10063 1363872  115935.900            MSL 
61153.000   10081 1353476    3613.200            NIMT
61153.000   10081 1353472   46757.700            NIMT
61153.000   10081 1353470   47119.700            NIMT
61153.000   10013 1410102    1990.100            NAO 
61153.000   10013 1350779     472.700            NAO 
61153.000   10013 1351689    4350.800            NAO 
61153.000   10013 1351214     107.400            NAO 
61153.000   10020 1350343  129828.200            NICT
61153.000   10020 1350907   34586.500            NICT
61153.000   10020 1351226  -16840.600            NICT
61153.000   10020 1351778   76150.500            NICT
61153.000   10020 1351789   -8465.900            NICT
61153.000   10020 1351866    1382.300            NICT
61153.000   10020 1351944  109879.200            NICT
61153.000   10020 1352011  107866.800            NICT
61153.000   10020 1352056  110415.500            NICT
61153.000   10020 1352113  -46108.900            NICT
61153.000   10020 1352116  -27058.500            NICT
61153.000   10020 1352570   88642.800            NICT
61153.000   10020 1352620   61289.400            NICT
61153.000   10020 1352627  -24245.900            NICT
61153.000   10020 1352628  -25632.600            NICT
61153.000   10020 1352784   42611.400            NICT
61153.000   10020 1352876  123470.200            NICT
61153.000   10020 1352903   53110.800            NICT
61153.000   10020 1353594  -14437.700            NICT
61153.000   10020 1353716  -29150.500            NICT
61153.000   10020 1353717  -51401.700            NICT
61153.000   10020 1353718  -46034.700            NICT
61153.000   10020 1353720  -54685.200            NICT
61153.000   10020 1353722  -31211.100            NICT
61153.000   10020 1353909   27813.900            NICT
61153.000   10020 1353912  -39379.100            NICT
61153.000   10020 1353916  -73643.100            NICT
61153.000   10020 1353918   39955.500            NICT
61153.000   10020 1354230   68973.500            NICT
61153.000   10020 1402003   16771.900            NICT
61153.000   10020 1402004  -10587.200            NICT
61153.000   10020 1402012   29569.200            NICT
61153.000   10020 1402013   48735.900            NICT
61153.000   10020 1402014   -1973.500            NICT
61153.000   10020 1402015   79013.500            NICT
61153.000   10020 1411041  -70523.800            NICT
61153.000   10020 1411062   31875.700            NICT
61153.000   10020 1412060   67077.300            NICT
61153.000   10002 1412108  600030.700            NIST
61153.000   10002 1412014 -532891.800            NIST
61153.000   10002 1400004 -191907.100            NIST
61153.000   10002 1400222  732293.000            NIST
61153.000   10002 1400209 -444891.900            NIST
61153.000   10002 1400212  566407.700            NIST
61153.000   10002 1400207  700454.500            NIST
61153.000   10002 1412015  643445.900            NIST
61153.000   10002 1400210  249893.900            NIST
61153.000   10002 1400205  978632.100            NIST
61153.000   10002 1412099  349918.400            NIST
61153.000   10002 1412006  160898.400            NIST
61153.000   10002 1442021 -562926.800            NIST
61153.000   10002 1352935 -655731.800            NIST
61153.000   10002 1352579  980217.600            NIST
61153.000   10002 1402205 -212083.000            NIST
61153.000   10050 1320293  139188.600            NMIJ
61153.000   10017 1412011   48645.800            NPL 
61153.000   10017 1412050   47372.600            NPL 
61153.000   10003 1352150    8267.000            NRC 
61153.000   10003 1362225   17069.600            NRC 
61153.000   10003 1352115   19659.700            NRC 
61153.000   10003 1352148    3171.500            NRC 
61153.000   10003 1400306   92444.000            NRC 
61153.000   10003 1400307   11749.000            NRC 
61153.000   10049 1415324   -1637.100            NTSC
61153.000   10049 1415322    2787.700            NTSC
61153.000   10049 1415316   -5959.100            NTSC
61153.000   10049 1415082   52976.100            NTSC
61153.000   10049 1414922    6493.800            NTSC
61153.000   10049 1404967    6085.400            NTSC
61153.000   10049 1354937   14369.700            NTSC
61153.000   10049 1352142   15169.700            NTSC
61153.000   10016 1354619       0.000            INXE
61153.000   10008 1352027   34097.700            OP  
61153.000   10008 1400889    6245.200            OP  
61153.000   10008 1353765   80280.400            OP  
61153.000   10008 1400810   21880.600            OP  
61153.000   10008 1400809   37125.700            OP  
61153.000   10008 1400890   30951.300            OP  
61153.000   10026 1352722   -2188.200            ORB 
61153.000   10026 1352724   10201.100            ORB 
61153.000   10026 1411030   80774.300            ORB 
61153.000   10026 1402602  380438.900            ORB 
61153.000   10026 1352723    1725.600            ORB 
61153.000   10040 1350441    -795.700            PL  
61153.000   10040 1415318  -61472.900            PL  
61153.000   10040 1415321   27152.300            PL  
61153.000   10040 1354603     195.800            PL  
61153.000   10040 1354597     280.800            PL  
61153.000   10005 1920001   41643.800            PTB 
61153.000   10005 1920002   37634.800            PTB 
61153.000   10005 1355322    8986.300            PTB 
61153.000   10005 1400510    9468.100            PTB 
61153.000   10005 1400506   33249.500            PTB 
61153.000   10005 1400508   33823.400            PTB 
61153.000   10005 1400509   10168.400            PTB 
61153.000   10005 1415245   -6369.700            PTB 
61153.000   10005 1400512    7354.600            PTB 
61153.000   10005 1415221    3606.400            PTB 
61153.000   10019 1351942   70017.600            ONRJ
61153.000   10019 1320337   51411.000            ONRJ
61153.000   10019 1354204   73785.800            ONRJ
61153.000   10019 1350147   59843.600            ONRJ
61153.000   10019 1350102   20090.000            ONRJ
61153.000   10019 1353364   39320.500            ONRJ
61153.000   10019 1351153  -12350.000            ONRJ
61153.000   10019 1401958  133303.700            ONRJ
61153.000   10014 1350583   -5031.200            ROA 
61153.000   10014 1350718   -2386.400            ROA 
61153.000   10014 1361490   87572.300            ROA 
61153.000   10014 1361488   85913.600            ROA 
61153.000   10014 1351699   55382.900            ROA 
61153.000   10014 1401436 1977428.400            ROA 
61153.000   10014 1412032 1331784.100            ROA 
61153.000   10014 1352270    7954.800            ROA 
61153.000   10062 1352932       0.000            SASO
61153.000   10062 1352931     802.700            SASO
61153.000   10062 1351628    1156.700            SASO
61153.000   10062 1350221    -911.800            SASO
61153.000   10067 1352525   -8734.600            SCL 
61153.000   10067 1352178  -20816.900            SCL 
61153.000   10067 1415314    1744.400            SCL 
61153.000   10067 1353448    1669.700            SCL 
61153.000   10079 1352003   34269.000            SMD 
61153.000   10079 1352543  -26846.900            SMD 
61153.000   10079 1411049   -1921.400            SMD 
61153.000   10072 1352745  -22517.800            SP  
61153.000   10072 1352749   23096.800            SP  
61153.000   10072 1352758   -2485.300            SP  
61153.000   10072 1354707    6553.300            SP  
61153.000   10072 1362295    4679.200            SP  
61153.000   10072 1365149   60385.300            SP  
61153.000   10072 1407201    2371.600            SP  
61153.000   10072 1407223  157874.600            SP  
61153.000   10072 1407231  260679.400            SP  
61153.000   10072 1407232  416993.400            SP  
61153.000   10072 1415319   43204.700            SP  
61153.000   10038 1403809 -410484.100            SU  
61153.000   10038 1403811 -282014.900            SU  
61153.000   10038 1403812  -24683.300            SU  
61153.000   10038 1403844 -560428.900            SU  
61153.000   10038 1403853    4851.300            SU  
61153.000   10038 1403833 -395526.100            SU  
61153.000   10038 1403846   48524.200            SU  
61153.000   10038 1403814 -645677.100            SU  
61153.000   10038 1403815 -331190.700            SU  
61153.000   10038 1403834   11387.700            SU  
61153.000   10038 1403841  -36385.900            SU  
61153.000   10038 1403840   10676.800            SU  
61153.000   10038 1403845 -454129.600            SU  
61153.000   10030 1403011  185305.900            TL  
61153.000   10030 1413202  246721.300            TL  
61153.000   10030 1353942  -37912.300            TL  
61153.000   10030 1353947   56639.100            TL  
61153.000   10030 1354060  -14543.100            TL  
61153.000   10022 1320211 1999891.200            TP  
61153.000   10022 1320247  998922.700            TP  
61153.000   10022 1351227       0.000            TP  
61153.000   10022 1352476     583.300            TP  
61153.000   10068 1411028       0.000            UME 
61153.000   10068 1352703      41.800            UME 
61153.000   10068 1350251      76.400            UME 
61153.000   10068 1350872    -172.500            UME 
61153.000   10068 1352710     201.100            UME 
61153.000   10007 1400711 3321968.000            USNO
61153.000   10007 1400712  276196.200            USNO
61153.000   10007 1400719  470815.400            USNO
61153.000   10007 1400702  -65417.500            USNO
61153.000   10007 1400708  672849.400            USNO
61153.000   10007 1400704  116808.100            USNO
61153.000   10007 1400718 1962032.600            USNO
61153.000   10007 1400710 -814619.700            USNO
61153.000   10007 1400726 1311857.200            USNO
61153.000   10007 1400715  430253.400            USNO
61153.000   10007 1350161   80918.500            USNO
61153.000   10007 1400727 -746962.300            USNO
61153.000   10007 1400729 2266118.600            USNO
61153.000   10007 1400725 -220299.600            USNO
61153.000   10007 1400724 -822101.000            USNO
61153.000   10007 1400723 -605028.100            USNO
61153.000   10007 1400722 2687118.900            USNO
61153.000   10007 1400721  482822.300            USNO
61153.000   10007 1400720 1258806.000            USNO
61153.000   10007 1400730 2172660.500            USNO
61153.000   10007 1400731 -413867.000            USNO
61153.000   10007 1400732  773172.700            USNO
61153.000   10007 1400736 1219305.500            USNO
61153.000   10007 1400737 2468081.800            USNO
61153.000   10007 1400740 1138922.400            USNO
61153.000   10007 1400713  461930.200            USNO
61153.000   10007 1400714   98338.100            USNO
61153.000   10007 1400716  696683.100            USNO
61153.000   10007 1400738  113033.500            USNO
61153.000   10064 1355005       0.000            UZ  
61153.000   10064 1354998 5036873.400            UZ  
61153.000   10028 1353669   19614.900            VMI 
61153.000   10028 1361233   12185.400            VMI 
61153.000   10028 1353670  -26048.500            VMI 
61153.000   10024 1411040   -3004.600            VSL 
61153.000   10024 1354466   10105.700            VSL 
61153.000   10024 1355008    7374.100            VSL 
61153.000   10024 1355697    1340.500            VSL 
61153.000   10055 1352191     -92.500            DMDM
61153.000   10055 1362033  -57782.700            DMDM
