61123.000   10021 1352938       0.000            UAE 
61123.000   10021 1352940   -2420.100            UAE 
61123.000   10046 1404601   25843.900            AOS 
61123.000   10046 1352394    -963.000            AOS 
61123.000   10031 1353842    2404.600            APL 
61123.000   10031 1403107  262169.300            APL 
61123.000   10031 1403108  480176.100            APL 
61123.000   10031 1403109  134357.900            APL 
61123.000   10031 1412174   26739.200            APL 
61123.000   10054 1362269     118.000            AUS 
61123.000   10054 1360340   12653.000            AUS 
61123.000   10054 1360654  -43985.000            AUS 
61123.000   10054 1363814    4438.000            AUS 
61123.000   10054 1364971    7350.000            AUS 
61123.000   10054 1360299   28170.000            AUS 
61123.000   10101 1355360       0.000            AZ  
61123.000   10101 1355361   -1136.700            AZ  
61123.000   10075 1352685    3212.300            IMBH
61123.000   10075 1320192   -8413.700            IMBH
61123.000   10075 1320193  -40631.000            IMBH
61123.000   10071 1353447     920.800            BIRM
61123.000   10071 1353689    9916.600            BIRM
61123.000   10071 1407107 -410070.900            BIRM
61123.000   10071 1407112   -8972.400            BIRM
61123.000   10071 1415303   -4186.600            BIRM
61123.000   10071 1415304  -10987.200            BIRM
61123.000   10071 1415305  -19817.400            BIRM
61123.000   10092 1363159    4308.500            ICE 
61123.000   10092 1363522    3596.400            ICE 
61123.000   10057 1355202    -670.600            CH  
61123.000   10057 1373644    -896.500            CH  
61123.000   10057 1405701   -1942.300            CH  
61123.000   10057 1405702   22129.100            CH  
61123.000   10057 1411117     -73.100            CH  
61123.000   10073 1353612  -12876.800            CNM 
61123.000   10073 1413211   -1037.500            CNM 
61123.000   10073 1413212   54631.900            CNM 
61123.000   10074 1411045    4427.200            DLR 
61123.000   10053 1350136     -83.300            DTAG
61123.000   10053 1355332   -1680.200            DTAG
61123.000   10053 1352635    2653.600            DTAG
61123.000   10025 1352025    4208.700            ESA 
61123.000   10025 1351615   -4597.300            ESA 
61123.000   10025 1352353   11578.900            ESA 
61123.000   10025 1352210   29029.600            ESA 
61123.000   10025 1402543  -34943.500            ESA 
61123.000   10025 1402541 -106208.800            ESA 
61123.000   10025 1411033   -1608.200            ESA 
61123.000   10089 1354233       0.000            HKO 
61123.000   10089 1355122    1272.600            HKO 
61123.000   10099 1354701       0.000            IFZG
61123.000   10093 1353401       0.000            NSAI
61123.000   10044 1361167    1077.900            IFAG
61123.000   10044 1361173     391.400            IFAG
61123.000   10044 1361629    9915.300            IFAG
61123.000   10044 1361732    6816.000            IFAG
61123.000   10044 1361798     912.100            IFAG
61123.000   10044 1404439    4510.100            IFAG
61123.000   10044 1404418   15312.500            IFAG
61123.000   10048 1404878  936576.600            NIM 
61123.000   10048 1404871 1060002.200            NIM 
61123.000   10048 1404832 1062957.800            NIM 
61123.000   10048 1404879 1904206.800            NIM 
61123.000   10048 1404880 2185427.300            NIM 
61123.000   10048 1352742  112317.000            NIM 
61123.000   10048 1404849 1414810.800            NIM 
61123.000   10048 1404856   93883.400            NIM 
61123.000   10048 1404857   25098.600            NIM 
61123.000   10048 1404821    2901.100            NIM 
61123.000   10048 1404850     647.000            NIM 
61123.000   10048 1404870    5424.400            NIM 
61123.000   10015 1362377       0.000            INTI
61123.000   10015 1363270   12350.500            INTI
61123.000   10015 1363511    6093.700            INTI
61123.000   10083 1353654    9878.400            NIS 
61123.000   10083 1354391   17243.500            NIS 
61123.000   10083 1353812  -28814.400            NIS 
61123.000   10083 1352182   -4140.100            NIS 
61123.000   10011 1350219   -1052.900            IT  
61123.000   10011 1352487    -482.100            IT  
61123.000   10011 1401101  254105.900            IT  
61123.000   10011 1401102  294476.400            IT  
61123.000   10011 1401103   35044.500            IT  
61123.000   10011 1401104    8750.200            IT  
61123.000   10011 1411079   -1226.500            IT  
61123.000   10011 1411078    3575.200            IT  
61123.000   10011 1422012     923.600            IT  
61123.000   10035 1350832   17406.800            BSJ 
61123.000   10035 1350833    9539.300            BSJ 
61123.000   10087 1361277 -112020.900            JV  
61123.000   10087 1362617   70461.600            JV  
61123.000   10087 1415218  -42129.200            JV  
61123.000   10087 1411122   16239.800            JV  
61123.000   10056 1351783   40385.000            KRIS
61123.000   10056 1405624  165130.700            KRIS
61123.000   10056 1405625  477802.400            KRIS
61123.000   10056 1405626   15495.200            KRIS
61123.000   10027 1415201    -686.500            KZ  
61123.000   10027 1415205    1714.700            KZ  
61123.000   10027 1415266   -2652.400            KZ  
61123.000   10052 1351324  -11140.200            NPLI
61123.000   10052 1353376  -10725.800            NPLI
61123.000   10052 1353457    3384.700            NPLI
61123.000   10052 1353413   44955.900            NPLI
61123.000   10052 1353453    5213.000            NPLI
61123.000   10052 1415225  116565.300            NPLI
61123.000   10052 1415365   48234.500            NPLI
61123.000   10052 1415363    3637.700            NPLI
61123.000   10052 1415364   11707.700            NPLI
61123.000   10091 1352370   -9986.700            LRTE
61123.000   10082 1351868       0.000            LT  
61123.000   10082 1351362   -1700.200            LT  
61123.000   10094 1353471  -61530.800            LUX 
61123.000   10094 1353544  -57690.600            LUX 
61123.000   10041 1404113  329755.200            MIKE
61123.000   10041 1404108   31452.800            MIKE
61123.000   10041 1404189  183472.400            MIKE
61123.000   10041 1412084   26865.100            MIKE
61123.000   10088 1361806  -12618.100            CNMP
61123.000   10088 1361752   -6732.400            CNMP
61123.000   10088 1363162    8457.700            CNMP
61123.000   10088 1363179  -67095.500            CNMP
61123.000   10063 1360274    3256.600            MSL 
61123.000   10063 1363396   -4319.000            MSL 
61123.000   10063 1363872  114488.600            MSL 
61123.000   10081 1353476    3971.400            NIMT
61123.000   10081 1353472   46423.500            NIMT
61123.000   10081 1353470   46605.800            NIMT
61123.000   10013 1410102   -1123.000            NAO 
61123.000   10013 1350779    5764.500            NAO 
61123.000   10013 1351689    -465.700            NAO 
61123.000   10013 1351214     107.500            NAO 
61123.000   10020 1350343  129022.000            NICT
61123.000   10020 1350907   35059.200            NICT
61123.000   10020 1351226  -16770.100            NICT
61123.000   10020 1351778   75744.100            NICT
61123.000   10020 1351789   -8283.300            NICT
61123.000   10020 1351866    1394.900            NICT
61123.000   10020 1351944  109504.800            NICT
61123.000   10020 1352011  107955.600            NICT
61123.000   10020 1352056  110052.600            NICT
61123.000   10020 1352113  -45985.400            NICT
61123.000   10020 1352116  -27186.900            NICT
61123.000   10020 1352570   88396.700            NICT
61123.000   10020 1352620   60828.900            NICT
61123.000   10020 1352627  -23769.700            NICT
61123.000   10020 1352628  -25270.900            NICT
61123.000   10020 1352784   42948.600            NICT
61123.000   10020 1352876  123582.200            NICT
61123.000   10020 1352903   52953.900            NICT
61123.000   10020 1353594  -14594.500            NICT
61123.000   10020 1353716  -28838.900            NICT
61123.000   10020 1353717  -50724.800            NICT
61123.000   10020 1353718  -45235.300            NICT
61123.000   10020 1353720  -54247.000            NICT
61123.000   10020 1353722  -30969.900            NICT
61123.000   10020 1353909   27617.200            NICT
61123.000   10020 1353912  -38756.300            NICT
61123.000   10020 1353916  -72607.900            NICT
61123.000   10020 1353918   39464.500            NICT
61123.000   10020 1354230   68771.200            NICT
61123.000   10020 1402003   16421.200            NICT
61123.000   10020 1402004   -9888.700            NICT
61123.000   10020 1402012   30998.100            NICT
61123.000   10020 1402013   45078.300            NICT
61123.000   10020 1402014   -2163.400            NICT
61123.000   10020 1402015   75340.600            NICT
61123.000   10020 1411041  -66610.700            NICT
61123.000   10020 1411062   32479.000            NICT
61123.000   10020 1412060   64663.300            NICT
61123.000   10002 1412108  577738.700            NIST
61123.000   10002 1412014 -537303.700            NIST
61123.000   10002 1400004 -194320.200            NIST
61123.000   10002 1400222  730516.200            NIST
61123.000   10002 1400209 -447052.200            NIST
61123.000   10002 1400212  529833.000            NIST
61123.000   10002 1400207  679506.300            NIST
61123.000   10002 1412015  629596.200            NIST
61123.000   10002 1400210  222451.000            NIST
61123.000   10002 1400205  979184.100            NIST
61123.000   10002 1412099  314776.700            NIST
61123.000   10002 1412006  130507.600            NIST
61123.000   10002 1442021 -564451.400            NIST
61123.000   10002 1352935 -655002.900            NIST
61123.000   10002 1352579  979678.400            NIST
61123.000   10002 1402205 -228315.400            NIST
61123.000   10050 1320293  132219.300            NMIJ
61123.000   10017 1412011   48277.500            NPL 
61123.000   10017 1412050   46549.500            NPL 
61123.000   10003 1352150    8209.300            NRC 
61123.000   10003 1362225   17109.200            NRC 
61123.000   10003 1352115   19464.600            NRC 
61123.000   10003 1352148    3197.600            NRC 
61123.000   10003 1400306   92349.300            NRC 
61123.000   10003 1400307   11381.100            NRC 
61123.000   10049 1415324   -1654.600            NTSC
61123.000   10049 1415322    2542.400            NTSC
61123.000   10049 1415316   -5742.800            NTSC
61123.000   10049 1415082   51128.800            NTSC
61123.000   10049 1414922    6020.300            NTSC
61123.000   10049 1404967    5680.500            NTSC
61123.000   10049 1354937   14391.000            NTSC
61123.000   10049 1352142   15187.100            NTSC
61123.000   10016 1354619       0.000            INXE
61123.000   10008 1352027   33643.800            OP  
61123.000   10008 1400889    5538.600            OP  
61123.000   10008 1353765   79533.000            OP  
61123.000   10008 1400810   21202.400            OP  
61123.000   10008 1400809   36157.800            OP  
61123.000   10008 1400890   30167.000            OP  
61123.000   10026 1352722   -2096.500            ORB 
61123.000   10026 1352724    9894.700            ORB 
61123.000   10026 1411030   78384.000            ORB 
61123.000   10026 1402602  365381.500            ORB 
61123.000   10026 1352723    1594.100            ORB 
61123.000   10040 1350441    -787.500            PL  
61123.000   10040 1415318  -36164.400            PL  
61123.000   10040 1415321   26281.000            PL  
61123.000   10040 1354603     158.000            PL  
61123.000   10040 1354597     257.500            PL  
61123.000   10005 1920001   41590.800            PTB 
61123.000   10005 1920002   37580.700            PTB 
61123.000   10005 1355322    8898.600            PTB 
61123.000   10005 1400510    9182.900            PTB 
61123.000   10005 1400506   32767.600            PTB 
61123.000   10005 1400508   33343.700            PTB 
61123.000   10005 1400509   10018.400            PTB 
61123.000   10005 1415245   -5948.800            PTB 
61123.000   10005 1400512    7053.400            PTB 
61123.000   10005 1415221    3583.100            PTB 
61123.000   10019 1351942   69418.600            ONRJ
61123.000   10019 1320337   51152.900            ONRJ
61123.000   10019 1354204   72369.800            ONRJ
61123.000   10019 1350147   59651.700            ONRJ
61123.000   10019 1350102   19715.000            ONRJ
61123.000   10019 1353364   39021.300            ONRJ
61123.000   10019 1351153  -12001.100            ONRJ
61123.000   10019 1401958  129245.100            ONRJ
61123.000   10014 1350583   -4867.400            ROA 
61123.000   10014 1350718   -2591.000            ROA 
61123.000   10014 1361490   87384.000            ROA 
61123.000   10014 1361488   85565.500            ROA 
61123.000   10014 1351699   55209.400            ROA 
61123.000   10014 1401436 1958790.300            ROA 
61123.000   10014 1412032 1312345.900            ROA 
61123.000   10014 1352270    7901.300            ROA 
61123.000   10062 1352932       0.000            SASO
61123.000   10062 1352931     466.300            SASO
61123.000   10062 1351628     991.300            SASO
61123.000   10062 1350221    -704.500            SASO
61123.000   10067 1352525   -8468.300            SCL 
61123.000   10067 1352178  -20298.900            SCL 
61123.000   10067 1415314    1384.900            SCL 
61123.000   10067 1353448     952.500            SCL 
61123.000   10079 1352003   34057.600            SMD 
61123.000   10079 1352543  -26407.700            SMD 
61123.000   10079 1411049   -1939.200            SMD 
61123.000   10072 1352745  -22032.300            SP  
61123.000   10072 1352749   22368.300            SP  
61123.000   10072 1352758   -2453.100            SP  
61123.000   10072 1354707    6571.900            SP  
61123.000   10072 1362295    3762.400            SP  
61123.000   10072 1365149   57742.000            SP  
61123.000   10072 1407201    1323.400            SP  
61123.000   10072 1407223  155996.100            SP  
61123.000   10072 1407231  253189.100            SP  
61123.000   10072 1407232  406611.200            SP  
61123.000   10072 1415319   42383.200            SP  
61123.000   10038 1403809 -409987.600            SU  
61123.000   10038 1403811 -282045.900            SU  
61123.000   10038 1403812  -25674.900            SU  
61123.000   10038 1403844 -561078.200            SU  
61123.000   10038 1403853    4461.200            SU  
61123.000   10038 1403833 -396270.900            SU  
61123.000   10038 1403846   47700.100            SU  
61123.000   10038 1403814 -649334.700            SU  
61123.000   10038 1403815 -332052.500            SU  
61123.000   10038 1403834   10826.300            SU  
61123.000   10038 1403841  -37739.300            SU  
61123.000   10038 1403840   10220.100            SU  
61123.000   10038 1403845 -453919.600            SU  
61123.000   10030 1403011  168854.200            TL  
61123.000   10030 1413202  233336.800            TL  
61123.000   10030 1353942  -37223.900            TL  
61123.000   10030 1353947   55829.000            TL  
61123.000   10030 1354060  -14308.100            TL  
61123.000   10022 1320211 1999871.200            TP  
61123.000   10022 1320247  998909.800            TP  
61123.000   10022 1351227       0.000            TP  
61123.000   10022 1352179      63.200            TP  
61123.000   10022 1352476     585.600            TP  
61123.000   10022 1353519    -110.900            TP  
61123.000   10022 1411076     381.400            TP  
61123.000   10068 1411028       0.000            UME 
61123.000   10068 1352703    2487.600            UME 
61123.000   10068 1350251    3552.800            UME 
61123.000   10068 1350872   -8393.800            UME 
61123.000   10068 1352710    3279.800            UME 
61123.000   10007 1400711 3305125.000            USNO
61123.000   10007 1400712  274212.400            USNO
61123.000   10007 1400719  464520.900            USNO
61123.000   10007 1400702  -65496.200            USNO
61123.000   10007 1400708  668899.700            USNO
61123.000   10007 1400704  115306.700            USNO
61123.000   10007 1400718 1950426.300            USNO
61123.000   10007 1400710 -800290.000            USNO
61123.000   10007 1400726 1297288.200            USNO
61123.000   10007 1400715  424879.000            USNO
61123.000   10007 1350161   80964.700            USNO
61123.000   10007 1400727 -736880.400            USNO
61123.000   10007 1400729 2243952.600            USNO
61123.000   10007 1400725 -219896.600            USNO
61123.000   10007 1400724 -818840.000            USNO
61123.000   10007 1400723 -605516.700            USNO
61123.000   10007 1400722 2693985.100            USNO
61123.000   10007 1400721  458564.000            USNO
61123.000   10007 1400720 1255969.300            USNO
61123.000   10007 1400730 2154530.700            USNO
61123.000   10007 1400731 -408706.700            USNO
61123.000   10007 1400732  761826.000            USNO
61123.000   10007 1400736 1217700.900            USNO
61123.000   10007 1400737 2459712.100            USNO
61123.000   10007 1400740 1120287.700            USNO
61123.000   10007 1400713  457538.200            USNO
61123.000   10007 1400714   96326.300            USNO
61123.000   10007 1400716  689340.800            USNO
61123.000   10007 1400738  107635.800            USNO
61123.000   10064 1355005       0.000            UZ  
61123.000   10064 1354998 5159896.900            UZ  
61123.000   10028 1353669   19708.100            VMI 
61123.000   10028 1361233   12325.600            VMI 
61123.000   10028 1353670  -25121.800            VMI 
61123.000   10024 1411040   -2837.700            VSL 
61123.000   10024 1354466    9898.400            VSL 
61123.000   10024 1355008    7137.200            VSL 
61123.000   10024 1355697    1047.100            VSL 
61123.000   10055 1352191    -106.700            DMDM
61123.000   10055 1362033  -56035.400            DMDM
