61193.000   10021 1352938       0.000            UAE 
61193.000   10021 1352940   -4426.700            UAE 
61193.000   10046 1404601   27516.800            AOS 
61193.000   10046 1352394   -1297.600            AOS 
61193.000   10031 1353842    2417.000            APL 
61193.000   10031 1403107  269305.000            APL 
61193.000   10031 1403108  534594.200            APL 
61193.000   10031 1403109  136156.600            APL 
61193.000   10031 1412174   34666.600            APL 
61193.000   10054 1362269     152.000            AUS 
61193.000   10054 1360340   13125.000            AUS 
61193.000   10054 1360654  -45823.000            AUS 
61193.000   10054 1363814    4733.000            AUS 
61193.000   10054 1364971    7853.000            AUS 
61193.000   10054 1360299   29051.000            AUS 
61193.000   10075 1352685    3462.500            IMBH
61193.000   10075 1320192   -8927.300            IMBH
61193.000   10075 1320193  -43271.200            IMBH
61193.000   10071 1353447     655.000            BIRM
61193.000   10071 1353689    9940.700            BIRM
61193.000   10071 1407103    -520.300            BIRM
61193.000   10071 1407107 -435915.500            BIRM
61193.000   10071 1407111   -1564.200            BIRM
61193.000   10071 1407112  -11793.500            BIRM
61193.000   10071 1415303   -5650.900            BIRM
61193.000   10071 1415304  -12713.500            BIRM
61193.000   10071 1415305  -21746.500            BIRM
61193.000   10092 1363159    3826.500            ICE 
61193.000   10092 1363522    3713.700            ICE 
61193.000   10057 1355202    -820.200            CH  
61193.000   10057 1373644   -1149.900            CH  
61193.000   10057 1405701   -2277.700            CH  
61193.000   10057 1405702   20705.800            CH  
61193.000   10057 1411117     -95.000            CH  
61193.000   10073 1353612  -15135.900            CNM 
61193.000   10073 1413211   -1004.200            CNM 
61193.000   10073 1413212   69437.000            CNM 
61193.000   10074 1411045    5432.100            DLR 
61193.000   10053 1350136     -83.300            DTAG
61193.000   10053 1355332   -1420.100            DTAG
61193.000   10053 1352635    2527.300            DTAG
61193.000   10025 1352025    4431.600            ESA 
61193.000   10025 1351615   -4814.100            ESA 
61193.000   10025 1352353   12043.100            ESA 
61193.000   10025 1352210   30470.200            ESA 
61193.000   10025 1402543  -43528.900            ESA 
61193.000   10025 1402541 -122148.300            ESA 
61193.000   10025 1411033   -2703.500            ESA 
61193.000   10089 1354233       0.000            HKO 
61193.000   10089 1355122    1368.400            HKO 
61193.000   10099 1354701       0.000            IFZG
61193.000   10093 1353401       0.000            NSAI
61193.000   10044 1361167     700.800            IFAG
61193.000   10044 1361173     109.800            IFAG
61193.000   10044 1361629   11034.100            IFAG
61193.000   10044 1361732    7696.600            IFAG
61193.000   10044 1361798     235.300            IFAG
61193.000   10044 1404439    4199.300            IFAG
61193.000   10044 1404418   15125.500            IFAG
61193.000   10048 1404878  970170.500            NIM 
61193.000   10048 1404871 1100286.600            NIM 
61193.000   10048 1404832 1116354.600            NIM 
61193.000   10048 1404879 1943754.500            NIM 
61193.000   10048 1404880 2226947.800            NIM 
61193.000   10048 1352742  114353.400            NIM 
61193.000   10048 1404849 1415270.200            NIM 
61193.000   10048 1404856   94402.600            NIM 
61193.000   10048 1404857   24793.100            NIM 
61193.000   10048 1404821    3144.100            NIM 
61193.000   10048 1404850     752.700            NIM 
61193.000   10048 1404870    5954.900            NIM 
61193.000   10015 1362377       0.000            INTI
61193.000   10015 1363270   12818.600            INTI
61193.000   10015 1363511    6337.400            INTI
61193.000   10070 1353546    8821.900            IPQ 
61193.000   10083 1353654   10180.500            NIS 
61193.000   10083 1354391   18536.200            NIS 
61193.000   10083 1353812  -30402.300            NIS 
61193.000   10083 1352182   -4480.100            NIS 
61193.000   10011 1350219   -1142.300            IT  
61193.000   10011 1352487    -707.700            IT  
61193.000   10011 1401101  290600.300            IT  
61193.000   10011 1401102  301430.700            IT  
61193.000   10011 1401103   37821.100            IT  
61193.000   10011 1401104    4809.100            IT  
61193.000   10011 1411079   -1810.000            IT  
61193.000   10011 1411078    4810.700            IT  
61193.000   10011 1422012     -17.500            IT  
61193.000   10035 1350832   18513.600            BSJ 
61193.000   10035 1350833   10285.000            BSJ 
61193.000   10087 1361277 -112700.800            JV  
61193.000   10087 1362617   71562.900            JV  
61193.000   10087 1415218  -42185.600            JV  
61193.000   10087 1411122   18335.900            JV  
61193.000   10056 1351783   41914.100            KRIS
61193.000   10056 1405624  175317.500            KRIS
61193.000   10056 1405625  507864.400            KRIS
61193.000   10056 1405626   16758.500            KRIS
61193.000   10027 1415201      -7.500            KZ  
61193.000   10027 1415205      36.000            KZ  
61193.000   10027 1415266     -86.000            KZ  
61193.000   10052 1351324  -11275.000            NPLI
61193.000   10052 1353376  -10926.200            NPLI
61193.000   10052 1353457    3522.500            NPLI
61193.000   10052 1353413   45779.700            NPLI
61193.000   10052 1353453    5387.100            NPLI
61193.000   10052 1415225  123152.900            NPLI
61193.000   10052 1415365   50571.700            NPLI
61193.000   10052 1415363    4363.100            NPLI
61193.000   10052 1415364   12538.100            NPLI
61193.000   10091 1352370  -11817.600            LRTE
61193.000   10082 1351868       0.000            LT  
61193.000   10082 1351362   -1679.700            LT  
61193.000   10094 1353471  -62235.000            LUX 
61193.000   10094 1353544  -57379.500            LUX 
61193.000   10085 1353507       0.000            NIMB
61193.000   10041 1404113  336677.500            MIKE
61193.000   10041 1404108   34447.400            MIKE
61193.000   10041 1404189  180846.800            MIKE
61193.000   10041 1412084   25996.900            MIKE
61193.000   10088 1361806  -12896.900            CNMP
61193.000   10088 1361752   -6835.900            CNMP
61193.000   10088 1363162    8935.700            CNMP
61193.000   10088 1363179  -68235.200            CNMP
61193.000   10063 1360274    3375.200            MSL 
61193.000   10063 1363396   -4294.800            MSL 
61193.000   10063 1363872  117867.700            MSL 
61193.000   10081 1353476    3187.800            NIMT
61193.000   10081 1353472   47234.000            NIMT
61193.000   10081 1353470   47833.800            NIMT
61193.000   10013 1410102    2513.400            NAO 
61193.000   10013 1350779     452.100            NAO 
61193.000   10013 1351689     348.900            NAO 
61193.000   10013 1351214     107.400            NAO 
61193.000   10020 1350343  130908.100            NICT
61193.000   10020 1350907   33991.900            NICT
61193.000   10020 1351778   76698.000            NICT
61193.000   10020 1351789   -8721.300            NICT
61193.000   10020 1351866    1380.100            NICT
61193.000   10020 1351944  110353.400            NICT
61193.000   10020 1352011  107729.200            NICT
61193.000   10020 1352056  110928.000            NICT
61193.000   10020 1352113  -46261.300            NICT
61193.000   10020 1352116  -26881.700            NICT
61193.000   10020 1352570   88948.500            NICT
61193.000   10020 1352620   61897.500            NICT
61193.000   10020 1352627  -24865.300            NICT
61193.000   10020 1352628  -26140.000            NICT
61193.000   10020 1352784   42188.000            NICT
61193.000   10020 1352876  123300.700            NICT
61193.000   10020 1352903   53316.600            NICT
61193.000   10020 1353259  -14424.400            NICT
61193.000   10020 1353594  -14267.700            NICT
61193.000   10020 1353716  -29578.900            NICT
61193.000   10020 1353717  -52305.600            NICT
61193.000   10020 1353718  -47090.700            NICT
61193.000   10020 1353720  -55274.000            NICT
61193.000   10020 1353722  -31554.100            NICT
61193.000   10020 1353909   28133.100            NICT
61193.000   10020 1353912  -40222.600            NICT
61193.000   10020 1353916  -75011.500            NICT
61193.000   10020 1353918   40623.900            NICT
61193.000   10020 1354230   69138.500            NICT
61193.000   10020 1402003   17252.300            NICT
61193.000   10020 1402004  -11518.600            NICT
61193.000   10020 1402012   27731.500            NICT
61193.000   10020 1402013   53769.200            NICT
61193.000   10020 1402014   -1661.100            NICT
61193.000   10020 1402015   84019.200            NICT
61193.000   10020 1411041  -75805.600            NICT
61193.000   10020 1411062   31070.200            NICT
61193.000   10020 1412060   70378.400            NICT
61193.000   10002 1412108  629982.300            NIST
61193.000   10002 1412014 -526934.500            NIST
61193.000   10002 1400004 -188672.000            NIST
61193.000   10002 1400222  734665.100            NIST
61193.000   10002 1400209 -441874.300            NIST
61193.000   10002 1400212  615546.200            NIST
61193.000   10002 1400207  728465.700            NIST
61193.000   10002 1412015  661996.800            NIST
61193.000   10002 1400210  286683.100            NIST
61193.000   10002 1400205  977902.600            NIST
61193.000   10002 1412099  396995.600            NIST
61193.000   10002 1412006  201675.300            NIST
61193.000   10002 1442021 -560611.700            NIST
61193.000   10002 1352935 -656657.500            NIST
61193.000   10002 1352579  980983.600            NIST
61193.000   10002 1402205 -190306.000            NIST
61193.000   10050 1320293  148420.000            NMIJ
61193.000   10017 1412011   49167.000            NPL 
61193.000   10017 1412050   48791.100            NPL 
61193.000   10003 1352150    8347.400            NRC 
61193.000   10003 1362225   16975.500            NRC 
61193.000   10003 1352115   19932.000            NRC 
61193.000   10003 1352148    3138.100            NRC 
61193.000   10003 1400306   92670.400            NRC 
61193.000   10003 1400307   12250.800            NRC 
61193.000   10049 1415324   -1583.200            NTSC
61193.000   10049 1415322    3125.600            NTSC
61193.000   10049 1415316   -6250.100            NTSC
61193.000   10049 1415085    -331.400            NTSC
61193.000   10049 1414922    7147.300            NTSC
61193.000   10049 1404967    6645.200            NTSC
61193.000   10049 1354937   14334.800            NTSC
61193.000   10049 1352142   15127.900            NTSC
61193.000   10016 1354619       0.000            INXE
61193.000   10008 1352027   34750.100            OP  
61193.000   10008 1400889    7192.500            OP  
61193.000   10008 1353765   81238.400            OP  
61193.000   10008 1400810   22801.900            OP  
61193.000   10008 1400809   38438.500            OP  
61193.000   10008 1400890   31999.300            OP  
61193.000   10026 1352722   -1927.800            ORB 
61193.000   10026 1352724   10592.100            ORB 
61193.000   10026 1411030   83985.500            ORB 
61193.000   10026 1402602  400525.500            ORB 
61193.000   10026 1352723    1907.000            ORB 
61193.000   10040 1350441    -792.600            PL  
61193.000   10040 1415318 -103793.800            PL  
61193.000   10040 1415321   28481.600            PL  
61193.000   10040 1354603     255.800            PL  
61193.000   10040 1354597     273.300            PL  
61193.000   10005 1920001   41761.900            PTB 
61193.000   10005 1920002   37735.800            PTB 
61193.000   10005 1355322    9094.700            PTB 
61193.000   10005 1400510    9749.700            PTB 
61193.000   10005 1400506   33962.700            PTB 
61193.000   10005 1400508   34568.700            PTB 
61193.000   10005 1400509   10369.700            PTB 
61193.000   10005 1415245   -6944.200            PTB 
61193.000   10005 1400512    7764.400            PTB 
61193.000   10005 1415221    3640.100            PTB 
61193.000   10019 1351942   70764.300            ONRJ
61193.000   10019 1320337   51764.500            ONRJ
61193.000   10019 1354204   75670.700            ONRJ
61193.000   10019 1350147   60062.200            ONRJ
61193.000   10019 1353364   39681.900            ONRJ
61193.000   10019 1351153  -12806.600            ONRJ
61193.000   10019 1401958  138826.400            ONRJ
61193.000   10014 1350583   -5238.700            ROA 
61193.000   10014 1350718   -2134.200            ROA 
61193.000   10014 1361490   87854.800            ROA 
61193.000   10014 1361488   86384.400            ROA 
61193.000   10014 1351699   55642.700            ROA 
61193.000   10014 1401436 2002401.200            ROA 
61193.000   10014 1412032 1357858.400            ROA 
61193.000   10014 1352270    7982.400            ROA 
61193.000   10062 1352932       0.000            SASO
61193.000   10062 1352931    1269.500            SASO
61193.000   10062 1351628    1456.200            SASO
61193.000   10062 1350221   -1160.000            SASO
61193.000   10067 1352525   -9060.700            SCL 
61193.000   10067 1352178  -21564.300            SCL 
61193.000   10067 1415314    2239.100            SCL 
61193.000   10067 1353448    2636.700            SCL 
61193.000   10079 1352003   34539.900            SMD 
61193.000   10079 1352543  -27426.600            SMD 
61193.000   10079 1411049   -1891.100            SMD 
61193.000   10072 1352745  -23132.300            SP  
61193.000   10072 1352749   24023.200            SP  
61193.000   10072 1352758   -2501.900            SP  
61193.000   10072 1354707    6503.200            SP  
61193.000   10072 1362295    5911.200            SP  
61193.000   10072 1365149   63866.200            SP  
61193.000   10072 1407201    3857.400            SP  
61193.000   10072 1407223  160390.000            SP  
61193.000   10072 1407231  270789.400            SP  
61193.000   10072 1407232  430936.400            SP  
61193.000   10072 1415319   44303.100            SP  
61193.000   10038 1403809 -411133.500            SU  
61193.000   10038 1403811 -281955.500            SU  
61193.000   10038 1403812  -23323.100            SU  
61193.000   10038 1403844 -559554.700            SU  
61193.000   10038 1403853    5375.900            SU  
61193.000   10038 1403833 -394517.400            SU  
61193.000   10038 1403846   49630.800            SU  
61193.000   10038 1403814 -640776.600            SU  
61193.000   10038 1403815 -330024.100            SU  
61193.000   10038 1403816 -297732.800            SU  
61193.000   10038 1403834   12151.900            SU  
61193.000   10038 1403841  -34569.400            SU  
61193.000   10038 1403840   11291.900            SU  
61193.000   10038 1403845 -454394.100            SU  
61193.000   10030 1403011  207386.400            TL  
61193.000   10030 1413202  258990.500            TL  
61193.000   10030 1353942  -38808.500            TL  
61193.000   10030 1353947   57717.500            TL  
61193.000   10030 1354060  -14846.700            TL  
61193.000   10022 1320211 1999898.800            TP  
61193.000   10022 1320247  998981.000            TP  
61193.000   10022 1351227       0.000            TP  
61193.000   10022 1352179      78.300            TP  
61193.000   10022 1352476     596.100            TP  
61193.000   10022 1353519    -119.200            TP  
61193.000   10068 1411028       0.000            UME 
61193.000   10068 1352703     115.900            UME 
61193.000   10068 1350251     236.800            UME 
61193.000   10068 1350872    -675.400            UME 
61193.000   10068 1352710     767.100            UME 
61193.000   10007 1400711 3344449.600            USNO
61193.000   10007 1400719  478931.900            USNO
61193.000   10007 1400702  -65302.900            USNO
61193.000   10007 1400708  678133.900            USNO
61193.000   10007 1400704  118823.200            USNO
61193.000   10007 1400718 1977555.200            USNO
61193.000   10007 1400710 -833708.100            USNO
61193.000   10007 1400715  437441.900            USNO
61193.000   10007 1350161   80843.000            USNO
61193.000   10007 1400727 -760284.100            USNO
61193.000   10007 1400729 2295842.900            USNO
61193.000   10007 1400725 -220832.800            USNO
61193.000   10007 1400724 -826443.000            USNO
61193.000   10007 1400723 -604335.800            USNO
61193.000   10007 1400722 2674460.400            USNO
61193.000   10007 1400721  515315.400            USNO
61193.000   10007 1400720 1262700.900            USNO
61193.000   10007 1400730 2196931.400            USNO
61193.000   10007 1400731 -420748.900            USNO
61193.000   10007 1400732  788412.700            USNO
61193.000   10007 1400736 1221567.300            USNO
61193.000   10007 1400737 2479394.500            USNO
61193.000   10007 1400740 1163977.400            USNO
61193.000   10007 1400713  467821.200            USNO
61193.000   10007 1400716  706487.700            USNO
61193.000   10007 1400733  139753.700            USNO
61193.000   10064 1355005       0.000            UZ  
61193.000   10064 1354998 4647047.800            UZ  
61193.000   10028 1353669   20290.500            VMI 
61193.000   10028 1361233   12721.000            VMI 
61193.000   10028 1353670  -26493.000            VMI 
61193.000   10024 1411040   -3233.400            VSL 
61193.000   10024 1354466   10380.600            VSL 
61193.000   10024 1355008    7690.400            VSL 
61193.000   10024 1355697    1727.500            VSL 
61193.000   10055 1352191     -66.800            DMDM
61193.000   10055 1362033  -60063.200            DMDM
