61081.000   10021 1352938       0.000            UAE 
61081.000   10021 1352940   -1111.100            UAE 
61081.000   10046 1404601   24859.200            AOS 
61081.000   10046 1352394    -796.600            AOS 
61081.000   10031 1353842    2423.400            APL 
61081.000   10031 1403107  257979.200            APL 
61081.000   10031 1403108  447660.000            APL 
61081.000   10031 1403109  133277.100            APL 
61081.000   10031 1412174   22598.500            APL 
61081.000   10054 1362269     134.000            AUS 
61081.000   10054 1360340   12376.000            AUS 
61081.000   10054 1360654  -42868.000            AUS 
61081.000   10054 1363814    4285.000            AUS 
61081.000   10054 1364971    7034.000            AUS 
61081.000   10054 1360299   27780.000            AUS 
61081.000   10075 1352685    3056.100            IMBH
61081.000   10075 1320192   -8096.500            IMBH
61081.000   10075 1320193  -38994.700            IMBH
61081.000   10071 1353447    1098.200            BIRM
61081.000   10071 1353689    9861.800            BIRM
61081.000   10071 1407107 -394707.800            BIRM
61081.000   10071 1407111    -251.300            BIRM
61081.000   10071 1407112   -7325.800            BIRM
61081.000   10071 1415303   -3369.600            BIRM
61081.000   10071 1415304  -10058.600            BIRM
61081.000   10071 1415305  -18703.300            BIRM
61081.000   10092 1363159    4597.800            ICE 
61081.000   10092 1363522    3505.200            ICE 
61081.000   10057 1352117   14076.400            CH  
61081.000   10057 1355202    -593.100            CH  
61081.000   10057 1373644    -745.500            CH  
61081.000   10057 1405701   -1746.500            CH  
61081.000   10057 1405702   22863.900            CH  
61081.000   10057 1411117    -184.200            CH  
61081.000   10073 1353612  -11449.200            CNM 
61081.000   10073 1413211   -1009.700            CNM 
61081.000   10073 1413212   46227.100            CNM 
61081.000   10074 1411045    3797.400            DLR 
61081.000   10053 1350136     -83.300            DTAG
61081.000   10053 1355332   -1499.300            DTAG
61081.000   10053 1352635    2413.400            DTAG
61081.000   10025 1352025    4060.800            ESA 
61081.000   10025 1351615   -4476.400            ESA 
61081.000   10025 1352353   11285.600            ESA 
61081.000   10025 1352210   28157.100            ESA 
61081.000   10025 1402543  -30157.500            ESA 
61081.000   10025 1402541  -97445.100            ESA 
61081.000   10025 1411033   -1002.700            ESA 
61081.000   10089 1354233       0.000            HKO 
61081.000   10089 1355122    1252.300            HKO 
61081.000   10099 1354701       0.000            IFZG
61081.000   10093 1353401       0.000            NSAI
61081.000   10044 1361167    1289.000            IFAG
61081.000   10044 1361173     514.200            IFAG
61081.000   10044 1361629    9095.400            IFAG
61081.000   10044 1361732    6287.400            IFAG
61081.000   10044 1361798    1162.800            IFAG
61081.000   10044 1404439    4537.500            IFAG
61081.000   10044 1404418   15241.300            IFAG
61081.000   10048 1404878  916548.400            NIM 
61081.000   10048 1404871 1035943.900            NIM 
61081.000   10048 1404832 1031334.400            NIM 
61081.000   10048 1404879 1880651.500            NIM 
61081.000   10048 1404880 2160688.800            NIM 
61081.000   10048 1352742  111109.400            NIM 
61081.000   10048 1404849 1414547.100            NIM 
61081.000   10048 1404856   93575.100            NIM 
61081.000   10048 1404857   25283.700            NIM 
61081.000   10048 1404821    2768.100            NIM 
61081.000   10048 1404850     594.900            NIM 
61081.000   10048 1404870    5121.100            NIM 
61081.000   10015 1362377       0.000            INTI
61081.000   10015 1363270   12027.200            INTI
61081.000   10015 1363511    5962.600            INTI
61081.000   10070 1353546    8544.500            IPQ 
61081.000   10083 1353654    9697.000            NIS 
61081.000   10083 1354391   16418.300            NIS 
61081.000   10083 1353812  -27852.600            NIS 
61081.000   10083 1352182   -3970.900            NIS 
61081.000   10011 1350219   -1019.800            IT  
61081.000   10011 1352487    -365.700            IT  
61081.000   10011 1401101  232472.200            IT  
61081.000   10011 1401102  290177.200            IT  
61081.000   10011 1401103   33425.100            IT  
61081.000   10011 1401104   11038.100            IT  
61081.000   10011 1411079    -905.300            IT  
61081.000   10011 1411078    2893.700            IT  
61081.000   10011 1422012     852.700            IT  
61081.000   10035 1350832   16688.900            BSJ 
61081.000   10035 1350833    9184.300            BSJ 
61081.000   10087 1361277 -111596.400            JV  
61081.000   10087 1362617   69805.600            JV  
61081.000   10087 1415218  -42095.500            JV  
61081.000   10087 1411122   15042.200            JV  
61081.000   10056 1351783   39461.500            KRIS
61081.000   10056 1405624  159089.800            KRIS
61081.000   10056 1405625  460031.600            KRIS
61081.000   10056 1405626   14740.400            KRIS
61081.000   10027 1415201    -645.600            KZ  
61081.000   10027 1415205    1518.300            KZ  
61081.000   10027 1415266   -2373.300            KZ  
61081.000   10052 1351324  -11047.100            NPLI
61081.000   10052 1353376  -10568.700            NPLI
61081.000   10052 1353457    3318.300            NPLI
61081.000   10052 1353413   44447.500            NPLI
61081.000   10052 1353453    5117.300            NPLI
61081.000   10052 1415225  112765.500            NPLI
61081.000   10052 1415365   46851.900            NPLI
61081.000   10052 1415363    3217.400            NPLI
61081.000   10052 1415364   11229.000            NPLI
61081.000   10091 1352370   -7881.700            LRTE
61081.000   10082 1351868       0.000            LT  
61081.000   10082 1351362   -1713.600            LT  
61081.000   10094 1353471  -61100.000            LUX 
61081.000   10094 1353544  -57892.000            LUX 
61081.000   10041 1404113  325624.300            MIKE
61081.000   10041 1404108   29758.600            MIKE
61081.000   10041 1404189  185536.800            MIKE
61081.000   10041 1412084   27399.000            MIKE
61081.000   10088 1361806  -12488.600            CNMP
61081.000   10088 1361752   -6645.200            CNMP
61081.000   10088 1363162    8124.000            CNMP
61081.000   10088 1363179  -66382.500            CNMP
61081.000   10063 1360274    3123.200            MSL 
61081.000   10063 1363396   -4395.900            MSL 
61081.000   10063 1363872  112387.900            MSL 
61081.000   10081 1353476    4524.800            NIMT
61081.000   10081 1353472   45951.400            NIMT
61081.000   10081 1353470   45925.400            NIMT
61081.000   10013 1410102   -1718.100            NAO 
61081.000   10013 1350779    6399.100            NAO 
61081.000   10013 1351689     -96.700            NAO 
61081.000   10013 1351214     107.500            NAO 
61081.000   10020 1350343  127972.900            NICT
61081.000   10020 1350907   35729.400            NICT
61081.000   10020 1351226  -16631.800            NICT
61081.000   10020 1351778   75195.300            NICT
61081.000   10020 1351789   -8026.400            NICT
61081.000   10020 1351866    1411.400            NICT
61081.000   10020 1351944  108995.500            NICT
61081.000   10020 1352011  108099.900            NICT
61081.000   10020 1352056  109516.300            NICT
61081.000   10020 1352113  -45804.200            NICT
61081.000   10020 1352116  -27315.500            NICT
61081.000   10020 1352570   88043.400            NICT
61081.000   10020 1352620   60170.900            NICT
61081.000   10020 1352627  -23152.400            NICT
61081.000   10020 1352628  -24814.500            NICT
61081.000   10020 1352784   43409.400            NICT
61081.000   10020 1352876  123761.400            NICT
61081.000   10020 1352903   52741.400            NICT
61081.000   10020 1353594  -14900.800            NICT
61081.000   10020 1353716  -28369.300            NICT
61081.000   10020 1353717  -49849.100            NICT
61081.000   10020 1353718  -44139.100            NICT
61081.000   10020 1353720  -53595.900            NICT
61081.000   10020 1353722  -30599.900            NICT
61081.000   10020 1353909   27316.600            NICT
61081.000   10020 1353912  -37876.300            NICT
61081.000   10020 1353916  -71175.900            NICT
61081.000   10020 1353918   38743.100            NICT
61081.000   10020 1354230   68470.400            NICT
61081.000   10020 1355334   85993.100            NICT
61081.000   10020 1402003   15936.000            NICT
61081.000   10020 1402004   -8916.100            NICT
61081.000   10020 1402012   33068.500            NICT
61081.000   10020 1402013   40124.100            NICT
61081.000   10020 1402014   -2369.100            NICT
61081.000   10020 1402015   70314.900            NICT
61081.000   10020 1411041  -61213.900            NICT
61081.000   10020 1411062   33320.500            NICT
61081.000   10020 1412060   61371.400            NICT
61081.000   10002 1412108  546763.000            NIST
61081.000   10002 1412014 -543396.100            NIST
61081.000   10002 1400004 -197684.300            NIST
61081.000   10002 1400222  728026.200            NIST
61081.000   10002 1400209 -449950.400            NIST
61081.000   10002 1400212  478996.800            NIST
61081.000   10002 1400207  650266.300            NIST
61081.000   10002 1412015  610294.700            NIST
61081.000   10002 1400210  184219.400            NIST
61081.000   10002 1400205  979955.200            NIST
61081.000   10002 1352792 -548180.700            NIST
61081.000   10002 1412099  265963.600            NIST
61081.000   10002 1412006   88174.000            NIST
61081.000   10002 1352935 -653989.900            NIST
61081.000   10002 1352579  978911.000            NIST
61081.000   10002 1402205 -250975.600            NIST
61081.000   10050 1320293  122458.100            NMIJ
61081.000   10017 1412011   47762.100            NPL 
61081.000   10017 1412050   45734.500            NPL 
61081.000   10003 1352150    8104.300            NRC 
61081.000   10003 1362225   17122.600            NRC 
61081.000   10003 1352115   19178.800            NRC 
61081.000   10003 1352148    3236.200            NRC 
61081.000   10003 1400306   91859.700            NRC 
61081.000   10003 1400307   10873.500            NRC 
61081.000   10049 1415324   -1643.400            NTSC
61081.000   10049 1415316   -5439.400            NTSC
61081.000   10049 1415085  -22510.400            NTSC
61081.000   10049 1415082   48582.100            NTSC
61081.000   10049 1414922    5387.100            NTSC
61081.000   10049 1404967    5137.000            NTSC
61081.000   10049 1354937   14433.000            NTSC
61081.000   10049 1352142   15224.600            NTSC
61081.000   10016 1354619       0.000            INXE
61081.000   10008 1352027   32976.500            OP  
61081.000   10008 1400889    4558.000            OP  
61081.000   10008 1353765   78475.300            OP  
61081.000   10008 1400810   20266.300            OP  
61081.000   10008 1400809   34820.000            OP  
61081.000   10008 1400890   29070.600            OP  
61081.000   10026 1352722   -1971.300            ORB 
61081.000   10026 1352724    9473.900            ORB 
61081.000   10026 1411030   75060.800            ORB 
61081.000   10026 1402602  344311.100            ORB 
61081.000   10026 1352723    1390.600            ORB 
61081.000   10040 1350441    -779.800            PL  
61081.000   10040 1415318  -10309.700            PL  
61081.000   10040 1415321   25077.900            PL  
61081.000   10040 1354603     129.900            PL  
61081.000   10040 1354597     244.200            PL  
61081.000   10005 1920001   41564.900            PTB 
61081.000   10005 1920002   37529.400            PTB 
61081.000   10005 1355322    8767.000            PTB 
61081.000   10005 1400510    8790.100            PTB 
61081.000   10005 1400506   32174.900            PTB 
61081.000   10005 1400508   32789.800            PTB 
61081.000   10005 1400509    9811.400            PTB 
61081.000   10005 1415245   -5366.800            PTB 
61081.000   10005 1400512    6642.700            PTB 
61081.000   10005 1415221    3547.200            PTB 
61081.000   10019 1351942   68607.200            ONRJ
61081.000   10019 1320337   50776.900            ONRJ
61081.000   10019 1354204   70384.200            ONRJ
61081.000   10019 1350147   59403.700            ONRJ
61081.000   10019 1350102   19307.300            ONRJ
61081.000   10019 1353364   38640.400            ONRJ
61081.000   10019 1351153  -11536.900            ONRJ
61081.000   10019 1401958  123710.900            ONRJ
61081.000   10014 1350583   -4656.200            ROA 
61081.000   10014 1350718   -2874.500            ROA 
61081.000   10014 1361490   87014.400            ROA 
61081.000   10014 1361488   85109.900            ROA 
61081.000   10014 1351699   54926.700            ROA 
61081.000   10014 1401436 1932846.600            ROA 
61081.000   10014 1412032 1285282.200            ROA 
61081.000   10014 1352270    7833.300            ROA 
61081.000   10062 1352932       0.000            SASO
61081.000   10062 1352931     -42.600            SASO
61081.000   10062 1351628     695.900            SASO
61081.000   10062 1350221    -494.800            SASO
61081.000   10067 1352525   -8094.600            SCL 
61081.000   10067 1352178  -19580.300            SCL 
61081.000   10067 1415314     910.900            SCL 
61081.000   10067 1353448     -33.000            SCL 
61081.000   10079 1352003   33757.800            SMD 
61081.000   10079 1352543  -25801.400            SMD 
61081.000   10079 1411049   -1960.900            SMD 
61081.000   10072 1352745  -21362.600            SP  
61081.000   10072 1352749   21444.800            SP  
61081.000   10072 1352758   -2394.000            SP  
61081.000   10072 1354707    6587.800            SP  
61081.000   10072 1362295    2531.800            SP  
61081.000   10072 1365149   54050.600            SP  
61081.000   10072 1407201     -37.600            SP  
61081.000   10072 1407223  153376.600            SP  
61081.000   10072 1407231  242842.400            SP  
61081.000   10072 1407232  392187.100            SP  
61081.000   10072 1415319   41232.300            SP  
61081.000   10038 1403809 -409280.700            SU  
61081.000   10038 1403811 -282070.000            SU  
61081.000   10038 1403812  -27022.000            SU  
61081.000   10038 1403844 -561979.100            SU  
61081.000   10038 1403853    3918.500            SU  
61081.000   10038 1403833 -397299.700            SU  
61081.000   10038 1403846   46551.200            SU  
61081.000   10038 1403814 -654433.600            SU  
61081.000   10038 1403815 -333242.400            SU  
61081.000   10038 1403834   10056.300            SU  
61081.000   10038 1403841  -39622.700            SU  
61081.000   10038 1403840    9584.900            SU  
61081.000   10038 1403845 -453610.400            SU  
61081.000   10030 1403011  145960.200            TL  
61081.000   10030 1413202  222707.100            TL  
61081.000   10030 1353942  -36272.900            TL  
61081.000   10030 1353947   54634.500            TL  
61081.000   10030 1354060  -13984.400            TL  
61081.000   10022 1320211 1999821.200            TP  
61081.000   10022 1320247  999123.100            TP  
61081.000   10022 1351227       0.000            TP  
61081.000   10022 1352179     -39.200            TP  
61081.000   10022 1352476     528.200            TP  
61081.000   10022 1353519     -85.000            TP  
61081.000   10022 1411076     743.400            TP  
61081.000   10068 1411028       0.000            UME 
61081.000   10068 1352703    2429.000            UME 
61081.000   10068 1350251    3331.200            UME 
61081.000   10068 1350872   -7976.900            UME 
61081.000   10068 1352710    2685.800            UME 
61081.000   10007 1400711 3281565.600            USNO
61081.000   10007 1400712  271564.900            USNO
61081.000   10007 1400719  455346.700            USNO
61081.000   10007 1400702  -65603.900            USNO
61081.000   10007 1400708  663388.400            USNO
61081.000   10007 1400704  113225.500            USNO
61081.000   10007 1400718 1934227.700            USNO
61081.000   10007 1400710 -780208.800            USNO
61081.000   10007 1400726 1277005.300            USNO
61081.000   10007 1400715  417377.700            USNO
61081.000   10007 1350161   81053.100            USNO
61081.000   10007 1400727 -722617.700            USNO
61081.000   10007 1400729 2213055.700            USNO
61081.000   10007 1400725 -219325.400            USNO
61081.000   10007 1400724 -814265.800            USNO
61081.000   10007 1400723 -606156.200            USNO
61081.000   10007 1400722 2701500.400            USNO
61081.000   10007 1400721  424784.000            USNO
61081.000   10007 1400720 1252134.500            USNO
61081.000   10007 1400730 2129249.300            USNO
61081.000   10007 1400731 -401481.300            USNO
61081.000   10007 1400732  746061.000            USNO
61081.000   10007 1400736 1215584.400            USNO
61081.000   10007 1400737 2448143.700            USNO
61081.000   10007 1400740 1094420.600            USNO
61081.000   10007 1400713  451424.400            USNO
61081.000   10007 1400714   93794.400            USNO
61081.000   10007 1400716  679076.400            USNO
61081.000   10007 1400738  100642.700            USNO
61081.000   10064 1355005       0.000            UZ  
61081.000   10064 1354998 4666966.100            UZ  
61081.000   10028 1353669   19749.400            VMI 
61081.000   10028 1361233   12398.100            VMI 
61081.000   10028 1353670  -23901.900            VMI 
61081.000   10024 1411040   -2604.300            VSL 
61081.000   10024 1354466    9605.500            VSL 
61081.000   10024 1355008    6811.300            VSL 
61081.000   10024 1355697     641.500            VSL 
61081.000   10055 1352191     -91.500            DMDM
61081.000   10055 1362033  -53649.600            DMDM
