61210.000   10021 1352938       0.000            UAE 
61210.000   10021 1352940   -4921.500            UAE 
61210.000   10046 1404601   27932.300            AOS 
61210.000   10046 1352394   -1348.400            AOS 
61210.000   10031 1353842    2415.200            APL 
61210.000   10031 1403107  271069.200            APL 
61210.000   10031 1403108  547857.500            APL 
61210.000   10031 1403109  136599.300            APL 
61210.000   10031 1412174   36805.500            APL 
61210.000   10054 1362269     194.000            AUS 
61210.000   10054 1360340   13275.000            AUS 
61210.000   10054 1360654  -46226.000            AUS 
61210.000   10054 1363814    4836.000            AUS 
61210.000   10054 1364971    8012.000            AUS 
61210.000   10054 1360299   29259.000            AUS 
61210.000   10075 1352685    3519.500            IMBH
61210.000   10075 1320192   -9027.200            IMBH
61210.000   10075 1320193  -43925.600            IMBH
61210.000   10071 1353447     580.400            BIRM
61210.000   10071 1353689    9956.100            BIRM
61210.000   10071 1407103    -756.000            BIRM
61210.000   10071 1407107 -442233.300            BIRM
61210.000   10071 1407111   -2112.400            BIRM
61210.000   10071 1407112  -12498.400            BIRM
61210.000   10071 1415303   -6026.900            BIRM
61210.000   10071 1415304  -14012.000            BIRM
61210.000   10071 1415305  -22228.500            BIRM
61210.000   10092 1363159    3709.400            ICE 
61210.000   10092 1363522    3760.300            ICE 
61210.000   10057 1355202    -843.100            CH  
61210.000   10057 1373644   -1215.400            CH  
61210.000   10057 1405701   -2360.300            CH  
61210.000   10057 1405702   20314.000            CH  
61210.000   10057 1411117    -115.700            CH  
61210.000   10073 1353612  -15712.300            CNM 
61210.000   10073 1413211    -982.300            CNM 
61210.000   10073 1413212   73156.100            CNM 
61210.000   10074 1411045    5671.700            DLR 
61210.000   10053 1350136     -83.300            DTAG
61210.000   10053 1355332  146012.900            DTAG
61210.000   10053 1352635    2458.300            DTAG
61210.000   10025 1352025    4499.700            ESA 
61210.000   10025 1351615   -4878.400            ESA 
61210.000   10025 1352353   12170.000            ESA 
61210.000   10025 1352210   30836.900            ESA 
61210.000   10025 1402543  -45710.300            ESA 
61210.000   10025 1402541 -126265.100            ESA 
61210.000   10025 1411033   -2981.400            ESA 
61210.000   10089 1354233       0.000            HKO 
61210.000   10089 1355122    1392.300            HKO 
61210.000   10099 1354701       0.000            IFZG
61210.000   10093 1353401       0.000            NSAI
61210.000   10044 1361167     542.600            IFAG
61210.000   10044 1361173      32.900            IFAG
61210.000   10044 1361629   11284.000            IFAG
61210.000   10044 1361732    7910.500            IFAG
61210.000   10044 1361798      58.100            IFAG
61210.000   10044 1404439    4067.100            IFAG
61210.000   10044 1404418   15044.800            IFAG
61210.000   10048 1404878  978367.200            NIM 
61210.000   10048 1404871 1110103.300            NIM 
61210.000   10048 1404832 1129468.000            NIM 
61210.000   10048 1404879 1953423.600            NIM 
61210.000   10048 1404880 2237079.600            NIM 
61210.000   10048 1352742  114849.900            NIM 
61210.000   10048 1404849 1415385.500            NIM 
61210.000   10048 1404856   94529.400            NIM 
61210.000   10048 1404857   24719.900            NIM 
61210.000   10048 1404821    3206.800            NIM 
61210.000   10048 1404850     781.200            NIM 
61210.000   10048 1404870    6088.000            NIM 
61210.000   10015 1362377       0.000            INTI
61210.000   10015 1363270     105.900            INTI
61210.000   10015 1363511    6424.000            INTI
61210.000   10070 1353546    9543.300            IPQ 
61210.000   10083 1353654   10253.900            NIS 
61210.000   10083 1354391   18816.800            NIS 
61210.000   10083 1353812  -30821.000            NIS 
61210.000   10083 1352182   -4531.800            NIS 
61210.000   10011 1350219   -1166.700            IT  
61210.000   10011 1352487    -767.400            IT  
61210.000   10011 1401101  299546.200            IT  
61210.000   10011 1401102  303082.700            IT  
61210.000   10011 1401103   38510.100            IT  
61210.000   10011 1401104    3828.600            IT  
61210.000   10011 1411079   -1861.000            IT  
61210.000   10011 1411078    5222.300            IT  
61210.000   10011 1422012     -47.100            IT  
61210.000   10035 1350832   18774.400            BSJ 
61210.000   10035 1350833   10436.900            BSJ 
61210.000   10087 1361277 -112884.700            JV  
61210.000   10087 1362617   71867.600            JV  
61210.000   10087 1415218  -42199.200            JV  
61210.000   10087 1411122   18865.200            JV  
61210.000   10056 1351783   42269.800            KRIS
61210.000   10056 1405624  177813.100            KRIS
61210.000   10056 1405625  515245.700            KRIS
61210.000   10056 1405626   17063.700            KRIS
61210.000   10027 1415201     -15.500            KZ  
61210.000   10027 1415205     114.800            KZ  
61210.000   10027 1415266    -273.100            KZ  
61210.000   10052 1351324  -11302.800            NPLI
61210.000   10052 1353376  -10986.600            NPLI
61210.000   10052 1353457    3537.300            NPLI
61210.000   10052 1353413   45986.900            NPLI
61210.000   10052 1353453    5433.000            NPLI
61210.000   10052 1415225  124793.700            NPLI
61210.000   10052 1415365   51144.000            NPLI
61210.000   10052 1415363    4543.400            NPLI
61210.000   10052 1415364   12743.600            NPLI
61210.000   10091 1352370  -12165.800            LRTE
61210.000   10082 1351868       0.000            LT  
61210.000   10082 1351362   -1683.400            LT  
61210.000   10094 1353471  -62413.200            LUX 
61210.000   10094 1353544  -57314.300            LUX 
61210.000   10085 1353507       0.000            NIMB
61210.000   10041 1404113  338353.800            MIKE
61210.000   10041 1404108   35244.900            MIKE
61210.000   10041 1404189  180357.100            MIKE
61210.000   10041 1412084   25796.100            MIKE
61210.000   10088 1361806  -12934.900            CNMP
61210.000   10088 1361752   -6832.600            CNMP
61210.000   10088 1363162    9063.400            CNMP
61210.000   10088 1363179  -68524.000            CNMP
61210.000   10063 1360274    3409.300            MSL 
61210.000   10063 1363396   -4314.400            MSL 
61210.000   10063 1363872  118695.100            MSL 
61210.000   10081 1353476    2980.700            NIMT
61210.000   10081 1353472   47428.700            NIMT
61210.000   10081 1353470   48135.800            NIMT
61210.000   10013 1410102    1667.000            NAO 
61210.000   10013 1350779     420.200            NAO 
61210.000   10013 1351689     321.200            NAO 
61210.000   10013 1351214     107.400            NAO 
61210.000   10020 1350343  131372.400            NICT
61210.000   10020 1350907   33728.800            NICT
61210.000   10020 1351778   76934.500            NICT
61210.000   10020 1351789   -8841.800            NICT
61210.000   10020 1351866    1375.800            NICT
61210.000   10020 1351944  110559.100            NICT
61210.000   10020 1352011  107679.200            NICT
61210.000   10020 1352056  111149.900            NICT
61210.000   10020 1352113  -46317.700            NICT
61210.000   10020 1352116  -26805.500            NICT
61210.000   10020 1352570   89050.200            NICT
61210.000   10020 1352620   62163.900            NICT
61210.000   10020 1352627  -25114.000            NICT
61210.000   10020 1352628  -26371.600            NICT
61210.000   10020 1352784   42011.800            NICT
61210.000   10020 1352876  123235.700            NICT
61210.000   10020 1352903   53406.900            NICT
61210.000   10020 1353259  -14542.400            NICT
61210.000   10020 1353594  -14209.000            NICT
61210.000   10020 1353716  -29763.200            NICT
61210.000   10020 1353717  -52704.500            NICT
61210.000   10020 1353718  -47550.500            NICT
61210.000   10020 1353720  -55533.600            NICT
61210.000   10020 1353722  -31709.500            NICT
61210.000   10020 1353909   28267.500            NICT
61210.000   10020 1353912  -40591.800            NICT
61210.000   10020 1353916  -75602.400            NICT
61210.000   10020 1353918   40877.000            NICT
61210.000   10020 1354230   69220.800            NICT
61210.000   10020 1402003   17460.600            NICT
61210.000   10020 1402004  -11916.100            NICT
61210.000   10020 1402012   26972.500            NICT
61210.000   10020 1402013   55960.600            NICT
61210.000   10020 1402014   -1508.200            NICT
61210.000   10020 1402015   86182.500            NICT
61210.000   10020 1411041  -78074.200            NICT
61210.000   10020 1411062   30726.200            NICT
61210.000   10020 1412060   71811.600            NICT
61210.000   10002 1412108  642783.900            NIST
61210.000   10002 1412014 -524379.200            NIST
61210.000   10002 1400004 -187291.800            NIST
61210.000   10002 1400222  735670.400            NIST
61210.000   10002 1400209 -440552.400            NIST
61210.000   10002 1400212  636574.900            NIST
61210.000   10002 1400207  740388.300            NIST
61210.000   10002 1412015  669913.200            NIST
61210.000   10002 1400210  302383.500            NIST
61210.000   10002 1400205  977593.300            NIST
61210.000   10002 1412099  417061.800            NIST
61210.000   10002 1412006  219091.200            NIST
61210.000   10002 1442021 -559533.200            NIST
61210.000   10002 1352935 -657053.500            NIST
61210.000   10002 1352579  981334.400            NIST
61210.000   10002 1402205 -181018.200            NIST
61210.000   10050 1320293  152322.400            NMIJ
61210.000   10017 1412011   49403.700            NPL 
61210.000   10017 1412050   49470.800            NPL 
61210.000   10003 1352150    8404.100            NRC 
61210.000   10003 1362225   16914.200            NRC 
61210.000   10003 1352115   20061.400            NRC 
61210.000   10003 1352148    3129.900            NRC 
61210.000   10003 1400306   92786.100            NRC 
61210.000   10003 1400307   12470.000            NRC 
61210.000   10049 1415325    3249.200            NTSC
61210.000   10049 1415324   -1549.700            NTSC
61210.000   10049 1415322    3273.200            NTSC
61210.000   10049 1415316   -6374.000            NTSC
61210.000   10049 1415085    -548.100            NTSC
61210.000   10049 1414922    7432.100            NTSC
61210.000   10049 1404967    6889.700            NTSC
61210.000   10049 1352142   15118.300            NTSC
61210.000   10016 1354619       0.000            INXE
61210.000   10008 1352027   35030.500            OP  
61210.000   10008 1400889    7598.100            OP  
61210.000   10008 1353765   81648.500            OP  
61210.000   10008 1400810   23200.300            OP  
61210.000   10008 1400809   39004.500            OP  
61210.000   10008 1400890   32444.500            OP  
61210.000   10026 1352722   -1975.500            ORB 
61210.000   10026 1352724   10782.100            ORB 
61210.000   10026 1411030   85361.100            ORB 
61210.000   10026 1402602  409066.800            ORB 
61210.000   10026 1352723    1986.900            ORB 
61210.000   10040 1350441    -792.800            PL  
61210.000   10040 1415318 -124695.800            PL  
61210.000   10040 1415321   28991.400            PL  
61210.000   10040 1354603     275.600            PL  
61210.000   10040 1354597     266.000            PL  
61210.000   10005 1920001   41800.200            PTB 
61210.000   10005 1920002   37760.500            PTB 
61210.000   10005 1355322    9148.700            PTB 
61210.000   10005 1400510    9796.300            PTB 
61210.000   10005 1400506   34288.200            PTB 
61210.000   10005 1400508   34922.000            PTB 
61210.000   10005 1400509   10454.400            PTB 
61210.000   10005 1415245   -7194.200            PTB 
61210.000   10005 1400512    7941.200            PTB 
61210.000   10005 1415221    3653.700            PTB 
61210.000   10019 1351942   71100.000            ONRJ
61210.000   10019 1320337   51937.100            ONRJ
61210.000   10019 1354204   76486.500            ONRJ
61210.000   10019 1350147   60187.900            ONRJ
61210.000   10019 1353364   39863.400            ONRJ
61210.000   10019 1351153  -12998.100            ONRJ
61210.000   10019 1401958  141221.400            ONRJ
61210.000   10014 1350583   -5329.000            ROA 
61210.000   10014 1350718   -2019.700            ROA 
61210.000   10014 1361490   87966.900            ROA 
61210.000   10014 1361488   86570.400            ROA 
61210.000   10014 1351699   55744.300            ROA 
61210.000   10014 1401436 2013041.400            ROA 
61210.000   10014 1412032 1368979.800            ROA 
61210.000   10014 1352270    8015.700            ROA 
61210.000   10062 1352932       0.000            SASO
61210.000   10062 1352931    1465.500            SASO
61210.000   10062 1351628    1579.300            SASO
61210.000   10062 1350221   -1265.200            SASO
61210.000   10067 1352178  -21899.800            SCL 
61210.000   10067 1415314    2455.600            SCL 
61210.000   10067 1353448    3045.200            SCL 
61210.000   10072 1352745  -23341.100            SP  
61210.000   10072 1352750    1205.600            SP  
61210.000   10072 1352758   -2503.400            SP  
61210.000   10072 1354707    6466.000            SP  
61210.000   10072 1362746    1306.400            SP  
61210.000   10072 1362749   24390.800            SP  
61210.000   10072 1362956   -5045.800            SP  
61210.000   10072 1365149   65360.900            SP  
61210.000   10072 1407201    4531.000            SP  
61210.000   10072 1407231  275131.200            SP  
61210.000   10072 1407232  436900.800            SP  
61210.000   10072 1415319   44773.700            SP  
61210.000   10038 1403809 -411405.300            SU  
61210.000   10038 1403811 -281923.800            SU  
61210.000   10038 1403812  -22732.200            SU  
61210.000   10038 1403844 -559181.400            SU  
61210.000   10038 1403853    5600.200            SU  
61210.000   10038 1403833 -394083.600            SU  
61210.000   10038 1403846   50103.500            SU  
61210.000   10038 1403814 -638684.900            SU  
61210.000   10038 1403815 -329522.700            SU  
61210.000   10038 1403816 -297188.500            SU  
61210.000   10038 1403834   12482.300            SU  
61210.000   10038 1403841  -33793.600            SU  
61210.000   10038 1403840   11553.100            SU  
61210.000   10038 1403845 -454501.500            SU  
61210.000   10030 1403011  216817.300            TL  
61210.000   10030 1413202  261980.000            TL  
61210.000   10030 1353942  -39185.200            TL  
61210.000   10030 1353947   58191.600            TL  
61210.000   10030 1354060  -14968.200            TL  
61210.000   10068 1411028       0.000            UME 
61210.000   10068 1352703     135.800            UME 
61210.000   10068 1350251     287.400            UME 
61210.000   10068 1350872    -898.500            UME 
61210.000   10068 1352710    1041.300            UME 
61210.000   10007 1400711 3354011.200            USNO
61210.000   10007 1400719  482305.600            USNO
61210.000   10007 1400702  -65252.000            USNO
61210.000   10007 1400708  680384.000            USNO
61210.000   10007 1400704  119681.700            USNO
61210.000   10007 1400718 1984167.900            USNO
61210.000   10007 1400710 -841816.300            USNO
61210.000   10007 1400715  440503.700            USNO
61210.000   10007 1350161   80798.600            USNO
61210.000   10007 1400727 -765907.000            USNO
61210.000   10007 1400725 -221055.700            USNO
61210.000   10007 1400724 -828285.700            USNO
61210.000   10007 1400723 -604027.900            USNO
61210.000   10007 1400722 2668292.400            USNO
61210.000   10007 1400721  529189.000            USNO
61210.000   10007 1400720 1264396.300            USNO
61210.000   10007 1400730 2207278.300            USNO
61210.000   10007 1400731 -423673.500            USNO
61210.000   10007 1400732  794927.700            USNO
61210.000   10007 1400736 1222570.300            USNO
61210.000   10007 1400737 2484252.600            USNO
61210.000   10007 1400740 1174701.900            USNO
61210.000   10007 1400713  470335.200            USNO
61210.000   10007 1400716  710662.000            USNO
61210.000   10007 1400733  151285.800            USNO
61210.000   10064 1355005       0.000            UZ  
61210.000   10064 1354998 4035576.200            UZ  
61210.000   10028 1353669  -11167.600            VMI 
61210.000   10028 1361233  -11206.000            VMI 
61210.000   10028 1353670  -11425.400            VMI 
61210.000   10024 1354466   10502.600            VSL 
61210.000   10024 1355008    7828.500            VSL 
61210.000   10024 1355697    1919.400            VSL 
61210.000   10055 1352191     -65.900            DMDM
61210.000   10055 1362033  -61029.800            DMDM
