61131.000   10046 1404601   26031.000            AOS 
61131.000   10046 1352394   -1001.100            AOS 
61131.000   10031 1353842    2409.100            APL 
61131.000   10031 1403107  262974.700            APL 
61131.000   10031 1403108  486380.400            APL 
61131.000   10031 1403109  134562.900            APL 
61131.000   10031 1412174   27577.600            APL 
61131.000   10054 1362269     128.000            AUS 
61131.000   10054 1360340   12748.000            AUS 
61131.000   10054 1360654  -44163.000            AUS 
61131.000   10054 1363814    4483.000            AUS 
61131.000   10054 1364971    7415.000            AUS 
61131.000   10054 1360299   28287.000            AUS 
61131.000   10101 1355360       0.000            AZ  
61131.000   10101 1355361   -1173.700            AZ  
61131.000   10075 1352685    3242.900            IMBH
61131.000   10075 1320192   -8501.000            IMBH
61131.000   10075 1320193  -40932.000            IMBH
61131.000   10071 1353447     889.400            BIRM
61131.000   10071 1353689    9922.400            BIRM
61131.000   10071 1407107 -413009.600            BIRM
61131.000   10071 1407112   -9289.400            BIRM
61131.000   10071 1415303   -4347.300            BIRM
61131.000   10071 1415304  -11168.300            BIRM
61131.000   10071 1415305  -20033.400            BIRM
61131.000   10092 1363159    4253.400            ICE 
61131.000   10092 1363522    3632.300            ICE 
61131.000   10057 1355202    -687.900            CH  
61131.000   10057 1373644    -919.500            CH  
61131.000   10057 1405701   -1980.400            CH  
61131.000   10057 1405702   21979.900            CH  
61131.000   10057 1411117     -64.100            CH  
61131.000   10073 1353612  -13140.500            CNM 
61131.000   10073 1413211   -1041.700            CNM 
61131.000   10073 1413212   56274.700            CNM 
61131.000   10074 1411045    4542.400            DLR 
61131.000   10053 1350136     -83.300            DTAG
61131.000   10053 1355332   -1651.800            DTAG
61131.000   10053 1352635    2648.700            DTAG
61131.000   10025 1352025    4243.400            ESA 
61131.000   10025 1351615   -4623.400            ESA 
61131.000   10025 1352353   11631.000            ESA 
61131.000   10025 1352210   29192.800            ESA 
61131.000   10025 1402543  -35885.000            ESA 
61131.000   10025 1402541 -107946.300            ESA 
61131.000   10025 1411033   -1728.100            ESA 
61131.000   10089 1354233       0.000            HKO 
61131.000   10089 1355122    1271.600            HKO 
61131.000   10099 1354701       0.000            IFZG
61131.000   10093 1353401       0.000            NSAI
61131.000   10044 1361167    1059.100            IFAG
61131.000   10044 1361173     370.100            IFAG
61131.000   10044 1361629   10085.400            IFAG
61131.000   10044 1361732    6916.600            IFAG
61131.000   10044 1361798     874.200            IFAG
61131.000   10044 1404439    4524.800            IFAG
61131.000   10044 1404418   15334.900            IFAG
61131.000   10048 1404878  940402.200            NIM 
61131.000   10048 1404871 1064603.800            NIM 
61131.000   10048 1404832 1069022.500            NIM 
61131.000   10048 1404879 1908709.900            NIM 
61131.000   10048 1404880 2190155.600            NIM 
61131.000   10048 1352742  112543.900            NIM 
61131.000   10048 1404849 1414862.100            NIM 
61131.000   10048 1404856   93942.300            NIM 
61131.000   10048 1404857   25063.400            NIM 
61131.000   10048 1404821    2927.600            NIM 
61131.000   10048 1404850     658.000            NIM 
61131.000   10048 1404870    5483.300            NIM 
61131.000   10015 1362377       0.000            INTI
61131.000   10015 1363270   12405.700            INTI
61131.000   10015 1363511    6130.500            INTI
61131.000   10070 1353546    8509.400            IPQ 
61131.000   10083 1353654    9912.900            NIS 
61131.000   10083 1354391   17396.800            NIS 
61131.000   10083 1353812  -28986.500            NIS 
61131.000   10083 1352182   -4187.000            NIS 
61131.000   10011 1350219   -1073.800            IT  
61131.000   10011 1352487    -495.900            IT  
61131.000   10011 1401101  258248.300            IT  
61131.000   10011 1401102  295284.100            IT  
61131.000   10011 1401103   35355.900            IT  
61131.000   10011 1401104    8307.000            IT  
61131.000   10011 1411079   -1291.400            IT  
61131.000   10011 1411078    3709.000            IT  
61131.000   10011 1422012     934.700            IT  
61131.000   10035 1350832   17545.500            BSJ 
61131.000   10035 1350833    9623.400            BSJ 
61131.000   10087 1361277 -112080.500            JV  
61131.000   10087 1362617   70577.600            JV  
61131.000   10087 1415218  -42135.700            JV  
61131.000   10087 1411122   16472.600            JV  
61131.000   10056 1351783   40572.800            KRIS
61131.000   10056 1405624  166286.800            KRIS
61131.000   10056 1405625  481210.100            KRIS
61131.000   10056 1405626   15639.400            KRIS
61131.000   10027 1415201    -691.300            KZ  
61131.000   10027 1415205    1752.700            KZ  
61131.000   10027 1415266   -2707.700            KZ  
61131.000   10052 1351324  -11161.400            NPLI
61131.000   10052 1353376  -10751.200            NPLI
61131.000   10052 1353457    3406.000            NPLI
61131.000   10052 1353413   45058.200            NPLI
61131.000   10052 1353453    5235.600            NPLI
61131.000   10052 1415225  117300.400            NPLI
61131.000   10052 1415365   48500.100            NPLI
61131.000   10052 1415363    3719.300            NPLI
61131.000   10052 1415364   11801.100            NPLI
61131.000   10091 1352370  -10172.800            LRTE
61131.000   10082 1351868       0.000            LT  
61131.000   10082 1351362   -1713.500            LT  
61131.000   10094 1353471  -61604.400            LUX 
61131.000   10094 1353544  -57652.800            LUX 
61131.000   10041 1404113  330548.000            MIKE
61131.000   10041 1404108   31765.000            MIKE
61131.000   10041 1404189  183122.800            MIKE
61131.000   10041 1412084   26762.700            MIKE
61131.000   10088 1361806  -12647.000            CNMP
61131.000   10088 1361752   -6739.900            CNMP
61131.000   10088 1363162    8498.200            CNMP
61131.000   10088 1363179  -67217.100            CNMP
61131.000   10063 1360274    3281.900            MSL 
61131.000   10063 1363396   -4321.100            MSL 
61131.000   10063 1363872  114872.700            MSL 
61131.000   10081 1353476    3891.800            NIMT
61131.000   10081 1353472   46515.300            NIMT
61131.000   10081 1353470   46744.900            NIMT
61131.000   10013 1410102    -940.300            NAO 
61131.000   10013 1350779    5640.700            NAO 
61131.000   10013 1351689    -540.200            NAO 
61131.000   10013 1351214     107.400            NAO 
61131.000   10020 1350343  129238.500            NICT
61131.000   10020 1350907   34936.200            NICT
61131.000   10020 1351226  -16776.800            NICT
61131.000   10020 1351778   75863.700            NICT
61131.000   10020 1351789   -8334.700            NICT
61131.000   10020 1351866    1389.700            NICT
61131.000   10020 1351944  109601.500            NICT
61131.000   10020 1352011  107931.400            NICT
61131.000   10020 1352056  110151.800            NICT
61131.000   10020 1352113  -46014.800            NICT
61131.000   10020 1352116  -27158.300            NICT
61131.000   10020 1352570   88456.400            NICT
61131.000   10020 1352620   60950.800            NICT
61131.000   10020 1352627  -23906.400            NICT
61131.000   10020 1352628  -25376.100            NICT
61131.000   10020 1352784   42858.700            NICT
61131.000   10020 1352876  123546.400            NICT
61131.000   10020 1352903   52999.800            NICT
61131.000   10020 1353594  -14551.900            NICT
61131.000   10020 1353716  -28924.100            NICT
61131.000   10020 1353717  -50900.000            NICT
61131.000   10020 1353718  -45441.500            NICT
61131.000   10020 1353720  -54364.300            NICT
61131.000   10020 1353722  -31036.400            NICT
61131.000   10020 1353909   27671.600            NICT
61131.000   10020 1353912  -38922.700            NICT
61131.000   10020 1353916  -72877.500            NICT
61131.000   10020 1353918   39577.700            NICT
61131.000   10020 1354230   68827.000            NICT
61131.000   10020 1402003   16514.300            NICT
61131.000   10020 1402004  -10075.000            NICT
61131.000   10020 1402012   30612.800            NICT
61131.000   10020 1402013   46043.300            NICT
61131.000   10020 1402014   -2116.400            NICT
61131.000   10020 1402015   76313.200            NICT
61131.000   10020 1411041  -67650.100            NICT
61131.000   10020 1411062   32318.700            NICT
61131.000   10020 1412060   65302.000            NICT
61131.000   10002 1412108  583669.500            NIST
61131.000   10002 1412014 -536133.300            NIST
61131.000   10002 1400004 -193677.500            NIST
61131.000   10002 1400222  730990.200            NIST
61131.000   10002 1400209 -446481.700            NIST
61131.000   10002 1400212  539561.300            NIST
61131.000   10002 1400207  685087.400            NIST
61131.000   10002 1412015  633285.900            NIST
61131.000   10002 1400210  229756.000            NIST
61131.000   10002 1400205  979036.900            NIST
61131.000   10002 1412099  324138.800            NIST
61131.000   10002 1412006  138599.500            NIST
61131.000   10002 1442021 -564065.400            NIST
61131.000   10002 1352935 -655201.800            NIST
61131.000   10002 1352579  979819.700            NIST
61131.000   10002 1402205 -223999.000            NIST
61131.000   10050 1320293  134086.200            NMIJ
61131.000   10017 1412011   48377.100            NPL 
61131.000   10017 1412050   46750.500            NPL 
61131.000   10003 1352150    8216.300            NRC 
61131.000   10003 1362225   17100.300            NRC 
61131.000   10003 1352115   19519.900            NRC 
61131.000   10003 1352148    3193.400            NRC 
61131.000   10003 1400306   92366.300            NRC 
61131.000   10003 1400307   11478.700            NRC 
61131.000   10049 1415324   -1652.000            NTSC
61131.000   10049 1415316   -5800.400            NTSC
61131.000   10049 1415082   51619.100            NTSC
61131.000   10049 1414922    6145.000            NTSC
61131.000   10049 1404967    5787.100            NTSC
61131.000   10049 1354937   14382.800            NTSC
61131.000   10049 1352142   15177.300            NTSC
61131.000   10016 1354619       0.000            INXE
61131.000   10008 1352027   33767.000            OP  
61131.000   10008 1400889    5726.500            OP  
61131.000   10008 1353765   79731.700            OP  
61131.000   10008 1400810   21382.900            OP  
61131.000   10008 1400809   36414.900            OP  
61131.000   10008 1400890   30376.300            OP  
61131.000   10026 1352722   -2122.500            ORB 
61131.000   10026 1352724    9971.500            ORB 
61131.000   10026 1411030   79021.300            ORB 
61131.000   10026 1402602  369397.600            ORB 
61131.000   10026 1352723    1640.500            ORB 
61131.000   10040 1350441    -791.400            PL  
61131.000   10040 1415318  -42361.800            PL  
61131.000   10040 1415321   26513.000            PL  
61131.000   10040 1354603     167.600            PL  
61131.000   10040 1354597     266.400            PL  
61131.000   10005 1920001   41617.500            PTB 
61131.000   10005 1920002   37594.700            PTB 
61131.000   10005 1355322    8913.900            PTB 
61131.000   10005 1400510    9258.700            PTB 
61131.000   10005 1400506   32891.700            PTB 
61131.000   10005 1400508   33464.300            PTB 
61131.000   10005 1400509   10058.100            PTB 
61131.000   10005 1415245   -6060.800            PTB 
61131.000   10005 1400512    7133.200            PTB 
61131.000   10005 1415221    3589.800            PTB 
61131.000   10019 1351942   69589.000            ONRJ
61131.000   10019 1320337   51229.500            ONRJ
61131.000   10019 1354204   72752.900            ONRJ
61131.000   10019 1350147   59707.800            ONRJ
61131.000   10019 1350102   19825.000            ONRJ
61131.000   10019 1353364   39111.700            ONRJ
61131.000   10019 1351153  -12088.000            ONRJ
61131.000   10019 1401958  130321.700            ONRJ
61131.000   10014 1350583   -4912.400            ROA 
61131.000   10014 1350718   -2538.400            ROA 
61131.000   10014 1361490   87458.700            ROA 
61131.000   10014 1361488   85638.000            ROA 
61131.000   10014 1351699   55260.100            ROA 
61131.000   10014 1401436 1963754.200            ROA 
61131.000   10014 1412032 1317520.800            ROA 
61131.000   10014 1352270    7916.400            ROA 
61131.000   10062 1352932       0.000            SASO
61131.000   10062 1352931     552.200            SASO
61131.000   10062 1351628    1037.800            SASO
61131.000   10062 1350221    -765.100            SASO
61131.000   10067 1352525   -8534.200            SCL 
61131.000   10067 1352178  -20416.600            SCL 
61131.000   10067 1415314    1493.200            SCL 
61131.000   10067 1353448    1152.600            SCL 
61131.000   10079 1352003   34108.100            SMD 
61131.000   10079 1352543  -26531.300            SMD 
61131.000   10079 1411049   -1934.700            SMD 
61131.000   10072 1352745  -22160.300            SP  
61131.000   10072 1352749   22560.100            SP  
61131.000   10072 1352758   -2463.500            SP  
61131.000   10072 1354707    6570.400            SP  
61131.000   10072 1362295    4024.000            SP  
61131.000   10072 1365149   58458.400            SP  
61131.000   10072 1407201    1598.200            SP  
61131.000   10072 1407223  156496.100            SP  
61131.000   10072 1407231  255179.000            SP  
61131.000   10072 1407232  409373.800            SP  
61131.000   10072 1415319   42601.900            SP  
61131.000   10038 1403809 -410120.800            SU  
61131.000   10038 1403811 -282038.900            SU  
61131.000   10038 1403812  -25412.800            SU  
61131.000   10038 1403844 -560905.600            SU  
61131.000   10038 1403853    4565.100            SU  
61131.000   10038 1403833 -396073.100            SU  
61131.000   10038 1403846   47919.400            SU  
61131.000   10038 1403814 -648360.700            SU  
61131.000   10038 1403815 -331823.700            SU  
61131.000   10038 1403834   10975.200            SU  
61131.000   10038 1403841  -37379.100            SU  
61131.000   10038 1403840   10341.500            SU  
61131.000   10038 1403845 -453976.400            SU  
61131.000   10030 1403011  173232.500            TL  
61131.000   10030 1413202  236429.500            TL  
61131.000   10030 1353942  -37418.700            TL  
61131.000   10030 1353947   56040.900            TL  
61131.000   10030 1354060  -14371.900            TL  
61131.000   10022 1320211 1999885.400            TP  
61131.000   10022 1320247  998915.300            TP  
61131.000   10022 1351227       0.000            TP  
61131.000   10022 1352179      75.700            TP  
61131.000   10022 1352476     591.200            TP  
61131.000   10022 1353519    -119.900            TP  
61131.000   10068 1411028       0.000            UME 
61131.000   10068 1352703     361.200            UME 
61131.000   10068 1350251     359.700            UME 
61131.000   10068 1350872     288.500            UME 
61131.000   10068 1352710     367.800            UME 
61131.000   10007 1400711 3309614.700            USNO
61131.000   10007 1400712  274725.000            USNO
61131.000   10007 1400719  466219.500            USNO
61131.000   10007 1400702  -65475.800            USNO
61131.000   10007 1400708  669951.700            USNO
61131.000   10007 1400704  115704.300            USNO
61131.000   10007 1400718 1953518.800            USNO
61131.000   10007 1400710 -804112.500            USNO
61131.000   10007 1400726 1301166.900            USNO
61131.000   10007 1400715  426310.900            USNO
61131.000   10007 1350161   80944.000            USNO
61131.000   10007 1400727 -739579.900            USNO
61131.000   10007 1400729 2249859.100            USNO
61131.000   10007 1400725 -220003.200            USNO
61131.000   10007 1400724 -819710.400            USNO
61131.000   10007 1400723 -605389.000            USNO
61131.000   10007 1400722 2692375.100            USNO
61131.000   10007 1400721  465019.200            USNO
61131.000   10007 1400720 1256718.300            USNO
61131.000   10007 1400730 2159359.500            USNO
61131.000   10007 1400731 -410082.300            USNO
61131.000   10007 1400732  764844.800            USNO
61131.000   10007 1400736 1218121.300            USNO
61131.000   10007 1400737 2461934.300            USNO
61131.000   10007 1400740 1125243.700            USNO
61131.000   10007 1400713  458706.800            USNO
61131.000   10007 1400714   96867.600            USNO
61131.000   10007 1400716  691297.600            USNO
61131.000   10007 1400738  108988.200            USNO
61131.000   10064 1355005       0.000            UZ  
61131.000   10064 1354998 5076152.900            UZ  
61131.000   10028 1353669   19633.900            VMI 
61131.000   10028 1361233   12237.800            VMI 
61131.000   10028 1353670  -25426.100            VMI 
61131.000   10024 1411040   -2882.700            VSL 
61131.000   10024 1354466    9955.600            VSL 
61131.000   10024 1355008    7198.800            VSL 
61131.000   10024 1355697    1129.300            VSL 
61131.000   10055 1352191    -106.700            DMDM
61131.000   10055 1362033  -56494.300            DMDM
