61108.000   10021 1352938       0.000            UAE 
61108.000   10021 1352940   -1951.700            UAE 
61108.000   10046 1404601   25491.100            AOS 
61108.000   10046 1352394    -904.000            AOS 
61108.000   10031 1353842    2397.700            APL 
61108.000   10031 1403107  260665.100            APL 
61108.000   10031 1403108  468552.200            APL 
61108.000   10031 1403109  133972.800            APL 
61108.000   10031 1412174   25210.600            APL 
61108.000   10054 1362269      98.000            AUS 
61108.000   10054 1360340   12526.000            AUS 
61108.000   10054 1360654  -43599.000            AUS 
61108.000   10054 1363814    4352.000            AUS 
61108.000   10054 1364971    7205.000            AUS 
61108.000   10054 1360299   28012.000            AUS 
61108.000   10101 1355360       0.000            AZ  
61108.000   10101 1355361   -1072.800            AZ  
61108.000   10075 1352685    3156.500            IMBH
61108.000   10075 1320192   -8296.500            IMBH
61108.000   10075 1320193  -40045.200            IMBH
61108.000   10071 1353447     977.400            BIRM
61108.000   10071 1353689    9900.600            BIRM
61108.000   10071 1407107 -404571.200            BIRM
61108.000   10071 1407112   -8381.000            BIRM
61108.000   10071 1415303   -3889.500            BIRM
61108.000   10071 1415304  -10651.100            BIRM
61108.000   10071 1415305  -19415.900            BIRM
61108.000   10092 1363159    4411.900            ICE 
61108.000   10092 1363522    3587.500            ICE 
61108.000   10057 1352117   14136.800            CH  
61108.000   10057 1355202    -645.000            CH  
61108.000   10057 1373644    -845.400            CH  
61108.000   10057 1405701   -1872.700            CH  
61108.000   10057 1405702   22398.800            CH  
61108.000   10057 1411117    -104.300            CH  
61108.000   10073 1353612  -12357.800            CNM 
61108.000   10073 1413211   -1029.200            CNM 
61108.000   10073 1413212   51585.900            CNM 
61108.000   10074 1411045    4203.200            DLR 
61108.000   10053 1350136     -83.300            DTAG
61108.000   10053 1355332   -1633.200            DTAG
61108.000   10053 1352635    2568.000            DTAG
61108.000   10025 1352025    4166.300            ESA 
61108.000   10025 1351615   -4562.000            ESA 
61108.000   10025 1352353   11466.700            ESA 
61108.000   10025 1352210   28714.800            ESA 
61108.000   10025 1402543  -33205.900            ESA 
61108.000   10025 1402541 -103010.700            ESA 
61108.000   10025 1411033   -1388.100            ESA 
61108.000   10089 1354233       0.000            HKO 
61108.000   10089 1355122    1264.900            HKO 
61108.000   10099 1354701       0.000            IFZG
61108.000   10093 1353401       0.000            NSAI
61108.000   10044 1361167    1176.100            IFAG
61108.000   10044 1361173     441.200            IFAG
61108.000   10044 1361629    9627.700            IFAG
61108.000   10044 1361732    6627.300            IFAG
61108.000   10044 1361798    1000.700            IFAG
61108.000   10044 1404439    4505.300            IFAG
61108.000   10044 1404418   15289.600            IFAG
61108.000   10048 1404878  929413.900            NIM 
61108.000   10048 1404871 1051401.100            NIM 
61108.000   10048 1404832 1051609.100            NIM 
61108.000   10048 1404879 1895791.100            NIM 
61108.000   10048 1404880 2176571.700            NIM 
61108.000   10048 1352742  111873.800            NIM 
61108.000   10048 1404849 1414715.200            NIM 
61108.000   10048 1404856   93772.900            NIM 
61108.000   10048 1404857   25164.300            NIM 
61108.000   10048 1404821    2852.300            NIM 
61108.000   10048 1404850     627.100            NIM 
61108.000   10048 1404870    5314.600            NIM 
61108.000   10015 1362377       0.000            INTI
61108.000   10015 1363270   12231.000            INTI
61108.000   10015 1363511    6046.800            INTI
61108.000   10070 1353546    8509.500            IPQ 
61108.000   10083 1353654    9813.600            NIS 
61108.000   10083 1354391   16920.800            NIS 
61108.000   10083 1353812  -28462.800            NIS 
61108.000   10083 1352182   -4129.000            NIS 
61108.000   10011 1350219   -1052.900            IT  
61108.000   10011 1352487    -443.800            IT  
61108.000   10011 1401101  246357.200            IT  
61108.000   10011 1401102  292953.400            IT  
61108.000   10011 1401103   34462.900            IT  
61108.000   10011 1401104    9575.000            IT  
61108.000   10011 1411079   -1107.100            IT  
61108.000   10011 1411078    3326.900            IT  
61108.000   10011 1422012     898.700            IT  
61108.000   10035 1350832   17144.900            BSJ 
61108.000   10035 1350833    9408.500            BSJ 
61108.000   10087 1361277 -111893.700            JV  
61108.000   10087 1362617   70221.500            JV  
61108.000   10087 1415218  -42117.100            JV  
61108.000   10087 1411122   15804.500            JV  
61108.000   10056 1351783   40045.600            KRIS
61108.000   10056 1405624  162967.200            KRIS
61108.000   10056 1405625  471432.200            KRIS
61108.000   10056 1405626   15225.000            KRIS
61108.000   10027 1415201    -671.000            KZ  
61108.000   10027 1415205    1647.300            KZ  
61108.000   10027 1415266   -2549.900            KZ  
61108.000   10052 1351324  -11089.700            NPLI
61108.000   10052 1353376  -10662.500            NPLI
61108.000   10052 1353457    3364.700            NPLI
61108.000   10052 1353413   44782.000            NPLI
61108.000   10052 1353453    5173.700            NPLI
61108.000   10052 1415225  115195.400            NPLI
61108.000   10052 1415365   47738.700            NPLI
61108.000   10052 1415363    3485.700            NPLI
61108.000   10052 1415364   11534.200            NPLI
61108.000   10091 1352370   -8547.800            LRTE
61108.000   10082 1351868       0.000            LT  
61108.000   10082 1351362   -1690.700            LT  
61108.000   10094 1353471  -61375.400            LUX 
61108.000   10094 1353544  -57761.800            LUX 
61108.000   10041 1404113  328273.900            MIKE
61108.000   10041 1404108   30915.700            MIKE
61108.000   10041 1404189  184167.000            MIKE
61108.000   10041 1412084   27057.200            MIKE
61108.000   10088 1361806  -12585.000            CNMP
61108.000   10088 1361752   -6701.700            CNMP
61108.000   10088 1363162    8353.400            CNMP
61108.000   10088 1363179  -66840.800            CNMP
61108.000   10063 1360274    3197.700            MSL 
61108.000   10063 1363396   -4344.200            MSL 
61108.000   10063 1363872  113749.900            MSL 
61108.000   10081 1353476    4142.400            NIMT
61108.000   10081 1353472   46229.900            NIMT
61108.000   10081 1353470   46356.600            NIMT
61108.000   10013 1410102   -1386.900            NAO 
61108.000   10013 1350779    6001.600            NAO 
61108.000   10013 1351689    -327.400            NAO 
61108.000   10013 1351214     107.500            NAO 
61108.000   10020 1350343  128639.700            NICT
61108.000   10020 1350907   35299.300            NICT
61108.000   10020 1351226  -16718.700            NICT
61108.000   10020 1351778   75565.500            NICT
61108.000   10020 1351789   -8197.700            NICT
61108.000   10020 1351866    1409.200            NICT
61108.000   10020 1351944  109320.300            NICT
61108.000   10020 1352011  108017.100            NICT
61108.000   10020 1352056  109871.000            NICT
61108.000   10020 1352113  -45919.900            NICT
61108.000   10020 1352116  -27243.600            NICT
61108.000   10020 1352570   88280.100            NICT
61108.000   10020 1352620   60606.900            NICT
61108.000   10020 1352627  -23548.100            NICT
61108.000   10020 1352628  -25102.900            NICT
61108.000   10020 1352784   43119.000            NICT
61108.000   10020 1352876  123647.200            NICT
61108.000   10020 1352903   52876.700            NICT
61108.000   10020 1353594  -14707.700            NICT
61108.000   10020 1353716  -28667.700            NICT
61108.000   10020 1353717  -50405.900            NICT
61108.000   10020 1353718  -44855.400            NICT
61108.000   10020 1353720  -54004.400            NICT
61108.000   10020 1353722  -30828.000            NICT
61108.000   10020 1353909   27520.200            NICT
61108.000   10020 1353912  -38440.100            NICT
61108.000   10020 1353916  -72102.000            NICT
61108.000   10020 1353918   39214.600            NICT
61108.000   10020 1354230   68659.300            NICT
61108.000   10020 1355334   85871.500            NICT
61108.000   10020 1402003   16246.500            NICT
61108.000   10020 1402004   -9540.400            NICT
61108.000   10020 1402012   31728.200            NICT
61108.000   10020 1402013   43287.600            NICT
61108.000   10020 1402014   -2245.200            NICT
61108.000   10020 1402015   73530.000            NICT
61108.000   10020 1411041  -64674.600            NICT
61108.000   10020 1411062   32780.300            NICT
61108.000   10020 1412060   63473.800            NICT
61108.000   10002 1412108  566643.300            NIST
61108.000   10002 1412014 -539490.300            NIST
61108.000   10002 1400004 -195523.600            NIST
61108.000   10002 1400222  729627.500            NIST
61108.000   10002 1400209 -448101.400            NIST
61108.000   10002 1400212  511627.900            NIST
61108.000   10002 1400207  669051.000            NIST
61108.000   10002 1412015  622688.300            NIST
61108.000   10002 1400210  208772.900            NIST
61108.000   10002 1400205  979459.600            NIST
61108.000   10002 1352792 -548675.000            NIST
61108.000   10002 1412099  297264.900            NIST
61108.000   10002 1412006  115358.500            NIST
61108.000   10002 1442021 -565138.900            NIST
61108.000   10002 1352935 -654636.100            NIST
61108.000   10002 1352579  979394.500            NIST
61108.000   10002 1402205 -236421.500            NIST
61108.000   10050 1320293  128722.400            NMIJ
61108.000   10017 1412011   48090.300            NPL 
61108.000   10017 1412050   46218.700            NPL 
61108.000   10003 1352150    8185.900            NRC 
61108.000   10003 1362225   17093.600            NRC 
61108.000   10003 1352115   19371.700            NRC 
61108.000   10003 1352148    3224.200            NRC 
61108.000   10003 1400306   92328.200            NRC 
61108.000   10003 1400307   11199.100            NRC 
61108.000   10049 1415324   -1655.700            NTSC
61108.000   10049 1415322    2423.000            NTSC
61108.000   10049 1415316   -5634.700            NTSC
61108.000   10049 1415082   50214.100            NTSC
61108.000   10049 1414922    5790.400            NTSC
61108.000   10049 1404967    5483.200            NTSC
61108.000   10049 1354937   14413.500            NTSC
61108.000   10049 1352142   15199.400            NTSC
61108.000   10016 1354619       0.000            INXE
61108.000   10008 1352027   33395.300            OP  
61108.000   10008 1400889    5187.300            OP  
61108.000   10008 1353765   79161.800            OP  
61108.000   10008 1400810   20867.000            OP  
61108.000   10008 1400809   35678.000            OP  
61108.000   10008 1400890   29776.200            OP  
61108.000   10026 1352722   -2042.900            ORB 
61108.000   10026 1352724    9743.500            ORB 
61108.000   10026 1411030   77191.700            ORB 
61108.000   10026 1402602  357853.800            ORB 
61108.000   10026 1352723    1523.100            ORB 
61108.000   10040 1350441    -777.800            PL  
61108.000   10040 1415318  -25613.000            PL  
61108.000   10040 1415321   25848.900            PL  
61108.000   10040 1354603     143.500            PL  
61108.000   10040 1354597     259.500            PL  
61108.000   10005 1920001   41584.600            PTB 
61108.000   10005 1920002   37568.900            PTB 
61108.000   10005 1355322    8842.000            PTB 
61108.000   10005 1400510    9042.000            PTB 
61108.000   10005 1400506   32543.600            PTB 
61108.000   10005 1400508   33130.200            PTB 
61108.000   10005 1400509    9944.500            PTB 
61108.000   10005 1415245   -5739.500            PTB 
61108.000   10005 1400512    6905.600            PTB 
61108.000   10005 1415221    3569.100            PTB 
61108.000   10019 1351942   69138.300            ONRJ
61108.000   10019 1320337   51010.600            ONRJ
61108.000   10019 1354204   71664.300            ONRJ
61108.000   10019 1350147   59573.100            ONRJ
61108.000   10019 1350102   19617.100            ONRJ
61108.000   10019 1353364   38875.400            ONRJ
61108.000   10019 1351153  -11824.700            ONRJ
61108.000   10019 1401958  127249.400            ONRJ
61108.000   10014 1350583   -4787.900            ROA 
61108.000   10014 1350718   -2699.200            ROA 
61108.000   10014 1361490   87259.200            ROA 
61108.000   10014 1361488   85402.600            ROA 
61108.000   10014 1351699   55113.400            ROA 
61108.000   10014 1401436 1949504.300            ROA 
61108.000   10014 1412032 1302656.800            ROA 
61108.000   10014 1352270    7874.800            ROA 
61108.000   10062 1352932       0.000            SASO
61108.000   10062 1352931     290.500            SASO
61108.000   10062 1351628     902.300            SASO
61108.000   10062 1350221    -625.600            SASO
61108.000   10067 1352525   -8332.900            SCL 
61108.000   10067 1352178  -20019.800            SCL 
61108.000   10067 1415314    1214.400            SCL 
61108.000   10067 1353448     601.500            SCL 
61108.000   10079 1352003   33953.200            SMD 
61108.000   10079 1352543  -26190.500            SMD 
61108.000   10079 1411049   -1947.400            SMD 
61108.000   10072 1352745  -21788.600            SP  
61108.000   10072 1352749   22044.800            SP  
61108.000   10072 1352758   -2439.500            SP  
61108.000   10072 1354707    6581.500            SP  
61108.000   10072 1362295    3321.000            SP  
61108.000   10072 1365149   56403.900            SP  
61108.000   10072 1407201     826.400            SP  
61108.000   10072 1407223  155060.200            SP  
61108.000   10072 1407231  249475.500            SP  
61108.000   10072 1407232  401445.500            SP  
61108.000   10072 1415319   41974.300            SP  
61108.000   10038 1403809 -409736.400            SU  
61108.000   10038 1403811 -282055.600            SU  
61108.000   10038 1403812  -26161.300            SU  
61108.000   10038 1403844 -561400.800            SU  
61108.000   10038 1403802    -594.500            SU  
61108.000   10038 1403853    4267.200            SU  
61108.000   10038 1403833 -396640.000            SU  
61108.000   10038 1403846   47289.200            SU  
61108.000   10038 1403814 -651158.300            SU  
61108.000   10038 1403815 -332479.300            SU  
61108.000   10038 1403816 -300334.800            SU  
61108.000   10038 1403834   10549.400            SU  
61108.000   10038 1403841  -38413.300            SU  
61108.000   10038 1403840    9996.600            SU  
61108.000   10038 1403852 -704364.000            SU  
61108.000   10038 1403845 -453811.000            SU  
61108.000   10030 1403011  160659.000            TL  
61108.000   10030 1413202  228422.000            TL  
61108.000   10030 1353942  -36893.100            TL  
61108.000   10030 1353947   55405.100            TL  
61108.000   10030 1354060  -14187.600            TL  
61108.000   10022 1320211 1999824.300            TP  
61108.000   10022 1320247  998874.200            TP  
61108.000   10022 1351227       0.000            TP  
61108.000   10022 1352179      13.800            TP  
61108.000   10022 1352476     554.900            TP  
61108.000   10022 1353519    -130.900            TP  
61108.000   10068 1411028       0.000            UME 
61108.000   10068 1352703    2466.500            UME 
61108.000   10068 1350251    3467.000            UME 
61108.000   10068 1350872   -8230.200            UME 
61108.000   10068 1352710    3066.900            UME 
61108.000   10007 1400711 3296707.500            USNO
61108.000   10007 1400712  273258.300            USNO
61108.000   10007 1400719  461290.500            USNO
61108.000   10007 1400702  -65537.800            USNO
61108.000   10007 1400708  666928.500            USNO
61108.000   10007 1400704  114561.100            USNO
61108.000   10007 1400718 1944633.700            USNO
61108.000   10007 1400710 -793121.300            USNO
61108.000   10007 1400726 1290029.200            USNO
61108.000   10007 1400715  422196.200            USNO
61108.000   10007 1350161   80978.400            USNO
61108.000   10007 1400727 -731803.900            USNO
61108.000   10007 1400729 2232898.300            USNO
61108.000   10007 1400725 -219696.100            USNO
61108.000   10007 1400724 -817208.600            USNO
61108.000   10007 1400723 -605751.200            USNO
61108.000   10007 1400722 2696739.900            USNO
61108.000   10007 1400721  446480.200            USNO
61108.000   10007 1400720 1254581.200            USNO
61108.000   10007 1400730 2145488.100            USNO
61108.000   10007 1400731 -406127.200            USNO
61108.000   10007 1400732  756178.000            USNO
61108.000   10007 1400736 1216927.000            USNO
61108.000   10007 1400737 2455560.700            USNO
61108.000   10007 1400740 1111020.100            USNO
61108.000   10007 1400713  455350.000            USNO
61108.000   10007 1400714   95439.500            USNO
61108.000   10007 1400716  685672.200            USNO
61108.000   10007 1400738  105129.300            USNO
61108.000   10064 1355005       0.000            UZ  
61108.000   10064 1354998 5294869.300            UZ  
61108.000   10028 1353669   19916.200            VMI 
61108.000   10028 1361233   12546.000            VMI 
61108.000   10028 1353670  -24483.600            VMI 
61108.000   10024 1411040   -2755.400            VSL 
61108.000   10024 1354466    9787.800            VSL 
61108.000   10024 1355008    7028.300            VSL 
61108.000   10024 1355697     902.100            VSL 
61108.000   10055 1352191     -97.200            DMDM
61108.000   10055 1362033  -55152.500            DMDM
