61088.000   10021 1352938       0.000            UAE 
61088.000   10021 1352940   -1327.100            UAE 
61088.000   10046 1404601   25023.600            AOS 
61088.000   10046 1352394    -825.800            AOS 
61088.000   10031 1353842    2423.900            APL 
61088.000   10031 1403107  258672.900            APL 
61088.000   10031 1403108  453072.900            APL 
61088.000   10031 1403109  133457.200            APL 
61088.000   10031 1412174   23258.700            APL 
61088.000   10054 1362269     110.000            AUS 
61088.000   10054 1360340   12411.000            AUS 
61088.000   10054 1360654  -43055.000            AUS 
61088.000   10054 1363814    4290.000            AUS 
61088.000   10054 1364971    7082.000            AUS 
61088.000   10054 1360299   27839.000            AUS 
61088.000   10101 1355360       0.000            AZ  
61088.000   10101 1355361    -993.600            AZ  
61088.000   10075 1352685    3085.300            IMBH
61088.000   10075 1320192   -8157.900            IMBH
61088.000   10075 1320193  -39277.200            IMBH
61088.000   10071 1353447    1065.900            BIRM
61088.000   10071 1353689    9874.600            BIRM
61088.000   10071 1407107 -397259.900            BIRM
61088.000   10071 1407111    -276.400            BIRM
61088.000   10071 1407112   -7597.600            BIRM
61088.000   10071 1415303   -3501.900            BIRM
61088.000   10071 1415304  -10210.100            BIRM
61088.000   10071 1415305  -18886.200            BIRM
61088.000   10092 1363159    4549.500            ICE 
61088.000   10092 1363522    3526.700            ICE 
61088.000   10057 1352117   14081.400            CH  
61088.000   10057 1355202    -609.000            CH  
61088.000   10057 1373644    -770.900            CH  
61088.000   10057 1405701   -1779.100            CH  
61088.000   10057 1405702   22740.400            CH  
61088.000   10057 1411117    -163.400            CH  
61088.000   10073 1353612  -11690.600            CNM 
61088.000   10073 1413211   -1016.200            CNM 
61088.000   10073 1413212   47599.200            CNM 
61088.000   10074 1411045    3900.300            DLR 
61088.000   10053 1350136     -83.300            DTAG
61088.000   10053 1355332   -1533.800            DTAG
61088.000   10053 1352635    2443.200            DTAG
61088.000   10025 1352025    4085.500            ESA 
61088.000   10025 1351615   -4500.300            ESA 
61088.000   10025 1352353   11343.000            ESA 
61088.000   10025 1352210   28306.900            ESA 
61088.000   10025 1402543  -30937.900            ESA 
61088.000   10025 1402541  -98865.300            ESA 
61088.000   10025 1411033   -1100.400            ESA 
61088.000   10089 1354233       0.000            HKO 
61088.000   10089 1355122    1252.100            HKO 
61088.000   10099 1354701       0.000            IFZG
61088.000   10093 1353401       0.000            NSAI
61088.000   10044 1361167    1303.500            IFAG
61088.000   10044 1361173     497.400            IFAG
61088.000   10044 1361629    9238.600            IFAG
61088.000   10044 1361732    6375.500            IFAG
61088.000   10044 1361798    1127.200            IFAG
61088.000   10044 1404439    4484.800            IFAG
61088.000   10044 1404418   15255.300            IFAG
61088.000   10048 1404878  919880.200            NIM 
61088.000   10048 1404871 1039947.700            NIM 
61088.000   10048 1404832 1036577.400            NIM 
61088.000   10048 1404879 1884570.400            NIM 
61088.000   10048 1404880 2164798.100            NIM 
61088.000   10048 1352742  111294.400            NIM 
61088.000   10048 1404849 1414590.400            NIM 
61088.000   10048 1404856   93626.300            NIM 
61088.000   10048 1404857   25252.600            NIM 
61088.000   10048 1404821    2789.600            NIM 
61088.000   10048 1404850     603.000            NIM 
61088.000   10048 1404870    5170.800            NIM 
61088.000   10015 1362377       0.000            INTI
61088.000   10015 1363270   12072.100            INTI
61088.000   10015 1363511    5973.000            INTI
61088.000   10070 1353546    8546.500            IPQ 
61088.000   10083 1353654    9727.100            NIS 
61088.000   10083 1354391   16548.300            NIS 
61088.000   10083 1353812  -28015.700            NIS 
61088.000   10083 1352182   -4036.500            NIS 
61088.000   10011 1350219   -1031.400            IT  
61088.000   10011 1352487    -382.400            IT  
61088.000   10011 1401101  236062.600            IT  
61088.000   10011 1401102  290903.500            IT  
61088.000   10011 1401103   33692.800            IT  
61088.000   10011 1401104   10661.200            IT  
61088.000   10011 1411079    -955.900            IT  
61088.000   10011 1411078    3004.000            IT  
61088.000   10011 1422012     861.900            IT  
61088.000   10035 1350832   16813.300            BSJ 
61088.000   10035 1350833    9246.300            BSJ 
61088.000   10087 1361277 -111690.500            JV  
61088.000   10087 1362617   69919.500            JV  
61088.000   10087 1415218  -42101.100            JV  
61088.000   10087 1411122   15236.600            JV  
61088.000   10056 1351783   39615.100            KRIS
61088.000   10056 1405624  160093.200            KRIS
61088.000   10056 1405625  462979.500            KRIS
61088.000   10056 1405626   14865.600            KRIS
61088.000   10027 1415201    -651.500            KZ  
61088.000   10027 1415205    1552.200            KZ  
61088.000   10027 1415266   -2418.200            KZ  
61088.000   10052 1351324  -11056.300            NPLI
61088.000   10052 1353376  -10603.700            NPLI
61088.000   10052 1353457    3335.600            NPLI
61088.000   10052 1353413   44536.600            NPLI
61088.000   10052 1353453    5126.400            NPLI
61088.000   10052 1415225  113392.400            NPLI
61088.000   10052 1415365   47081.100            NPLI
61088.000   10052 1415363    3286.400            NPLI
61088.000   10052 1415364   11307.400            NPLI
61088.000   10091 1352370   -8089.900            LRTE
61088.000   10082 1351868       0.000            LT  
61088.000   10082 1351362   -1665.700            LT  
61088.000   10094 1353471  -61169.600            LUX 
61088.000   10094 1353544  -57850.500            LUX 
61088.000   10041 1404113  326308.300            MIKE
61088.000   10041 1404108   30058.400            MIKE
61088.000   10041 1404189  185165.900            MIKE
61088.000   10041 1412084   27309.600            MIKE
61088.000   10088 1361806  -12483.200            CNMP
61088.000   10088 1361752   -6649.700            CNMP
61088.000   10088 1363162    8199.600            CNMP
61088.000   10088 1363179  -66475.800            CNMP
61088.000   10063 1360274    3133.200            MSL 
61088.000   10063 1363396   -4375.700            MSL 
61088.000   10063 1363872  112742.900            MSL 
61088.000   10081 1353476    4407.900            NIMT
61088.000   10081 1353472   46014.300            NIMT
61088.000   10081 1353470   46015.700            NIMT
61088.000   10013 1410102   -1644.200            NAO 
61088.000   10013 1350779    6316.200            NAO 
61088.000   10013 1351689    -140.100            NAO 
61088.000   10013 1351214     107.500            NAO 
61088.000   10020 1350343  128141.000            NICT
61088.000   10020 1350907   35621.800            NICT
61088.000   10020 1351226  -16649.700            NICT
61088.000   10020 1351778   75295.800            NICT
61088.000   10020 1351789   -8071.800            NICT
61088.000   10020 1351866    1407.600            NICT
61088.000   10020 1351944  109074.300            NICT
61088.000   10020 1352011  108079.300            NICT
61088.000   10020 1352056  109603.600            NICT
61088.000   10020 1352113  -45835.300            NICT
61088.000   10020 1352116  -27308.300            NICT
61088.000   10020 1352570   88113.300            NICT
61088.000   10020 1352620   60281.300            NICT
61088.000   10020 1352627  -23251.400            NICT
61088.000   10020 1352628  -24883.600            NICT
61088.000   10020 1352784   43326.400            NICT
61088.000   10020 1352876  123729.700            NICT
61088.000   10020 1352903   52775.500            NICT
61088.000   10020 1353594  -14841.000            NICT
61088.000   10020 1353716  -28443.300            NICT
61088.000   10020 1353717  -49990.700            NICT
61088.000   10020 1353718  -44325.100            NICT
61088.000   10020 1353720  -53702.600            NICT
61088.000   10020 1353722  -30661.700            NICT
61088.000   10020 1353909   27367.700            NICT
61088.000   10020 1353912  -38016.700            NICT
61088.000   10020 1353916  -71404.300            NICT
61088.000   10020 1353918   38862.400            NICT
61088.000   10020 1354230   68521.400            NICT
61088.000   10020 1355334   85964.400            NICT
61088.000   10020 1402003   16016.100            NICT
61088.000   10020 1402004   -9077.500            NICT
61088.000   10020 1402012   32718.100            NICT
61088.000   10020 1402013   40937.000            NICT
61088.000   10020 1402014   -2339.800            NICT
61088.000   10020 1402015   71143.100            NICT
61088.000   10020 1411041  -62108.000            NICT
61088.000   10020 1411062   33180.400            NICT
61088.000   10020 1412060   61912.700            NICT
61088.000   10002 1412108  551905.500            NIST
61088.000   10002 1412014 -542388.300            NIST
61088.000   10002 1400004 -197125.600            NIST
61088.000   10002 1400222  728441.200            NIST
61088.000   10002 1400209 -449474.800            NIST
61088.000   10002 1400212  487433.300            NIST
61088.000   10002 1400207  655131.200            NIST
61088.000   10002 1412015  613503.100            NIST
61088.000   10002 1400210  190573.300            NIST
61088.000   10002 1400205  979826.300            NIST
61088.000   10002 1352792 -548313.700            NIST
61088.000   10002 1412099  274069.600            NIST
61088.000   10002 1412006   95208.700            NIST
61088.000   10002 1352935 -654159.500            NIST
61088.000   10002 1352579  979039.100            NIST
61088.000   10002 1402205 -247207.500            NIST
61088.000   10050 1320293  124070.400            NMIJ
61088.000   10017 1412011   47845.000            NPL 
61088.000   10017 1412050   45847.100            NPL 
61088.000   10003 1352150    8118.000            NRC 
61088.000   10003 1362225   17130.700            NRC 
61088.000   10003 1352115   19224.100            NRC 
61088.000   10003 1352148    3230.700            NRC 
61088.000   10003 1400306   92007.000            NRC 
61088.000   10003 1400307   10958.000            NRC 
61088.000   10049 1415324   -1648.500            NTSC
61088.000   10049 1415316   -5490.100            NTSC
61088.000   10049 1415085  -22599.700            NTSC
61088.000   10049 1415082   49003.600            NTSC
61088.000   10049 1414922    5490.500            NTSC
61088.000   10049 1404967    5225.700            NTSC
61088.000   10049 1354937   14432.800            NTSC
61088.000   10049 1352142   15215.800            NTSC
61088.000   10016 1354619       0.000            INXE
61088.000   10008 1352027   33081.800            OP  
61088.000   10008 1400889    4720.700            OP  
61088.000   10008 1353765   78652.200            OP  
61088.000   10008 1400810   20421.300            OP  
61088.000   10008 1400809   35042.400            OP  
61088.000   10008 1400890   29254.200            OP  
61088.000   10026 1352722   -1994.700            ORB 
61088.000   10026 1352724    9548.100            ORB 
61088.000   10026 1411030   75612.200            ORB 
61088.000   10026 1402602  347821.500            ORB 
61088.000   10026 1352723    1419.500            ORB 
61088.000   10040 1350441    -776.900            PL  
61088.000   10040 1415318  -13816.700            PL  
61088.000   10040 1415321   25277.200            PL  
61088.000   10040 1354603     133.500            PL  
61088.000   10040 1354597     253.100            PL  
61088.000   10005 1920001   41568.300            PTB 
61088.000   10005 1920002   37538.800            PTB 
61088.000   10005 1355322    8786.200            PTB 
61088.000   10005 1400510    8854.900            PTB 
61088.000   10005 1400506   32265.800            PTB 
61088.000   10005 1400508   32872.700            PTB 
61088.000   10005 1400509    9845.600            PTB 
61088.000   10005 1415245   -5462.600            PTB 
61088.000   10005 1400512    6710.400            PTB 
61088.000   10005 1415221    3552.700            PTB 
61088.000   10019 1351942   68748.700            ONRJ
61088.000   10019 1320337   50843.200            ONRJ
61088.000   10019 1354204   70728.200            ONRJ
61088.000   10019 1350147   59447.500            ONRJ
61088.000   10019 1350102   19369.600            ONRJ
61088.000   10019 1353364   38713.100            ONRJ
61088.000   10019 1351153  -11613.300            ONRJ
61088.000   10019 1401958  124623.700            ONRJ
61088.000   10014 1350583   -4695.300            ROA 
61088.000   10014 1350718   -2823.000            ROA 
61088.000   10014 1361490   87103.400            ROA 
61088.000   10014 1361488   85166.100            ROA 
61088.000   10014 1351699   54971.700            ROA 
61088.000   10014 1401436 1937159.300            ROA 
61088.000   10014 1412032 1289777.100            ROA 
61088.000   10014 1352270    7841.700            ROA 
61088.000   10062 1352932       0.000            SASO
61088.000   10062 1352931      38.400            SASO
61088.000   10062 1351628     769.500            SASO
61088.000   10062 1350221    -529.900            SASO
61088.000   10067 1352525   -8146.300            SCL 
61088.000   10067 1352178  -19689.700            SCL 
61088.000   10067 1415314     990.400            SCL 
61088.000   10067 1353448     134.200            SCL 
61088.000   10079 1352003   33803.600            SMD 
61088.000   10079 1352543  -25897.700            SMD 
61088.000   10079 1411049   -1957.700            SMD 
61088.000   10072 1352745  -21468.000            SP  
61088.000   10072 1352749   21596.400            SP  
61088.000   10072 1352758   -2395.400            SP  
61088.000   10072 1354707    6582.600            SP  
61088.000   10072 1362295    2734.600            SP  
61088.000   10072 1365149   54655.200            SP  
61088.000   10072 1407201     186.100            SP  
61088.000   10072 1407223  153811.000            SP  
61088.000   10072 1407231  244553.300            SP  
61088.000   10072 1407232  394579.800            SP  
61088.000   10072 1415319   41423.700            SP  
61088.000   10038 1403809 -409399.400            SU  
61088.000   10038 1403811 -282067.600            SU  
61088.000   10038 1403812  -26800.800            SU  
61088.000   10038 1403844 -561829.400            SU  
61088.000   10038 1403853    4009.000            SU  
61088.000   10038 1403833 -397129.200            SU  
61088.000   10038 1403846   46742.300            SU  
61088.000   10038 1403814 -653585.300            SU  
61088.000   10038 1403815 -333045.200            SU  
61088.000   10038 1403834   10183.400            SU  
61088.000   10038 1403841  -39309.700            SU  
61088.000   10038 1403840    9691.800            SU  
61088.000   10038 1403845 -453663.200            SU  
61088.000   10030 1403011  149763.400            TL  
61088.000   10030 1413202  223816.300            TL  
61088.000   10030 1353942  -36420.400            TL  
61088.000   10030 1353947   54838.400            TL  
61088.000   10030 1354060  -14030.300            TL  
61088.000   10022 1320211 1999817.700            TP  
61088.000   10022 1320247  999045.700            TP  
61088.000   10022 1351227       0.000            TP  
61088.000   10022 1352179     -20.600            TP  
61088.000   10022 1352476     530.900            TP  
61088.000   10022 1353519     -98.100            TP  
61088.000   10068 1411028       0.000            UME 
61088.000   10068 1352703    2432.700            UME 
61088.000   10068 1350251    3357.400            UME 
61088.000   10068 1350872   -8036.000            UME 
61088.000   10068 1352710    2786.900            UME 
61088.000   10007 1400711 3285490.500            USNO
61088.000   10007 1400712  272002.300            USNO
61088.000   10007 1400719  456899.900            USNO
61088.000   10007 1400702  -65587.200            USNO
61088.000   10007 1400708  664305.600            USNO
61088.000   10007 1400704  113570.800            USNO
61088.000   10007 1400718 1936923.400            USNO
61088.000   10007 1400710 -783557.000            USNO
61088.000   10007 1400726 1280376.700            USNO
61088.000   10007 1400715  418626.100            USNO
61088.000   10007 1350161   81041.600            USNO
61088.000   10007 1400727 -725004.000            USNO
61088.000   10007 1400729 2218191.100            USNO
61088.000   10007 1400725 -219422.400            USNO
61088.000   10007 1400724 -815028.900            USNO
61088.000   10007 1400723 -606053.400            USNO
61088.000   10007 1400722 2700243.600            USNO
61088.000   10007 1400721  430404.300            USNO
61088.000   10007 1400720 1252762.200            USNO
61088.000   10007 1400730 2133455.000            USNO
61088.000   10007 1400731 -402684.400            USNO
61088.000   10007 1400732  748677.800            USNO
61088.000   10007 1400736 1215926.700            USNO
61088.000   10007 1400737 2450059.900            USNO
61088.000   10007 1400740 1098716.000            USNO
61088.000   10007 1400713  452440.400            USNO
61088.000   10007 1400714   94210.700            USNO
61088.000   10007 1400716  680785.800            USNO
61088.000   10007 1400738  101803.700            USNO
61088.000   10064 1355005       0.000            UZ  
61088.000   10064 1354998 4862415.300            UZ  
61088.000   10028 1353669   19899.500            VMI 
61088.000   10028 1361233   12566.100            VMI 
61088.000   10028 1353670  -23938.200            VMI 
61088.000   10024 1411040   -2644.100            VSL 
61088.000   10024 1354466    9657.100            VSL 
61088.000   10024 1355008    6861.600            VSL 
61088.000   10024 1355697     703.500            VSL 
61088.000   10055 1352191     -97.200            DMDM
61088.000   10055 1362033  -54045.600            DMDM
