61078.000   10021 1352938       0.000            UAE 
61078.000   10021 1352940   -1020.600            UAE 
61078.000   10046 1404601   24791.000            AOS 
61078.000   10046 1352394    -783.500            AOS 
61078.000   10031 1353842    2424.400            APL 
61078.000   10031 1403107  257682.300            APL 
61078.000   10031 1403108  445341.200            APL 
61078.000   10031 1403109  133200.300            APL 
61078.000   10031 1412174   22319.300            APL 
61078.000   10054 1362269     148.000            AUS 
61078.000   10054 1360340   12373.000            AUS 
61078.000   10054 1360654  -42760.000            AUS 
61078.000   10054 1363814    4281.000            AUS 
61078.000   10054 1364971    7037.000            AUS 
61078.000   10054 1360299   27774.000            AUS 
61078.000   10075 1352685    3043.000            IMBH
61078.000   10075 1320192   -8084.100            IMBH
61078.000   10075 1320193  -38869.100            IMBH
61078.000   10071 1353447    1112.200            BIRM
61078.000   10071 1353689    9858.700            BIRM
61078.000   10071 1407107 -393614.400            BIRM
61078.000   10071 1407111    -238.900            BIRM
61078.000   10071 1407112   -7209.200            BIRM
61078.000   10071 1415303   -3312.900            BIRM
61078.000   10071 1415304   -9993.600            BIRM
61078.000   10071 1415305  -18624.900            BIRM
61078.000   10092 1363159    4618.500            ICE 
61078.000   10092 1363522    3503.200            ICE 
61078.000   10057 1352117   14082.900            CH  
61078.000   10057 1355202    -586.100            CH  
61078.000   10057 1373644    -733.800            CH  
61078.000   10057 1405701   -1732.500            CH  
61078.000   10057 1405702   22915.900            CH  
61078.000   10057 1411117    -191.900            CH  
61078.000   10073 1353612  -11342.400            CNM 
61078.000   10073 1413211   -1007.300            CNM 
61078.000   10073 1413212   45642.200            CNM 
61078.000   10074 1411045    3754.500            DLR 
61078.000   10053 1350136     -83.300            DTAG
61078.000   10053 1355332   -1486.800            DTAG
61078.000   10053 1352635    2403.400            DTAG
61078.000   10025 1352025    4043.700            ESA 
61078.000   10025 1351615   -4465.900            ESA 
61078.000   10025 1352353   11268.800            ESA 
61078.000   10025 1352210   28099.900            ESA 
61078.000   10025 1402543  -29824.800            ESA 
61078.000   10025 1402541  -96841.700            ESA 
61078.000   10025 1411033    -960.400            ESA 
61078.000   10089 1354233       0.000            HKO 
61078.000   10089 1355122    1251.800            HKO 
61078.000   10099 1354701       0.000            IFZG
61078.000   10093 1353401       0.000            NSAI
61078.000   10044 1361167    1294.200            IFAG
61078.000   10044 1361173     516.100            IFAG
61078.000   10044 1361629    9026.900            IFAG
61078.000   10044 1361732    6249.700            IFAG
61078.000   10044 1361798    1173.900            IFAG
61078.000   10044 1404439    4602.600            IFAG
61078.000   10044 1404418   15233.500            IFAG
61078.000   10048 1404878  915122.200            NIM 
61078.000   10048 1404871 1034228.200            NIM 
61078.000   10048 1404832 1029091.800            NIM 
61078.000   10048 1404879 1878975.100            NIM 
61078.000   10048 1404880 2158929.300            NIM 
61078.000   10048 1352742  111020.300            NIM 
61078.000   10048 1404849 1414528.700            NIM 
61078.000   10048 1404856   93553.200            NIM 
61078.000   10048 1404857   25297.100            NIM 
61078.000   10048 1404821    2759.100            NIM 
61078.000   10048 1404850     591.700            NIM 
61078.000   10048 1404870    5100.100            NIM 
61078.000   10015 1362377       0.000            INTI
61078.000   10015 1363270   12001.500            INTI
61078.000   10015 1363511    5945.800            INTI
61078.000   10070 1353546    8544.300            IPQ 
61078.000   10083 1353654    9683.900            NIS 
61078.000   10083 1354391   16370.800            NIS 
61078.000   10083 1353812  -27762.500            NIS 
61078.000   10083 1352182   -3982.500            NIS 
61078.000   10011 1350219   -1019.900            IT  
61078.000   10011 1352487    -358.300            IT  
61078.000   10011 1401101  230933.900            IT  
61078.000   10011 1401102  289865.900            IT  
61078.000   10011 1401103   33310.600            IT  
61078.000   10011 1401104   11199.200            IT  
61078.000   10011 1411079    -883.100            IT  
61078.000   10011 1411078    2847.000            IT  
61078.000   10011 1422012     846.800            IT  
61078.000   10035 1350832   16652.800            BSJ 
61078.000   10035 1350833    9180.000            BSJ 
61078.000   10087 1361277 -111555.000            JV  
61078.000   10087 1362617   69754.700            JV  
61078.000   10087 1415218  -42093.000            JV  
61078.000   10087 1411122   14958.500            JV  
61078.000   10056 1351783   39391.700            KRIS
61078.000   10056 1405624  158660.300            KRIS
61078.000   10056 1405625  458770.100            KRIS
61078.000   10056 1405626   14686.400            KRIS
61078.000   10027 1415201    -643.400            KZ  
61078.000   10027 1415205    1503.600            KZ  
61078.000   10027 1415266   -2353.900            KZ  
61078.000   10052 1351324  -11035.400            NPLI
61078.000   10052 1353376  -10557.900            NPLI
61078.000   10052 1353457    3317.200            NPLI
61078.000   10052 1353413   44409.800            NPLI
61078.000   10052 1353453    5105.900            NPLI
61078.000   10052 1415225  112497.200            NPLI
61078.000   10052 1415365   46753.800            NPLI
61078.000   10052 1415363    3188.000            NPLI
61078.000   10052 1415364   11195.500            NPLI
61078.000   10091 1352370   -7884.500            LRTE
61078.000   10082 1351868       0.000            LT  
61078.000   10082 1351362   -1706.600            LT  
61078.000   10094 1353471  -61070.300            LUX 
61078.000   10094 1353544  -57904.100            LUX 
61078.000   10041 1404113  325330.400            MIKE
61078.000   10041 1404108   29628.800            MIKE
61078.000   10041 1404189  185698.600            MIKE
61078.000   10041 1412084   27434.900            MIKE
61078.000   10088 1361806  -12489.000            CNMP
61078.000   10088 1361752   -6642.400            CNMP
61078.000   10088 1363162    8123.100            CNMP
61078.000   10088 1363179  -66332.100            CNMP
61078.000   10063 1360274    3131.400            MSL 
61078.000   10063 1363396   -4399.400            MSL 
61078.000   10063 1363872  112235.700            MSL 
61078.000   10081 1353476    4561.200            NIMT
61078.000   10081 1353472   45902.900            NIMT
61078.000   10081 1353470   45859.300            NIMT
61078.000   10013 1410102   -1741.100            NAO 
61078.000   10013 1350779    6436.800            NAO 
61078.000   10013 1351689     -83.900            NAO 
61078.000   10013 1351214     107.500            NAO 
61078.000   10020 1350343  127896.000            NICT
61078.000   10020 1350907   35768.100            NICT
61078.000   10020 1351226  -16626.900            NICT
61078.000   10020 1351778   75165.300            NICT
61078.000   10020 1351789   -8007.200            NICT
61078.000   10020 1351866    1415.800            NICT
61078.000   10020 1351944  108955.200            NICT
61078.000   10020 1352011  108108.000            NICT
61078.000   10020 1352056  109486.800            NICT
61078.000   10020 1352113  -45793.300            NICT
61078.000   10020 1352116  -27321.100            NICT
61078.000   10020 1352570   88011.900            NICT
61078.000   10020 1352620   60121.400            NICT
61078.000   10020 1352627  -23115.000            NICT
61078.000   10020 1352628  -24777.000            NICT
61078.000   10020 1352784   43439.600            NICT
61078.000   10020 1352876  123775.900            NICT
61078.000   10020 1352903   52724.100            NICT
61078.000   10020 1353594  -14918.700            NICT
61078.000   10020 1353716  -28336.600            NICT
61078.000   10020 1353717  -49785.500            NICT
61078.000   10020 1353718  -44065.400            NICT
61078.000   10020 1353720  -53548.000            NICT
61078.000   10020 1353722  -30573.100            NICT
61078.000   10020 1353909   27294.700            NICT
61078.000   10020 1353912  -37820.800            NICT
61078.000   10020 1353916  -71080.100            NICT
61078.000   10020 1353918   38693.200            NICT
61078.000   10020 1354230   68444.600            NICT
61078.000   10020 1355334   86007.300            NICT
61078.000   10020 1402003   15900.800            NICT
61078.000   10020 1402004   -8848.100            NICT
61078.000   10020 1402012   33218.300            NICT
61078.000   10020 1402013   39776.100            NICT
61078.000   10020 1402014   -2382.000            NICT
61078.000   10020 1402015   69960.000            NICT
61078.000   10020 1411041  -60832.300            NICT
61078.000   10020 1411062   33379.700            NICT
61078.000   10020 1412060   61138.700            NICT
61078.000   10002 1412108  544562.100            NIST
61078.000   10002 1412014 -543827.400            NIST
61078.000   10002 1400004 -197924.000            NIST
61078.000   10002 1400222  727848.300            NIST
61078.000   10002 1400209 -450153.700            NIST
61078.000   10002 1400212  475387.000            NIST
61078.000   10002 1400207  648181.900            NIST
61078.000   10002 1412015  608919.900            NIST
61078.000   10002 1400210  181499.900            NIST
61078.000   10002 1400205  980010.700            NIST
61078.000   10002 1352792 -548113.100            NIST
61078.000   10002 1412099  262489.900            NIST
61078.000   10002 1412006   85162.100            NIST
61078.000   10002 1352935 -653916.000            NIST
61078.000   10002 1352579  978867.600            NIST
61078.000   10002 1402205 -252589.300            NIST
61078.000   10050 1320293  121767.300            NMIJ
61078.000   10017 1412011   47727.700            NPL 
61078.000   10017 1412050   45691.400            NPL 
61078.000   10003 1352150    8092.200            NRC 
61078.000   10003 1362225   17126.400            NRC 
61078.000   10003 1352115   19154.200            NRC 
61078.000   10003 1352148    3236.900            NRC 
61078.000   10003 1400306   91798.600            NRC 
61078.000   10003 1400307   10837.500            NRC 
61078.000   10049 1415324   -1640.800            NTSC
61078.000   10049 1415316   -5417.800            NTSC
61078.000   10049 1415085  -22472.000            NTSC
61078.000   10049 1415082   48401.900            NTSC
61078.000   10049 1414922    5343.000            NTSC
61078.000   10049 1404967    5099.200            NTSC
61078.000   10049 1354937   14431.500            NTSC
61078.000   10049 1352142   15221.500            NTSC
61078.000   10016 1354619       0.000            INXE
61078.000   10008 1352027   32923.200            OP  
61078.000   10008 1400889    4488.200            OP  
61078.000   10008 1353765   78402.000            OP  
61078.000   10008 1400810   20200.000            OP  
61078.000   10008 1400809   34724.800            OP  
61078.000   10008 1400890   28992.100            OP  
61078.000   10026 1352722   -1969.000            ORB 
61078.000   10026 1352724    9445.200            ORB 
61078.000   10026 1411030   74824.900            ORB 
61078.000   10026 1402602  342806.700            ORB 
61078.000   10026 1352723    1380.400            ORB 
61078.000   10040 1350441    -773.400            PL  
61078.000   10040 1415318   -8903.900            PL  
61078.000   10040 1415321   24992.700            PL  
61078.000   10040 1354603     128.900            PL  
61078.000   10040 1354597     245.000            PL  
61078.000   10005 1920001   41553.500            PTB 
61078.000   10005 1920002   37514.200            PTB 
61078.000   10005 1355322    8759.700            PTB 
61078.000   10005 1400510    8762.200            PTB 
61078.000   10005 1400506   32136.700            PTB 
61078.000   10005 1400508   32755.800            PTB 
61078.000   10005 1400509    9796.800            PTB 
61078.000   10005 1415245   -5325.800            PTB 
61078.000   10005 1400512    6613.900            PTB 
61078.000   10005 1415221    3545.400            PTB 
61078.000   10019 1351942   68550.200            ONRJ
61078.000   10019 1320337   50754.100            ONRJ
61078.000   10019 1354204   70246.400            ONRJ
61078.000   10019 1350147   59382.700            ONRJ
61078.000   10019 1350102   19281.700            ONRJ
61078.000   10019 1353364   38611.100            ONRJ
61078.000   10019 1351153  -11503.300            ONRJ
61078.000   10019 1401958  123322.400            ONRJ
61078.000   10014 1350583   -4640.500            ROA 
61078.000   10014 1350718   -2898.800            ROA 
61078.000   10014 1361490   86978.100            ROA 
61078.000   10014 1361488   85071.900            ROA 
61078.000   10014 1351699   54905.200            ROA 
61078.000   10014 1401436 1930997.800            ROA 
61078.000   10014 1412032 1283356.700            ROA 
61078.000   10014 1352270    7827.500            ROA 
61078.000   10062 1352932       0.000            SASO
61078.000   10062 1352931     -84.400            SASO
61078.000   10062 1351628     685.400            SASO
61078.000   10062 1350221    -486.700            SASO
61078.000   10067 1352525   -8075.000            SCL 
61078.000   10067 1352178  -19533.700            SCL 
61078.000   10067 1415314     875.800            SCL 
61078.000   10067 1353448    -104.400            SCL 
61078.000   10079 1352003   33732.000            SMD 
61078.000   10079 1352543  -25754.900            SMD 
61078.000   10079 1411049   -1962.100            SMD 
61078.000   10072 1352745  -21315.500            SP  
61078.000   10072 1352749   21372.200            SP  
61078.000   10072 1352758   -2391.900            SP  
61078.000   10072 1354707    6584.800            SP  
61078.000   10072 1362295    2431.300            SP  
61078.000   10072 1365149   53791.800            SP  
61078.000   10072 1407201    -133.200            SP  
61078.000   10072 1407223  153190.100            SP  
61078.000   10072 1407231  242110.200            SP  
61078.000   10072 1407232  391161.700            SP  
61078.000   10072 1415319   41149.200            SP  
61078.000   10038 1403809 -409229.700            SU  
61078.000   10038 1403811 -282071.200            SU  
61078.000   10038 1403812  -27116.700            SU  
61078.000   10038 1403844 -562043.200            SU  
61078.000   10038 1403853    3879.800            SU  
61078.000   10038 1403833 -397372.600            SU  
61078.000   10038 1403846   46469.200            SU  
61078.000   10038 1403814 -654796.700            SU  
61078.000   10038 1403815 -333326.500            SU  
61078.000   10038 1403834   10002.000            SU  
61078.000   10038 1403841  -39756.900            SU  
61078.000   10038 1403840    9539.800            SU  
61078.000   10038 1403845 -453587.600            SU  
61078.000   10030 1403011  144332.100            TL  
61078.000   10030 1413202  222309.400            TL  
61078.000   10030 1353942  -36200.700            TL  
61078.000   10030 1353947   54540.900            TL  
61078.000   10030 1354060  -13958.000            TL  
61078.000   10022 1320211 1999820.600            TP  
61078.000   10022 1320247  999157.100            TP  
61078.000   10022 1351227       0.000            TP  
61078.000   10022 1352179     -37.000            TP  
61078.000   10022 1352476     510.200            TP  
61078.000   10022 1353519     -80.700            TP  
61078.000   10068 1411028       0.000            UME 
61078.000   10068 1352703    2430.100            UME 
61078.000   10068 1350251    3329.900            UME 
61078.000   10068 1350872   -7942.900            UME 
61078.000   10068 1352710    2647.500            UME 
61078.000   10007 1400711 3279883.700            USNO
61078.000   10007 1400712  271378.300            USNO
61078.000   10007 1400719  454680.200            USNO
61078.000   10007 1400702  -65611.400            USNO
61078.000   10007 1400708  662995.600            USNO
61078.000   10007 1400704  113077.200            USNO
61078.000   10007 1400718 1933072.700            USNO
61078.000   10007 1400710 -778773.900            USNO
61078.000   10007 1400726 1275560.800            USNO
61078.000   10007 1400715  416843.000            USNO
61078.000   10007 1350161   81064.800            USNO
61078.000   10007 1400727 -721593.400            USNO
61078.000   10007 1400729 2210856.600            USNO
61078.000   10007 1400725 -219284.500            USNO
61078.000   10007 1400724 -813938.900            USNO
61078.000   10007 1400723 -606200.100            USNO
61078.000   10007 1400722 2702040.800            USNO
61078.000   10007 1400721  422376.900            USNO
61078.000   10007 1400720 1251866.500            USNO
61078.000   10007 1400730 2127447.600            USNO
61078.000   10007 1400731 -400964.700            USNO
61078.000   10007 1400732  744940.500            USNO
61078.000   10007 1400736 1215438.800            USNO
61078.000   10007 1400737 2447324.600            USNO
61078.000   10007 1400740 1092582.700            USNO
61078.000   10007 1400713  450989.300            USNO
61078.000   10007 1400714   93616.100            USNO
61078.000   10007 1400716  678343.800            USNO
61078.000   10007 1400738  100145.600            USNO
61078.000   10064 1355005       0.000            UZ  
61078.000   10064 1354998 4617546.400            UZ  
61078.000   10028 1353669   19666.600            VMI 
61078.000   10028 1361233   12337.100            VMI 
61078.000   10028 1353670  -23895.400            VMI 
61078.000   10024 1411040   -2586.800            VSL 
61078.000   10024 1354466    9585.400            VSL 
61078.000   10024 1355008    6788.700            VSL 
61078.000   10024 1355697     617.000            VSL 
61078.000   10055 1352191     -80.100            DMDM
61078.000   10055 1362033  -53469.900            DMDM
