61055.000   10021 1352938       0.000            UAE 
61055.000   10021 1352940    -403.000            UAE 
61055.000   10046 1404601   24257.600            AOS 
61055.000   10046 1352394    -699.400            AOS 
61055.000   10031 1353842    2430.700            APL 
61055.000   10031 1403107  255416.800            APL 
61055.000   10031 1403108  427579.400            APL 
61055.000   10031 1403109  132612.000            APL 
61055.000   10031 1412174   20251.200            APL 
61055.000   10054 1362269     187.000            AUS 
61055.000   10054 1360340   12203.000            AUS 
61055.000   10054 1360654  -42194.000            AUS 
61055.000   10054 1363814    4146.000            AUS 
61055.000   10054 1364971    6880.000            AUS 
61055.000   10054 1360299   27512.000            AUS 
61055.000   10101 1355360       0.000            AZ  
61055.000   10101 1355361    -844.100            AZ  
61055.000   10075 1352685    2966.100            IMBH
61055.000   10075 1320192   -7975.000            IMBH
61055.000   10075 1320193  -37935.800            IMBH
61055.000   10071 1353447    1221.400            BIRM
61055.000   10071 1353689    9799.400            BIRM
61055.000   10071 1407107 -385251.100            BIRM
61055.000   10071 1407111    -162.800            BIRM
61055.000   10071 1407112   -6321.700            BIRM
61055.000   10071 1415303   -2887.700            BIRM
61055.000   10071 1415304   -9503.800            BIRM
61055.000   10071 1415305  -18030.700            BIRM
61055.000   10092 1363159    4777.700            ICE 
61055.000   10092 1363522    3506.400            ICE 
61055.000   10057 1352117   14035.400            CH  
61055.000   10057 1355202    -540.300            CH  
61055.000   10057 1373644    -650.300            CH  
61055.000   10057 1405701   -1625.100            CH  
61055.000   10057 1405702   23296.700            CH  
61055.000   10057 1411117    -252.900            CH  
61055.000   10073 1353612  -10528.700            CNM 
61055.000   10073 1413211    -980.200            CNM 
61055.000   10073 1413212   41239.400            CNM 
61055.000   10074 1411045    3438.700            DLR 
61055.000   10053 1350136     -83.300            DTAG
61055.000   10053 1355332   -1388.100            DTAG
61055.000   10053 1352635    2303.000            DTAG
61055.000   10025 1352025    3945.700            ESA 
61055.000   10025 1351615   -4398.700            ESA 
61055.000   10025 1352353   11117.100            ESA 
61055.000   10025 1352210   27611.000            ESA 
61055.000   10025 1402543  -27327.500            ESA 
61055.000   10025 1402541  -92333.100            ESA 
61055.000   10089 1354233       0.000            HKO 
61055.000   10089 1355122    1198.900            HKO 
61055.000   10099 1354701       0.000            IFZG
61055.000   10093 1353401       0.000            NSAI
61055.000   10044 1361167    1459.300            IFAG
61055.000   10044 1361173     620.500            IFAG
61055.000   10044 1361629    8575.500            IFAG
61055.000   10044 1361732    5960.400            IFAG
61055.000   10044 1361798    1310.400            IFAG
61055.000   10044 1404439    2146.500            IFAG
61055.000   10044 1404418   15332.700            IFAG
61055.000   10048 1404878  904199.400            NIM 
61055.000   10048 1404871 1021087.900            NIM 
61055.000   10048 1404832 1011991.800            NIM 
61055.000   10048 1404879 1866165.500            NIM 
61055.000   10048 1404880 2145472.000            NIM 
61055.000   10048 1352742  110364.500            NIM 
61055.000   10048 1404849 1414388.300            NIM 
61055.000   10048 1404856   93385.100            NIM 
61055.000   10048 1404857   25399.500            NIM 
61055.000   10048 1404821    2690.000            NIM 
61055.000   10048 1404850     566.700            NIM 
61055.000   10048 1404870    4939.200            NIM 
61055.000   10015 1362377       0.000            INTI
61055.000   10015 1363270   11838.200            INTI
61055.000   10015 1363511    5855.100            INTI
61055.000   10070 1353546    8543.300            IPQ 
61055.000   10083 1353654    9548.300            NIS 
61055.000   10083 1354391   15922.000            NIS 
61055.000   10083 1353812  -27272.600            NIS 
61055.000   10083 1352182   -4015.100            NIS 
61055.000   10011 1350219    -958.600            IT  
61055.000   10011 1352487    -300.900            IT  
61055.000   10011 1401101  219177.900            IT  
61055.000   10011 1401102  287467.700            IT  
61055.000   10011 1401103   32440.700            IT  
61055.000   10011 1401104   12426.100            IT  
61055.000   10011 1411079    -719.000            IT  
61055.000   10011 1411078    2499.400            IT  
61055.000   10011 1422012     374.000            IT  
61055.000   10035 1350832   16327.900            BSJ 
61055.000   10035 1350833    8991.300            BSJ 
61055.000   10087 1361277 -111280.000            JV  
61055.000   10087 1362617   69360.200            JV  
61055.000   10087 1415218  -42074.500            JV  
61055.000   10087 1411122   14328.900            JV  
61055.000   10056 1351783   38886.400            KRIS
61055.000   10056 1405624  155376.600            KRIS
61055.000   10056 1405625  449132.900            KRIS
61055.000   10056 1405626   14275.600            KRIS
61055.000   10027 1415201    -637.100            KZ  
61055.000   10027 1415205    1389.400            KZ  
61055.000   10027 1415266   -2210.900            KZ  
61055.000   10052 1351324  -10981.800            NPLI
61055.000   10052 1353376  -10435.500            NPLI
61055.000   10052 1353457    3298.000            NPLI
61055.000   10052 1353413   44122.700            NPLI
61055.000   10052 1353453    5018.300            NPLI
61055.000   10052 1415225  110457.400            NPLI
61055.000   10052 1415365   46004.200            NPLI
61055.000   10052 1415363    2963.400            NPLI
61055.000   10052 1415364   10942.800            NPLI
61055.000   10091 1352370   -7350.000            LRTE
61055.000   10082 1351868       0.000            LT  
61055.000   10082 1351362   -1728.000            LT  
61055.000   10094 1353471  -60864.500            LUX 
61055.000   10094 1353544  -58036.800            LUX 
61055.000   10041 1404113  323055.300            MIKE
61055.000   10041 1404108   28614.300            MIKE
61055.000   10041 1404189  186959.500            MIKE
61055.000   10041 1412084   27678.600            MIKE
61055.000   10051 1352900       0.000            MASM
61055.000   10088 1361806  -12433.300            CNMP
61055.000   10088 1361752   -6648.100            CNMP
61055.000   10088 1363162    7976.600            CNMP
61055.000   10088 1363179  -65957.200            CNMP
61055.000   10063 1360274    3036.800            MSL 
61055.000   10063 1363396   -4383.700            MSL 
61055.000   10063 1363872  111101.500            MSL 
61055.000   10081 1353476    4847.100            NIMT
61055.000   10081 1353472   45631.300            NIMT
61055.000   10081 1353470   45456.400            NIMT
61055.000   10013 1410102   -1781.000            NAO 
61055.000   10013 1350779    6752.100            NAO 
61055.000   10013 1351689       0.000            NAO 
61055.000   10013 1351214     107.500            NAO 
61055.000   10020 1350343  127310.500            NICT
61055.000   10020 1350907   36105.100            NICT
61055.000   10020 1351226  -16569.400            NICT
61055.000   10020 1351778   74849.400            NICT
61055.000   10020 1351789   -7874.400            NICT
61055.000   10020 1351866    1409.700            NICT
61055.000   10020 1351944  108673.800            NICT
61055.000   10020 1352011  108190.500            NICT
61055.000   10020 1352056  109177.700            NICT
61055.000   10020 1352113  -45694.900            NICT
61055.000   10020 1352116  -27351.200            NICT
61055.000   10020 1352570   87830.400            NICT
61055.000   10020 1352620   59760.800            NICT
61055.000   10020 1352627  -22772.600            NICT
61055.000   10020 1352628  -24521.800            NICT
61055.000   10020 1352784   43683.700            NICT
61055.000   10020 1352876  123878.700            NICT
61055.000   10020 1352903   52608.800            NICT
61055.000   10020 1353594  -15093.800            NICT
61055.000   10020 1353716  -28080.400            NICT
61055.000   10020 1353717  -49289.500            NICT
61055.000   10020 1353718  -43616.400            NICT
61055.000   10020 1353720  -53193.300            NICT
61055.000   10020 1353722  -30384.200            NICT
61055.000   10020 1353909   27151.100            NICT
61055.000   10020 1353912  -37334.000            NICT
61055.000   10020 1353916  -70275.800            NICT
61055.000   10020 1353918   38271.800            NICT
61055.000   10020 1354230   68246.600            NICT
61055.000   10020 1355334   86123.200            NICT
61055.000   10020 1402003   15643.200            NICT
61055.000   10020 1402004   -8317.800            NICT
61055.000   10020 1402012   34389.100            NICT
61055.000   10020 1402013   37151.100            NICT
61055.000   10020 1402014   -2458.700            NICT
61055.000   10020 1402015   67271.900            NICT
61055.000   10020 1411041  -57902.500            NICT
61055.000   10020 1411062   33834.200            NICT
61055.000   10020 1412060   59392.000            NICT
61055.000   10002 1412108  527735.100            NIST
61055.000   10002 1412014 -547123.500            NIST
61055.000   10002 1400004 -199756.000            NIST
61055.000   10002 1400222  726483.800            NIST
61055.000   10002 1400209 -451682.000            NIST
61055.000   10002 1400212  447785.200            NIST
61055.000   10002 1400207  632217.400            NIST
61055.000   10002 1412015  598399.100            NIST
61055.000   10002 1400210  160695.100            NIST
61055.000   10002 1400205  980437.600            NIST
61055.000   10002 1352792 -547674.000            NIST
61055.000   10002 1412099  235793.700            NIST
61055.000   10002 1412006   62114.500            NIST
61055.000   10002 1442021 -552864.200            NIST
61055.000   10002 1352935 -653338.100            NIST
61055.000   10002 1352579  978478.400            NIST
61055.000   10002 1402205 -264939.100            NIST
61055.000   10050 1320293  116433.400            NMIJ
61055.000   10017 1412011   47463.700            NPL 
61055.000   10017 1412050   45410.200            NPL 
61055.000   10003 1352150    8018.500            NRC 
61055.000   10003 1362225   17138.200            NRC 
61055.000   10003 1352115   19005.900            NRC 
61055.000   10003 1400306   91326.400            NRC 
61055.000   10003 1400307   10564.200            NRC 
61055.000   10049 1415324   -1615.200            NTSC
61055.000   10049 1415316   -5252.500            NTSC
61055.000   10049 1415085  -22178.500            NTSC
61055.000   10049 1415082   47028.200            NTSC
61055.000   10049 1414922    5009.800            NTSC
61055.000   10049 1404967    4813.200            NTSC
61055.000   10049 1354937   14390.100            NTSC
61055.000   10049 1352142   15214.900            NTSC
61055.000   10016 1354619       0.000            INXE
61055.000   10008 1352027   32568.800            OP  
61055.000   10008 1400889    3958.700            OP  
61055.000   10008 1353765   77835.900            OP  
61055.000   10008 1400810   19692.900            OP  
61055.000   10008 1400809   34000.000            OP  
61055.000   10008 1400890   28388.100            OP  
61055.000   10026 1352722   -1898.300            ORB 
61055.000   10026 1352724    9236.000            ORB 
61055.000   10026 1411030   73023.000            ORB 
61055.000   10026 1402602  331277.600            ORB 
61055.000   10026 1352723    1293.000            ORB 
61055.000   10040 1350441    -736.200            PL  
61055.000   10040 1415318     -69.900            PL  
61055.000   10040 1415321   24344.400            PL  
61055.000   10040 1354603     105.400            PL  
61055.000   10040 1354597     221.300            PL  
61055.000   10005 1920001   41558.900            PTB 
61055.000   10005 1920002   37490.000            PTB 
61055.000   10005 1355322    8691.100            PTB 
61055.000   10005 1400510    8549.700            PTB 
61055.000   10005 1400506   31874.100            PTB 
61055.000   10005 1400508   32507.900            PTB 
61055.000   10005 1400509    9685.700            PTB 
61055.000   10005 1415245   -5016.100            PTB 
61055.000   10005 1400512    6394.700            PTB 
61055.000   10005 1415221    3526.800            PTB 
61055.000   10019 1351942   68109.800            ONRJ
61055.000   10019 1320337   50548.900            ONRJ
61055.000   10019 1354204   69150.300            ONRJ
61055.000   10019 1350147   59220.600            ONRJ
61055.000   10019 1350102   19074.100            ONRJ
61055.000   10019 1353364   38373.100            ONRJ
61055.000   10019 1351153  -11259.900            ONRJ
61055.000   10019 1401958  120360.800            ONRJ
61055.000   10014 1350583   -4535.900            ROA 
61055.000   10014 1350718   -3064.500            ROA 
61055.000   10014 1361490   86763.500            ROA 
61055.000   10014 1361488   84837.300            ROA 
61055.000   10014 1351699   54746.300            ROA 
61055.000   10014 1401436 1916863.600            ROA 
61055.000   10014 1412032 1268624.400            ROA 
61055.000   10014 1352270    7794.700            ROA 
61055.000   10062 1352932       0.000            SASO
61055.000   10062 1352931    -349.100            SASO
61055.000   10062 1351628     572.500            SASO
61055.000   10062 1350221    -333.400            SASO
61055.000   10067 1352525   -7876.900            SCL 
61055.000   10067 1352178  -19143.200            SCL 
61055.000   10067 1415314     628.500            SCL 
61055.000   10067 1353448    -640.600            SCL 
61055.000   10079 1352003   33591.100            SMD 
61055.000   10079 1352543  -25423.200            SMD 
61055.000   10079 1411049   -1969.500            SMD 
61055.000   10072 1352745  -20946.300            SP  
61055.000   10072 1352749   20836.800            SP  
61055.000   10072 1352758   -2380.600            SP  
61055.000   10072 1354707    6583.700            SP  
61055.000   10072 1362295    1749.400            SP  
61055.000   10072 1365149   51762.100            SP  
61055.000   10072 1407201    -843.800            SP  
61055.000   10072 1407223  151764.700            SP  
61055.000   10072 1407231  236527.200            SP  
61055.000   10072 1407232  383329.100            SP  
61055.000   10072 1415319   40521.900            SP  
61055.000   10038 1403809 -408836.800            SU  
61055.000   10038 1403811 -282074.900            SU  
61055.000   10038 1403812  -27832.500            SU  
61055.000   10038 1403844 -562533.500            SU  
61055.000   10038 1403853    3584.200            SU  
61055.000   10038 1403833 -397928.600            SU  
61055.000   10038 1403846   45842.400            SU  
61055.000   10038 1403814 -657589.000            SU  
61055.000   10038 1403815 -333969.500            SU  
61055.000   10038 1403834    9588.700            SU  
61055.000   10038 1403841  -40782.300            SU  
61055.000   10038 1403840    9196.700            SU  
61055.000   10038 1403845 -453410.400            SU  
61055.000   10030 1403011  131877.600            TL  
61055.000   10030 1413202  220782.200            TL  
61055.000   10030 1353942  -35644.800            TL  
61055.000   10030 1353947   53904.000            TL  
61055.000   10030 1354060  -13759.900            TL  
61055.000   10022 1320211 1999812.400            TP  
61055.000   10022 1320247  999411.200            TP  
61055.000   10022 1351227       0.000            TP  
61055.000   10022 1352179     -60.800            TP  
61055.000   10022 1352476     525.700            TP  
61055.000   10022 1353519     -51.100            TP  
61055.000   10068 1411028       0.000            UME 
61055.000   10068 1352703    2511.100            UME 
61055.000   10068 1350251    3337.100            UME 
61055.000   10068 1350872   -7625.300            UME 
61055.000   10068 1352710    2442.800            UME 
61055.000   10007 1400711 3266994.900            USNO
61055.000   10007 1400712  269940.200            USNO
61055.000   10007 1400719  449596.200            USNO
61055.000   10007 1400702  -65671.100            USNO
61055.000   10007 1400708  659987.700            USNO
61055.000   10007 1400704  111942.100            USNO
61055.000   10007 1400718 1924228.100            USNO
61055.000   10007 1400710 -767764.900            USNO
61055.000   10007 1400726 1264514.800            USNO
61055.000   10007 1400715  412749.700            USNO
61055.000   10007 1350161   81124.100            USNO
61055.000   10007 1400727 -713713.600            USNO
61055.000   10007 1400729 2194021.800            USNO
61055.000   10007 1400725 -218961.800            USNO
61055.000   10007 1400724 -811427.200            USNO
61055.000   10007 1400723 -606522.400            USNO
61055.000   10007 1400722 2706222.300            USNO
61055.000   10007 1400721  403965.300            USNO
61055.000   10007 1400720 1249838.900            USNO
61055.000   10007 1400730 2113658.500            USNO
61055.000   10007 1400731 -397003.800            USNO
61055.000   10007 1400732  736374.300            USNO
61055.000   10007 1400736 1214352.800            USNO
61055.000   10007 1400737 2441072.500            USNO
61055.000   10007 1400740 1078540.200            USNO
61055.000   10007 1400713  447662.400            USNO
61055.000   10007 1400714   92224.100            USNO
61055.000   10007 1400716  672731.800            USNO
61055.000   10007 1400738   96349.400            USNO
61055.000   10064 1355005       0.000            UZ  
61055.000   10064 1354998 4002591.200            UZ  
61055.000   10028 1353669   19073.700            VMI 
61055.000   10028 1361233   11819.100            VMI 
61055.000   10028 1353670  -23812.700            VMI 
61055.000   10024 1411040   -2444.600            VSL 
61055.000   10024 1354466    9429.300            VSL 
61055.000   10024 1355008    6624.300            VSL 
61055.000   10055 1352191     -13.600            DMDM
61055.000   10055 1362033  -52170.400            DMDM
