61050.000   10021 1352938       0.000            UAE 
61050.000   10021 1352940    -269.000            UAE 
61050.000   10046 1404601   24140.500            AOS 
61050.000   10046 1352394    -680.700            AOS 
61050.000   10031 1353842    2438.200            APL 
61050.000   10031 1403107  254928.400            APL 
61050.000   10031 1403108  423723.900            APL 
61050.000   10031 1403109  132486.200            APL 
61050.000   10031 1412174   19819.900            APL 
61050.000   10054 1362269     186.000            AUS 
61050.000   10054 1360340   12182.000            AUS 
61050.000   10054 1360654  -42048.000            AUS 
61050.000   10054 1363814    4123.000            AUS 
61050.000   10054 1364971    6838.000            AUS 
61050.000   10054 1360299   27461.000            AUS 
61050.000   10101 1355360       0.000            AZ  
61050.000   10101 1355361    -815.300            AZ  
61050.000   10075 1352685    2947.800            IMBH
61050.000   10075 1320192   -7946.200            IMBH
61050.000   10075 1320193  -37773.300            IMBH
61050.000   10071 1353447    1241.900            BIRM
61050.000   10071 1353689    9791.600            BIRM
61050.000   10071 1407107 -383436.000            BIRM
61050.000   10071 1407111    -150.400            BIRM
61050.000   10071 1407112   -6127.400            BIRM
61050.000   10071 1415303   -2796.000            BIRM
61050.000   10071 1415304   -9397.300            BIRM
61050.000   10071 1415305  -17901.700            BIRM
61050.000   10092 1363159    4818.700            ICE 
61050.000   10092 1363522    3490.300            ICE 
61050.000   10057 1352117   14027.100            CH  
61050.000   10057 1355202    -535.900            CH  
61050.000   10057 1373644    -632.600            CH  
61050.000   10057 1405701   -1601.800            CH  
61050.000   10057 1405702   23373.400            CH  
61050.000   10057 1411117    -264.800            CH  
61050.000   10073 1353612  -10350.900            CNM 
61050.000   10073 1413211    -975.000            CNM 
61050.000   10073 1413212   40299.400            CNM 
61050.000   10074 1411045    3373.700            DLR 
61050.000   10053 1350136     -83.300            DTAG
61050.000   10053 1355332   -1362.500            DTAG
61050.000   10053 1352635    2283.800            DTAG
61050.000   10025 1352025    3924.600            ESA 
61050.000   10025 1351615   -4378.100            ESA 
61050.000   10025 1352353   11072.000            ESA 
61050.000   10025 1352210   27504.400            ESA 
61050.000   10025 1402543  -26796.200            ESA 
61050.000   10025 1402541  -91378.900            ESA 
61050.000   10089 1354233       0.000            HKO 
61050.000   10089 1355122    1190.400            HKO 
61050.000   10099 1354701       0.000            IFZG
61050.000   10093 1353401       0.000            NSAI
61050.000   10048 1404878  901828.600            NIM 
61050.000   10048 1404871 1018234.600            NIM 
61050.000   10048 1404832 1008296.000            NIM 
61050.000   10048 1404879 1863394.300            NIM 
61050.000   10048 1404880 2142557.200            NIM 
61050.000   10048 1352742  110237.100            NIM 
61050.000   10048 1404849 1414357.800            NIM 
61050.000   10048 1404856   93348.700            NIM 
61050.000   10048 1404857   25421.900            NIM 
61050.000   10048 1404821    2675.200            NIM 
61050.000   10048 1404850     561.300            NIM 
61050.000   10048 1404870    4904.500            NIM 
61050.000   10015 1362377       0.000            INTI
61050.000   10015 1363270   11790.400            INTI
61050.000   10015 1363511    5810.400            INTI
61050.000   10070 1353546    8542.900            IPQ 
61050.000   10083 1353654    9509.300            NIS 
61050.000   10083 1354391   15814.000            NIS 
61050.000   10083 1353812  -27172.900            NIS 
61050.000   10083 1352182   -3998.900            NIS 
61050.000   10011 1350219    -950.200            IT  
61050.000   10011 1352487    -291.500            IT  
61050.000   10011 1401101  216631.000            IT  
61050.000   10011 1401102  286943.300            IT  
61050.000   10011 1401103   32252.700            IT  
61050.000   10011 1401104   12690.600            IT  
61050.000   10011 1411079    -685.400            IT  
61050.000   10011 1411078    2426.100            IT  
61050.000   10011 1422012     364.700            IT  
61050.000   10035 1350832   16245.800            BSJ 
61050.000   10035 1350833    8931.700            BSJ 
61050.000   10087 1361277 -111227.600            JV  
61050.000   10087 1362617   69261.000            JV  
61050.000   10087 1415218  -42070.400            JV  
61050.000   10087 1411122   14194.000            JV  
61050.000   10056 1351783   38784.500            KRIS
61050.000   10056 1405624  154665.400            KRIS
61050.000   10056 1405625  447046.600            KRIS
61050.000   10056 1405626   14187.100            KRIS
61050.000   10027 1415201    -634.900            KZ  
61050.000   10027 1415205    1365.700            KZ  
61050.000   10027 1415266   -2179.600            KZ  
61050.000   10052 1351324  -10976.300            NPLI
61050.000   10052 1353376  -10401.400            NPLI
61050.000   10052 1353457    3295.800            NPLI
61050.000   10052 1353413   44062.500            NPLI
61050.000   10052 1353453    5004.100            NPLI
61050.000   10052 1415225  110017.600            NPLI
61050.000   10052 1415365   45841.500            NPLI
61050.000   10052 1415363    2915.200            NPLI
61050.000   10052 1415364   10889.100            NPLI
61050.000   10091 1352370   -7303.100            LRTE
61050.000   10082 1351868       0.000            LT  
61050.000   10082 1351362   -1720.900            LT  
61050.000   10094 1353471  -60821.300            LUX 
61050.000   10094 1353544  -58062.000            LUX 
61050.000   10041 1404113  322556.700            MIKE
61050.000   10041 1404108   28398.200            MIKE
61050.000   10041 1404189  187242.200            MIKE
61050.000   10041 1412084   27726.200            MIKE
61050.000   10051 1352900       0.000            MASM
61050.000   10088 1361806  -12402.100            CNMP
61050.000   10088 1361752   -6634.600            CNMP
61050.000   10088 1363162    7959.200            CNMP
61050.000   10088 1363179  -65887.800            CNMP
61050.000   10063 1360274    3037.400            MSL 
61050.000   10063 1363396   -4386.500            MSL 
61050.000   10063 1363872  110860.300            MSL 
61050.000   10081 1353476    4900.400            NIMT
61050.000   10081 1353472   45565.400            NIMT
61050.000   10081 1353470   45356.100            NIMT
61050.000   10013 1410102   -1717.200            NAO 
61050.000   10013 1350779    6828.300            NAO 
61050.000   10013 1351689      71.100            NAO 
61050.000   10013 1351214     107.500            NAO 
61050.000   10020 1350343  127188.500            NICT
61050.000   10020 1350907   36187.100            NICT
61050.000   10020 1351226  -16551.400            NICT
61050.000   10020 1351778   74791.600            NICT
61050.000   10020 1351789   -7844.400            NICT
61050.000   10020 1351866    1404.100            NICT
61050.000   10020 1351944  108616.300            NICT
61050.000   10020 1352011  108204.800            NICT
61050.000   10020 1352056  109114.100            NICT
61050.000   10020 1352113  -45681.900            NICT
61050.000   10020 1352116  -27354.100            NICT
61050.000   10020 1352570   87786.200            NICT
61050.000   10020 1352620   59679.200            NICT
61050.000   10020 1352627  -22709.700            NICT
61050.000   10020 1352628  -24461.100            NICT
61050.000   10020 1352784   43730.800            NICT
61050.000   10020 1352876  123903.900            NICT
61050.000   10020 1352903   52587.400            NICT
61050.000   10020 1353594  -15131.000            NICT
61050.000   10020 1353716  -28021.800            NICT
61050.000   10020 1353717  -49186.200            NICT
61050.000   10020 1353718  -43512.500            NICT
61050.000   10020 1353720  -53113.800            NICT
61050.000   10020 1353722  -30344.700            NICT
61050.000   10020 1353909   27118.100            NICT
61050.000   10020 1353912  -37236.900            NICT
61050.000   10020 1353916  -70107.800            NICT
61050.000   10020 1353918   38180.400            NICT
61050.000   10020 1354230   68211.200            NICT
61050.000   10020 1355334   86145.600            NICT
61050.000   10020 1402003   15588.000            NICT
61050.000   10020 1402004   -8202.700            NICT
61050.000   10020 1402012   34646.700            NICT
61050.000   10020 1402013   36588.200            NICT
61050.000   10020 1402014   -2472.200            NICT
61050.000   10020 1402015   66693.000            NICT
61050.000   10020 1411041  -57268.400            NICT
61050.000   10020 1411062   33932.900            NICT
61050.000   10020 1412060   59018.700            NICT
61050.000   10002 1412108  524086.900            NIST
61050.000   10002 1412014 -547838.700            NIST
61050.000   10002 1400004 -200155.000            NIST
61050.000   10002 1400222  726185.800            NIST
61050.000   10002 1400209 -452011.000            NIST
61050.000   10002 1400212  441800.200            NIST
61050.000   10002 1400207  628749.000            NIST
61050.000   10002 1412015  596114.000            NIST
61050.000   10002 1400210  156181.200            NIST
61050.000   10002 1400205  980529.100            NIST
61050.000   10002 1352792 -547585.200            NIST
61050.000   10002 1412099  230003.000            NIST
61050.000   10002 1412006   57113.700            NIST
61050.000   10002 1442021 -553079.100            NIST
61050.000   10002 1352935 -653211.600            NIST
61050.000   10002 1352579  978407.800            NIST
61050.000   10002 1402205 -267621.000            NIST
61050.000   10050 1320293  115265.400            NMIJ
61050.000   10017 1412011   47408.400            NPL 
61050.000   10017 1412050   45363.300            NPL 
61050.000   10003 1352150    8001.800            NRC 
61050.000   10003 1362225   17146.100            NRC 
61050.000   10003 1352115   18973.200            NRC 
61050.000   10003 1400306   91232.600            NRC 
61050.000   10003 1400307   10505.200            NRC 
61050.000   10049 1415324   -1608.000            NTSC
61050.000   10049 1415316   -5216.600            NTSC
61050.000   10049 1415085  -22114.700            NTSC
61050.000   10049 1415082   46731.400            NTSC
61050.000   10049 1414922    4938.500            NTSC
61050.000   10049 1404967    4752.300            NTSC
61050.000   10049 1354937   14367.600            NTSC
61050.000   10049 1352142   15214.300            NTSC
61050.000   10016 1354619       0.000            INXE
61050.000   10008 1352027   32496.000            OP  
61050.000   10008 1400889    3844.000            OP  
61050.000   10008 1353765   77719.800            OP  
61050.000   10008 1400810   19583.100            OP  
61050.000   10008 1400809   33843.800            OP  
61050.000   10008 1400890   28257.800            OP  
61050.000   10026 1352722   -1872.000            ORB 
61050.000   10026 1352724    9191.200            ORB 
61050.000   10026 1411030   72632.900            ORB 
61050.000   10026 1402602  328771.300            ORB 
61050.000   10026 1352723    1276.100            ORB 
61050.000   10040 1350441    -736.600            PL  
61050.000   10040 1415318    1388.300            PL  
61050.000   10040 1415321   24204.700            PL  
61050.000   10040 1354603     100.900            PL  
61050.000   10040 1354597     215.900            PL  
61050.000   10005 1920001   41552.100            PTB 
61050.000   10005 1920002   37477.800            PTB 
61050.000   10005 1355322    8680.500            PTB 
61050.000   10005 1400510    8503.600            PTB 
61050.000   10005 1400506   31823.700            PTB 
61050.000   10005 1400508   32457.000            PTB 
61050.000   10005 1400509    9661.400            PTB 
61050.000   10005 1415245   -4949.500            PTB 
61050.000   10005 1400512    6347.500            PTB 
61050.000   10005 1415221    3522.800            PTB 
61050.000   10019 1351942   68016.700            ONRJ
61050.000   10019 1320337   50505.000            ONRJ
61050.000   10019 1354204   68920.300            ONRJ
61050.000   10019 1350147   59183.000            ONRJ
61050.000   10019 1350102   19016.200            ONRJ
61050.000   10019 1353364   38326.600            ONRJ
61050.000   10019 1351153  -11210.900            ONRJ
61050.000   10019 1401958  119724.400            ONRJ
61050.000   10014 1350583   -4504.100            ROA 
61050.000   10014 1350718   -3104.900            ROA 
61050.000   10014 1361490   86740.000            ROA 
61050.000   10014 1361488   84790.700            ROA 
61050.000   10014 1351699   54730.300            ROA 
61050.000   10014 1401436 1913799.000            ROA 
61050.000   10014 1412032 1265431.400            ROA 
61050.000   10014 1352270    7789.500            ROA 
61050.000   10062 1352932       0.000            SASO
61050.000   10062 1352931    -412.300            SASO
61050.000   10062 1351628     546.600            SASO
61050.000   10062 1350221    -300.900            SASO
61050.000   10067 1352525   -7838.100            SCL 
61050.000   10067 1352178  -19061.300            SCL 
61050.000   10067 1415314     576.800            SCL 
61050.000   10067 1353448    -756.900            SCL 
61050.000   10079 1352003   33557.200            SMD 
61050.000   10079 1352543  -25346.900            SMD 
61050.000   10079 1411049   -1970.900            SMD 
61050.000   10072 1352745  -20861.600            SP  
61050.000   10072 1352749   20713.100            SP  
61050.000   10072 1352758   -2373.700            SP  
61050.000   10072 1354707    6585.300            SP  
61050.000   10072 1362295    1612.200            SP  
61050.000   10072 1365149   51318.900            SP  
61050.000   10072 1407201    -990.300            SP  
61050.000   10072 1407223  151456.100            SP  
61050.000   10072 1407231  235320.400            SP  
61050.000   10072 1407232  381631.900            SP  
61050.000   10072 1415319   40386.300            SP  
61050.000   10038 1403809 -408750.800            SU  
61050.000   10038 1403811 -282075.100            SU  
61050.000   10038 1403812  -27986.000            SU  
61050.000   10038 1403844 -562639.700            SU  
61050.000   10038 1403853    3520.200            SU  
61050.000   10038 1403833 -398048.600            SU  
61050.000   10038 1403846   45706.700            SU  
61050.000   10038 1403814 -658192.400            SU  
61050.000   10038 1403815 -334108.500            SU  
61050.000   10038 1403816 -302044.200            SU  
61050.000   10038 1403834    9499.800            SU  
61050.000   10038 1403841  -41004.400            SU  
61050.000   10038 1403840    9121.500            SU  
61050.000   10038 1403845 -453371.100            SU  
61050.000   10030 1403011  129175.400            TL  
61050.000   10030 1413202  220270.500            TL  
61050.000   10030 1353942  -35532.800            TL  
61050.000   10030 1353947   53769.200            TL  
61050.000   10030 1354060  -13728.400            TL  
61050.000   10022 1320211 1999812.900            TP  
61050.000   10022 1320247  999469.400            TP  
61050.000   10022 1351227       0.000            TP  
61050.000   10022 1352179     -64.200            TP  
61050.000   10022 1352476     538.700            TP  
61050.000   10022 1353519     -39.600            TP  
61050.000   10022 1411076    4136.600            TP  
61050.000   10068 1411028       0.000            UME 
61050.000   10068 1352703    2495.400            UME 
61050.000   10068 1350251    3317.800            UME 
61050.000   10068 1350872   -7584.800            UME 
61050.000   10068 1352710    2353.400            UME 
61050.000   10007 1400711 3264193.800            USNO
61050.000   10007 1400712  269627.300            USNO
61050.000   10007 1400719  448500.400            USNO
61050.000   10007 1400702  -65682.800            USNO
61050.000   10007 1400708  659334.300            USNO
61050.000   10007 1400704  111694.400            USNO
61050.000   10007 1400718 1922307.700            USNO
61050.000   10007 1400710 -765371.100            USNO
61050.000   10007 1400726 1262118.700            USNO
61050.000   10007 1400715  411861.000            USNO
61050.000   10007 1350161   81144.300            USNO
61050.000   10007 1400727 -711994.300            USNO
61050.000   10007 1400729 2190366.900            USNO
61050.000   10007 1400725 -218892.300            USNO
61050.000   10007 1400724 -810880.900            USNO
61050.000   10007 1400723 -606589.300            USNO
61050.000   10007 1400722 2707139.300            USNO
61050.000   10007 1400721  399974.800            USNO
61050.000   10007 1400720 1249405.500            USNO
61050.000   10007 1400730 2110665.500            USNO
61050.000   10007 1400731 -396143.700            USNO
61050.000   10007 1400732  734517.700            USNO
61050.000   10007 1400736 1214123.000            USNO
61050.000   10007 1400737 2439719.900            USNO
61050.000   10007 1400740 1075498.100            USNO
61050.000   10007 1400713  446941.300            USNO
61050.000   10007 1400714   91936.500            USNO
61050.000   10007 1400716  671512.600            USNO
61050.000   10007 1400738   95528.500            USNO
61050.000   10064 1355005       0.000            UZ  
61050.000   10064 1354998 3769668.700            UZ  
61050.000   10028 1353669   19003.200            VMI 
61050.000   10028 1361233   11757.300            VMI 
61050.000   10028 1353670  -23728.200            VMI 
61050.000   10024 1411040   -2415.700            VSL 
61050.000   10024 1354466    9394.900            VSL 
61050.000   10024 1355008    6588.000            VSL 
61050.000   10055 1352191     -13.600            DMDM
61050.000   10055 1362033  -51914.500            DMDM
