61174.000   10021 1352938       0.000            UAE 
61174.000   10021 1352940   -3904.600            UAE 
61174.000   10046 1404601   27056.800            AOS 
61174.000   10046 1352394   -1191.100            AOS 
61174.000   10031 1353842    2414.900            APL 
61174.000   10031 1403107  267350.500            APL 
61174.000   10031 1403108  519797.700            APL 
61174.000   10031 1403109  135669.100            APL 
61174.000   10031 1412174   32382.300            APL 
61174.000   10054 1362269     116.000            AUS 
61174.000   10054 1360340   12982.000            AUS 
61174.000   10054 1360654  -45306.000            AUS 
61174.000   10054 1363814    4636.000            AUS 
61174.000   10054 1364971    7689.000            AUS 
61174.000   10054 1360299   28826.000            AUS 
61174.000   10101 1355360       0.000            AZ  
61174.000   10101 1355361   -1367.200            AZ  
61174.000   10075 1352685    3401.500            IMBH
61174.000   10075 1320192   -8804.100            IMBH
61174.000   10075 1320193  -42595.300            IMBH
61174.000   10071 1353447     738.700            BIRM
61174.000   10071 1353689    9946.500            BIRM
61174.000   10071 1407107 -428872.500            BIRM
61174.000   10071 1407112  -11013.900            BIRM
61174.000   10071 1415303   -5238.800            BIRM
61174.000   10071 1415304  -12164.300            BIRM
61174.000   10071 1415305  -21212.900            BIRM
61174.000   10092 1363159    3957.400            ICE 
61174.000   10092 1363522    3704.900            ICE 
61174.000   10057 1355202    -787.400            CH  
61174.000   10057 1373644   -1070.600            CH  
61174.000   10057 1405701   -2186.500            CH  
61174.000   10057 1405702   21122.300            CH  
61174.000   10057 1411117     -77.900            CH  
61174.000   10073 1353612  -14539.300            CNM 
61174.000   10073 1413211   -1021.400            CNM 
61174.000   10073 1413212   65329.100            CNM 
61174.000   10074 1411045    5146.800            DLR 
61174.000   10053 1350136     -83.300            DTAG
61174.000   10053 1355332   -1460.400            DTAG
61174.000   10053 1352635    2564.600            DTAG
61174.000   10025 1352025    4378.500            ESA 
61174.000   10025 1351615   -4752.400            ESA 
61174.000   10025 1352353   11920.300            ESA 
61174.000   10025 1352210   30089.200            ESA 
61174.000   10025 1402543  -41130.000            ESA 
61174.000   10025 1402541 -117666.100            ESA 
61174.000   10025 1411033   -2397.200            ESA 
61174.000   10089 1354233       0.000            HKO 
61174.000   10089 1355122    1323.500            HKO 
61174.000   10099 1354701       0.000            IFZG
61174.000   10093 1353401       0.000            NSAI
61174.000   10044 1361167     822.200            IFAG
61174.000   10044 1361173     174.800            IFAG
61174.000   10044 1361629   10778.700            IFAG
61174.000   10044 1361732    7457.600            IFAG
61174.000   10044 1361798     445.900            IFAG
61174.000   10044 1404439    4338.400            IFAG
61174.000   10044 1404418   15218.400            IFAG
61174.000   10048 1404878  961025.300            NIM 
61174.000   10048 1404871 1089329.000            NIM 
61174.000   10048 1404832 1101773.500            NIM 
61174.000   10048 1404879 1932996.900            NIM 
61174.000   10048 1404880 2215642.700            NIM 
61174.000   10048 1352742  113802.800            NIM 
61174.000   10048 1404849 1415142.800            NIM 
61174.000   10048 1404856   94260.800            NIM 
61174.000   10048 1404857   24875.200            NIM 
61174.000   10048 1404821    3074.900            NIM 
61174.000   10048 1404850     721.300            NIM 
61174.000   10048 1404870    5807.300            NIM 
61174.000   10015 1362377       0.000            INTI
61174.000   10015 1363270   12703.400            INTI
61174.000   10015 1363511    6239.400            INTI
61174.000   10070 1353546    8387.000            IPQ 
61174.000   10083 1353654   10097.800            NIS 
61174.000   10083 1354391   18227.300            NIS 
61174.000   10083 1353812  -29985.900            NIS 
61174.000   10083 1352182   -4388.200            NIS 
61174.000   10011 1350219   -1136.600            IT  
61174.000   10011 1352487    -648.800            IT  
61174.000   10011 1401101  280637.700            IT  
61174.000   10011 1401102  299567.500            IT  
61174.000   10011 1401103   37057.700            IT  
61174.000   10011 1401104    5894.200            IT  
61174.000   10011 1411079   -1650.400            IT  
61174.000   10011 1411078    4463.900            IT  
61174.000   10035 1350832   18227.100            BSJ 
61174.000   10035 1350833   10075.200            BSJ 
61174.000   10087 1361277 -112514.600            JV  
61174.000   10087 1362617   71225.200            JV  
61174.000   10087 1415218  -42170.300            JV  
61174.000   10087 1411122   17750.900            JV  
61174.000   10056 1351783   41522.800            KRIS
61174.000   10056 1405624  172538.900            KRIS
61174.000   10056 1405625  499651.400            KRIS
61174.000   10056 1405626   16415.400            KRIS
61174.000   10027 1415201    -706.500            KZ  
61174.000   10027 1415205    1976.800            KZ  
61174.000   10027 1415266   -3006.200            KZ  
61174.000   10052 1351324  -11237.100            NPLI
61174.000   10052 1353376  -10867.300            NPLI
61174.000   10052 1353457    3494.400            NPLI
61174.000   10052 1353413   45554.000            NPLI
61174.000   10052 1353453    5340.600            NPLI
61174.000   10052 1415225  121336.700            NPLI
61174.000   10052 1415365   49934.900            NPLI
61174.000   10052 1415363    4164.500            NPLI
61174.000   10052 1415364   12311.000            NPLI
61174.000   10091 1352370  -11379.100            LRTE
61174.000   10082 1351868       0.000            LT  
61174.000   10082 1351362   -1686.300            LT  
61174.000   10094 1353471  -62049.100            LUX 
61174.000   10094 1353544  -57485.600            LUX 
61174.000   10085 1353507       0.000            NIMB
61174.000   10041 1404113  334799.400            MIKE
61174.000   10041 1404108   33579.600            MIKE
61174.000   10041 1404189  181463.100            MIKE
61174.000   10041 1412084   26229.900            MIKE
61174.000   10088 1361806  -12831.800            CNMP
61174.000   10088 1361752   -6811.400            CNMP
61174.000   10088 1363162    8794.800            CNMP
61174.000   10088 1363179  -67901.000            CNMP
61174.000   10063 1360274    3365.800            MSL 
61174.000   10063 1363396   -4299.400            MSL 
61174.000   10063 1363872  116949.600            MSL 
61174.000   10081 1353476    3380.800            NIMT
61174.000   10081 1353472   47012.200            NIMT
61174.000   10081 1353470   47501.100            NIMT
61174.000   10013 1410102    2228.100            NAO 
61174.000   10013 1350779     498.800            NAO 
61174.000   10013 1351689     381.900            NAO 
61174.000   10013 1351214     107.400            NAO 
61174.000   10020 1350343  130395.400            NICT
61174.000   10020 1350907   34271.600            NICT
61174.000   10020 1351226  -16898.000            NICT
61174.000   10020 1351778   76422.300            NICT
61174.000   10020 1351789   -8600.200            NICT
61174.000   10020 1351866    1370.800            NICT
61174.000   10020 1351944  110118.400            NICT
61174.000   10020 1352011  107800.900            NICT
61174.000   10020 1352056  110692.400            NICT
61174.000   10020 1352113  -46186.900            NICT
61174.000   10020 1352116  -26973.500            NICT
61174.000   10020 1352570   88818.400            NICT
61174.000   10020 1352620   61605.300            NICT
61174.000   10020 1352627  -24585.400            NICT
61174.000   10020 1352628  -25898.100            NICT
61174.000   10020 1352784   42385.900            NICT
61174.000   10020 1352876  123383.000            NICT
61174.000   10020 1352903   53214.100            NICT
61174.000   10020 1353594  -14322.700            NICT
61174.000   10020 1353716  -29366.100            NICT
61174.000   10020 1353717  -51881.400            NICT
61174.000   10020 1353718  -46582.300            NICT
61174.000   10020 1353720  -54991.700            NICT
61174.000   10020 1353722  -31389.700            NICT
61174.000   10020 1353909   27969.500            NICT
61174.000   10020 1353912  -39812.900            NICT
61174.000   10020 1353916  -74364.300            NICT
61174.000   10020 1353918   40309.700            NICT
61174.000   10020 1354230   69062.600            NICT
61174.000   10020 1402003   17020.700            NICT
61174.000   10020 1402004  -11076.500            NICT
61174.000   10020 1402012   28594.400            NICT
61174.000   10020 1402013   51356.100            NICT
61174.000   10020 1402014   -1818.400            NICT
61174.000   10020 1402015   81625.800            NICT
61174.000   10020 1411041  -73287.600            NICT
61174.000   10020 1411062   31452.000            NICT
61174.000   10020 1412060   68797.100            NICT
61174.000   10002 1412108  615723.200            NIST
61174.000   10002 1412014 -529774.200            NIST
61174.000   10002 1400004 -190210.200            NIST
61174.000   10002 1400222  733539.200            NIST
61174.000   10002 1400209 -443324.300            NIST
61174.000   10002 1400212  592156.900            NIST
61174.000   10002 1400207  715154.200            NIST
61174.000   10002 1412015  653171.200            NIST
61174.000   10002 1400210  269180.300            NIST
61174.000   10002 1400205  978248.500            NIST
61174.000   10002 1412099  374560.000            NIST
61174.000   10002 1412006  182267.800            NIST
61174.000   10002 1442021 -561750.200            NIST
61174.000   10002 1352935 -656219.100            NIST
61174.000   10002 1352579  980592.500            NIST
61174.000   10002 1402205 -200664.300            NIST
61174.000   10050 1320293  144059.100            NMIJ
61174.000   10017 1412011   48913.900            NPL 
61174.000   10017 1412050   48076.200            NPL 
61174.000   10003 1352150    8307.100            NRC 
61174.000   10003 1362225   17014.100            NRC 
61174.000   10003 1352115   19816.400            NRC 
61174.000   10003 1352148    3156.700            NRC 
61174.000   10003 1400306   92554.600            NRC 
61174.000   10003 1400307   12011.600            NRC 
61174.000   10049 1415324   -1612.900            NTSC
61174.000   10049 1415322    2963.800            NTSC
61174.000   10049 1415316   -6111.400            NTSC
61174.000   10049 1415082   54282.000            NTSC
61174.000   10049 1414922    6834.400            NTSC
61174.000   10049 1404967    6376.800            NTSC
61174.000   10049 1354937   14351.100            NTSC
61174.000   10049 1352142   15151.400            NTSC
61174.000   10016 1354619       0.000            INXE
61174.000   10008 1352027   34435.700            OP  
61174.000   10008 1400889    6742.200            OP  
61174.000   10008 1353765   80787.700            OP  
61174.000   10008 1400810   22362.200            OP  
61174.000   10008 1400809   37812.200            OP  
61174.000   10008 1400890   31502.400            OP  
61174.000   10026 1352723    1823.600            ORB 
61174.000   10026 1352724   10405.300            ORB 
61174.000   10026 1411030   82455.700            ORB 
61174.000   10026 1402602  390982.600            ORB 
61174.000   10040 1350441    -796.700            PL  
61174.000   10040 1415318  -82485.900            PL  
61174.000   10040 1415321   27917.300            PL  
61174.000   10040 1354603     213.200            PL  
61174.000   10040 1354597     286.200            PL  
61174.000   10005 1920001   41696.000            PTB 
61174.000   10005 1920002   37681.700            PTB 
61174.000   10005 1355322    9048.100            PTB 
61174.000   10005 1400510    9668.800            PTB 
61174.000   10005 1400506   33614.400            PTB 
61174.000   10005 1400508   34199.300            PTB 
61174.000   10005 1400509   10274.400            PTB 
61174.000   10005 1415245   -6667.100            PTB 
61174.000   10005 1400512    7568.800            PTB 
61174.000   10005 1415221    3623.000            PTB 
61174.000   10019 1351942   70403.900            ONRJ
61174.000   10019 1320337   51597.400            ONRJ
61174.000   10019 1354204   74759.500            ONRJ
61174.000   10019 1350147   59954.800            ONRJ
61174.000   10019 1350102   19925.200            ONRJ
61174.000   10019 1353364   39513.700            ONRJ
61174.000   10019 1351153  -12599.300            ONRJ
61174.000   10019 1401958  136194.600            ONRJ
61174.000   10014 1350583   -5138.100            ROA 
61174.000   10014 1350718   -2254.600            ROA 
61174.000   10014 1361490   87729.400            ROA 
61174.000   10014 1361488   86172.300            ROA 
61174.000   10014 1351699   55516.400            ROA 
61174.000   10014 1401436 1990523.000            ROA 
61174.000   10014 1412032 1345447.200            ROA 
61174.000   10014 1352270    7972.200            ROA 
61174.000   10062 1352932       0.000            SASO
61174.000   10062 1352931    1052.800            SASO
61174.000   10062 1351628    1316.700            SASO
61174.000   10062 1350221   -1050.900            SASO
61174.000   10067 1352525   -8899.100            SCL 
61174.000   10067 1352178  -21194.100            SCL 
61174.000   10067 1415314    2001.700            SCL 
61174.000   10067 1353448    2175.400            SCL 
61174.000   10079 1352003   34424.600            SMD 
61174.000   10079 1352543  -27150.100            SMD 
61174.000   10079 1411049   -1906.900            SMD 
61174.000   10072 1352745  -22875.800            SP  
61174.000   10072 1352749   23558.200            SP  
61174.000   10072 1352758   -2490.400            SP  
61174.000   10072 1354707    6526.800            SP  
61174.000   10072 1365149   62200.000            SP  
61174.000   10072 1407201    3138.300            SP  
61174.000   10072 1407231  265967.500            SP  
61174.000   10072 1407232  424297.700            SP  
61174.000   10072 1415319   43779.600            SP  
61174.000   10038 1403809 -410826.700            SU  
61174.000   10038 1403811 -281986.200            SU  
61174.000   10038 1403812  -23974.700            SU  
61174.000   10038 1403844 -559970.700            SU  
61174.000   10038 1403853    5126.000            SU  
61174.000   10038 1403833 -394998.500            SU  
61174.000   10038 1403846   49050.800            SU  
61174.000   10038 1403814 -643108.000            SU  
61174.000   10038 1403815 -330580.500            SU  
61174.000   10038 1403834   11786.800            SU  
61174.000   10038 1403841  -35433.900            SU  
61174.000   10038 1403840   10997.900            SU  
61174.000   10038 1403845 -454270.400            SU  
61174.000   10030 1403011  196878.700            TL  
61174.000   10030 1413202  257670.900            TL  
61174.000   10030 1353942  -38380.000            TL  
61174.000   10030 1353947   57201.900            TL  
61174.000   10030 1354060  -14707.300            TL  
61174.000   10022 1320211 1999886.400            TP  
61174.000   10022 1320247  998954.700            TP  
61174.000   10022 1351227       0.000            TP  
61174.000   10022 1352179      95.400            TP  
61174.000   10022 1352476     583.500            TP  
61174.000   10022 1353519     -85.800            TP  
61174.000   10068 1411028       0.000            UME 
61174.000   10068 1352703      60.100            UME 
61174.000   10068 1350251     143.300            UME 
61174.000   10068 1350872    -465.200            UME 
61174.000   10068 1352710     473.200            UME 
61174.000   10007 1400711 3333766.300            USNO
61174.000   10007 1400719  475110.300            USNO
61174.000   10007 1400702  -65358.200            USNO
61174.000   10007 1400708  675620.700            USNO
61174.000   10007 1400704  117864.000            USNO
61174.000   10007 1400718 1970173.500            USNO
61174.000   10007 1400710 -824644.300            USNO
61174.000   10007 1400726 1322352.400            USNO
61174.000   10007 1400715  434023.000            USNO
61174.000   10007 1350161   80881.400            USNO
61174.000   10007 1400727 -753975.600            USNO
61174.000   10007 1400729 2281700.900            USNO
61174.000   10007 1400725 -220581.200            USNO
61174.000   10007 1400724 -824381.500            USNO
61174.000   10007 1400723 -604672.600            USNO
61174.000   10007 1400722 2680876.800            USNO
61174.000   10007 1400721  499858.000            USNO
61174.000   10007 1400720 1260833.400            USNO
61174.000   10007 1400730 2185388.300            USNO
61174.000   10007 1400731 -417481.500            USNO
61174.000   10007 1400732  781156.500            USNO
61174.000   10007 1400736 1220474.700            USNO
61174.000   10007 1400737 2473998.600            USNO
61174.000   10007 1400740 1152043.900            USNO
61174.000   10007 1400713  465017.500            USNO
61174.000   10007 1400716  701827.500            USNO
61174.000   10007 1400733  126902.700            USNO
61174.000   10064 1355005       0.000            UZ  
61174.000   10064 1354998 4989061.400            UZ  
61174.000   10028 1353669   19686.900            VMI 
61174.000   10028 1361233   12212.900            VMI 
61174.000   10028 1353670  -26567.100            VMI 
61174.000   10024 1411040   -3121.600            VSL 
61174.000   10024 1354466   10261.800            VSL 
61174.000   10024 1355008    7543.900            VSL 
61174.000   10024 1355697    1541.800            VSL 
61174.000   10055 1352191     -66.800            DMDM
61174.000   10055 1362033  -58989.700            DMDM
