61082.000   10021 1352938       0.000            UAE 
61082.000   10021 1352940   -1141.300            UAE 
61082.000   10046 1404601   24882.300            AOS 
61082.000   10046 1352394    -801.300            AOS 
61082.000   10031 1353842    2422.600            APL 
61082.000   10031 1403107  258077.900            APL 
61082.000   10031 1403108  448433.000            APL 
61082.000   10031 1403109  133302.700            APL 
61082.000   10031 1412174   22691.800            APL 
61082.000   10054 1362269     130.000            AUS 
61082.000   10054 1360340   12384.000            AUS 
61082.000   10054 1360654  -42890.000            AUS 
61082.000   10054 1363814    4292.000            AUS 
61082.000   10054 1364971    7042.000            AUS 
61082.000   10054 1360299   27796.000            AUS 
61082.000   10101 1355360       0.000            AZ  
61082.000   10101 1355361    -970.700            AZ  
61082.000   10075 1352685    3059.900            IMBH
61082.000   10075 1320192   -8113.900            IMBH
61082.000   10075 1320193  -39037.500            IMBH
61082.000   10071 1353447    1089.200            BIRM
61082.000   10071 1353689    9863.200            BIRM
61082.000   10071 1407107 -395072.100            BIRM
61082.000   10071 1407111    -253.900            BIRM
61082.000   10071 1407112   -7364.600            BIRM
61082.000   10071 1415303   -3388.400            BIRM
61082.000   10071 1415304  -10080.200            BIRM
61082.000   10071 1415305  -18729.400            BIRM
61082.000   10092 1363159    4590.900            ICE 
61082.000   10092 1363522    3509.200            ICE 
61082.000   10057 1352117   14073.800            CH  
61082.000   10057 1355202    -596.300            CH  
61082.000   10057 1373644    -750.900            CH  
61082.000   10057 1405701   -1751.100            CH  
61082.000   10057 1405702   22846.200            CH  
61082.000   10057 1411117    -181.300            CH  
61082.000   10073 1353612  -11480.400            CNM 
61082.000   10073 1413211   -1010.500            CNM 
61082.000   10073 1413212   46422.500            CNM 
61082.000   10074 1411045    3811.800            DLR 
61082.000   10053 1350136     -83.300            DTAG
61082.000   10053 1355332   -1505.400            DTAG
61082.000   10053 1352635    2416.400            DTAG
61082.000   10025 1352025    4066.600            ESA 
61082.000   10025 1351615   -4480.700            ESA 
61082.000   10025 1352353   11291.800            ESA 
61082.000   10025 1352210   28179.900            ESA 
61082.000   10025 1402543  -30268.800            ESA 
61082.000   10025 1402541  -97646.900            ESA 
61082.000   10025 1411033   -1016.900            ESA 
61082.000   10089 1354233       0.000            HKO 
61082.000   10089 1355122    1252.100            HKO 
61082.000   10099 1354701       0.000            IFZG
61082.000   10093 1353401       0.000            NSAI
61082.000   10044 1361167    1292.400            IFAG
61082.000   10044 1361173     515.200            IFAG
61082.000   10044 1361629    9118.800            IFAG
61082.000   10044 1361732    6300.100            IFAG
61082.000   10044 1361798    1160.300            IFAG
61082.000   10044 1404439    4515.100            IFAG
61082.000   10044 1404418   15243.600            IFAG
61082.000   10048 1404878  917024.300            NIM 
61082.000   10048 1404871 1036515.100            NIM 
61082.000   10048 1404832 1032082.700            NIM 
61082.000   10048 1404879 1881210.600            NIM 
61082.000   10048 1404880 2161275.700            NIM 
61082.000   10048 1352742  111140.100            NIM 
61082.000   10048 1404849 1414553.400            NIM 
61082.000   10048 1404856   93582.400            NIM 
61082.000   10048 1404857   25279.400            NIM 
61082.000   10048 1404821    2771.200            NIM 
61082.000   10048 1404850     596.000            NIM 
61082.000   10048 1404870    5128.200            NIM 
61082.000   10015 1362377       0.000            INTI
61082.000   10015 1363270   12028.100            INTI
61082.000   10015 1363511    5955.700            INTI
61082.000   10070 1353546    8544.600            IPQ 
61082.000   10083 1353654    9701.100            NIS 
61082.000   10083 1354391   16437.800            NIS 
61082.000   10083 1353812  -27877.500            NIS 
61082.000   10083 1352182   -3984.300            NIS 
61082.000   10011 1350219   -1018.200            IT  
61082.000   10011 1352487    -369.200            IT  
61082.000   10011 1401101  232984.900            IT  
61082.000   10011 1401102  290280.900            IT  
61082.000   10011 1401103   33463.200            IT  
61082.000   10011 1401104   10984.300            IT  
61082.000   10011 1411079    -912.700            IT  
61082.000   10011 1411078    2909.400            IT  
61082.000   10011 1422012     854.100            IT  
61082.000   10035 1350832   16712.200            BSJ 
61082.000   10035 1350833    9202.700            BSJ 
61082.000   10087 1361277 -111611.000            JV  
61082.000   10087 1362617   69820.700            JV  
61082.000   10087 1415218  -42096.300            JV  
61082.000   10087 1411122   15069.900            JV  
61082.000   10056 1351783   39482.200            KRIS
61082.000   10056 1405624  159233.100            KRIS
61082.000   10056 1405625  460452.400            KRIS
61082.000   10056 1405626   14758.500            KRIS
61082.000   10027 1415201    -646.300            KZ  
61082.000   10027 1415205    1523.200            KZ  
61082.000   10027 1415266   -2379.600            KZ  
61082.000   10052 1351324  -11049.000            NPLI
61082.000   10052 1353376  -10574.100            NPLI
61082.000   10052 1353457    3319.000            NPLI
61082.000   10052 1353413   44459.500            NPLI
61082.000   10052 1353453    5116.300            NPLI
61082.000   10052 1415225  112855.100            NPLI
61082.000   10052 1415365   46884.700            NPLI
61082.000   10052 1415363    3227.200            NPLI
61082.000   10052 1415364   11240.200            NPLI
61082.000   10091 1352370   -7909.400            LRTE
61082.000   10082 1351868       0.000            LT  
61082.000   10082 1351362   -1704.900            LT  
61082.000   10094 1353471  -61109.900            LUX 
61082.000   10094 1353544  -57884.200            LUX 
61082.000   10041 1404113  325721.900            MIKE
61082.000   10041 1404108   29801.500            MIKE
61082.000   10041 1404189  185483.200            MIKE
61082.000   10041 1412084   27386.400            MIKE
61082.000   10088 1361806  -12483.300            CNMP
61082.000   10088 1361752   -6649.500            CNMP
61082.000   10088 1363162    8137.000            CNMP
61082.000   10088 1363179  -66392.400            CNMP
61082.000   10063 1360274    3123.600            MSL 
61082.000   10063 1363396   -4385.800            MSL 
61082.000   10063 1363872  112438.600            MSL 
61082.000   10081 1353476    4510.100            NIMT
61082.000   10081 1353472   45962.900            NIMT
61082.000   10081 1353470   45944.100            NIMT
61082.000   10013 1410102   -1711.500            NAO 
61082.000   10013 1350779    6386.300            NAO 
61082.000   10013 1351689    -103.000            NAO 
61082.000   10013 1351214     107.500            NAO 
61082.000   10020 1350343  127999.200            NICT
61082.000   10020 1350907   35714.000            NICT
61082.000   10020 1351226  -16633.000            NICT
61082.000   10020 1351778   75212.300            NICT
61082.000   10020 1351789   -8030.900            NICT
61082.000   10020 1351866    1411.800            NICT
61082.000   10020 1351944  109006.100            NICT
61082.000   10020 1352011  108097.600            NICT
61082.000   10020 1352056  109528.200            NICT
61082.000   10020 1352113  -45808.600            NICT
61082.000   10020 1352116  -27316.300            NICT
61082.000   10020 1352570   88055.600            NICT
61082.000   10020 1352620   60184.800            NICT
61082.000   10020 1352627  -23166.000            NICT
61082.000   10020 1352628  -24826.300            NICT
61082.000   10020 1352784   43393.800            NICT
61082.000   10020 1352876  123755.700            NICT
61082.000   10020 1352903   52745.500            NICT
61082.000   10020 1353594  -14895.000            NICT
61082.000   10020 1353716  -28377.400            NICT
61082.000   10020 1353717  -49871.200            NICT
61082.000   10020 1353718  -44161.400            NICT
61082.000   10020 1353720  -53609.000            NICT
61082.000   10020 1353722  -30605.600            NICT
61082.000   10020 1353909   27321.200            NICT
61082.000   10020 1353912  -37896.200            NICT
61082.000   10020 1353916  -71212.700            NICT
61082.000   10020 1353918   38761.200            NICT
61082.000   10020 1354230   68477.600            NICT
61082.000   10020 1355334   85990.800            NICT
61082.000   10020 1402003   15947.500            NICT
61082.000   10020 1402004   -8939.100            NICT
61082.000   10020 1402012   33018.400            NICT
61082.000   10020 1402013   40240.000            NICT
61082.000   10020 1402014   -2365.000            NICT
61082.000   10020 1402015   70433.000            NICT
61082.000   10020 1411041  -61341.300            NICT
61082.000   10020 1411062   33300.500            NICT
61082.000   10020 1412060   61448.300            NICT
61082.000   10002 1412108  547497.200            NIST
61082.000   10002 1412014 -543252.500            NIST
61082.000   10002 1400004 -197604.500            NIST
61082.000   10002 1400222  728085.600            NIST
61082.000   10002 1400209 -449882.800            NIST
61082.000   10002 1400212  480201.000            NIST
61082.000   10002 1400207  650960.900            NIST
61082.000   10002 1412015  610752.900            NIST
61082.000   10002 1400210  185126.600            NIST
61082.000   10002 1400205  979936.700            NIST
61082.000   10002 1352792 -548196.000            NIST
61082.000   10002 1412099  267121.600            NIST
61082.000   10002 1412006   89178.200            NIST
61082.000   10002 1352935 -654013.900            NIST
61082.000   10002 1352579  978922.800            NIST
61082.000   10002 1402205 -250437.600            NIST
61082.000   10050 1320293  122688.700            NMIJ
61082.000   10017 1412011   47773.800            NPL 
61082.000   10017 1412050   45749.400            NPL 
61082.000   10003 1352150    8114.000            NRC 
61082.000   10003 1362225   17122.900            NRC 
61082.000   10003 1352115   19183.600            NRC 
61082.000   10003 1352148    3234.800            NRC 
61082.000   10003 1400306   91880.600            NRC 
61082.000   10003 1400307   10885.500            NRC 
61082.000   10049 1415324   -1644.200            NTSC
61082.000   10049 1415316   -5446.700            NTSC
61082.000   10049 1415085  -22523.200            NTSC
61082.000   10049 1415082   48642.100            NTSC
61082.000   10049 1414922    5401.900            NTSC
61082.000   10049 1404967    5149.700            NTSC
61082.000   10049 1354937   14434.800            NTSC
61082.000   10049 1352142   15224.500            NTSC
61082.000   10016 1354619       0.000            INXE
61082.000   10008 1352027   32988.000            OP  
61082.000   10008 1400889    4581.000            OP  
61082.000   10008 1353765   78500.100            OP  
61082.000   10008 1400810   20288.300            OP  
61082.000   10008 1400809   34851.700            OP  
61082.000   10008 1400890   29097.000            OP  
61082.000   10026 1352722   -1978.300            ORB 
61082.000   10026 1352724    9484.500            ORB 
61082.000   10026 1411030   75139.700            ORB 
61082.000   10026 1402602  344812.500            ORB 
61082.000   10026 1352723    1396.500            ORB 
61082.000   10040 1350441    -779.800            PL  
61082.000   10040 1415318  -10791.200            PL  
61082.000   10040 1415321   25106.300            PL  
61082.000   10040 1354603     129.500            PL  
61082.000   10040 1354597     247.000            PL  
61082.000   10005 1920001   41564.200            PTB 
61082.000   10005 1920002   37531.000            PTB 
61082.000   10005 1355322    8767.200            PTB 
61082.000   10005 1400510    8799.400            PTB 
61082.000   10005 1400506   32187.600            PTB 
61082.000   10005 1400508   32801.300            PTB 
61082.000   10005 1400509    9816.400            PTB 
61082.000   10005 1415245   -5380.200            PTB 
61082.000   10005 1400512    6652.300            PTB 
61082.000   10005 1415221    3547.700            PTB 
61082.000   10019 1351942   68622.300            ONRJ
61082.000   10019 1320337   50788.200            ONRJ
61082.000   10019 1354204   70435.300            ONRJ
61082.000   10019 1350147   59407.400            ONRJ
61082.000   10019 1350102   19311.800            ONRJ
61082.000   10019 1353364   38648.700            ONRJ
61082.000   10019 1351153  -11548.000            ONRJ
61082.000   10019 1401958  123841.500            ONRJ
61082.000   10014 1350583   -4659.500            ROA 
61082.000   10014 1350718   -2867.500            ROA 
61082.000   10014 1361490   87040.700            ROA 
61082.000   10014 1361488   85108.500            ROA 
61082.000   10014 1351699   54932.100            ROA 
61082.000   10014 1401436 1933462.800            ROA 
61082.000   10014 1412032 1285924.900            ROA 
61082.000   10014 1352270    7836.500            ROA 
61082.000   10062 1352932       0.000            SASO
61082.000   10062 1352931     -34.900            SASO
61082.000   10062 1351628     703.100            SASO
61082.000   10062 1350221    -503.600            SASO
61082.000   10067 1352525   -8099.100            SCL 
61082.000   10067 1352178  -19593.300            SCL 
61082.000   10067 1415314     923.500            SCL 
61082.000   10067 1353448      -9.200            SCL 
61082.000   10079 1352003   33764.700            SMD 
61082.000   10079 1352543  -25818.100            SMD 
61082.000   10079 1411049   -1960.500            SMD 
61082.000   10072 1352745  -21377.900            SP  
61082.000   10072 1352749   21471.000            SP  
61082.000   10072 1352758   -2394.600            SP  
61082.000   10072 1354707    6588.400            SP  
61082.000   10072 1362295    2553.600            SP  
61082.000   10072 1365149   54139.800            SP  
61082.000   10072 1407201      -6.000            SP  
61082.000   10072 1407223  153438.300            SP  
61082.000   10072 1407231  243086.200            SP  
61082.000   10072 1407232  392528.400            SP  
61082.000   10072 1415319   41259.400            SP  
61082.000   10038 1403809 -409297.600            SU  
61082.000   10038 1403811 -282069.800            SU  
61082.000   10038 1403812  -26990.600            SU  
61082.000   10038 1403844 -561957.700            SU  
61082.000   10038 1403853    3931.500            SU  
61082.000   10038 1403833 -397275.400            SU  
61082.000   10038 1403846   46578.500            SU  
61082.000   10038 1403814 -654312.300            SU  
61082.000   10038 1403815 -333214.300            SU  
61082.000   10038 1403834   10074.300            SU  
61082.000   10038 1403841  -39578.100            SU  
61082.000   10038 1403840    9600.400            SU  
61082.000   10038 1403845 -453617.900            SU  
61082.000   10030 1403011  146503.400            TL  
61082.000   10030 1413202  222850.600            TL  
61082.000   10030 1353942  -36294.000            TL  
61082.000   10030 1353947   54662.400            TL  
61082.000   10030 1354060  -13988.600            TL  
61082.000   10022 1320211 1999821.700            TP  
61082.000   10022 1320247  999113.300            TP  
61082.000   10022 1351227       0.000            TP  
61082.000   10022 1352179     -32.600            TP  
61082.000   10022 1352476     526.500            TP  
61082.000   10022 1353519     -85.200            TP  
61082.000   10068 1411028       0.000            UME 
61082.000   10068 1352703    2429.600            UME 
61082.000   10068 1350251    3333.200            UME 
61082.000   10068 1350872   -7986.600            UME 
61082.000   10068 1352710    2704.100            UME 
61082.000   10007 1400711 3282126.100            USNO
61082.000   10007 1400712  271627.200            USNO
61082.000   10007 1400719  455568.600            USNO
61082.000   10007 1400702  -65601.600            USNO
61082.000   10007 1400708  663519.100            USNO
61082.000   10007 1400704  113274.600            USNO
61082.000   10007 1400718 1934612.400            USNO
61082.000   10007 1400710 -780687.600            USNO
61082.000   10007 1400726 1277486.400            USNO
61082.000   10007 1400715  417555.800            USNO
61082.000   10007 1350161   81047.800            USNO
61082.000   10007 1400727 -722959.200            USNO
61082.000   10007 1400729 2213788.900            USNO
61082.000   10007 1400725 -219339.500            USNO
61082.000   10007 1400724 -814374.900            USNO
61082.000   10007 1400723 -606141.900            USNO
61082.000   10007 1400722 2701319.800            USNO
61082.000   10007 1400721  425586.300            USNO
61082.000   10007 1400720 1252223.600            USNO
61082.000   10007 1400730 2129849.500            USNO
61082.000   10007 1400731 -401653.500            USNO
61082.000   10007 1400732  746434.400            USNO
61082.000   10007 1400736 1215632.700            USNO
61082.000   10007 1400737 2448417.000            USNO
61082.000   10007 1400740 1095033.200            USNO
61082.000   10007 1400713  451569.400            USNO
61082.000   10007 1400714   93851.800            USNO
61082.000   10007 1400716  679320.600            USNO
61082.000   10007 1400738  100808.300            USNO
61082.000   10064 1355005       0.000            UZ  
61082.000   10064 1354998 4684754.900            UZ  
61082.000   10028 1353669   19772.200            VMI 
61082.000   10028 1361233   12424.000            VMI 
61082.000   10028 1353670  -23905.000            VMI 
61082.000   10024 1411040   -2610.100            VSL 
61082.000   10024 1354466    9612.000            VSL 
61082.000   10024 1355008    6818.500            VSL 
61082.000   10024 1355697     649.700            VSL 
61082.000   10055 1352191     -95.300            DMDM
61082.000   10055 1362033  -53717.200            DMDM
