61184.000   10021 1352938       0.000            UAE 
61184.000   10021 1352940   -4179.300            UAE 
61184.000   10046 1404601   27298.400            AOS 
61184.000   10046 1352394   -1245.400            AOS 
61184.000   10031 1353842    2410.900            APL 
61184.000   10031 1403107  268376.900            APL 
61184.000   10031 1403108  527582.200            APL 
61184.000   10031 1403109  135925.300            APL 
61184.000   10031 1412174   33571.400            APL 
61184.000   10054 1362269     140.000            AUS 
61184.000   10054 1360340   13074.000            AUS 
61184.000   10054 1360654  -45553.000            AUS 
61184.000   10054 1363814    4716.000            AUS 
61184.000   10054 1364971    7792.000            AUS 
61184.000   10054 1360299   28983.000            AUS 
61184.000   10101 1355360       0.000            AZ  
61184.000   10101 1355361   -1406.800            AZ  
61184.000   10075 1352685    3433.200            IMBH
61184.000   10075 1320192   -8869.300            IMBH
61184.000   10075 1320193  -42972.900            IMBH
61184.000   10071 1353447     694.200            BIRM
61184.000   10071 1353689    9946.300            BIRM
61184.000   10071 1407103    -407.400            BIRM
61184.000   10071 1407107 -432577.000            BIRM
61184.000   10071 1407111   -1277.900            BIRM
61184.000   10071 1407112  -11423.100            BIRM
61184.000   10071 1415303   -5454.500            BIRM
61184.000   10071 1415304  -12403.900            BIRM
61184.000   10071 1415305  -21493.100            BIRM
61184.000   10092 1363159    3888.500            ICE 
61184.000   10092 1363522    3714.500            ICE 
61184.000   10057 1355202    -804.300            CH  
61184.000   10057 1373644   -1113.600            CH  
61184.000   10057 1405701   -2234.300            CH  
61184.000   10057 1405702   20907.200            CH  
61184.000   10057 1411117     -87.100            CH  
61184.000   10073 1353612  -14849.400            CNM 
61184.000   10073 1413211   -1013.700            CNM 
61184.000   10073 1413212   67483.400            CNM 
61184.000   10074 1411045    5295.800            DLR 
61184.000   10053 1350136     -83.300            DTAG
61184.000   10053 1355332   -1434.300            DTAG
61184.000   10053 1352635    2542.200            DTAG
61184.000   10025 1352025    4405.400            ESA 
61184.000   10025 1351615   -4783.100            ESA 
61184.000   10025 1352353   11974.800            ESA 
61184.000   10025 1352210   30284.500            ESA 
61184.000   10025 1402543  -42382.600            ESA 
61184.000   10025 1402541 -120007.300            ESA 
61184.000   10025 1411033   -2556.500            ESA 
61184.000   10089 1354233       0.000            HKO 
61184.000   10089 1355122    1351.500            HKO 
61184.000   10099 1354701       0.000            IFZG
61184.000   10093 1353401       0.000            NSAI
61184.000   10044 1361167     758.900            IFAG
61184.000   10044 1361173     127.100            IFAG
61184.000   10044 1361629   10920.200            IFAG
61184.000   10044 1361732    7583.400            IFAG
61184.000   10044 1361798     338.400            IFAG
61184.000   10044 1404439    4271.700            IFAG
61184.000   10044 1404418   15174.900            IFAG
61184.000   10048 1404878  965836.400            NIM 
61184.000   10048 1404871 1095095.000            NIM 
61184.000   10048 1404832 1109439.100            NIM 
61184.000   10048 1404879 1938654.100            NIM 
61184.000   10048 1404880 2221590.300            NIM 
61184.000   10048 1352742  114096.100            NIM 
61184.000   10048 1404849 1415209.700            NIM 
61184.000   10048 1404856   94335.600            NIM 
61184.000   10048 1404857   24831.900            NIM 
61184.000   10048 1404821    3111.100            NIM 
61184.000   10048 1404850     737.700            NIM 
61184.000   10048 1404870    5884.700            NIM 
61184.000   10015 1362377       0.000            INTI
61184.000   10015 1363270   12774.400            INTI
61184.000   10015 1363511    6291.200            INTI
61184.000   10083 1353654   10141.700            NIS 
61184.000   10083 1354391   18412.800            NIS 
61184.000   10083 1353812  -30218.100            NIS 
61184.000   10083 1352182   -4438.800            NIS 
61184.000   10011 1350219   -1141.400            IT  
61184.000   10011 1352487    -678.300            IT  
61184.000   10011 1401101  285875.700            IT  
61184.000   10011 1401102  300550.900            IT  
61184.000   10011 1401103   37458.500            IT  
61184.000   10011 1401104    5323.700            IT  
61184.000   10011 1411079   -1734.800            IT  
61184.000   10011 1411078    4645.000            IT  
61184.000   10035 1350832   18376.600            BSJ 
61184.000   10035 1350833   10187.900            BSJ 
61184.000   10087 1361277 -112607.100            JV  
61184.000   10087 1362617   71415.100            JV  
61184.000   10087 1415218  -42178.300            JV  
61184.000   10087 1411122   18058.600            JV  
61184.000   10056 1351783   41727.600            KRIS
61184.000   10056 1405624  174000.200            KRIS
61184.000   10056 1405625  503969.000            KRIS
61184.000   10056 1405626   16596.700            KRIS
61184.000   10027 1415201      -2.400            KZ  
61184.000   10027 1415205      -4.100            KZ  
61184.000   10027 1415266     -15.900            KZ  
61184.000   10052 1351324  -11255.000            NPLI
61184.000   10052 1353376  -10901.500            NPLI
61184.000   10052 1353457    3513.000            NPLI
61184.000   10052 1353413   45674.200            NPLI
61184.000   10052 1353453    5359.600            NPLI
61184.000   10052 1415225  122290.400            NPLI
61184.000   10052 1415365   50269.500            NPLI
61184.000   10052 1415363    4268.400            NPLI
61184.000   10052 1415364   12430.000            NPLI
61184.000   10091 1352370  -11591.300            LRTE
61184.000   10082 1351868       0.000            LT  
61184.000   10082 1351362   -1679.000            LT  
61184.000   10094 1353471  -62145.700            LUX 
61184.000   10094 1353544  -57429.800            LUX 
61184.000   10085 1353507       0.000            NIMB
61184.000   10041 1404113  335787.100            MIKE
61184.000   10041 1404108   34032.800            MIKE
61184.000   10041 1404189  181129.600            MIKE
61184.000   10041 1412084   26107.400            MIKE
61184.000   10088 1361806  -12834.300            CNMP
61184.000   10088 1361752   -6811.300            CNMP
61184.000   10088 1363162    8883.300            CNMP
61184.000   10088 1363179  -68075.500            CNMP
61184.000   10063 1360274    3367.500            MSL 
61184.000   10063 1363396   -4300.400            MSL 
61184.000   10063 1363872  117431.700            MSL 
61184.000   10081 1353476    3282.700            NIMT
61184.000   10081 1353472   47136.400            NIMT
61184.000   10081 1353470   47682.900            NIMT
61184.000   10013 1410102    2359.000            NAO 
61184.000   10013 1350779     458.100            NAO 
61184.000   10013 1351689     346.900            NAO 
61184.000   10013 1351214     107.400            NAO 
61184.000   10020 1350343  130669.900            NICT
61184.000   10020 1350907   34119.400            NICT
61184.000   10020 1351778   76567.600            NICT
61184.000   10020 1351789   -8672.200            NICT
61184.000   10020 1351866    1373.000            NICT
61184.000   10020 1351944  110246.300            NICT
61184.000   10020 1352011  107762.700            NICT
61184.000   10020 1352056  110822.000            NICT
61184.000   10020 1352113  -46222.700            NICT
61184.000   10020 1352116  -26925.500            NICT
61184.000   10020 1352570   88886.500            NICT
61184.000   10020 1352620   61759.300            NICT
61184.000   10020 1352627  -24736.300            NICT
61184.000   10020 1352628  -26029.800            NICT
61184.000   10020 1352784   42276.400            NICT
61184.000   10020 1352876  123347.100            NICT
61184.000   10020 1352903   53265.100            NICT
61184.000   10020 1353259  -14359.700            NICT
61184.000   10020 1353594  -14282.800            NICT
61184.000   10020 1353716  -29475.300            NICT
61184.000   10020 1353717  -52115.200            NICT
61184.000   10020 1353718  -46844.400            NICT
61184.000   10020 1353720  -55140.600            NICT
61184.000   10020 1353722  -31482.400            NICT
61184.000   10020 1353909   28053.100            NICT
61184.000   10020 1353912  -40028.100            NICT
61184.000   10020 1353916  -74697.900            NICT
61184.000   10020 1353918   40474.400            NICT
61184.000   10020 1354230   69110.900            NICT
61184.000   10020 1402003   17142.700            NICT
61184.000   10020 1402004  -11308.500            NICT
61184.000   10020 1402012   28138.700            NICT
61184.000   10020 1402013   52621.900            NICT
61184.000   10020 1402014   -1736.900            NICT
61184.000   10020 1402015   82882.700            NICT
61184.000   10020 1411041  -74610.100            NICT
61184.000   10020 1411062   31251.500            NICT
61184.000   10020 1412060   69627.400            NICT
61184.000   10002 1412108  623221.200            NIST
61184.000   10002 1412014 -528281.900            NIST
61184.000   10002 1400004 -189400.900            NIST
61184.000   10002 1400222  734132.100            NIST
61184.000   10002 1400209 -442565.000            NIST
61184.000   10002 1400212  604454.800            NIST
61184.000   10002 1400207  722159.100            NIST
61184.000   10002 1412015  657811.800            NIST
61184.000   10002 1400210  278386.300            NIST
61184.000   10002 1400205  978066.500            NIST
61184.000   10002 1412099  386354.500            NIST
61184.000   10002 1412006  192474.500            NIST
61184.000   10002 1442021 -561158.200            NIST
61184.000   10002 1352935 -656450.600            NIST
61184.000   10002 1352579  980789.500            NIST
61184.000   10002 1402205 -195215.800            NIST
61184.000   10050 1320293  146359.100            NMIJ
61184.000   10017 1412011   49039.400            NPL 
61184.000   10017 1412050   48445.300            NPL 
61184.000   10003 1352150    8352.400            NRC 
61184.000   10003 1362225   17012.400            NRC 
61184.000   10003 1352115   19878.300            NRC 
61184.000   10003 1352148    3150.800            NRC 
61184.000   10003 1400306   92619.100            NRC 
61184.000   10003 1400307   12137.600            NRC 
61184.000   10049 1415324   -1598.200            NTSC
61184.000   10049 1415322    3048.600            NTSC
61184.000   10049 1415316   -6184.300            NTSC
61184.000   10049 1415082   54907.100            NTSC
61184.000   10049 1414922    6998.600            NTSC
61184.000   10049 1404967    6517.500            NTSC
61184.000   10049 1354937   14338.000            NTSC
61184.000   10049 1352142   15144.300            NTSC
61184.000   10016 1354619       0.000            INXE
61184.000   10008 1352027   34612.100            OP  
61184.000   10008 1400889    6979.400            OP  
61184.000   10008 1353765   81023.100            OP  
61184.000   10008 1400810   22592.600            OP  
61184.000   10008 1400809   38141.500            OP  
61184.000   10008 1400890   31764.100            OP  
61184.000   10026 1352722   -1907.900            ORB 
61184.000   10026 1352724   10500.200            ORB 
61184.000   10026 1411030   83259.300            ORB 
61184.000   10026 1402602  396003.800            ORB 
61184.000   10026 1352723    1864.900            ORB 
61184.000   10040 1350441    -790.600            PL  
61184.000   10040 1415318  -93432.500            PL  
61184.000   10040 1415321   28213.600            PL  
61184.000   10040 1354603     235.000            PL  
61184.000   10040 1354597     279.200            PL  
61184.000   10005 1920001   41733.400            PTB 
61184.000   10005 1920002   37719.300            PTB 
61184.000   10005 1355322    9073.400            PTB 
61184.000   10005 1400510    9725.200            PTB 
61184.000   10005 1400506   33795.300            PTB 
61184.000   10005 1400508   34389.600            PTB 
61184.000   10005 1400509   10324.600            PTB 
61184.000   10005 1415245   -6812.800            PTB 
61184.000   10005 1400512    7671.300            PTB 
61184.000   10005 1415221    3632.600            PTB 
61184.000   10019 1351942   70594.500            ONRJ
61184.000   10019 1320337   51684.700            ONRJ
61184.000   10019 1354204   75236.400            ONRJ
61184.000   10019 1350147   60022.600            ONRJ
61184.000   10019 1350102   98761.700            ONRJ
61184.000   10019 1353364   39606.100            ONRJ
61184.000   10019 1351153  -12700.600            ONRJ
61184.000   10019 1401958  137576.700            ONRJ
61184.000   10014 1350583   -5184.900            ROA 
61184.000   10014 1350718   -2199.700            ROA 
61184.000   10014 1361490   87782.900            ROA 
61184.000   10014 1361488   86274.800            ROA 
61184.000   10014 1351699   55584.500            ROA 
61184.000   10014 1401436 1996771.100            ROA 
61184.000   10014 1412032 1351977.100            ROA 
61184.000   10014 1352270    7979.900            ROA 
61184.000   10062 1352932       0.000            SASO
61184.000   10062 1352931    1170.400            SASO
61184.000   10062 1351628    1398.900            SASO
61184.000   10062 1350221   -1112.300            SASO
61184.000   10067 1352525   -8979.300            SCL 
61184.000   10067 1352178  -21387.300            SCL 
61184.000   10067 1415314    2128.200            SCL 
61184.000   10067 1353448    2422.100            SCL 
61184.000   10079 1352003   34487.700            SMD 
61184.000   10079 1352543  -27295.400            SMD 
61184.000   10079 1411049   -1898.700            SMD 
61184.000   10072 1352745  -23021.500            SP  
61184.000   10072 1352749   23789.400            SP  
61184.000   10072 1352758   -2504.800            SP  
61184.000   10072 1354707    6514.000            SP  
61184.000   10072 1362295    5628.200            SP  
61184.000   10072 1365149   63074.300            SP  
61184.000   10072 1407201    3508.100            SP  
61184.000   10072 1407223  159821.900            SP  
61184.000   10072 1407231  268501.400            SP  
61184.000   10072 1407232  427787.800            SP  
61184.000   10072 1415319   44054.500            SP  
61184.000   10038 1403809 -410988.600            SU  
61184.000   10038 1403811 -281970.400            SU  
61184.000   10038 1403812  -23632.900            SU  
61184.000   10038 1403844 -559752.000            SU  
61184.000   10038 1403853    5257.300            SU  
61184.000   10038 1403833 -394745.800            SU  
61184.000   10038 1403846   49381.200            SU  
61184.000   10038 1403814 -641881.600            SU  
61184.000   10038 1403815 -330288.400            SU  
61184.000   10038 1403834   11978.500            SU  
61184.000   10038 1403841  -34979.300            SU  
61184.000   10038 1403840   11155.000            SU  
61184.000   10038 1403845 -454336.000            SU  
61184.000   10030 1403011  202404.900            TL  
61184.000   10030 1413202  258100.900            TL  
61184.000   10030 1353942  -38601.100            TL  
61184.000   10030 1353947   57459.600            TL  
61184.000   10030 1354060  -14776.400            TL  
61184.000   10022 1320211 1999893.400            TP  
61184.000   10022 1320247  998973.600            TP  
61184.000   10022 1351227       0.000            TP  
61184.000   10022 1352179      89.300            TP  
61184.000   10022 1352476     587.900            TP  
61184.000   10022 1353519    -100.700            TP  
61184.000   10068 1411028       0.000            UME 
61184.000   10068 1352703      88.700            UME 
61184.000   10068 1350251     198.400            UME 
61184.000   10068 1350872    -579.500            UME 
61184.000   10068 1352710     626.800            UME 
61184.000   10007 1400711 3339388.700            USNO
61184.000   10007 1400719  477129.800            USNO
61184.000   10007 1400702  -65328.300            USNO
61184.000   10007 1400708  676943.400            USNO
61184.000   10007 1400704  118369.300            USNO
61184.000   10007 1400718 1974057.300            USNO
61184.000   10007 1400710 -829414.300            USNO
61184.000   10007 1400726 1328379.300            USNO
61184.000   10007 1400715  435822.500            USNO
61184.000   10007 1350161   80865.300            USNO
61184.000   10007 1400727 -757299.900            USNO
61184.000   10007 1400729 2289143.400            USNO
61184.000   10007 1400725 -220714.600            USNO
61184.000   10007 1400724 -825465.600            USNO
61184.000   10007 1400723 -604496.300            USNO
61184.000   10007 1400722 2677574.600            USNO
61184.000   10007 1400721  507985.900            USNO
61184.000   10007 1400720 1261812.600            USNO
61184.000   10007 1400730 2191462.400            USNO
61184.000   10007 1400731 -419200.900            USNO
61184.000   10007 1400732  784972.600            USNO
61184.000   10007 1400736 1221046.400            USNO
61184.000   10007 1400737 2476834.200            USNO
61184.000   10007 1400740 1158318.000            USNO
61184.000   10007 1400713  466492.800            USNO
61184.000   10007 1400716  704280.400            USNO
61184.000   10007 1400733  133662.400            USNO
61184.000   10064 1355005       0.000            UZ  
61184.000   10064 1354998 4820590.100            UZ  
61184.000   10028 1353669   20188.000            VMI 
61184.000   10028 1361233   12655.800            VMI 
61184.000   10028 1353670  -26346.400            VMI 
61184.000   10024 1411040   -3180.200            VSL 
61184.000   10024 1354466   10329.700            VSL 
61184.000   10024 1355008    7627.200            VSL 
61184.000   10024 1355697    1639.800            VSL 
61184.000   10055 1352191     -66.800            DMDM
61184.000   10055 1362033  -59540.200            DMDM
