61073.000   10021 1352938       0.000            UAE 
61073.000   10021 1352940    -879.800            UAE 
61073.000   10046 1404601   24672.800            AOS 
61073.000   10046 1352394    -766.200            AOS 
61073.000   10031 1353842    2424.700            APL 
61073.000   10031 1403107  257188.400            APL 
61073.000   10031 1403108  441477.400            APL 
61073.000   10031 1403109  133072.300            APL 
61073.000   10031 1412174   21858.800            APL 
61073.000   10054 1362269     158.000            AUS 
61073.000   10054 1360340   12352.000            AUS 
61073.000   10054 1360654  -42646.000            AUS 
61073.000   10054 1363814    4250.000            AUS 
61073.000   10054 1364971    6994.000            AUS 
61073.000   10054 1360299   27714.000            AUS 
61073.000   10101 1355360       0.000            AZ  
61073.000   10101 1355361    -922.900            AZ  
61073.000   10075 1352685    3025.700            IMBH
61073.000   10075 1320192   -8074.800            IMBH
61073.000   10075 1320193  -38672.300            IMBH
61073.000   10071 1353447    1135.000            BIRM
61073.000   10071 1353689    9847.600            BIRM
61073.000   10071 1407107 -391793.900            BIRM
61073.000   10071 1407111    -224.600            BIRM
61073.000   10071 1407112   -7016.000            BIRM
61073.000   10071 1415303   -3219.600            BIRM
61073.000   10071 1415304   -9886.000            BIRM
61073.000   10071 1415305  -18495.100            BIRM
61073.000   10092 1363159    4652.900            ICE 
61073.000   10092 1363522    3515.800            ICE 
61073.000   10057 1352117   14059.100            CH  
61073.000   10057 1355202    -580.600            CH  
61073.000   10057 1373644    -717.400            CH  
61073.000   10057 1405701   -1709.100            CH  
61073.000   10057 1405702   23002.900            CH  
61073.000   10057 1411117    -205.400            CH  
61073.000   10073 1353612  -11169.100            CNM 
61073.000   10073 1413211   -1003.300            CNM 
61073.000   10073 1413212   44672.000            CNM 
61073.000   10074 1411045    3683.900            DLR 
61073.000   10053 1350136     -83.300            DTAG
61073.000   10053 1355332   -1466.200            DTAG
61073.000   10053 1352635    2375.800            DTAG
61073.000   10025 1352025    4026.900            ESA 
61073.000   10025 1351615   -4450.200            ESA 
61073.000   10025 1352353   11243.200            ESA 
61073.000   10025 1352210   27994.200            ESA 
61073.000   10025 1402543  -29273.500            ESA 
61073.000   10025 1402541  -95845.700            ESA 
61073.000   10025 1411033    -890.000            ESA 
61073.000   10089 1354233       0.000            HKO 
61073.000   10089 1355122    1241.900            HKO 
61073.000   10099 1354701       0.000            IFZG
61073.000   10093 1353401       0.000            NSAI
61073.000   10044 1361167    1325.000            IFAG
61073.000   10044 1361173     528.200            IFAG
61073.000   10044 1361629    8928.500            IFAG
61073.000   10044 1361732    6186.800            IFAG
61073.000   10044 1361798    1211.100            IFAG
61073.000   10044 1404439    4722.000            IFAG
61073.000   10044 1404418   15232.300            IFAG
61073.000   10048 1404878  912745.100            NIM 
61073.000   10048 1404871 1031370.000            NIM 
61073.000   10048 1404832 1025358.200            NIM 
61073.000   10048 1404879 1876183.000            NIM 
61073.000   10048 1404880 2155999.300            NIM 
61073.000   10048 1352742  110887.200            NIM 
61073.000   10048 1404849 1414498.000            NIM 
61073.000   10048 1404856   93516.700            NIM 
61073.000   10048 1404857   25319.200            NIM 
61073.000   10048 1404821    2743.800            NIM 
61073.000   10048 1404850     585.900            NIM 
61073.000   10048 1404870    5064.800            NIM 
61073.000   10015 1362377       0.000            INTI
61073.000   10015 1363270   11970.000            INTI
61073.000   10015 1363511    5927.300            INTI
61073.000   10070 1353546    8543.900            IPQ 
61073.000   10083 1353654    9662.400            NIS 
61073.000   10083 1354391   16283.200            NIS 
61073.000   10083 1353812  -27658.500            NIS 
61073.000   10083 1352182   -4030.500            NIS 
61073.000   10011 1350219   -1014.200            IT  
61073.000   10011 1352487    -349.300            IT  
61073.000   10011 1401101  228372.800            IT  
61073.000   10011 1401102  289345.600            IT  
61073.000   10011 1401103   33120.400            IT  
61073.000   10011 1401104   11467.000            IT  
61073.000   10011 1411079    -847.000            IT  
61073.000   10011 1411078    2769.700            IT  
61073.000   10011 1422012     836.200            IT  
61073.000   10035 1350832   16576.700            BSJ 
61073.000   10035 1350833    9130.300            BSJ 
61073.000   10087 1361277 -111492.800            JV  
61073.000   10087 1362617   69661.600            JV  
61073.000   10087 1415218  -42089.000            JV  
61073.000   10087 1411122   14819.500            JV  
61073.000   10056 1351783   39282.400            KRIS
61073.000   10056 1405624  157944.900            KRIS
61073.000   10056 1405625  456669.700            KRIS
61073.000   10056 1405626   14596.800            KRIS
61073.000   10027 1415201    -641.700            KZ  
61073.000   10027 1415205    1477.800            KZ  
61073.000   10027 1415266   -2324.300            KZ  
61073.000   10052 1351324  -11021.000            NPLI
61073.000   10052 1353376  -10533.900            NPLI
61073.000   10052 1353457    3317.200            NPLI
61073.000   10052 1353413   44355.000            NPLI
61073.000   10052 1353453    5090.800            NPLI
61073.000   10052 1415225  112051.200            NPLI
61073.000   10052 1415365   46590.700            NPLI
61073.000   10052 1415363    3138.900            NPLI
61073.000   10052 1415364   11139.900            NPLI
61073.000   10091 1352370   -7764.500            LRTE
61073.000   10082 1351868       0.000            LT  
61073.000   10082 1351362   -1719.400            LT  
61073.000   10094 1353471  -61022.100            LUX 
61073.000   10094 1353544  -57934.700            LUX 
61073.000   10041 1404113  324837.200            MIKE
61073.000   10041 1404108   29407.900            MIKE
61073.000   10041 1404189  185969.700            MIKE
61073.000   10041 1412084   27489.500            MIKE
61073.000   10088 1361806  -12472.400            CNMP
61073.000   10088 1361752   -6644.400            CNMP
61073.000   10088 1363162    8080.700            CNMP
61073.000   10088 1363179  -66245.800            CNMP
61073.000   10063 1360274    3104.500            MSL 
61073.000   10063 1363396   -4398.200            MSL 
61073.000   10063 1363872  111982.100            MSL 
61073.000   10081 1353476    4616.300            NIMT
61073.000   10081 1353472   45846.500            NIMT
61073.000   10081 1353470   45776.900            NIMT
61073.000   10013 1410102   -1777.700            NAO 
61073.000   10013 1350779    6504.600            NAO 
61073.000   10013 1351689     -54.500            NAO 
61073.000   10013 1351214     107.500            NAO 
61073.000   10020 1350343  127766.500            NICT
61073.000   10020 1350907   35839.700            NICT
61073.000   10020 1351226  -16610.600            NICT
61073.000   10020 1351778   75089.800            NICT
61073.000   10020 1351789   -7977.000            NICT
61073.000   10020 1351866    1413.500            NICT
61073.000   10020 1351944  108888.000            NICT
61073.000   10020 1352011  108130.500            NICT
61073.000   10020 1352056  109417.100            NICT
61073.000   10020 1352113  -45770.300            NICT
61073.000   10020 1352116  -27327.400            NICT
61073.000   10020 1352570   87970.400            NICT
61073.000   10020 1352620   60044.500            NICT
61073.000   10020 1352627  -23045.400            NICT
61073.000   10020 1352628  -24733.100            NICT
61073.000   10020 1352784   43497.600            NICT
61073.000   10020 1352876  123800.400            NICT
61073.000   10020 1352903   52696.600            NICT
61073.000   10020 1353594  -14960.600            NICT
61073.000   10020 1353716  -28280.200            NICT
61073.000   10020 1353717  -49681.200            NICT
61073.000   10020 1353718  -43961.200            NICT
61073.000   10020 1353720  -53469.700            NICT
61073.000   10020 1353722  -30526.400            NICT
61073.000   10020 1353909   27263.700            NICT
61073.000   10020 1353912  -37720.300            NICT
61073.000   10020 1353916  -70912.900            NICT
61073.000   10020 1353918   38592.300            NICT
61073.000   10020 1354230   68408.400            NICT
61073.000   10020 1355334   86033.300            NICT
61073.000   10020 1402003   15843.400            NICT
61073.000   10020 1402004   -8733.600            NICT
61073.000   10020 1402012   33470.100            NICT
61073.000   10020 1402013   39199.800            NICT
61073.000   10020 1402014   -2401.600            NICT
61073.000   10020 1402015   69371.300            NICT
61073.000   10020 1411041  -60194.700            NICT
61073.000   10020 1411062   33478.100            NICT
61073.000   10020 1412060   60754.500            NICT
61073.000   10002 1412108  540897.200            NIST
61073.000   10002 1412014 -544545.000            NIST
61073.000   10002 1400004 -198322.500            NIST
61073.000   10002 1400222  727552.000            NIST
61073.000   10002 1400209 -450489.900            NIST
61073.000   10002 1400212  469376.200            NIST
61073.000   10002 1400207  644708.900            NIST
61073.000   10002 1412015  606631.100            NIST
61073.000   10002 1400210  176971.800            NIST
61073.000   10002 1400205  980103.700            NIST
61073.000   10002 1352792 -548016.000            NIST
61073.000   10002 1412099  256699.000            NIST
61073.000   10002 1412006   80145.600            NIST
61073.000   10002 1442021 -552047.900            NIST
61073.000   10002 1352935 -653792.900            NIST
61073.000   10002 1352579  978787.200            NIST
61073.000   10002 1402205 -255276.700            NIST
61073.000   10050 1320293  120614.900            NMIJ
61073.000   10017 1412011   47669.900            NPL 
61073.000   10017 1412050   45621.600            NPL 
61073.000   10003 1352150    8088.500            NRC 
61073.000   10003 1362225   17129.400            NRC 
61073.000   10003 1352115   19116.200            NRC 
61073.000   10003 1352148    3242.600            NRC 
61073.000   10003 1400306   91697.400            NRC 
61073.000   10003 1400307   10777.200            NRC 
61073.000   10049 1415324   -1636.200            NTSC
61073.000   10049 1415316   -5381.700            NTSC
61073.000   10049 1415085  -22408.200            NTSC
61073.000   10049 1415082   48102.200            NTSC
61073.000   10049 1414922    5269.900            NTSC
61073.000   10049 1404967    5036.700            NTSC
61073.000   10049 1354937   14417.500            NTSC
61073.000   10049 1352142   15211.900            NTSC
61073.000   10016 1354619       0.000            INXE
61073.000   10008 1352027   32841.200            OP  
61073.000   10008 1400889    4373.100            OP  
61073.000   10008 1353765   78281.800            OP  
61073.000   10008 1400810   20089.900            OP  
61073.000   10008 1400809   34566.600            OP  
61073.000   10008 1400890   28860.200            OP  
61073.000   10026 1352722   -1955.100            ORB 
61073.000   10026 1352724    9402.200            ORB 
61073.000   10026 1411030   74431.900            ORB 
61073.000   10026 1402602  340299.800            ORB 
61073.000   10026 1352723    1360.900            ORB 
61073.000   10040 1350441    -766.800            PL  
61073.000   10040 1415318   -6689.800            PL  
61073.000   10040 1415321   24851.100            PL  
61073.000   10040 1354603     124.500            PL  
61073.000   10040 1354597     238.500            PL  
61073.000   10005 1920001   41554.600            PTB 
61073.000   10005 1920002   37514.700            PTB 
61073.000   10005 1355322    8744.200            PTB 
61073.000   10005 1400510    8716.000            PTB 
61073.000   10005 1400506   32072.900            PTB 
61073.000   10005 1400508   32700.400            PTB 
61073.000   10005 1400509    9772.600            PTB 
61073.000   10005 1415245   -5258.000            PTB 
61073.000   10005 1400512    6566.000            PTB 
61073.000   10005 1415221    3542.400            PTB 
61073.000   10019 1351942   68454.500            ONRJ
61073.000   10019 1320337   50711.800            ONRJ
61073.000   10019 1354204   70010.000            ONRJ
61073.000   10019 1350147   59340.300            ONRJ
61073.000   10019 1350102   19239.200            ONRJ
61073.000   10019 1353364   38560.600            ONRJ
61073.000   10019 1351153  -11451.300            ONRJ
61073.000   10019 1401958  122680.000            ONRJ
61073.000   10014 1350583   -4622.100            ROA 
61073.000   10014 1350718   -2942.200            ROA 
61073.000   10014 1361490   86943.200            ROA 
61073.000   10014 1361488   85026.800            ROA 
61073.000   10014 1351699   54874.800            ROA 
61073.000   10014 1401436 1927918.400            ROA 
61073.000   10014 1412032 1280147.100            ROA 
61073.000   10014 1352270    7818.800            ROA 
61073.000   10062 1352932       0.000            SASO
61073.000   10062 1352931    -146.000            SASO
61073.000   10062 1351628     648.800            SASO
61073.000   10062 1350221    -451.400            SASO
61073.000   10067 1352525   -8043.000            SCL 
61073.000   10067 1352178  -19452.000            SCL 
61073.000   10067 1415314     817.000            SCL 
61073.000   10067 1353448    -222.800            SCL 
61073.000   10079 1352003   33705.100            SMD 
61073.000   10079 1352543  -25681.900            SMD 
61073.000   10079 1411049   -1963.900            SMD 
61073.000   10072 1352745  -21237.900            SP  
61073.000   10072 1352749   21251.000            SP  
61073.000   10072 1352758   -2387.700            SP  
61073.000   10072 1354707    6585.600            SP  
61073.000   10072 1362295    2289.300            SP  
61073.000   10072 1365149   53360.700            SP  
61073.000   10072 1407201    -289.800            SP  
61073.000   10072 1407223  152881.300            SP  
61073.000   10072 1407231  240893.500            SP  
61073.000   10072 1407232  389456.500            SP  
61073.000   10072 1415319   41013.500            SP  
61073.000   10038 1403809 -409144.700            SU  
61073.000   10038 1403811 -282072.800            SU  
61073.000   10038 1403812  -27273.500            SU  
61073.000   10038 1403844 -562149.800            SU  
61073.000   10038 1403853    3815.500            SU  
61073.000   10038 1403833 -397494.000            SU  
61073.000   10038 1403846   46332.800            SU  
61073.000   10038 1403814 -655401.900            SU  
61073.000   10038 1403815 -333466.800            SU  
61073.000   10038 1403834    9911.700            SU  
61073.000   10038 1403841  -39980.100            SU  
61073.000   10038 1403840    9464.500            SU  
61073.000   10038 1403845 -453549.600            SU  
61073.000   10030 1403011  141620.900            TL  
61073.000   10030 1413202  221755.400            TL  
61073.000   10030 1353942  -36079.000            TL  
61073.000   10030 1353947   54412.800            TL  
61073.000   10030 1354060  -13915.300            TL  
61073.000   10022 1320211 1999821.200            TP  
61073.000   10022 1320247  999213.700            TP  
61073.000   10022 1351227       0.000            TP  
61073.000   10022 1352179     -40.500            TP  
61073.000   10022 1352476     500.700            TP  
61073.000   10022 1353519     -72.900            TP  
61073.000   10022 1411076     440.100            TP  
61073.000   10068 1411028       0.000            UME 
61073.000   10068 1352703    2410.900            UME 
61073.000   10068 1350251    3298.800            UME 
61073.000   10068 1350872   -7904.800            UME 
61073.000   10068 1352710    2567.500            UME 
61073.000   10007 1400711 3277081.500            USNO
61073.000   10007 1400712  271069.400            USNO
61073.000   10007 1400719  453570.000            USNO
61073.000   10007 1400702  -65624.500            USNO
61073.000   10007 1400708  662341.100            USNO
61073.000   10007 1400704  112831.200            USNO
61073.000   10007 1400718 1931148.700            USNO
61073.000   10007 1400710 -776381.000            USNO
61073.000   10007 1400726 1273156.400            USNO
61073.000   10007 1400715  415952.600            USNO
61073.000   10007 1350161   81067.800            USNO
61073.000   10007 1400727 -719884.600            USNO
61073.000   10007 1400729 2207194.500            USNO
61073.000   10007 1400725 -219214.600            USNO
61073.000   10007 1400724 -813393.700            USNO
61073.000   10007 1400723 -606271.800            USNO
61073.000   10007 1400722 2702945.200            USNO
61073.000   10007 1400721  418365.600            USNO
61073.000   10007 1400720 1251421.400            USNO
61073.000   10007 1400730 2124446.700            USNO
61073.000   10007 1400731 -400103.600            USNO
61073.000   10007 1400732  743074.500            USNO
61073.000   10007 1400736 1215198.500            USNO
61073.000   10007 1400737 2445960.800            USNO
61073.000   10007 1400740 1089523.600            USNO
61073.000   10007 1400713  450265.400            USNO
61073.000   10007 1400714   93331.400            USNO
61073.000   10007 1400716  677123.300            USNO
61073.000   10007 1400738   99316.500            USNO
61073.000   10064 1355005       0.000            UZ  
61073.000   10064 1354998 4505260.600            UZ  
61073.000   10028 1353669   19512.500            VMI 
61073.000   10028 1361233   12217.100            VMI 
61073.000   10028 1353670  -23897.100            VMI 
61073.000   10024 1411040   -2557.000            VSL 
61073.000   10024 1354466    9548.300            VSL 
61073.000   10024 1355008    6749.200            VSL 
61073.000   10024 1355697     575.800            VSL 
61073.000   10055 1352191     -61.100            DMDM
61073.000   10055 1362033  -53176.300            DMDM
