61072.000   10021 1352938       0.000            UAE 
61072.000   10021 1352940    -852.000            UAE 
61072.000   10046 1404601   24649.500            AOS 
61072.000   10046 1352394    -765.600            AOS 
61072.000   10031 1353842    2428.300            APL 
61072.000   10031 1403107  257089.500            APL 
61072.000   10031 1403108  440704.800            APL 
61072.000   10031 1403109  133046.700            APL 
61072.000   10031 1412174   21767.500            APL 
61072.000   10054 1362269     158.000            AUS 
61072.000   10054 1360340   12352.000            AUS 
61072.000   10054 1360654  -42615.000            AUS 
61072.000   10054 1363814    4249.000            AUS 
61072.000   10054 1364971    6995.000            AUS 
61072.000   10054 1360299   27705.000            AUS 
61072.000   10101 1355360       0.000            AZ  
61072.000   10101 1355361    -919.800            AZ  
61072.000   10075 1352685    3023.200            IMBH
61072.000   10075 1320192   -8058.300            IMBH
61072.000   10075 1320193  -38622.700            IMBH
61072.000   10071 1353447    1138.800            BIRM
61072.000   10071 1353689    9843.400            BIRM
61072.000   10071 1407107 -391429.400            BIRM
61072.000   10071 1407111    -220.700            BIRM
61072.000   10071 1407112   -6976.800            BIRM
61072.000   10071 1415303   -3200.400            BIRM
61072.000   10071 1415304   -9864.200            BIRM
61072.000   10071 1415305  -18468.600            BIRM
61072.000   10092 1363159    4659.800            ICE 
61072.000   10092 1363522    3511.800            ICE 
61072.000   10057 1352117   14053.700            CH  
61072.000   10057 1355202    -575.900            CH  
61072.000   10057 1373644    -714.400            CH  
61072.000   10057 1405701   -1704.500            CH  
61072.000   10057 1405702   23019.900            CH  
61072.000   10057 1411117    -208.300            CH  
61072.000   10073 1353612  -11135.800            CNM 
61072.000   10073 1413211   -1002.000            CNM 
61072.000   10073 1413212   44479.200            CNM 
61072.000   10074 1411045    3669.900            DLR 
61072.000   10053 1350136     -83.300            DTAG
61072.000   10053 1355332   -1461.800            DTAG
61072.000   10053 1352635    2369.500            DTAG
61072.000   10025 1352025    4021.900            ESA 
61072.000   10025 1351615   -4443.000            ESA 
61072.000   10025 1352353   11235.200            ESA 
61072.000   10025 1352210   27973.500            ESA 
61072.000   10025 1402543  -29163.700            ESA 
61072.000   10025 1402541  -95647.500            ESA 
61072.000   10025 1411033    -875.900            ESA 
61072.000   10089 1354233       0.000            HKO 
61072.000   10089 1355122    1242.200            HKO 
61072.000   10099 1354701       0.000            IFZG
61072.000   10093 1353401       0.000            NSAI
61072.000   10044 1361167    1334.800            IFAG
61072.000   10044 1361173     532.200            IFAG
61072.000   10044 1361629    8906.100            IFAG
61072.000   10044 1361732    6174.300            IFAG
61072.000   10044 1361798    1214.100            IFAG
61072.000   10044 1404439    4743.400            IFAG
61072.000   10044 1404418   15229.600            IFAG
61072.000   10048 1404878  912269.800            NIM 
61072.000   10048 1404871 1030798.300            NIM 
61072.000   10048 1404832 1024612.700            NIM 
61072.000   10048 1404879 1875625.200            NIM 
61072.000   10048 1404880 2155413.500            NIM 
61072.000   10048 1352742  110857.200            NIM 
61072.000   10048 1404849 1414491.800            NIM 
61072.000   10048 1404856   93509.400            NIM 
61072.000   10048 1404857   25323.500            NIM 
61072.000   10048 1404821    2740.700            NIM 
61072.000   10048 1404850     584.700            NIM 
61072.000   10048 1404870    5057.700            NIM 
61072.000   10015 1362377       0.000            INTI
61072.000   10015 1363270   11966.300            INTI
61072.000   10015 1363511    5930.900            INTI
61072.000   10070 1353546    8543.800            IPQ 
61072.000   10083 1353654    9657.300            NIS 
61072.000   10083 1354391   16261.600            NIS 
61072.000   10083 1353812  -27635.500            NIS 
61072.000   10083 1352182   -4029.900            NIS 
61072.000   10011 1350219   -1011.300            IT  
61072.000   10011 1352487    -348.900            IT  
61072.000   10011 1401101  227860.800            IT  
61072.000   10011 1401102  289241.500            IT  
61072.000   10011 1401103   33082.400            IT  
61072.000   10011 1401104   11520.500            IT  
61072.000   10011 1411079    -839.700            IT  
61072.000   10011 1411078    2754.400            IT  
61072.000   10011 1422012     834.700            IT  
61072.000   10035 1350832   16563.700            BSJ 
61072.000   10035 1350833    9113.800            BSJ 
61072.000   10087 1361277 -111476.600            JV  
61072.000   10087 1362617   69643.400            JV  
61072.000   10087 1415218  -42088.100            JV  
61072.000   10087 1411122   14791.800            JV  
61072.000   10056 1351783   39259.300            KRIS
61072.000   10056 1405624  157802.000            KRIS
61072.000   10056 1405625  456250.000            KRIS
61072.000   10056 1405626   14579.000            KRIS
61072.000   10027 1415201    -641.600            KZ  
61072.000   10027 1415205    1472.300            KZ  
61072.000   10027 1415266   -2318.400            KZ  
61072.000   10052 1351324  -11019.300            NPLI
61072.000   10052 1353376  -10530.700            NPLI
61072.000   10052 1353457    3317.400            NPLI
61072.000   10052 1353413   44345.400            NPLI
61072.000   10052 1353453    5086.900            NPLI
61072.000   10052 1415225  111962.300            NPLI
61072.000   10052 1415365   46558.000            NPLI
61072.000   10052 1415363    3129.100            NPLI
61072.000   10052 1415364   11128.900            NPLI
61072.000   10091 1352370   -7735.700            LRTE
61072.000   10082 1351868       0.000            LT  
61072.000   10082 1351362   -1732.000            LT  
61072.000   10094 1353471  -61012.600            LUX 
61072.000   10094 1353544  -57939.200            LUX 
61072.000   10041 1404113  324737.400            MIKE
61072.000   10041 1404108   29362.500            MIKE
61072.000   10041 1404189  186023.300            MIKE
61072.000   10041 1412084   27499.200            MIKE
61072.000   10088 1361806  -12480.200            CNMP
61072.000   10088 1361752   -6648.400            CNMP
61072.000   10088 1363162    8071.100            CNMP
61072.000   10088 1363179  -66229.200            CNMP
61072.000   10063 1360274    3090.500            MSL 
61072.000   10063 1363396   -4400.900            MSL 
61072.000   10063 1363872  111931.400            MSL 
61072.000   10081 1353476    4627.000            NIMT
61072.000   10081 1353472   45833.300            NIMT
61072.000   10081 1353470   45760.400            NIMT
61072.000   10013 1410102   -1782.300            NAO 
61072.000   10013 1350779    6517.200            NAO 
61072.000   10013 1351689     -51.700            NAO 
61072.000   10013 1351214     107.500            NAO 
61072.000   10020 1350343  127741.200            NICT
61072.000   10020 1350907   35852.300            NICT
61072.000   10020 1351226  -16612.700            NICT
61072.000   10020 1351778   75072.700            NICT
61072.000   10020 1351789   -7971.800            NICT
61072.000   10020 1351866    1414.300            NICT
61072.000   10020 1351944  108875.800            NICT
61072.000   10020 1352011  108131.900            NICT
61072.000   10020 1352056  109401.000            NICT
61072.000   10020 1352113  -45768.100            NICT
61072.000   10020 1352116  -27330.900            NICT
61072.000   10020 1352570   87957.700            NICT
61072.000   10020 1352620   60024.800            NICT
61072.000   10020 1352627  -23029.400            NICT
61072.000   10020 1352628  -24720.400            NICT
61072.000   10020 1352784   43510.000            NICT
61072.000   10020 1352876  123805.900            NICT
61072.000   10020 1352903   52690.700            NICT
61072.000   10020 1353594  -14967.800            NICT
61072.000   10020 1353716  -28271.600            NICT
61072.000   10020 1353717  -49660.000            NICT
61072.000   10020 1353718  -43941.100            NICT
61072.000   10020 1353720  -53452.000            NICT
61072.000   10020 1353722  -30516.700            NICT
61072.000   10020 1353909   27259.900            NICT
61072.000   10020 1353912  -37700.600            NICT
61072.000   10020 1353916  -70876.500            NICT
61072.000   10020 1353918   38578.300            NICT
61072.000   10020 1354230   68400.900            NICT
61072.000   10020 1355334   86037.800            NICT
61072.000   10020 1402003   15832.100            NICT
61072.000   10020 1402004   -8710.500            NICT
61072.000   10020 1402012   33520.600            NICT
61072.000   10020 1402013   39085.000            NICT
61072.000   10020 1402014   -2405.300            NICT
61072.000   10020 1402015   69253.900            NICT
61072.000   10020 1411041  -60067.100            NICT
61072.000   10020 1411062   33497.800            NICT
61072.000   10020 1412060   60678.100            NICT
61072.000   10002 1412108  540164.800            NIST
61072.000   10002 1412014 -544688.300            NIST
61072.000   10002 1400004 -198402.100            NIST
61072.000   10002 1400222  727492.700            NIST
61072.000   10002 1400209 -450556.800            NIST
61072.000   10002 1400212  468174.900            NIST
61072.000   10002 1400207  644014.800            NIST
61072.000   10002 1412015  606173.500            NIST
61072.000   10002 1400210  176066.700            NIST
61072.000   10002 1400205  980122.400            NIST
61072.000   10002 1352792 -547999.100            NIST
61072.000   10002 1412099  255540.200            NIST
61072.000   10002 1412006   79142.900            NIST
61072.000   10002 1442021 -552088.900            NIST
61072.000   10002 1352935 -653770.600            NIST
61072.000   10002 1352579  978769.900            NIST
61072.000   10002 1402205 -255813.800            NIST
61072.000   10050 1320293  120383.200            NMIJ
61072.000   10017 1412011   47657.400            NPL 
61072.000   10017 1412050   45607.400            NPL 
61072.000   10003 1352150    8085.300            NRC 
61072.000   10003 1362225   17128.900            NRC 
61072.000   10003 1352115   19109.200            NRC 
61072.000   10003 1352148    3241.600            NRC 
61072.000   10003 1400306   91677.600            NRC 
61072.000   10003 1400307   10765.400            NRC 
61072.000   10049 1415324   -1635.300            NTSC
61072.000   10049 1415316   -5374.500            NTSC
61072.000   10049 1415085  -22395.300            NTSC
61072.000   10049 1415082   48042.400            NTSC
61072.000   10049 1414922    5255.300            NTSC
61072.000   10049 1404967    5024.100            NTSC
61072.000   10049 1354937   14417.500            NTSC
61072.000   10049 1352142   15211.100            NTSC
61072.000   10016 1354619       0.000            INXE
61072.000   10008 1352027   32823.400            OP  
61072.000   10008 1400889    4349.900            OP  
61072.000   10008 1353765   78257.100            OP  
61072.000   10008 1400810   20067.600            OP  
61072.000   10008 1400809   34535.000            OP  
61072.000   10008 1400890   28833.900            OP  
61072.000   10026 1352722   -1949.100            ORB 
61072.000   10026 1352724    9391.700            ORB 
61072.000   10026 1411030   74353.400            ORB 
61072.000   10026 1402602  339798.400            ORB 
61072.000   10026 1352723    1356.800            ORB 
61072.000   10040 1350441    -768.200            PL  
61072.000   10040 1415318   -6266.500            PL  
61072.000   10040 1415321   24822.800            PL  
61072.000   10040 1354603     123.500            PL  
61072.000   10040 1354597     240.200            PL  
61072.000   10005 1920001   41550.400            PTB 
61072.000   10005 1920002   37516.100            PTB 
61072.000   10005 1355322    8741.900            PTB 
61072.000   10005 1400510    8706.800            PTB 
61072.000   10005 1400506   32060.500            PTB 
61072.000   10005 1400508   32689.900            PTB 
61072.000   10005 1400509    9767.900            PTB 
61072.000   10005 1415245   -5244.500            PTB 
61072.000   10005 1400512    6556.500            PTB 
61072.000   10005 1415221    3541.600            PTB 
61072.000   10019 1351942   68432.400            ONRJ
61072.000   10019 1320337   50702.100            ONRJ
61072.000   10019 1354204   69963.500            ONRJ
61072.000   10019 1350147   59328.500            ONRJ
61072.000   10019 1350102   19229.900            ONRJ
61072.000   10019 1353364   38551.000            ONRJ
61072.000   10019 1351153  -11443.500            ONRJ
61072.000   10019 1401958  122548.700            ONRJ
61072.000   10014 1350583   -4617.200            ROA 
61072.000   10014 1350718   -2953.000            ROA 
61072.000   10014 1361490   86940.200            ROA 
61072.000   10014 1361488   85012.600            ROA 
61072.000   10014 1351699   54869.700            ROA 
61072.000   10014 1401436 1927303.400            ROA 
61072.000   10014 1412032 1279505.800            ROA 
61072.000   10014 1352270    7819.000            ROA 
61072.000   10062 1352932       0.000            SASO
61072.000   10062 1352931    -158.000            SASO
61072.000   10062 1351628     649.100            SASO
61072.000   10062 1350221    -441.800            SASO
61072.000   10067 1352525   -8034.900            SCL 
61072.000   10067 1352178  -19438.100            SCL 
61072.000   10067 1415314     804.800            SCL 
61072.000   10067 1353448    -246.600            SCL 
61072.000   10079 1352003   33703.200            SMD 
61072.000   10079 1352543  -25666.000            SMD 
61072.000   10079 1411049   -1964.300            SMD 
61072.000   10072 1352745  -21221.800            SP  
61072.000   10072 1352749   21227.200            SP  
61072.000   10072 1352758   -2387.300            SP  
61072.000   10072 1354707    6587.100            SP  
61072.000   10072 1362295    2255.800            SP  
61072.000   10072 1365149   53272.400            SP  
61072.000   10072 1407201    -320.900            SP  
61072.000   10072 1407223  152819.200            SP  
61072.000   10072 1407231  240650.100            SP  
61072.000   10072 1407232  389115.400            SP  
61072.000   10072 1415319   40986.200            SP  
61072.000   10038 1403809 -409127.600            SU  
61072.000   10038 1403811 -282073.000            SU  
61072.000   10038 1403812  -27304.800            SU  
61072.000   10038 1403844 -562171.100            SU  
61072.000   10038 1403853    3802.500            SU  
61072.000   10038 1403833 -397518.200            SU  
61072.000   10038 1403846   46305.500            SU  
61072.000   10038 1403814 -655522.900            SU  
61072.000   10038 1403815 -333494.800            SU  
61072.000   10038 1403834    9893.600            SU  
61072.000   10038 1403841  -40024.700            SU  
61072.000   10038 1403840    9449.900            SU  
61072.000   10038 1403845 -453542.000            SU  
61072.000   10030 1403011  141079.000            TL  
61072.000   10030 1413202  221658.600            TL  
61072.000   10030 1353942  -36056.800            TL  
61072.000   10030 1353947   54383.200            TL  
61072.000   10030 1354060  -13909.500            TL  
61072.000   10022 1320211 1999818.600            TP  
61072.000   10022 1320247  999225.000            TP  
61072.000   10022 1351227       0.000            TP  
61072.000   10022 1352179     -36.900            TP  
61072.000   10022 1352476     501.200            TP  
61072.000   10022 1353519     -72.200            TP  
61072.000   10022 1411076     402.500            TP  
61072.000   10068 1411028       0.000            UME 
61072.000   10068 1352703    2405.000            UME 
61072.000   10068 1350251    3292.900            UME 
61072.000   10068 1350872   -7899.100            UME 
61072.000   10068 1352710    2545.500            UME 
61072.000   10007 1400711 3276521.000            USNO
61072.000   10007 1400712  271006.700            USNO
61072.000   10007 1400719  453348.100            USNO
61072.000   10007 1400702  -65628.100            USNO
61072.000   10007 1400708  662210.100            USNO
61072.000   10007 1400704  112781.900            USNO
61072.000   10007 1400718 1930763.800            USNO
61072.000   10007 1400710 -775902.600            USNO
61072.000   10007 1400726 1272675.800            USNO
61072.000   10007 1400715  415774.500            USNO
61072.000   10007 1350161   81070.800            USNO
61072.000   10007 1400727 -719542.500            USNO
61072.000   10007 1400729 2206462.200            USNO
61072.000   10007 1400725 -219200.600            USNO
61072.000   10007 1400724 -813284.600            USNO
61072.000   10007 1400723 -606286.100            USNO
61072.000   10007 1400722 2703126.400            USNO
61072.000   10007 1400721  417564.000            USNO
61072.000   10007 1400720 1251333.000            USNO
61072.000   10007 1400730 2123846.700            USNO
61072.000   10007 1400731 -399931.400            USNO
61072.000   10007 1400732  742701.600            USNO
61072.000   10007 1400736 1215150.800            USNO
61072.000   10007 1400737 2445688.200            USNO
61072.000   10007 1400740 1088912.000            USNO
61072.000   10007 1400713  450120.800            USNO
61072.000   10007 1400714   93269.900            USNO
61072.000   10007 1400716  676879.400            USNO
61072.000   10007 1400738   99151.300            USNO
61072.000   10064 1355005       0.000            UZ  
61072.000   10064 1354998 4480256.800            UZ  
61072.000   10028 1353669   19481.600            VMI 
61072.000   10028 1361233   12196.800            VMI 
61072.000   10028 1353670  -23903.400            VMI 
61072.000   10024 1411040   -2550.900            VSL 
61072.000   10024 1354466    9541.600            VSL 
61072.000   10024 1355008    6740.700            VSL 
61072.000   10024 1355697     566.200            VSL 
61072.000   10055 1352191     -57.300            DMDM
61072.000   10055 1362033  -53117.800            DMDM
