61150.000   10021 1352938       0.000            UAE 
61150.000   10021 1352940   -3215.500            UAE 
61150.000   10046 1404601   26481.400            AOS 
61150.000   10046 1352394   -1084.700            AOS 
61150.000   10031 1353842    2422.700            APL 
61150.000   10031 1403107  264899.600            APL 
61150.000   10031 1403108  501130.600            APL 
61150.000   10031 1403109  135049.800            APL 
61150.000   10031 1412174   29638.000            APL 
61150.000   10054 1362269     118.000            AUS 
61150.000   10054 1360340   12855.000            AUS 
61150.000   10054 1360654  -44667.000            AUS 
61150.000   10054 1363814    4570.000            AUS 
61150.000   10054 1364971    7544.000            AUS 
61150.000   10054 1360299   28535.000            AUS 
61150.000   10101 1355360       0.000            AZ  
61150.000   10101 1355361   -1255.600            AZ  
61150.000   10075 1352685    3313.500            IMBH
61150.000   10075 1320192   -8679.200            IMBH
61150.000   10075 1320193  -41652.900            IMBH
61150.000   10071 1353447     812.400            BIRM
61150.000   10071 1353689    9933.800            BIRM
61150.000   10071 1407107 -420002.900            BIRM
61150.000   10071 1407112  -10043.700            BIRM
61150.000   10071 1415303   -4734.700            BIRM
61150.000   10071 1415304  -11602.500            BIRM
61150.000   10071 1415305  -20549.800            BIRM
61150.000   10092 1363159    4122.600            ICE 
61150.000   10092 1363522    3665.500            ICE 
61150.000   10057 1355202    -746.400            CH  
61150.000   10057 1373644    -979.600            CH  
61150.000   10057 1405701   -2071.800            CH  
61150.000   10057 1405702   21612.400            CH  
61150.000   10057 1411117     -53.300            CH  
61150.000   10073 1353612  -13780.500            CNM 
61150.000   10073 1413211   -1039.600            CNM 
61150.000   10073 1413212   60230.600            CNM 
61150.000   10074 1411045    4810.100            DLR 
61150.000   10053 1350136     -83.300            DTAG
61150.000   10053 1355332   -1559.200            DTAG
61150.000   10053 1352635    2622.100            DTAG
61150.000   10025 1352025    4305.500            ESA 
61150.000   10025 1351615   -4679.200            ESA 
61150.000   10025 1352353   11760.300            ESA 
61150.000   10025 1352210   29590.700            ESA 
61150.000   10025 1402543  -38169.100            ESA 
61150.000   10025 1402541 -112167.200            ESA 
61150.000   10025 1411033   -2016.200            ESA 
61150.000   10089 1354233       0.000            HKO 
61150.000   10089 1355122    1291.100            HKO 
61150.000   10099 1354701       0.000            IFZG
61150.000   10093 1353401       0.000            NSAI
61150.000   10044 1361167     992.500            IFAG
61150.000   10044 1361173     298.600            IFAG
61150.000   10044 1361629   10418.900            IFAG
61150.000   10044 1361732    7155.700            IFAG
61150.000   10044 1361798     722.600            IFAG
61150.000   10044 1404439    4487.300            IFAG
61150.000   10044 1404418   15324.500            IFAG
61150.000   10048 1404878  949504.100            NIM 
61150.000   10048 1404871 1075519.300            NIM 
61150.000   10048 1404832 1083454.900            NIM 
61150.000   10048 1404879 1919434.000            NIM 
61150.000   10048 1404880 2201401.300            NIM 
61150.000   10048 1352742  113124.000            NIM 
61150.000   10048 1404849 1414985.300            NIM 
61150.000   10048 1404856   94082.900            NIM 
61150.000   10048 1404857   24980.300            NIM 
61150.000   10048 1404821    2991.500            NIM 
61150.000   10048 1404850     685.000            NIM 
61150.000   10048 1404870    5625.100            NIM 
61150.000   10015 1362377       0.000            INTI
61150.000   10015 1363270   12553.200            INTI
61150.000   10015 1363511    6189.700            INTI
61150.000   10070 1353546    8466.200            IPQ 
61150.000   10083 1353654    9995.000            NIS 
61150.000   10083 1354391   17765.200            NIS 
61150.000   10083 1353812  -29406.100            NIS 
61150.000   10083 1352182   -4276.200            NIS 
61150.000   10011 1350219   -1103.300            IT  
61150.000   10011 1352487    -571.200            IT  
61150.000   10011 1401101  268112.700            IT  
61150.000   10011 1401102  297186.400            IT  
61150.000   10011 1401103   36102.000            IT  
61150.000   10011 1401104    7247.500            IT  
61150.000   10011 1411079   -1450.100            IT  
61150.000   10011 1411078    4035.800            IT  
61150.000   10035 1350832   17836.100            BSJ 
61150.000   10035 1350833    9803.800            BSJ 
61150.000   10087 1361277 -112273.200            JV  
61150.000   10087 1362617   70856.800            JV  
61150.000   10087 1415218  -42151.000            JV  
61150.000   10087 1411122   17031.800            JV  
61150.000   10056 1351783   40986.900            KRIS
61150.000   10056 1405624  169041.700            KRIS
61150.000   10056 1405625  489332.400            KRIS
61150.000   10056 1405626   15982.600            KRIS
61150.000   10027 1415201    -698.700            KZ  
61150.000   10027 1415205    1851.800            KZ  
61150.000   10027 1415266   -2837.900            KZ  
61150.000   10052 1351324  -11206.400            NPLI
61150.000   10052 1353376  -10803.600            NPLI
61150.000   10052 1353457    3443.500            NPLI
61150.000   10052 1353413   45267.700            NPLI
61150.000   10052 1353453    5289.200            NPLI
61150.000   10052 1415225  119066.600            NPLI
61150.000   10052 1415365   49134.100            NPLI
61150.000   10052 1415363    3915.900            NPLI
61150.000   10052 1415364   12026.000            NPLI
61150.000   10091 1352370  -10588.800            LRTE
61150.000   10082 1351868       0.000            LT  
61150.000   10082 1351362   -1658.700            LT  
61150.000   10094 1353471  -61800.500            LUX 
61150.000   10094 1353544  -57573.200            LUX 
61150.000   10085 1353507       0.000            NIMB
61150.000   10041 1404113  332430.100            MIKE
61150.000   10041 1404108   32532.700            MIKE
61150.000   10041 1404189  182347.500            MIKE
61150.000   10041 1412084   26530.000            MIKE
61150.000   10088 1361806  -12721.500            CNMP
61150.000   10088 1361752   -6730.100            CNMP
61150.000   10088 1363162    8641.400            CNMP
61150.000   10088 1363179  -67507.100            CNMP
61150.000   10063 1360274    3285.200            MSL 
61150.000   10063 1363396   -4271.800            MSL 
61150.000   10063 1363872  115790.800            MSL 
61150.000   10081 1353476    3643.800            NIMT
61150.000   10081 1353472   46721.400            NIMT
61150.000   10081 1353470   47057.700            NIMT
61150.000   10013 1410102    1958.500            NAO 
61150.000   10013 1350779   10461.200            NAO 
61150.000   10013 1351689    4318.300            NAO 
61150.000   10013 1351214     107.400            NAO 
61150.000   10020 1350343  129745.100            NICT
61150.000   10020 1350907   34630.300            NICT
61150.000   10020 1351226  -16834.400            NICT
61150.000   10020 1351778   76111.600            NICT
61150.000   10020 1351789   -8443.900            NICT
61150.000   10020 1351866    1386.000            NICT
61150.000   10020 1351944  109840.100            NICT
61150.000   10020 1352011  107874.000            NICT
61150.000   10020 1352056  110369.200            NICT
61150.000   10020 1352113  -46089.000            NICT
61150.000   10020 1352116  -27066.900            NICT
61150.000   10020 1352570   88619.300            NICT
61150.000   10020 1352620   61245.800            NICT
61150.000   10020 1352627  -24195.100            NICT
61150.000   10020 1352628  -25600.800            NICT
61150.000   10020 1352784   42642.100            NICT
61150.000   10020 1352876  123480.400            NICT
61150.000   10020 1352903   53095.800            NICT
61150.000   10020 1353594  -14450.100            NICT
61150.000   10020 1353716  -29121.700            NICT
61150.000   10020 1353717  -51339.000            NICT
61150.000   10020 1353718  -45958.100            NICT
61150.000   10020 1353720  -54638.900            NICT
61150.000   10020 1353722  -31187.100            NICT
61150.000   10020 1353909   27790.800            NICT
61150.000   10020 1353912  -39318.000            NICT
61150.000   10020 1353916  -73542.800            NICT
61150.000   10020 1353918   39905.900            NICT
61150.000   10020 1354230   68955.800            NICT
61150.000   10020 1402003   16736.600            NICT
61150.000   10020 1402004  -10517.600            NICT
61150.000   10020 1402012   29710.000            NICT
61150.000   10020 1402013   48365.400            NICT
61150.000   10020 1402014   -1994.400            NICT
61150.000   10020 1402015   78642.900            NICT
61150.000   10020 1411041  -70130.700            NICT
61150.000   10020 1411062   31936.100            NICT
61150.000   10020 1412060   66833.600            NICT
61150.000   10002 1412108  597795.200            NIST
61150.000   10002 1412014 -533335.700            NIST
61150.000   10002 1400004 -192148.700            NIST
61150.000   10002 1400222  732114.900            NIST
61150.000   10002 1400209 -445111.700            NIST
61150.000   10002 1400212  562739.400            NIST
61150.000   10002 1400207  698356.600            NIST
61150.000   10002 1412015  642060.000            NIST
61150.000   10002 1400210  247144.400            NIST
61150.000   10002 1400205  978687.100            NIST
61150.000   10002 1412099  346406.800            NIST
61150.000   10002 1412006  157854.000            NIST
61150.000   10002 1442021 -563087.500            NIST
61150.000   10002 1352935 -655661.100            NIST
61150.000   10002 1352579  980168.800            NIST
61150.000   10002 1402205 -213711.400            NIST
61150.000   10050 1320293  138495.800            NMIJ
61150.000   10017 1412050   47281.800            NPL 
61150.000   10017 1412011   48608.500            NPL 
61150.000   10003 1352150    8259.300            NRC 
61150.000   10003 1362225   17072.700            NRC 
61150.000   10003 1352115   19637.200            NRC 
61150.000   10003 1352148    3170.600            NRC 
61150.000   10003 1400306   92430.700            NRC 
61150.000   10003 1400307   11711.800            NRC 
61150.000   10049 1415324   -1639.800            NTSC
61150.000   10049 1415322    2762.900            NTSC
61150.000   10049 1415316   -5937.500            NTSC
61150.000   10049 1415082   52790.300            NTSC
61150.000   10049 1414922    6445.500            NTSC
61150.000   10049 1404967    6044.200            NTSC
61150.000   10049 1354937   14364.000            NTSC
61150.000   10049 1352142   15168.900            NTSC
61150.000   10016 1354619       0.000            INXE
61150.000   10008 1352027   34051.100            OP  
61150.000   10008 1400889    6174.400            OP  
61150.000   10008 1353765   80203.800            OP  
61150.000   10008 1400810   21812.800            OP  
61150.000   10008 1400809   37028.400            OP  
61150.000   10008 1400890   30873.000            OP  
61150.000   10026 1352722   -2177.200            ORB 
61150.000   10026 1352724   10167.100            ORB 
61150.000   10026 1411030   80534.700            ORB 
61150.000   10026 1402602  378933.200            ORB 
61150.000   10026 1352723    1711.800            ORB 
61150.000   10040 1350441    -801.100            PL  
61150.000   10040 1415318  -58690.200            PL  
61150.000   10040 1415321   27064.700            PL  
61150.000   10040 1354603     190.000            PL  
61150.000   10040 1354597     282.200            PL  
61150.000   10005 1920001   41630.900            PTB 
61150.000   10005 1920002   37628.200            PTB 
61150.000   10005 1355322    8977.900            PTB 
61150.000   10005 1400510    9439.400            PTB 
61150.000   10005 1400506   33199.300            PTB 
61150.000   10005 1400508   33772.100            PTB 
61150.000   10005 1400509   10153.300            PTB 
61150.000   10005 1415245   -6327.800            PTB 
61150.000   10005 1400512    7324.000            PTB 
61150.000   10005 1415221    3604.000            PTB 
61150.000   10019 1351942   69956.800            ONRJ
61150.000   10019 1320337   51383.200            ONRJ
61150.000   10019 1354204   73650.800            ONRJ
61150.000   10019 1350147   59827.700            ONRJ
61150.000   10019 1350102   19943.200            ONRJ
61150.000   10019 1353364   39291.700            ONRJ
61150.000   10019 1351153  -12314.100            ONRJ
61150.000   10019 1401958  132894.100            ONRJ
61150.000   10014 1350583   -5016.800            ROA 
61150.000   10014 1350718   -2409.400            ROA 
61150.000   10014 1361490   87566.100            ROA 
61150.000   10014 1361488   85874.500            ROA 
61150.000   10014 1351699   55358.700            ROA 
61150.000   10014 1401436 1975561.100            ROA 
61150.000   10014 1412032 1329835.900            ROA 
61150.000   10014 1352270    7957.700            ROA 
61150.000   10062 1352932       0.000            SASO
61150.000   10062 1352931     770.600            SASO
61150.000   10062 1351628    1130.400            SASO
61150.000   10062 1350221    -891.100            SASO
61150.000   10067 1352525   -8718.200            SCL 
61150.000   10067 1352178  -20777.500            SCL 
61150.000   10067 1415314    1698.800            SCL 
61150.000   10067 1353448    1590.900            SCL 
61150.000   10079 1352003   34246.700            SMD 
61150.000   10079 1352543  -26802.200            SMD 
61150.000   10079 1411049   -1923.200            SMD 
61150.000   10072 1352745  -22470.100            SP  
61150.000   10072 1352749   23019.700            SP  
61150.000   10072 1352758   -2480.800            SP  
61150.000   10072 1354707    6556.600            SP  
61150.000   10072 1362295    4593.100            SP  
61150.000   10072 1365149   60133.300            SP  
61150.000   10072 1407201    2263.900            SP  
61150.000   10072 1407223  157686.700            SP  
61150.000   10072 1407231  259927.300            SP  
61150.000   10072 1407232  415952.800            SP  
61150.000   10072 1415319   43122.700            SP  
61150.000   10038 1403809 -410434.700            SU  
61150.000   10038 1403811 -282018.400            SU  
61150.000   10038 1403812  -24783.500            SU  
61150.000   10038 1403844 -560494.000            SU  
61150.000   10038 1403853    4812.200            SU  
61150.000   10038 1403833 -395601.000            SU  
61150.000   10038 1403846   48441.600            SU  
61150.000   10038 1403814 -646043.600            SU  
61150.000   10038 1403815 -331277.500            SU  
61150.000   10038 1403816 -299074.000            SU  
61150.000   10038 1403834   11331.100            SU  
61150.000   10038 1403841  -36521.700            SU  
61150.000   10038 1403840   10629.800            SU  
61150.000   10038 1403852 -703394.100            SU  
61150.000   10038 1403845 -454109.000            SU  
61150.000   10030 1403011  183656.600            TL  
61150.000   10030 1413202  245168.900            TL  
61150.000   10030 1353942  -37847.900            TL  
61150.000   10030 1353947   56552.500            TL  
61150.000   10030 1354060  -14523.400            TL  
61150.000   10022 1320211 1999894.100            TP  
61150.000   10022 1320247  998924.300            TP  
61150.000   10022 1351227       0.000            TP  
61150.000   10022 1352179     110.300            TP  
61150.000   10022 1352476     590.700            TP  
61150.000   10068 1411028       0.000            UME 
61150.000   10068 1352703      30.600            UME 
61150.000   10068 1350251      76.100            UME 
61150.000   10068 1350872    -137.000            UME 
61150.000   10068 1352710     157.000            UME 
61150.000   10007 1400711 3320283.200            USNO
61150.000   10007 1400712  275949.800            USNO
61150.000   10007 1400719  470195.400            USNO
61150.000   10007 1400702  -65425.200            USNO
61150.000   10007 1400708  672454.400            USNO
61150.000   10007 1400704  116657.600            USNO
61150.000   10007 1400718 1960871.100            USNO
61150.000   10007 1400710 -813187.100            USNO
61150.000   10007 1400726 1310397.400            USNO
61150.000   10007 1400715  429715.600            USNO
61150.000   10007 1350161   80926.200            USNO
61150.000   10007 1400727 -745957.700            USNO
61150.000   10007 1400729 2263897.400            USNO
61150.000   10007 1400725 -220259.400            USNO
61150.000   10007 1400724 -821774.900            USNO
61150.000   10007 1400723 -605078.100            USNO
61150.000   10007 1400722 2687917.800            USNO
61150.000   10007 1400721  480392.900            USNO
61150.000   10007 1400720 1258518.800            USNO
61150.000   10007 1400730 2170844.800            USNO
61150.000   10007 1400731 -413351.100            USNO
61150.000   10007 1400732  772035.000            USNO
61150.000   10007 1400736 1219141.800            USNO
61150.000   10007 1400737 2467240.700            USNO
61150.000   10007 1400740 1137053.500            USNO
61150.000   10007 1400713  461489.800            USNO
61150.000   10007 1400714   98134.300            USNO
61150.000   10007 1400716  695948.300            USNO
61150.000   10007 1400738  112472.600            USNO
61150.000   10064 1355005       0.000            UZ  
61150.000   10064 1354998 5106246.100            UZ  
61150.000   10028 1353669   19614.900            VMI 
61150.000   10028 1361233   12172.700            VMI 
61150.000   10028 1353670  -25968.300            VMI 
61150.000   10024 1411040   -2988.000            VSL 
61150.000   10024 1354466   10085.900            VSL 
61150.000   10024 1355008    7347.000            VSL 
61150.000   10024 1355697    1312.100            VSL 
61150.000   10055 1352191     -95.800            DMDM
61150.000   10055 1362033  -57615.700            DMDM
