61187.000   10021 1352938       0.000            UAE 
61187.000   10021 1352940   -4259.700            UAE 
61187.000   10046 1404601   27371.200            AOS 
61187.000   10046 1352394   -1263.200            AOS 
61187.000   10031 1353842    2406.300            APL 
61187.000   10031 1403107  268686.000            APL 
61187.000   10031 1403108  529918.600            APL 
61187.000   10031 1403109  136002.200            APL 
61187.000   10031 1412174   33933.700            APL 
61187.000   10054 1362269     146.000            AUS 
61187.000   10054 1360340   13084.000            AUS 
61187.000   10054 1360654  -45650.000            AUS 
61187.000   10054 1363814    4708.000            AUS 
61187.000   10054 1364971    7795.000            AUS 
61187.000   10054 1360299   28997.000            AUS 
61187.000   10101 1355360       0.000            AZ  
61187.000   10101 1355361   46220.100            AZ  
61187.000   10075 1352685    3443.200            IMBH
61187.000   10075 1320192   -8901.400            IMBH
61187.000   10075 1320193  -43065.600            IMBH
61187.000   10071 1353447     681.200            BIRM
61187.000   10071 1353689    9941.800            BIRM
61187.000   10071 1407103    -443.800            BIRM
61187.000   10071 1407107 -433689.200            BIRM
61187.000   10071 1407111   -1372.500            BIRM
61187.000   10071 1407112  -11546.200            BIRM
61187.000   10071 1415303   -5519.500            BIRM
61187.000   10071 1415304  -12480.000            BIRM
61187.000   10071 1415305  -21577.400            BIRM
61187.000   10092 1363159    3867.900            ICE 
61187.000   10092 1363522    3725.000            ICE 
61187.000   10057 1355202    -809.600            CH  
61187.000   10057 1373644   -1129.800            CH  
61187.000   10057 1405701   -2248.600            CH  
61187.000   10057 1405702   20841.300            CH  
61187.000   10057 1411117     -89.500            CH  
61187.000   10073 1353612  -14945.700            CNM 
61187.000   10073 1413211   -1010.800            CNM 
61187.000   10073 1413212   68133.300            CNM 
61187.000   10074 1411045    5341.500            DLR 
61187.000   10053 1350136     -83.300            DTAG
61187.000   10053 1355332   -1429.700            DTAG
61187.000   10053 1352635    2528.200            DTAG
61187.000   10025 1352025    4414.500            ESA 
61187.000   10025 1351615   -4789.900            ESA 
61187.000   10025 1352353   11996.400            ESA 
61187.000   10025 1352210   30348.900            ESA 
61187.000   10025 1402543  -42762.500            ESA 
61187.000   10025 1402541 -120717.400            ESA 
61187.000   10025 1411033   -2604.700            ESA 
61187.000   10089 1354233       0.000            HKO 
61187.000   10089 1355122    1357.400            HKO 
61187.000   10099 1354701       0.000            IFZG
61187.000   10093 1353401       0.000            NSAI
61187.000   10044 1361167     733.500            IFAG
61187.000   10044 1361173     117.300            IFAG
61187.000   10044 1361629   10956.500            IFAG
61187.000   10044 1361732    7621.200            IFAG
61187.000   10044 1361798     300.800            IFAG
61187.000   10044 1404439    4246.100            IFAG
61187.000   10044 1404418   15156.700            IFAG
61187.000   10048 1404878  967281.000            NIM 
61187.000   10048 1404871 1096825.100            NIM 
61187.000   10048 1404832 1111742.200            NIM 
61187.000   10048 1404879 1940352.100            NIM 
61187.000   10048 1404880 2223375.800            NIM 
61187.000   10048 1352742  114178.500            NIM 
61187.000   10048 1404849 1415229.900            NIM 
61187.000   10048 1404856   94358.000            NIM 
61187.000   10048 1404857   24819.100            NIM 
61187.000   10048 1404821    3122.100            NIM 
61187.000   10048 1404850     742.800            NIM 
61187.000   10048 1404870    5908.100            NIM 
61187.000   10015 1362377       0.000            INTI
61187.000   10015 1363270   12768.000            INTI
61187.000   10015 1363511    6291.200            INTI
61187.000   10070 1353546    8563.000            IPQ 
61187.000   10083 1353654   10154.600            NIS 
61187.000   10083 1354391   18447.600            NIS 
61187.000   10083 1353812  -30284.700            NIS 
61187.000   10083 1352182   -4440.000            NIS 
61187.000   10011 1350219   -1139.800            IT  
61187.000   10011 1352487    -681.500            IT  
61187.000   10011 1401101  287449.400            IT  
61187.000   10011 1401102  300844.100            IT  
61187.000   10011 1401103   37579.200            IT  
61187.000   10011 1401104    5152.400            IT  
61187.000   10011 1411079   -1759.700            IT  
61187.000   10011 1411078    4700.000            IT  
61187.000   10035 1350832   18428.600            BSJ 
61187.000   10035 1350833   10218.700            BSJ 
61187.000   10087 1361277 -112631.500            JV  
61187.000   10087 1362617   71475.900            JV  
61187.000   10087 1415218  -42180.800            JV  
61187.000   10087 1411122   18151.700            JV  
61187.000   10056 1351783   41784.000            KRIS
61187.000   10056 1405624  174438.900            KRIS
61187.000   10056 1405625  505266.500            KRIS
61187.000   10056 1405626   16651.000            KRIS
61187.000   10027 1415201      -5.100            KZ  
61187.000   10027 1415205       6.600            KZ  
61187.000   10027 1415266     -22.100            KZ  
61187.000   10052 1351324  -11258.400            NPLI
61187.000   10052 1353376  -10911.700            NPLI
61187.000   10052 1353457    3523.700            NPLI
61187.000   10052 1353413   45699.700            NPLI
61187.000   10052 1353453    5366.400            NPLI
61187.000   10052 1415225  122577.100            NPLI
61187.000   10052 1415365   50370.200            NPLI
61187.000   10052 1415363    4299.900            NPLI
61187.000   10052 1415364   12466.000            NPLI
61187.000   10091 1352370  -11655.700            LRTE
61187.000   10082 1351868       0.000            LT  
61187.000   10082 1351362   -1677.600            LT  
61187.000   10094 1353471  -62173.500            LUX 
61187.000   10094 1353544  -57413.400            LUX 
61187.000   10085 1353507       0.000            NIMB
61187.000   10041 1404113  336084.100            MIKE
61187.000   10041 1404108   34170.400            MIKE
61187.000   10041 1404189  181033.500            MIKE
61187.000   10041 1412084   26070.300            MIKE
61187.000   10088 1361806  -12858.100            CNMP
61187.000   10088 1361752   -6822.200            CNMP
61187.000   10088 1363162    8899.300            CNMP
61187.000   10088 1363179  -68126.300            CNMP
61187.000   10063 1360274    3351.400            MSL 
61187.000   10063 1363396   -4311.700            MSL 
61187.000   10063 1363872  117576.300            MSL 
61187.000   10081 1353476    3251.100            NIMT
61187.000   10081 1353472   47165.200            NIMT
61187.000   10081 1353470   47732.600            NIMT
61187.000   10013 1410102    2402.700            NAO 
61187.000   10013 1350779     454.000            NAO 
61187.000   10013 1351689     343.200            NAO 
61187.000   10013 1351214     107.400            NAO 
61187.000   10020 1350343  130751.400            NICT
61187.000   10020 1350907   34075.200            NICT
61187.000   10020 1351778   76608.700            NICT
61187.000   10020 1351789   -8691.700            NICT
61187.000   10020 1351866    1375.500            NICT
61187.000   10020 1351944  110283.800            NICT
61187.000   10020 1352011  107754.300            NICT
61187.000   10020 1352056  110851.100            NICT
61187.000   10020 1352113  -46231.100            NICT
61187.000   10020 1352116  -26908.400            NICT
61187.000   10020 1352570   88906.800            NICT
61187.000   10020 1352620   61803.400            NICT
61187.000   10020 1352627  -24785.900            NICT
61187.000   10020 1352628  -26061.900            NICT
61187.000   10020 1352784   42249.800            NICT
61187.000   10020 1352876  123335.400            NICT
61187.000   10020 1352903   53281.900            NICT
61187.000   10020 1353259  -14380.300            NICT
61187.000   10020 1353594  -14272.900            NICT
61187.000   10020 1353716  -29511.000            NICT
61187.000   10020 1353717  -52174.700            NICT
61187.000   10020 1353718  -46921.500            NICT
61187.000   10020 1353720  -55187.900            NICT
61187.000   10020 1353722  -31507.700            NICT
61187.000   10020 1353909   28076.800            NICT
61187.000   10020 1353912  -40089.300            NICT
61187.000   10020 1353916  -74801.100            NICT
61187.000   10020 1353918   40528.500            NICT
61187.000   10020 1354230   69115.400            NICT
61187.000   10020 1402003   17179.400            NICT
61187.000   10020 1402004  -11378.100            NICT
61187.000   10020 1402012   28003.000            NICT
61187.000   10020 1402013   53003.600            NICT
61187.000   10020 1402014   -1711.600            NICT
61187.000   10020 1402015   83261.300            NICT
61187.000   10020 1411041  -75007.500            NICT
61187.000   10020 1411062   31191.300            NICT
61187.000   10020 1412060   69878.200            NICT
61187.000   10002 1412108  625473.600            NIST
61187.000   10002 1412014 -527833.200            NIST
61187.000   10002 1400004 -189158.300            NIST
61187.000   10002 1400222  734309.900            NIST
61187.000   10002 1400209 -442334.300            NIST
61187.000   10002 1400212  608148.500            NIST
61187.000   10002 1400207  724260.900            NIST
61187.000   10002 1412015  659206.000            NIST
61187.000   10002 1400210  281150.300            NIST
61187.000   10002 1400205  978011.800            NIST
61187.000   10002 1412099  389898.500            NIST
61187.000   10002 1412006  195539.800            NIST
61187.000   10002 1442021 -560978.000            NIST
61187.000   10002 1352935 -656523.100            NIST
61187.000   10002 1352579  980838.600            NIST
61187.000   10002 1402205 -193579.800            NIST
61187.000   10050 1320293  147044.900            NMIJ
61187.000   10017 1412011   49082.200            NPL 
61187.000   10017 1412050   48559.700            NPL 
61187.000   10003 1352150    8355.700            NRC 
61187.000   10003 1362225   17000.000            NRC 
61187.000   10003 1352115   19897.000            NRC 
61187.000   10003 1352148    3143.500            NRC 
61187.000   10003 1400306   92637.400            NRC 
61187.000   10003 1400307   12175.300            NRC 
61187.000   10049 1415324   -1593.500            NTSC
61187.000   10049 1415322    3074.200            NTSC
61187.000   10049 1415316   -6206.300            NTSC
61187.000   10049 1415085    -254.900            NTSC
61187.000   10049 1414922    7047.900            NTSC
61187.000   10049 1404967    6559.900            NTSC
61187.000   10049 1354937   14339.300            NTSC
61187.000   10049 1352142   15141.000            NTSC
61187.000   10016 1354619       0.000            INXE
61187.000   10008 1352027   34658.700            OP  
61187.000   10008 1400889    7050.800            OP  
61187.000   10008 1353765   81095.100            OP  
61187.000   10008 1400810   22662.400            OP  
61187.000   10008 1400809   38240.300            OP  
61187.000   10008 1400890   31842.800            OP  
61187.000   10026 1352722   -1915.500            ORB 
61187.000   10026 1352724   10532.000            ORB 
61187.000   10026 1411030   83501.200            ORB 
61187.000   10026 1402602  397510.900            ORB 
61187.000   10026 1352723    1878.500            ORB 
61187.000   10040 1350441    -789.600            PL  
61187.000   10040 1415318  -96831.500            PL  
61187.000   10040 1415321   28302.800            PL  
61187.000   10040 1354603     239.900            PL  
61187.000   10040 1354597     275.700            PL  
61187.000   10005 1920001   41741.100            PTB 
61187.000   10005 1920002   37730.600            PTB 
61187.000   10005 1355322    9077.400            PTB 
61187.000   10005 1400510    9733.400            PTB 
61187.000   10005 1400506   33850.900            PTB 
61187.000   10005 1400508   34448.900            PTB 
61187.000   10005 1400509   10339.800            PTB 
61187.000   10005 1415245   -6856.400            PTB 
61187.000   10005 1400512    7702.400            PTB 
61187.000   10005 1415221    3635.000            PTB 
61187.000   10019 1351942   70656.300            ONRJ
61187.000   10019 1320337   51711.400            ONRJ
61187.000   10019 1354204   75382.200            ONRJ
61187.000   10019 1350147   60039.500            ONRJ
61187.000   10019 1350102  181821.900            ONRJ
61187.000   10019 1353364   39632.600            ONRJ
61187.000   10019 1351153  -12736.000            ONRJ
61187.000   10019 1401958  137994.300            ONRJ
61187.000   10014 1350583   -5200.200            ROA 
61187.000   10014 1350718   -2177.100            ROA 
61187.000   10014 1361490   87820.900            ROA 
61187.000   10014 1361488   86306.700            ROA 
61187.000   10014 1351699   55608.700            ROA 
61187.000   10014 1401436 1998647.100            ROA 
61187.000   10014 1412032 1353936.500            ROA 
61187.000   10014 1352270    7984.000            ROA 
61187.000   10062 1352932       0.000            SASO
61187.000   10062 1352931    1203.400            SASO
61187.000   10062 1351628    1425.800            SASO
61187.000   10062 1350221   -1125.400            SASO
61187.000   10067 1352525   -8999.500            SCL 
61187.000   10067 1352178  -21443.900            SCL 
61187.000   10067 1415314    2169.400            SCL 
61187.000   10067 1353448    2496.700            SCL 
61187.000   10079 1352003   34503.600            SMD 
61187.000   10079 1352543  -27337.000            SMD 
61187.000   10079 1411049   -1896.200            SMD 
61187.000   10072 1352745  -23060.900            SP  
61187.000   10072 1352749   23869.000            SP  
61187.000   10072 1352758   -2504.300            SP  
61187.000   10072 1354707    6509.700            SP  
61187.000   10072 1362295    5725.200            SP  
61187.000   10072 1365149   63340.100            SP  
61187.000   10072 1407201    3624.600            SP  
61187.000   10072 1407223  160011.200            SP  
61187.000   10072 1407231  269263.100            SP  
61187.000   10072 1407232  428836.700            SP  
61187.000   10072 1415319   44137.300            SP  
61187.000   10038 1403809 -411037.000            SU  
61187.000   10038 1403811 -281965.700            SU  
61187.000   10038 1403812  -23529.900            SU  
61187.000   10038 1403844 -559686.300            SU  
61187.000   10038 1403853    5296.700            SU  
61187.000   10038 1403833 -394669.800            SU  
61187.000   10038 1403846   49464.300            SU  
61187.000   10038 1403814 -641513.500            SU  
61187.000   10038 1403815 -330200.300            SU  
61187.000   10038 1403834   12036.200            SU  
61187.000   10038 1403841  -34842.700            SU  
61187.000   10038 1403840   11200.400            SU  
61187.000   10038 1403845 -454355.500            SU  
61187.000   10030 1403011  204064.500            TL  
61187.000   10030 1413202  258341.600            TL  
61187.000   10030 1353942  -38672.500            TL  
61187.000   10030 1353947   57540.500            TL  
61187.000   10030 1354060  -14800.400            TL  
61187.000   10022 1320211 1999899.300            TP  
61187.000   10022 1320247  998976.500            TP  
61187.000   10022 1351227       0.000            TP  
61187.000   10022 1352179      86.500            TP  
61187.000   10022 1352476     588.400            TP  
61187.000   10022 1353519    -102.600            TP  
61187.000   10022 1411076    1313.200            TP  
61187.000   10068 1411028       0.000            UME 
61187.000   10068 1352703     101.300            UME 
61187.000   10068 1350251     211.900            UME 
61187.000   10068 1350872    -604.200            UME 
61187.000   10068 1352710     670.300            UME 
61187.000   10007 1400711 3341075.800            USNO
61187.000   10007 1400719  477732.400            USNO
61187.000   10007 1400702  -65319.200            USNO
61187.000   10007 1400708  677340.300            USNO
61187.000   10007 1400704  118520.800            USNO
61187.000   10007 1400718 1975223.200            USNO
61187.000   10007 1400710 -830845.700            USNO
61187.000   10007 1400726 1329925.100            USNO
61187.000   10007 1400715  436362.400            USNO
61187.000   10007 1350161   80857.200            USNO
61187.000   10007 1400727 -758295.200            USNO
61187.000   10007 1400729 2291376.200            USNO
61187.000   10007 1400725 -220754.000            USNO
61187.000   10007 1400724 -825792.600            USNO
61187.000   10007 1400723 -604442.700            USNO
61187.000   10007 1400722 2676550.400            USNO
61187.000   10007 1400721  510426.100            USNO
61187.000   10007 1400720 1262108.100            USNO
61187.000   10007 1400730 2193284.900            USNO
61187.000   10007 1400731 -419716.700            USNO
61187.000   10007 1400732  786118.900            USNO
61187.000   10007 1400736 1221219.400            USNO
61187.000   10007 1400737 2477686.800            USNO
61187.000   10007 1400740 1160203.400            USNO
61187.000   10007 1400713  466935.300            USNO
61187.000   10007 1400716  705016.000            USNO
61187.000   10007 1400733  135691.500            USNO
61187.000   10064 1355005       0.000            UZ  
61187.000   10064 1354998 4791685.600            UZ  
61187.000   10028 1353669   20202.600            VMI 
61187.000   10028 1361233   12658.500            VMI 
61187.000   10028 1353670  -26413.800            VMI 
61187.000   10024 1411040   -3198.600            VSL 
61187.000   10024 1354466   10342.700            VSL 
61187.000   10024 1355008    7652.300            VSL 
61187.000   10024 1355697    1669.400            VSL 
61187.000   10055 1352191     -66.800            DMDM
61187.000   10055 1362033  -59717.200            DMDM
