61208.000   10021 1352938       0.000            UAE 
61208.000   10021 1352940   -4863.000            UAE 
61208.000   10046 1404601   27883.800            AOS 
61208.000   10046 1352394   -1336.400            AOS 
61208.000   10031 1353842    2415.900            APL 
61208.000   10031 1403107  270860.700            APL 
61208.000   10031 1403108  546296.200            APL 
61208.000   10031 1403109  136547.000            APL 
61208.000   10031 1412174   36549.400            APL 
61208.000   10054 1362269     191.000            AUS 
61208.000   10054 1360340   13276.000            AUS 
61208.000   10054 1360654  -46174.000            AUS 
61208.000   10054 1363814    4822.000            AUS 
61208.000   10054 1364971    7999.000            AUS 
61208.000   10054 1360299   29235.000            AUS 
61208.000   10075 1352685    3514.700            IMBH
61208.000   10075 1320192   -9024.600            IMBH
61208.000   10075 1320193  -43850.000            IMBH
61208.000   10071 1353447     585.600            BIRM
61208.000   10071 1353689    9951.300            BIRM
61208.000   10071 1407103    -726.700            BIRM
61208.000   10071 1407107 -441489.200            BIRM
61208.000   10071 1407111   -2047.300            BIRM
61208.000   10071 1407112  -12414.800            BIRM
61208.000   10071 1415303   -5982.200            BIRM
61208.000   10071 1415304  -13810.900            BIRM
61208.000   10071 1415305  -22171.400            BIRM
61208.000   10092 1363159    3723.200            ICE 
61208.000   10092 1363522    3759.500            ICE 
61208.000   10057 1355202    -845.600            CH  
61208.000   10057 1373644   -1206.900            CH  
61208.000   10057 1405701   -2350.600            CH  
61208.000   10057 1405702   20360.900            CH  
61208.000   10057 1411117    -113.700            CH  
61208.000   10073 1353612  -15635.800            CNM 
61208.000   10073 1413211    -984.900            CNM 
61208.000   10073 1413212   72715.900            CNM 
61208.000   10074 1411045    5676.700            DLR 
61208.000   10053 1350136     -83.300            DTAG
61208.000   10053 1355332   -1403.300            DTAG
61208.000   10053 1352635    2463.400            DTAG
61208.000   10025 1352025    4492.200            ESA 
61208.000   10025 1351615   -4871.900            ESA 
61208.000   10025 1352353   12155.200            ESA 
61208.000   10025 1352210   30794.500            ESA 
61208.000   10025 1402543  -45453.500            ESA 
61208.000   10025 1402541 -125776.200            ESA 
61208.000   10025 1411033   -2949.400            ESA 
61208.000   10089 1354233       0.000            HKO 
61208.000   10089 1355122    1383.700            HKO 
61208.000   10099 1354701       0.000            IFZG
61208.000   10093 1353401       0.000            NSAI
61208.000   10044 1361167     573.400            IFAG
61208.000   10044 1361173      36.700            IFAG
61208.000   10044 1361629   11247.100            IFAG
61208.000   10044 1361732    7885.300            IFAG
61208.000   10044 1361798      68.300            IFAG
61208.000   10044 1404439    4075.900            IFAG
61208.000   10044 1404418   15047.200            IFAG
61208.000   10048 1404878  977402.300            NIM 
61208.000   10048 1404871 1108947.800            NIM 
61208.000   10048 1404832 1127921.700            NIM 
61208.000   10048 1404879 1952284.400            NIM 
61208.000   10048 1404880 2235886.300            NIM 
61208.000   10048 1352742  114786.000            NIM 
61208.000   10048 1404849 1415372.000            NIM 
61208.000   10048 1404856   94514.500            NIM 
61208.000   10048 1404857   24728.700            NIM 
61208.000   10048 1404821    3199.400            NIM 
61208.000   10048 1404850     777.900            NIM 
61208.000   10048 1404870    6072.500            NIM 
61208.000   10015 1362377       0.000            INTI
61208.000   10015 1363270      92.300            INTI
61208.000   10015 1363511    6420.000            INTI
61208.000   10070 1353546    9482.700            IPQ 
61208.000   10083 1353654   10245.300            NIS 
61208.000   10083 1354391   18787.000            NIS 
61208.000   10083 1353812  -30766.300            NIS 
61208.000   10083 1352182   -4528.000            NIS 
61208.000   10011 1350219   -1158.400            IT  
61208.000   10011 1352487    -757.600            IT  
61208.000   10011 1401101  298492.700            IT  
61208.000   10011 1401102  302889.300            IT  
61208.000   10011 1401103   38428.700            IT  
61208.000   10011 1401104    3944.300            IT  
61208.000   10011 1411079   -1938.500            IT  
61208.000   10011 1411078    5090.300            IT  
61208.000   10011 1422012     -43.600            IT  
61208.000   10035 1350832   18747.200            BSJ 
61208.000   10035 1350833   10425.500            BSJ 
61208.000   10087 1361277 -112856.700            JV  
61208.000   10087 1362617   71823.600            JV  
61208.000   10087 1415218  -42197.700            JV  
61208.000   10087 1411122   18802.900            JV  
61208.000   10056 1351783   42227.300            KRIS
61208.000   10056 1405624  177519.100            KRIS
61208.000   10056 1405625  514375.600            KRIS
61208.000   10056 1405626   17027.900            KRIS
61208.000   10027 1415201     -15.200            KZ  
61208.000   10027 1415205     105.100            KZ  
61208.000   10027 1415266    -251.500            KZ  
61208.000   10052 1351324  -11298.100            NPLI
61208.000   10052 1353376  -10981.900            NPLI
61208.000   10052 1353457    3533.800            NPLI
61208.000   10052 1353413   45961.800            NPLI
61208.000   10052 1353453    5427.500            NPLI
61208.000   10052 1415225  124600.000            NPLI
61208.000   10052 1415365   51076.500            NPLI
61208.000   10052 1415363    4522.000            NPLI
61208.000   10052 1415364   12719.500            NPLI
61208.000   10091 1352370  -12139.700            LRTE
61208.000   10082 1351868       0.000            LT  
61208.000   10082 1351362   -1686.200            LT  
61208.000   10094 1353471  -62392.700            LUX 
61208.000   10094 1353544  -57314.800            LUX 
61208.000   10085 1353507       0.000            NIMB
61208.000   10041 1404113  338156.600            MIKE
61208.000   10041 1404108   35150.000            MIKE
61208.000   10041 1404189  180411.500            MIKE
61208.000   10041 1412084   25819.300            MIKE
61208.000   10088 1361806  -12931.200            CNMP
61208.000   10088 1361752   -6837.000            CNMP
61208.000   10088 1363162    9048.200            CNMP
61208.000   10088 1363179  -68488.200            CNMP
61208.000   10063 1360274    3387.200            MSL 
61208.000   10063 1363396   -4318.100            MSL 
61208.000   10063 1363872  118597.300            MSL 
61208.000   10081 1353476    3008.700            NIMT
61208.000   10081 1353472   47403.200            NIMT
61208.000   10081 1353470   48096.500            NIMT
61208.000   10013 1410102    1662.900            NAO 
61208.000   10013 1350779     424.900            NAO 
61208.000   10013 1351689     325.900            NAO 
61208.000   10013 1351214     107.300            NAO 
61208.000   10020 1350343  131327.700            NICT
61208.000   10020 1350907   33762.500            NICT
61208.000   10020 1351778   76912.100            NICT
61208.000   10020 1351789   -8827.500            NICT
61208.000   10020 1351866    1373.500            NICT
61208.000   10020 1351944  110537.500            NICT
61208.000   10020 1352011  107683.200            NICT
61208.000   10020 1352056  111119.800            NICT
61208.000   10020 1352113  -46308.200            NICT
61208.000   10020 1352116  -26813.700            NICT
61208.000   10020 1352570   89040.700            NICT
61208.000   10020 1352620   62132.600            NICT
61208.000   10020 1352627  -25089.000            NICT
61208.000   10020 1352628  -26344.900            NICT
61208.000   10020 1352784   42030.500            NICT
61208.000   10020 1352876  123245.800            NICT
61208.000   10020 1352903   53395.900            NICT
61208.000   10020 1353259  -14527.400            NICT
61208.000   10020 1353594  -14215.200            NICT
61208.000   10020 1353716  -29741.700            NICT
61208.000   10020 1353717  -52651.300            NICT
61208.000   10020 1353718  -47498.600            NICT
61208.000   10020 1353720  -55506.400            NICT
61208.000   10020 1353722  -31695.500            NICT
61208.000   10020 1353909   28248.300            NICT
61208.000   10020 1353912  -40551.200            NICT
61208.000   10020 1353916  -75537.400            NICT
61208.000   10020 1353918   40845.700            NICT
61208.000   10020 1354230   69212.400            NICT
61208.000   10020 1402003   17435.800            NICT
61208.000   10020 1402004  -11869.400            NICT
61208.000   10020 1402012   27061.000            NICT
61208.000   10020 1402013   55701.200            NICT
61208.000   10020 1402014   -1527.000            NICT
61208.000   10020 1402015   85926.800            NICT
61208.000   10020 1411041  -77806.900            NICT
61208.000   10020 1411062   30766.400            NICT
61208.000   10020 1412060   71641.700            NICT
61208.000   10002 1412108  641275.500            NIST
61208.000   10002 1412014 -524680.600            NIST
61208.000   10002 1400004 -187454.600            NIST
61208.000   10002 1400222  735552.100            NIST
61208.000   10002 1400209 -440710.700            NIST
61208.000   10002 1400212  634097.600            NIST
61208.000   10002 1400207  738985.300            NIST
61208.000   10002 1412015  668980.100            NIST
61208.000   10002 1400210  300534.000            NIST
61208.000   10002 1400205  977629.700            NIST
61208.000   10002 1412099  414701.600            NIST
61208.000   10002 1412006  217040.000            NIST
61208.000   10002 1442021 -559663.000            NIST
61208.000   10002 1352935 -657007.300            NIST
61208.000   10002 1352579  981295.400            NIST
61208.000   10002 1402205 -182111.900            NIST
61208.000   10050 1320293  151862.400            NMIJ
61208.000   10017 1412011   49374.400            NPL 
61208.000   10017 1412050   49388.300            NPL 
61208.000   10003 1352150    8401.100            NRC 
61208.000   10003 1362225   16912.700            NRC 
61208.000   10003 1352115   20048.600            NRC 
61208.000   10003 1352148    3130.300            NRC 
61208.000   10003 1400306   92770.600            NRC 
61208.000   10003 1400307   12443.900            NRC 
61208.000   10049 1415325    3234.100            NTSC
61208.000   10049 1415324   -1553.900            NTSC
61208.000   10049 1415322    3255.800            NTSC
61208.000   10049 1415316   -6359.300            NTSC
61208.000   10049 1415085    -522.700            NTSC
61208.000   10049 1414922    7398.300            NTSC
61208.000   10049 1404967    6860.700            NTSC
61208.000   10049 1352142   15119.500            NTSC
61208.000   10016 1354619       0.000            INXE
61208.000   10008 1352027   34996.100            OP  
61208.000   10008 1400889    7550.200            OP  
61208.000   10008 1353765   81602.800            OP  
61208.000   10008 1400810   23153.400            OP  
61208.000   10008 1400809   38937.900            OP  
61208.000   10008 1400890   32392.200            OP  
61208.000   10026 1352722   -1968.600            ORB 
61208.000   10026 1352724   10759.500            ORB 
61208.000   10026 1411030   85198.900            ORB 
61208.000   10026 1402602  408061.400            ORB 
61208.000   10026 1352723    1975.900            ORB 
61208.000   10040 1350441    -788.300            PL  
61208.000   10040 1415318 -122148.500            PL  
61208.000   10040 1415321   28931.100            PL  
61208.000   10040 1354603     270.000            PL  
61208.000   10040 1354597     265.800            PL  
61208.000   10005 1920001   41788.700            PTB 
61208.000   10005 1920002   37761.800            PTB 
61208.000   10005 1355322    9142.300            PTB 
61208.000   10005 1400510    9790.800            PTB 
61208.000   10005 1400506   34249.300            PTB 
61208.000   10005 1400508   34878.900            PTB 
61208.000   10005 1400509   10444.400            PTB 
61208.000   10005 1415245   -7164.300            PTB 
61208.000   10005 1400512    7920.200            PTB 
61208.000   10005 1415221    3652.500            PTB 
61208.000   10019 1351942   71063.100            ONRJ
61208.000   10019 1320337   51920.400            ONRJ
61208.000   10019 1354204   76396.600            ONRJ
61208.000   10019 1350147   60177.400            ONRJ
61208.000   10019 1353364   39841.100            ONRJ
61208.000   10019 1351153  -12974.200            ONRJ
61208.000   10019 1401958  140940.600            ONRJ
61208.000   10014 1350583   -5315.900            ROA 
61208.000   10014 1350718   -2034.300            ROA 
61208.000   10014 1361490   87952.200            ROA 
61208.000   10014 1361488   86552.500            ROA 
61208.000   10014 1351699   55731.700            ROA 
61208.000   10014 1401436 2011788.300            ROA 
61208.000   10014 1412032 1367668.600            ROA 
61208.000   10014 1352270    8013.600            ROA 
61208.000   10062 1352932       0.000            SASO
61208.000   10062 1352931    1439.100            SASO
61208.000   10062 1351628    1566.700            SASO
61208.000   10062 1350221   -1255.900            SASO
61208.000   10067 1352178  -21860.100            SCL 
61208.000   10067 1415314    2430.900            SCL 
61208.000   10067 1353448    2999.800            SCL 
61208.000   10072 1352745  -23317.500            SP  
61208.000   10072 1352750    1183.100            SP  
61208.000   10072 1352758   -2501.400            SP  
61208.000   10072 1354707    6468.600            SP  
61208.000   10072 1362295    6360.300            SP  
61208.000   10072 1362746    1268.200            SP  
61208.000   10072 1362749   24351.900            SP  
61208.000   10072 1362956   -5003.500            SP  
61208.000   10072 1365149   65183.800            SP  
61208.000   10072 1407201    4449.900            SP  
61208.000   10072 1407223  161336.900            SP  
61208.000   10072 1407231  274618.800            SP  
61208.000   10072 1407232  436197.900            SP  
61208.000   10072 1415319   44718.300            SP  
61208.000   10038 1403809 -411373.600            SU  
61208.000   10038 1403811 -281927.500            SU  
61208.000   10038 1403812  -22802.200            SU  
61208.000   10038 1403844 -559225.500            SU  
61208.000   10038 1403853    5573.800            SU  
61208.000   10038 1403833 -394134.800            SU  
61208.000   10038 1403846   50047.800            SU  
61208.000   10038 1403814 -638931.300            SU  
61208.000   10038 1403815 -329581.900            SU  
61208.000   10038 1403816 -297253.100            SU  
61208.000   10038 1403834   12443.300            SU  
61208.000   10038 1403841  -33884.900            SU  
61208.000   10038 1403840   11521.800            SU  
61208.000   10038 1403845 -454489.000            SU  
61208.000   10030 1403011  215705.900            TL  
61208.000   10030 1413202  261542.600            TL  
61208.000   10030 1353942  -39140.200            TL  
61208.000   10030 1353947   58138.900            TL  
61208.000   10030 1354060  -14951.000            TL  
61208.000   10022 1320211 1999900.300            TP  
61208.000   10022 1320247  998990.800            TP  
61208.000   10022 1351227       0.000            TP  
61208.000   10022 1352179      78.600            TP  
61208.000   10022 1352476     600.800            TP  
61208.000   10022 1353519    -131.000            TP  
61208.000   10068 1411028       0.000            UME 
61208.000   10068 1352703     132.800            UME 
61208.000   10068 1350251     282.900            UME 
61208.000   10068 1350872    -877.600            UME 
61208.000   10068 1352710    1005.500            UME 
61208.000   10007 1400711 3352886.200            USNO
61208.000   10007 1400719  481910.800            USNO
61208.000   10007 1400702  -65257.500            USNO
61208.000   10007 1400708  680119.000            USNO
61208.000   10007 1400704  119580.600            USNO
61208.000   10007 1400718 1983389.500            USNO
61208.000   10007 1400710 -840862.600            USNO
61208.000   10007 1400715  440143.200            USNO
61208.000   10007 1350161   80805.100            USNO
61208.000   10007 1400727 -765246.300            USNO
61208.000   10007 1400725 -221029.900            USNO
61208.000   10007 1400724 -828068.900            USNO
61208.000   10007 1400723 -604064.500            USNO
61208.000   10007 1400722 2669033.700            USNO
61208.000   10007 1400721  527555.500            USNO
61208.000   10007 1400720 1264195.900            USNO
61208.000   10007 1400730 2206060.000            USNO
61208.000   10007 1400731 -423329.200            USNO
61208.000   10007 1400732  794159.900            USNO
61208.000   10007 1400736 1222451.100            USNO
61208.000   10007 1400737 2483679.400            USNO
61208.000   10007 1400740 1173438.600            USNO
61208.000   10007 1400713  470039.100            USNO
61208.000   10007 1400716  710170.700            USNO
61208.000   10007 1400733  149927.400            USNO
61208.000   10064 1355005       0.000            UZ  
61208.000   10064 1354998 4109589.500            UZ  
61208.000   10028 1353669  -11151.500            VMI 
61208.000   10028 1361233  -11181.200            VMI 
61208.000   10028 1353670  -11359.800            VMI 
61208.000   10024 1411040   -3318.700            VSL 
61208.000   10024 1354466   10489.700            VSL 
61208.000   10024 1355008    7811.400            VSL 
61208.000   10024 1355697    1895.800            VSL 
61208.000   10055 1352191     -65.900            DMDM
61208.000   10055 1362033  -60922.300            DMDM
