61112.000   10021 1352938       0.000            UAE 
61112.000   10021 1352940   -2079.400            UAE 
61112.000   10046 1404601   25584.800            AOS 
61112.000   10046 1352394    -921.600            AOS 
61112.000   10031 1353842    2398.100            APL 
61112.000   10031 1403107  261065.100            APL 
61112.000   10031 1403108  471650.400            APL 
61112.000   10031 1403109  134076.000            APL 
61112.000   10031 1412174   25612.600            APL 
61112.000   10054 1362269      98.000            AUS 
61112.000   10054 1360340   12558.000            AUS 
61112.000   10054 1360654  -43704.000            AUS 
61112.000   10054 1363814    4361.000            AUS 
61112.000   10054 1364971    7245.000            AUS 
61112.000   10054 1360299   28053.000            AUS 
61112.000   10101 1355360       0.000            AZ  
61112.000   10101 1355361   -1082.500            AZ  
61112.000   10075 1352685    3172.200            IMBH
61112.000   10075 1320192   -8322.000            IMBH
61112.000   10075 1320193  -40179.300            IMBH
61112.000   10071 1353447     965.600            BIRM
61112.000   10071 1353689    9904.500            BIRM
61112.000   10071 1407107 -406036.600            BIRM
61112.000   10071 1407112   -8538.200            BIRM
61112.000   10071 1415303   -3968.300            BIRM
61112.000   10071 1415304  -10740.400            BIRM
61112.000   10071 1415305  -19522.600            BIRM
61112.000   10092 1363159    4384.300            ICE 
61112.000   10092 1363522    3596.700            ICE 
61112.000   10057 1352117   14124.000            CH  
61112.000   10057 1355202    -650.500            CH  
61112.000   10057 1373644    -860.700            CH  
61112.000   10057 1405701   -1891.300            CH  
61112.000   10057 1405702   22328.900            CH  
61112.000   10057 1411117     -93.700            CH  
61112.000   10073 1353612  -12493.200            CNM 
61112.000   10073 1413211   -1032.000            CNM 
61112.000   10073 1413212   52392.900            CNM 
61112.000   10074 1411045    4263.600            DLR 
61112.000   10053 1350136     -83.300            DTAG
61112.000   10053 1355332   -1646.500            DTAG
61112.000   10053 1352635    2590.400            DTAG
61112.000   10025 1352025    4178.200            ESA 
61112.000   10025 1351615   -4572.000            ESA 
61112.000   10025 1352353   11491.700            ESA 
61112.000   10025 1352210   28794.400            ESA 
61112.000   10025 1402543  -33666.500            ESA 
61112.000   10025 1402541 -103856.500            ESA 
61112.000   10025 1411033   -1446.600            ESA 
61112.000   10089 1354233       0.000            HKO 
61112.000   10089 1355122    1272.700            HKO 
61112.000   10099 1354701       0.000            IFZG
61112.000   10093 1353401       0.000            NSAI
61112.000   10044 1361167    1144.000            IFAG
61112.000   10044 1361173     433.600            IFAG
61112.000   10044 1361629    9702.400            IFAG
61112.000   10044 1361732    6677.600            IFAG
61112.000   10044 1361798     968.600            IFAG
61112.000   10044 1404439    4508.600            IFAG
61112.000   10044 1404418   15296.800            IFAG
61112.000   10048 1404878  931322.900            NIM 
61112.000   10048 1404871 1053693.700            NIM 
61112.000   10048 1404832 1054628.600            NIM 
61112.000   10048 1404879 1898032.500            NIM 
61112.000   10048 1404880 2178931.300            NIM 
61112.000   10048 1352742  112001.400            NIM 
61112.000   10048 1404849 1414740.500            NIM 
61112.000   10048 1404856   93802.300            NIM 
61112.000   10048 1404857   25146.700            NIM 
61112.000   10048 1404821    2865.200            NIM 
61112.000   10048 1404850     632.400            NIM 
61112.000   10048 1404870    5343.800            NIM 
61112.000   10015 1362377       0.000            INTI
61112.000   10015 1363270   12260.500            INTI
61112.000   10015 1363511    6064.000            INTI
61112.000   10070 1353546    8509.600            IPQ 
61112.000   10083 1353654    9830.800            NIS 
61112.000   10083 1354391   16998.600            NIS 
61112.000   10083 1353812  -28551.900            NIS 
61112.000   10083 1352182   -4119.900            NIS 
61112.000   10011 1350219   -1063.100            IT  
61112.000   10011 1352487    -464.000            IT  
61112.000   10011 1401101  248421.600            IT  
61112.000   10011 1401102  293360.200            IT  
61112.000   10011 1401103   34617.700            IT  
61112.000   10011 1401104    9356.100            IT  
61112.000   10011 1411079   -1138.100            IT  
61112.000   10011 1411078    3392.900            IT  
61112.000   10011 1422012     905.600            IT  
61112.000   10087 1361277 -111926.200            JV  
61112.000   10087 1362617   70290.200            JV  
61112.000   10087 1415218  -42120.400            JV  
61112.000   10087 1411122   15919.500            JV  
61112.000   10056 1351783   40141.200            KRIS
61112.000   10056 1405624  163543.300            KRIS
61112.000   10056 1405625  473128.400            KRIS
61112.000   10056 1405626   15297.300            KRIS
61112.000   10027 1415201    -675.800            KZ  
61112.000   10027 1415205    1664.700            KZ  
61112.000   10027 1415266   -2577.900            KZ  
61112.000   10052 1351324  -11112.500            NPLI
61112.000   10052 1353376  -10679.600            NPLI
61112.000   10052 1353457    3373.800            NPLI
61112.000   10052 1353413   44830.700            NPLI
61112.000   10052 1353453    5184.800            NPLI
61112.000   10052 1415225  115558.900            NPLI
61112.000   10052 1415365   47870.700            NPLI
61112.000   10052 1415363    3526.000            NPLI
61112.000   10052 1415364   11580.300            NPLI
61112.000   10091 1352370   -8647.100            LRTE
61112.000   10082 1351868       0.000            LT  
61112.000   10082 1351362   -1704.800            LT  
61112.000   10094 1353471  -61417.000            LUX 
61112.000   10094 1353544  -57736.700            LUX 
61112.000   10041 1404113  328669.000            MIKE
61112.000   10041 1404108   31064.700            MIKE
61112.000   10041 1404189  183977.600            MIKE
61112.000   10041 1412084   27007.300            MIKE
61112.000   10088 1361806  -12583.800            CNMP
61112.000   10088 1361752   -6694.600            CNMP
61112.000   10088 1363162    8377.600            CNMP
61112.000   10088 1363179  -66913.600            CNMP
61112.000   10063 1360274    3210.300            MSL 
61112.000   10063 1363396   -4359.700            MSL 
61112.000   10063 1363872  113946.900            MSL 
61112.000   10081 1353476    4092.700            NIMT
61112.000   10081 1353472   46275.900            NIMT
61112.000   10081 1353470   46411.400            NIMT
61112.000   10013 1410102   -1326.800            NAO 
61112.000   10013 1350779    5932.200            NAO 
61112.000   10013 1351689    -372.000            NAO 
61112.000   10013 1351214     107.500            NAO 
61112.000   10020 1350343  128737.100            NICT
61112.000   10020 1350907   35235.600            NICT
61112.000   10020 1351226  -16731.100            NICT
61112.000   10020 1351778   75620.600            NICT
61112.000   10020 1351789   -8213.200            NICT
61112.000   10020 1351866    1402.600            NICT
61112.000   10020 1351944  109365.800            NICT
61112.000   10020 1352011  107998.600            NICT
61112.000   10020 1352056  109913.200            NICT
61112.000   10020 1352113  -45942.800            NICT
61112.000   10020 1352116  -27225.400            NICT
61112.000   10020 1352570   88313.900            NICT
61112.000   10020 1352620   60668.800            NICT
61112.000   10020 1352627  -23604.000            NICT
61112.000   10020 1352628  -25139.900            NICT
61112.000   10020 1352784   43083.400            NICT
61112.000   10020 1352876  123630.200            NICT
61112.000   10020 1352903   52897.800            NICT
61112.000   10020 1353594  -14674.000            NICT
61112.000   10020 1353716  -28715.300            NICT
61112.000   10020 1353717  -50495.600            NICT
61112.000   10020 1353718  -44969.700            NICT
61112.000   10020 1353720  -54072.500            NICT
61112.000   10020 1353722  -30872.600            NICT
61112.000   10020 1353909   27543.900            NICT
61112.000   10020 1353912  -38520.800            NICT
61112.000   10020 1353916  -72227.200            NICT
61112.000   10020 1353918   39278.700            NICT
61112.000   10020 1354230   68692.700            NICT
61112.000   10020 1355334   85848.100            NICT
61112.000   10020 1402003   16293.100            NICT
61112.000   10020 1402004   -9633.100            NICT
61112.000   10020 1402012   31532.600            NICT
61112.000   10020 1402013   43762.900            NICT
61112.000   10020 1402014   -2224.200            NICT
61112.000   10020 1402015   74011.100            NICT
61112.000   10020 1411041  -65189.400            NICT
61112.000   10020 1411062   32700.100            NICT
61112.000   10020 1412060   63789.700            NICT
61112.000   10002 1412108  569598.700            NIST
61112.000   10002 1412014 -538908.200            NIST
61112.000   10002 1400004 -195202.600            NIST
61112.000   10002 1400222  729864.100            NIST
61112.000   10002 1400209 -447822.500            NIST
61112.000   10002 1400212  516478.100            NIST
61112.000   10002 1400207  671838.000            NIST
61112.000   10002 1412015  624527.800            NIST
61112.000   10002 1400210  212418.200            NIST
61112.000   10002 1400205  979385.900            NIST
61112.000   10002 1412099  301928.300            NIST
61112.000   10002 1412006  119395.300            NIST
61112.000   10002 1442021 -564959.700            NIST
61112.000   10002 1352935 -654733.300            NIST
61112.000   10002 1352579  979462.500            NIST
61112.000   10002 1402205 -234261.400            NIST
61112.000   10050 1320293  129655.400            NMIJ
61112.000   10017 1412011   48141.200            NPL 
61112.000   10017 1412050   46301.100            NPL 
61112.000   10003 1352150    8188.700            NRC 
61112.000   10003 1362225   17097.100            NRC 
61112.000   10003 1352115   19396.600            NRC 
61112.000   10003 1352148    3221.800            NRC 
61112.000   10003 1400306   92331.900            NRC 
61112.000   10003 1400307   11247.600            NRC 
61112.000   10049 1415324   -1656.100            NTSC
61112.000   10049 1415322    2454.500            NTSC
61112.000   10049 1415316   -5663.600            NTSC
61112.000   10049 1415082   50457.300            NTSC
61112.000   10049 1414922    5851.000            NTSC
61112.000   10049 1404967    5535.100            NTSC
61112.000   10049 1354937   14406.900            NTSC
61112.000   10049 1352142   15199.000            NTSC
61112.000   10016 1354619       0.000            INXE
61112.000   10008 1352027   33461.000            OP  
61112.000   10008 1400889    5280.800            OP  
61112.000   10008 1353765   79257.400            OP  
61112.000   10008 1400810   20956.300            OP  
61112.000   10008 1400809   35805.500            OP  
61112.000   10008 1400890   29880.400            OP  
61112.000   10026 1352722   -2058.000            ORB 
61112.000   10026 1352724    9785.200            ORB 
61112.000   10026 1411030   77509.000            ORB 
61112.000   10026 1402602  359861.200            ORB 
61112.000   10026 1352723    1542.800            ORB 
61112.000   10040 1350441    -783.800            PL  
61112.000   10040 1415318  -28287.300            PL  
61112.000   10040 1415321   25963.800            PL  
61112.000   10040 1354603     147.700            PL  
61112.000   10040 1354597     255.300            PL  
61112.000   10005 1920001   41583.000            PTB 
61112.000   10005 1920002   37568.300            PTB 
61112.000   10005 1355322    8860.500            PTB 
61112.000   10005 1400510    9079.600            PTB 
61112.000   10005 1400506   32602.300            PTB 
61112.000   10005 1400508   33185.400            PTB 
61112.000   10005 1400509    9964.200            PTB 
61112.000   10005 1415245   -5795.100            PTB 
61112.000   10005 1400512    6944.900            PTB 
61112.000   10005 1415221    3571.900            PTB 
61112.000   10019 1351942   69211.100            ONRJ
61112.000   10019 1320337   51045.700            ONRJ
61112.000   10019 1354204   71850.100            ONRJ
61112.000   10019 1350147   59595.000            ONRJ
61112.000   10019 1350102   19638.600            ONRJ
61112.000   10019 1353364   38918.700            ONRJ
61112.000   10019 1351153  -11876.900            ONRJ
61112.000   10019 1401958  127778.000            ONRJ
61112.000   10014 1350583   -4799.800            ROA 
61112.000   10014 1350718   -2672.800            ROA 
61112.000   10014 1361490   87283.500            ROA 
61112.000   10014 1361488   85453.400            ROA 
61112.000   10014 1351699   55141.000            ROA 
61112.000   10014 1401436 1951979.500            ROA 
61112.000   10014 1412032 1305238.600            ROA 
61112.000   10014 1352270    7879.400            ROA 
61112.000   10062 1352932       0.000            SASO
61112.000   10062 1352931     328.900            SASO
61112.000   10062 1351628     905.100            SASO
61112.000   10062 1350221    -644.900            SASO
61112.000   10067 1352525   -8364.400            SCL 
61112.000   10067 1352178  -20084.600            SCL 
61112.000   10067 1415314    1265.200            SCL 
61112.000   10067 1353448     694.300            SCL 
61112.000   10079 1352003   33977.700            SMD 
61112.000   10079 1352543  -26248.500            SMD 
61112.000   10079 1411049   -1945.300            SMD 
61112.000   10072 1352745  -21857.000            SP  
61112.000   10072 1352749   22129.800            SP  
61112.000   10072 1352758   -2442.200            SP  
61112.000   10072 1354707    6574.200            SP  
61112.000   10072 1362295    3439.500            SP  
61112.000   10072 1365149   56760.500            SP  
61112.000   10072 1407201     957.000            SP  
61112.000   10072 1407223  155309.900            SP  
61112.000   10072 1407231  250463.700            SP  
61112.000   10072 1407232  402821.700            SP  
61112.000   10072 1415319   42083.800            SP  
61112.000   10038 1403809 -409803.400            SU  
61112.000   10038 1403811 -282053.300            SU  
61112.000   10038 1403812  -26032.300            SU  
61112.000   10038 1403844 -561314.800            SU  
61112.000   10038 1403853    4319.000            SU  
61112.000   10038 1403833 -396541.800            SU  
61112.000   10038 1403846   47398.700            SU  
61112.000   10038 1403814 -650672.200            SU  
61112.000   10038 1403815 -332365.700            SU  
61112.000   10038 1403834   10623.200            SU  
61112.000   10038 1403841  -38233.700            SU  
61112.000   10038 1403840   10057.100            SU  
61112.000   10038 1403845 -453840.000            SU  
61112.000   10030 1403011  162842.700            TL  
61112.000   10030 1413202  229619.300            TL  
61112.000   10030 1353942  -36979.900            TL  
61112.000   10030 1353947   55520.500            TL  
61112.000   10030 1354060  -14216.500            TL  
61112.000   10022 1320211 1999834.200            TP  
61112.000   10022 1320247  998882.500            TP  
61112.000   10022 1351227       0.000            TP  
61112.000   10022 1352179      20.500            TP  
61112.000   10022 1352476     551.800            TP  
61112.000   10068 1411028       0.000            UME 
61112.000   10068 1352703    2471.900            UME 
61112.000   10068 1350251    3486.900            UME 
61112.000   10068 1350872   -8270.900            UME 
61112.000   10068 1352710    3123.000            UME 
61112.000   10007 1400711 3298951.800            USNO
61112.000   10007 1400712  273513.800            USNO
61112.000   10007 1400719  462157.200            USNO
61112.000   10007 1400702  -65526.000            USNO
61112.000   10007 1400708  667454.000            USNO
61112.000   10007 1400704  114759.700            USNO
61112.000   10007 1400718 1946177.700            USNO
61112.000   10007 1400710 -795033.600            USNO
61112.000   10007 1400726 1291962.900            USNO
61112.000   10007 1400715  422911.100            USNO
61112.000   10007 1350161   80973.000            USNO
61112.000   10007 1400727 -733159.800            USNO
61112.000   10007 1400729 2235842.600            USNO
61112.000   10007 1400725 -219750.600            USNO
61112.000   10007 1400724 -817644.200            USNO
61112.000   10007 1400723 -605689.400            USNO
61112.000   10007 1400722 2696026.800            USNO
61112.000   10007 1400721  449700.500            USNO
61112.000   10007 1400720 1254949.000            USNO
61112.000   10007 1400730 2147898.000            USNO
61112.000   10007 1400731 -406815.500            USNO
61112.000   10007 1400732  757682.200            USNO
61112.000   10007 1400736 1217130.900            USNO
61112.000   10007 1400737 2456665.500            USNO
61112.000   10007 1400740 1113488.000            USNO
61112.000   10007 1400713  455932.500            USNO
61112.000   10007 1400714   95669.700            USNO
61112.000   10007 1400716  686649.600            USNO
61112.000   10007 1400738  105797.000            USNO
61112.000   10064 1355005       0.000            UZ  
61112.000   10064 1354998 5310932.400            UZ  
61112.000   10028 1353669   19847.400            VMI 
61112.000   10028 1361233   12472.900            VMI 
61112.000   10028 1353670  -24664.300            VMI 
61112.000   10024 1411040   -2777.200            VSL 
61112.000   10024 1354466    9814.100            VSL 
61112.000   10024 1355008    7054.500            VSL 
61112.000   10024 1355697     942.900            VSL 
61112.000   10055 1352191    -100.600            DMDM
61112.000   10055 1362033  -55382.000            DMDM
