61185.000   10021 1352938       0.000            UAE 
61185.000   10021 1352940   -4203.200            UAE 
61185.000   10046 1404601   27322.700            AOS 
61185.000   10046 1352394   -1253.300            AOS 
61185.000   10031 1353842    2409.400            APL 
61185.000   10031 1403107  268479.800            APL 
61185.000   10031 1403108  528361.000            APL 
61185.000   10031 1403109  135951.000            APL 
61185.000   10031 1412174   33691.900            APL 
61185.000   10054 1362269     142.000            AUS 
61185.000   10054 1360340   13078.000            AUS 
61185.000   10054 1360654  -45591.000            AUS 
61185.000   10054 1363814    4716.000            AUS 
61185.000   10054 1364971    7791.000            AUS 
61185.000   10054 1360299   28991.000            AUS 
61185.000   10101 1355360       0.000            AZ  
61185.000   10101 1355361    1791.000            AZ  
61185.000   10075 1352685    3436.700            IMBH
61185.000   10075 1320192   -8866.300            IMBH
61185.000   10075 1320193  -43009.600            IMBH
61185.000   10071 1353447     688.900            BIRM
61185.000   10071 1353689    9943.800            BIRM
61185.000   10071 1407103    -419.500            BIRM
61185.000   10071 1407107 -432947.700            BIRM
61185.000   10071 1407111   -1309.400            BIRM
61185.000   10071 1407112  -11464.200            BIRM
61185.000   10071 1415303   -5476.300            BIRM
61185.000   10071 1415304  -12428.000            BIRM
61185.000   10071 1415305  -21521.300            BIRM
61185.000   10092 1363159    3881.600            ICE 
61185.000   10092 1363522    3722.500            ICE 
61185.000   10057 1355202    -806.500            CH  
61185.000   10057 1373644   -1120.500            CH  
61185.000   10057 1405701   -2239.000            CH  
61185.000   10057 1405702   20885.500            CH  
61185.000   10057 1411117     -87.800            CH  
61185.000   10073 1353612  -14881.700            CNM 
61185.000   10073 1413211   -1012.700            CNM 
61185.000   10073 1413212   67699.900            CNM 
61185.000   10074 1411045    5311.000            DLR 
61185.000   10053 1350136     -83.300            DTAG
61185.000   10053 1355332   -1433.100            DTAG
61185.000   10053 1352635    2534.900            DTAG
61185.000   10025 1352025    4409.800            ESA 
61185.000   10025 1351615   -4784.000            ESA 
61185.000   10025 1352353   11980.300            ESA 
61185.000   10025 1352210   30306.200            ESA 
61185.000   10025 1402543  -42509.000            ESA 
61185.000   10025 1402541 -120243.600            ESA 
61185.000   10025 1411033   -2572.400            ESA 
61185.000   10089 1354233       0.000            HKO 
61185.000   10089 1355122    1348.800            HKO 
61185.000   10099 1354701       0.000            IFZG
61185.000   10093 1353401       0.000            NSAI
61185.000   10044 1361167     757.200            IFAG
61185.000   10044 1361173     123.800            IFAG
61185.000   10044 1361629   10934.100            IFAG
61185.000   10044 1361732    7595.900            IFAG
61185.000   10044 1361798     326.900            IFAG
61185.000   10044 1404439    4265.500            IFAG
61185.000   10044 1404418   15171.100            IFAG
61185.000   10048 1404878  966317.900            NIM 
61185.000   10048 1404871 1095671.900            NIM 
61185.000   10048 1404832 1110206.600            NIM 
61185.000   10048 1404879 1939220.100            NIM 
61185.000   10048 1404880 2222185.300            NIM 
61185.000   10048 1352742  114119.900            NIM 
61185.000   10048 1404849 1415216.300            NIM 
61185.000   10048 1404856   94343.000            NIM 
61185.000   10048 1404857   24827.600            NIM 
61185.000   10048 1404821    3114.900            NIM 
61185.000   10048 1404850     739.500            NIM 
61185.000   10048 1404870    5892.600            NIM 
61185.000   10015 1362377       0.000            INTI
61185.000   10015 1363270   12776.700            INTI
61185.000   10015 1363511    6290.000            INTI
61185.000   10083 1353654   10145.900            NIS 
61185.000   10083 1354391   18423.200            NIS 
61185.000   10083 1353812  -30245.600            NIS 
61185.000   10083 1352182   -4433.900            NIS 
61185.000   10011 1350219   -1140.400            IT  
61185.000   10011 1352487    -677.700            IT  
61185.000   10011 1401101  286400.100            IT  
61185.000   10011 1401102  300648.700            IT  
61185.000   10011 1401103   37498.800            IT  
61185.000   10011 1401104    5266.700            IT  
61185.000   10011 1411079   -1743.100            IT  
61185.000   10011 1411078    4663.400            IT  
61185.000   10035 1350832   18391.300            BSJ 
61185.000   10035 1350833   10189.300            BSJ 
61185.000   10087 1361277 -112621.000            JV  
61185.000   10087 1362617   71437.100            JV  
61185.000   10087 1415218  -42179.100            JV  
61185.000   10087 1411122   18089.700            JV  
61185.000   10056 1351783   41748.200            KRIS
61185.000   10056 1405624  174146.400            KRIS
61185.000   10056 1405625  504401.300            KRIS
61185.000   10056 1405626   16614.700            KRIS
61185.000   10027 1415201      -2.400            KZ  
61185.000   10027 1415205       0.300            KZ  
61185.000   10027 1415266     -27.000            KZ  
61185.000   10052 1351324  -11256.400            NPLI
61185.000   10052 1353376  -10908.400            NPLI
61185.000   10052 1353457    3517.700            NPLI
61185.000   10052 1353413   45683.700            NPLI
61185.000   10052 1353453    5364.200            NPLI
61185.000   10052 1415225  122385.900            NPLI
61185.000   10052 1415365   50303.100            NPLI
61185.000   10052 1415363    4278.900            NPLI
61185.000   10052 1415364   12441.900            NPLI
61185.000   10091 1352370  -11609.800            LRTE
61185.000   10082 1351868       0.000            LT  
61185.000   10082 1351362   -1680.300            LT  
61185.000   10094 1353471  -62154.900            LUX 
61185.000   10094 1353544  -57425.700            LUX 
61185.000   10085 1353507       0.000            NIMB
61185.000   10041 1404113  335886.200            MIKE
61185.000   10041 1404108   34078.600            MIKE
61185.000   10041 1404189  181097.400            MIKE
61185.000   10041 1412084   26095.000            MIKE
61185.000   10088 1361806  -12844.300            CNMP
61185.000   10088 1361752   -6815.100            CNMP
61185.000   10088 1363162    8889.900            CNMP
61185.000   10088 1363179  -68092.300            CNMP
61185.000   10063 1360274    3358.300            MSL 
61185.000   10063 1363396   -4307.800            MSL 
61185.000   10063 1363872  117479.900            MSL 
61185.000   10081 1353476    3272.200            NIMT
61185.000   10081 1353472   47145.000            NIMT
61185.000   10081 1353470   47700.200            NIMT
61185.000   10013 1410102    2371.800            NAO 
61185.000   10013 1350779     452.800            NAO 
61185.000   10013 1351689     345.100            NAO 
61185.000   10013 1351214     107.400            NAO 
61185.000   10020 1350343  130697.600            NICT
61185.000   10020 1350907   34105.500            NICT
61185.000   10020 1351778   76578.900            NICT
61185.000   10020 1351789   -8680.300            NICT
61185.000   10020 1351866    1374.300            NICT
61185.000   10020 1351944  110257.000            NICT
61185.000   10020 1352011  107759.100            NICT
61185.000   10020 1352056  110836.300            NICT
61185.000   10020 1352113  -46225.400            NICT
61185.000   10020 1352116  -26919.800            NICT
61185.000   10020 1352570   88893.800            NICT
61185.000   10020 1352620   61774.500            NICT
61185.000   10020 1352627  -24755.100            NICT
61185.000   10020 1352628  -26036.400            NICT
61185.000   10020 1352784   42268.900            NICT
61185.000   10020 1352876  123341.700            NICT
61185.000   10020 1352903   53271.700            NICT
61185.000   10020 1353259  -14363.500            NICT
61185.000   10020 1353594  -14279.000            NICT
61185.000   10020 1353716  -29485.400            NICT
61185.000   10020 1353717  -52135.600            NICT
61185.000   10020 1353718  -46869.100            NICT
61185.000   10020 1353720  -55154.100            NICT
61185.000   10020 1353722  -31488.200            NICT
61185.000   10020 1353909   28061.400            NICT
61185.000   10020 1353912  -40047.800            NICT
61185.000   10020 1353916  -74736.300            NICT
61185.000   10020 1353918   40492.800            NICT
61185.000   10020 1354230   69113.100            NICT
61185.000   10020 1402003   17154.900            NICT
61185.000   10020 1402004  -11331.600            NICT
61185.000   10020 1402012   28093.500            NICT
61185.000   10020 1402013   52749.100            NICT
61185.000   10020 1402014   -1728.500            NICT
61185.000   10020 1402015   83008.900            NICT
61185.000   10020 1411041  -74742.400            NICT
61185.000   10020 1411062   31231.500            NICT
61185.000   10020 1412060   69711.500            NICT
61185.000   10002 1412108  623971.900            NIST
61185.000   10002 1412014 -528132.400            NIST
61185.000   10002 1400004 -189320.100            NIST
61185.000   10002 1400222  734191.200            NIST
61185.000   10002 1400209 -442488.000            NIST
61185.000   10002 1400212  605685.700            NIST
61185.000   10002 1400207  722859.700            NIST
61185.000   10002 1412015  658276.300            NIST
61185.000   10002 1400210  279307.600            NIST
61185.000   10002 1400205  978048.400            NIST
61185.000   10002 1412099  387535.300            NIST
61185.000   10002 1412006  193495.900            NIST
61185.000   10002 1442021 -561098.400            NIST
61185.000   10002 1352935 -656475.200            NIST
61185.000   10002 1352579  980810.200            NIST
61185.000   10002 1402205 -194670.500            NIST
61185.000   10050 1320293  146585.700            NMIJ
61185.000   10017 1412011   49053.700            NPL 
61185.000   10017 1412050   48483.300            NPL 
61185.000   10003 1352150    8356.500            NRC 
61185.000   10003 1362225   17006.300            NRC 
61185.000   10003 1352115   19886.600            NRC 
61185.000   10003 1352148    3150.000            NRC 
61185.000   10003 1400306   92625.700            NRC 
61185.000   10003 1400307   12150.200            NRC 
61185.000   10049 1415324   -1596.600            NTSC
61185.000   10049 1415322    3057.100            NTSC
61185.000   10049 1415316   -6191.600            NTSC
61185.000   10049 1415082   54969.800            NTSC
61185.000   10049 1414922    7015.000            NTSC
61185.000   10049 1404967    6531.600            NTSC
61185.000   10049 1354937   14339.100            NTSC
61185.000   10049 1352142   15142.800            NTSC
61185.000   10016 1354619       0.000            INXE
61185.000   10008 1352027   34627.300            OP  
61185.000   10008 1400889    7003.200            OP  
61185.000   10008 1353765   81048.000            OP  
61185.000   10008 1400810   22615.700            OP  
61185.000   10008 1400809   38174.400            OP  
61185.000   10008 1400890   31790.300            OP  
61185.000   10026 1352722   -1909.500            ORB 
61185.000   10026 1352724   10510.600            ORB 
61185.000   10026 1411030   83339.900            ORB 
61185.000   10026 1402602  396506.100            ORB 
61185.000   10026 1352723    1868.100            ORB 
61185.000   10040 1350441    -788.300            PL  
61185.000   10040 1415318  -94559.400            PL  
61185.000   10040 1415321   28243.300            PL  
61185.000   10040 1354603     232.400            PL  
61185.000   10040 1354597     277.600            PL  
61185.000   10005 1920001   41737.100            PTB 
61185.000   10005 1920002   37723.100            PTB 
61185.000   10005 1355322    9075.900            PTB 
61185.000   10005 1400510    9728.000            PTB 
61185.000   10005 1400506   33813.800            PTB 
61185.000   10005 1400508   34409.500            PTB 
61185.000   10005 1400509   10329.800            PTB 
61185.000   10005 1415245   -6827.100            PTB 
61185.000   10005 1400512    7681.800            PTB 
61185.000   10005 1415221    3633.500            PTB 
61185.000   10019 1351942   70619.100            ONRJ
61185.000   10019 1320337   51693.900            ONRJ
61185.000   10019 1354204   75287.700            ONRJ
61185.000   10019 1350147   60029.700            ONRJ
61185.000   10019 1350102  128909.900            ONRJ
61185.000   10019 1353364   39613.900            ONRJ
61185.000   10019 1351153  -12715.700            ONRJ
61185.000   10019 1401958  137715.300            ONRJ
61185.000   10014 1350583   -5190.800            ROA 
61185.000   10014 1350718   -2194.400            ROA 
61185.000   10014 1361490   87805.500            ROA 
61185.000   10014 1361488   86283.400            ROA 
61185.000   10014 1351699   55591.100            ROA 
61185.000   10014 1401436 1997396.400            ROA 
61185.000   10014 1412032 1352630.300            ROA 
61185.000   10014 1352270    7981.300            ROA 
61185.000   10062 1352932       0.000            SASO
61185.000   10062 1352931    1177.700            SASO
61185.000   10062 1351628    1403.200            SASO
61185.000   10062 1350221   -1122.100            SASO
61185.000   10067 1352525   -8986.800            SCL 
61185.000   10067 1352178  -21406.100            SCL 
61185.000   10067 1415314    2141.900            SCL 
61185.000   10067 1353448    2447.200            SCL 
61185.000   10079 1352003   34492.500            SMD 
61185.000   10079 1352543  -27308.600            SMD 
61185.000   10079 1411049   -1897.900            SMD 
61185.000   10072 1352745  -23039.600            SP  
61185.000   10072 1352749   23815.300            SP  
61185.000   10072 1352758   -2503.400            SP  
61185.000   10072 1354707    6513.300            SP  
61185.000   10072 1362295    5667.600            SP  
61185.000   10072 1365149   63163.700            SP  
61185.000   10072 1407201    3546.700            SP  
61185.000   10072 1407223  159884.800            SP  
61185.000   10072 1407231  268755.500            SP  
61185.000   10072 1407232  428137.800            SP  
61185.000   10072 1415319   44082.100            SP  
61185.000   10038 1403809 -411004.700            SU  
61185.000   10038 1403811 -281968.800            SU  
61185.000   10038 1403812  -23598.600            SU  
61185.000   10038 1403844 -559730.100            SU  
61185.000   10038 1403853    5270.400            SU  
61185.000   10038 1403833 -394720.500            SU  
61185.000   10038 1403846   49408.900            SU  
61185.000   10038 1403814 -641759.100            SU  
61185.000   10038 1403815 -330259.000            SU  
61185.000   10038 1403834   11997.700            SU  
61185.000   10038 1403841  -34933.800            SU  
61185.000   10038 1403840   11169.500            SU  
61185.000   10038 1403845 -454342.500            SU  
61185.000   10030 1403011  202958.000            TL  
61185.000   10030 1413202  258174.800            TL  
61185.000   10030 1353942  -38628.100            TL  
61185.000   10030 1353947   57492.100            TL  
61185.000   10030 1354060  -14783.800            TL  
61185.000   10022 1320211 1999895.500            TP  
61185.000   10022 1320247  998974.400            TP  
61185.000   10022 1351227       0.000            TP  
61185.000   10022 1352179      91.600            TP  
61185.000   10022 1352476     587.500            TP  
61185.000   10022 1353519    -100.000            TP  
61185.000   10022 1411076    1275.400            TP  
61185.000   10068 1411028       0.000            UME 
61185.000   10068 1352703      92.800            UME 
61185.000   10068 1350251     201.600            UME 
61185.000   10068 1350872    -586.500            UME 
61185.000   10068 1352710     641.100            UME 
61185.000   10007 1400711 3339951.100            USNO
61185.000   10007 1400719  477330.500            USNO
61185.000   10007 1400702  -65325.100            USNO
61185.000   10007 1400708  677075.700            USNO
61185.000   10007 1400704  118419.700            USNO
61185.000   10007 1400718 1974445.900            USNO
61185.000   10007 1400710 -829891.300            USNO
61185.000   10007 1400726 1328894.800            USNO
61185.000   10007 1400715  436002.600            USNO
61185.000   10007 1350161   80859.000            USNO
61185.000   10007 1400727 -757631.600            USNO
61185.000   10007 1400729 2289888.000            USNO
61185.000   10007 1400725 -220727.800            USNO
61185.000   10007 1400724 -825574.700            USNO
61185.000   10007 1400723 -604478.400            USNO
61185.000   10007 1400722 2677234.800            USNO
61185.000   10007 1400721  508799.100            USNO
61185.000   10007 1400720 1261911.000            USNO
61185.000   10007 1400730 2192069.700            USNO
61185.000   10007 1400731 -419372.800            USNO
61185.000   10007 1400732  785354.600            USNO
61185.000   10007 1400736 1221104.000            USNO
61185.000   10007 1400737 2477118.200            USNO
61185.000   10007 1400740 1158946.400            USNO
61185.000   10007 1400713  466640.400            USNO
61185.000   10007 1400716  704525.700            USNO
61185.000   10007 1400733  134338.900            USNO
61185.000   10064 1355005       0.000            UZ  
61185.000   10064 1354998 4817232.700            UZ  
61185.000   10028 1353669   20188.000            VMI 
61185.000   10028 1361233   12647.000            VMI 
61185.000   10028 1353670  -26377.100            VMI 
61185.000   10024 1411040   -3186.300            VSL 
61185.000   10024 1354466   10333.400            VSL 
61185.000   10024 1355008    7636.200            VSL 
61185.000   10024 1355697    1649.500            VSL 
61185.000   10055 1352191     -66.800            DMDM
61185.000   10055 1362033  -59599.200            DMDM
