61041.000   10046 1404601   23933.200            AOS 
61041.000   10046 1352394    -665.200            AOS 
61041.000   10031 1353842    2445.700            APL 
61041.000   10031 1403107  254048.700            APL 
61041.000   10031 1403108  416784.100            APL 
61041.000   10031 1403109  132257.500            APL 
61041.000   10031 1412174   19055.300            APL 
61041.000   10054 1362269     155.000            AUS 
61041.000   10054 1360340   12094.000            AUS 
61041.000   10054 1360654  -41837.000            AUS 
61041.000   10054 1363814    4088.000            AUS 
61041.000   10054 1364971    6723.000            AUS 
61041.000   10054 1360299   27368.000            AUS 
61041.000   10101 1355360       0.000            AZ  
61041.000   10101 1355361    -767.400            AZ  
61041.000   10075 1352685    2920.700            IMBH
61041.000   10075 1320192   -7846.300            IMBH
61041.000   10075 1320193  -37455.300            IMBH
61041.000   10071 1353447    1281.700            BIRM
61041.000   10071 1353689    9769.400            BIRM
61041.000   10071 1407107 -380172.700            BIRM
61041.000   10071 1407111    -129.400            BIRM
61041.000   10071 1407112   -5778.800            BIRM
61041.000   10071 1415303   -2633.300            BIRM
61041.000   10071 1415304   -9208.900            BIRM
61041.000   10071 1415305  -17671.600            BIRM
61041.000   10092 1363159    4892.500            ICE 
61041.000   10092 1363522    3461.400            ICE 
61041.000   10057 1352117   14002.000            CH  
61041.000   10057 1355202    -521.100            CH  
61041.000   10057 1373644    -594.700            CH  
61041.000   10057 1405701   -1559.700            CH  
61041.000   10057 1405702   23507.200            CH  
61041.000   10057 1411117    -286.600            CH  
61041.000   10073 1353612   -9364.700            CNM 
61041.000   10073 1413211    -825.400            CNM 
61041.000   10073 1413212   37473.200            CNM 
61041.000   10074 1411045    3273.000            DLR 
61041.000   10053 1350136     -83.300            DTAG
61041.000   10053 1355332   -1302.000            DTAG
61041.000   10053 1352635    2259.000            DTAG
61041.000   10025 1352025    3899.200            ESA 
61041.000   10025 1351615   -4344.200            ESA 
61041.000   10025 1352353   10998.700            ESA 
61041.000   10025 1352210   27318.100            ESA 
61041.000   10025 1402543  -25848.400            ESA 
61041.000   10025 1402541  -89677.300            ESA 
61041.000   10089 1354233       0.000            HKO 
61041.000   10089 1355122    1176.800            HKO 
61041.000   10099 1354701       0.000            IFZG
61041.000   10093 1353401       0.000            NSAI
61041.000   10044 1361167    1508.100            IFAG
61041.000   10044 1361173     688.500            IFAG
61041.000   10044 1361629    8308.100            IFAG
61041.000   10044 1361732    5784.300            IFAG
61041.000   10044 1361798    1399.400            IFAG
61041.000   10044 1404439    2471.200            IFAG
61041.000   10044 1404418   15443.500            IFAG
61041.000   10048 1404878  897565.200            NIM 
61041.000   10048 1404871 1013102.600            NIM 
61041.000   10048 1404832 1001660.400            NIM 
61041.000   10048 1404879 1858414.900            NIM 
61041.000   10048 1404880 2137316.100            NIM 
61041.000   10048 1352742  109994.600            NIM 
61041.000   10048 1404849 1414304.200            NIM 
61041.000   10048 1404856   93283.300            NIM 
61041.000   10048 1404857   25462.500            NIM 
61041.000   10048 1404821    2649.100            NIM 
61041.000   10048 1404850     552.500            NIM 
61041.000   10048 1404870    4842.700            NIM 
61041.000   10015 1362377       0.000            INTI
61041.000   10015 1363270   11719.300            INTI
61041.000   10015 1363511    5796.000            INTI
61041.000   10083 1353654    9439.600            NIS 
61041.000   10083 1354391   15644.300            NIS 
61041.000   10083 1353812  -26975.400            NIS 
61041.000   10083 1352182   -4010.100            NIS 
61041.000   10011 1350219    -939.600            IT  
61041.000   10011 1352487    -269.800            IT  
61041.000   10011 1401101  212051.900            IT  
61041.000   10011 1401102  285994.000            IT  
61041.000   10011 1401103   31915.600            IT  
61041.000   10011 1401104   13164.500            IT  
61041.000   10011 1411079    -624.800            IT  
61041.000   10011 1411078    2295.500            IT  
61041.000   10011 1422012     350.300            IT  
61041.000   10035 1350832   16103.900            BSJ 
61041.000   10035 1350833    8846.900            BSJ 
61041.000   10087 1361277 -111105.100            JV  
61041.000   10087 1362617   69107.000            JV  
61041.000   10087 1415218  -42063.300            JV  
61041.000   10087 1411122   13953.800            JV  
61041.000   10056 1351783   38592.800            KRIS
61041.000   10056 1405624  153387.100            KRIS
61041.000   10056 1405625  443298.100            KRIS
61041.000   10056 1405626   14027.200            KRIS
61041.000   10027 1415201    -628.700            KZ  
61041.000   10027 1415205    1324.500            KZ  
61041.000   10027 1415266   -2120.800            KZ  
61041.000   10052 1351324  -10969.700            NPLI
61041.000   10052 1353376  -10336.700            NPLI
61041.000   10052 1353457    3274.400            NPLI
61041.000   10052 1353413   43936.500            NPLI
61041.000   10052 1353453    4988.900            NPLI
61041.000   10052 1415225  109226.900            NPLI
61041.000   10052 1415365   45549.800            NPLI
61041.000   10052 1415363    2828.900            NPLI
61041.000   10052 1415364   10794.100            NPLI
61041.000   10091 1352370   -7111.400            LRTE
61041.000   10082 1351868       0.000            LT  
61041.000   10082 1351362   -1721.800            LT  
61041.000   10094 1353471  -60743.500            LUX 
61041.000   10094 1353544  -58108.400            LUX 
61041.000   10041 1404113  321663.700            MIKE
61041.000   10041 1404108   28004.500            MIKE
61041.000   10041 1404189  187763.500            MIKE
61041.000   10041 1412084   27815.900            MIKE
61041.000   10051 1352900       0.000            MASM
61041.000   10088 1361806  -12384.000            CNMP
61041.000   10088 1361752   -6641.900            CNMP
61041.000   10088 1363162    7893.700            CNMP
61041.000   10088 1363179  -65733.400            CNMP
61041.000   10063 1360274    3028.200            MSL 
61041.000   10063 1363396   -4392.700            MSL 
61041.000   10063 1363872  110427.900            MSL 
61041.000   10081 1353476    4985.200            NIMT
61041.000   10081 1353472   45446.100            NIMT
61041.000   10081 1353470   45189.800            NIMT
61041.000   10013 1410102   -1648.000            NAO 
61041.000   10013 1350779    6940.500            NAO 
61041.000   10013 1351689     136.400            NAO 
61041.000   10013 1351214     107.500            NAO 
61041.000   10020 1350343  126958.900            NICT
61041.000   10020 1350907   36330.800            NICT
61041.000   10020 1351226  -16505.500            NICT
61041.000   10020 1351778   74674.900            NICT
61041.000   10020 1351789   -7788.300            NICT
61041.000   10020 1351866    1403.500            NICT
61041.000   10020 1351944  108510.000            NICT
61041.000   10020 1352011  108226.400            NICT
61041.000   10020 1352056  108987.100            NICT
61041.000   10020 1352113  -45648.100            NICT
61041.000   10020 1352116  -27364.800            NICT
61041.000   10020 1352570   87702.800            NICT
61041.000   10020 1352620   59535.000            NICT
61041.000   10020 1352627  -22588.400            NICT
61041.000   10020 1352628  -24364.200            NICT
61041.000   10020 1352784   43820.700            NICT
61041.000   10020 1352876  123950.500            NICT
61041.000   10020 1352903   52544.900            NICT
61041.000   10020 1353594  -15206.700            NICT
61041.000   10020 1353716  -27927.900            NICT
61041.000   10020 1353717  -49001.300            NICT
61041.000   10020 1353718  -43343.400            NICT
61041.000   10020 1353720  -52979.600            NICT
61041.000   10020 1353722  -30270.100            NICT
61041.000   10020 1353909   27054.700            NICT
61041.000   10020 1353912  -37052.200            NICT
61041.000   10020 1353916  -69788.500            NICT
61041.000   10020 1353918   38031.200            NICT
61041.000   10020 1354230   68143.100            NICT
61041.000   10020 1355334   86191.000            NICT
61041.000   10020 1402003   15489.600            NICT
61041.000   10020 1402004   -7995.900            NICT
61041.000   10020 1402012   35112.600            NICT
61041.000   10020 1402013   35582.200            NICT
61041.000   10020 1402014   -2494.000            NICT
61041.000   10020 1402015   65655.500            NICT
61041.000   10020 1411041  -56131.200            NICT
61041.000   10020 1411062   34110.400            NICT
61041.000   10020 1412060   58352.100            NICT
61041.000   10002 1412108  517529.400            NIST
61041.000   10002 1412014 -549123.700            NIST
61041.000   10002 1400004 -200872.800            NIST
61041.000   10002 1400222  725649.000            NIST
61041.000   10002 1400209 -452593.800            NIST
61041.000   10002 1400212  431039.000            NIST
61041.000   10002 1400207  622510.200            NIST
61041.000   10002 1412015  592008.500            NIST
61041.000   10002 1400210  148058.300            NIST
61041.000   10002 1400205  980693.400            NIST
61041.000   10002 1352792 -547400.200            NIST
61041.000   10002 1412099  219579.300            NIST
61041.000   10002 1412006   48119.700            NIST
61041.000   10002 1442021 -553453.700            NIST
61041.000   10002 1352935 -652988.600            NIST
61041.000   10002 1352579  978259.200            NIST
61041.000   10002 1402205 -272443.300            NIST
61041.000   10050 1320293  113156.900            NMIJ
61041.000   10017 1412011   47309.800            NPL 
61041.000   10017 1412050   45299.400            NPL 
61041.000   10003 1352150    7975.300            NRC 
61041.000   10003 1352152    2910.000            NRC 
61041.000   10003 1362225   17132.400            NRC 
61041.000   10003 1352115   18930.700            NRC 
61041.000   10003 1400306   91069.000            NRC 
61041.000   10003 1400307   10399.300            NRC 
61041.000   10049 1415324   -1593.600            NTSC
61041.000   10049 1415316   -5152.100            NTSC
61041.000   10049 1415085  -21999.900            NTSC
61041.000   10049 1415082   46198.600            NTSC
61041.000   10049 1414922    4811.100            NTSC
61041.000   10049 1404967    4643.000            NTSC
61041.000   10049 1354937   14338.500            NTSC
61041.000   10049 1352142   15219.400            NTSC
61041.000   10016 1354619       0.000            INXE
61041.000   10008 1352027   32366.200            OP  
61041.000   10008 1400889    3637.500            OP  
61041.000   10008 1353765   77476.000            OP  
61041.000   10008 1400810   19386.000            OP  
61041.000   10008 1400809   33562.400            OP  
61041.000   10008 1400890   28023.700            OP  
61041.000   10026 1352722   -1851.700            ORB 
61041.000   10026 1352724    9107.200            ORB 
61041.000   10026 1411030   71931.600            ORB 
61041.000   10026 1402602  324260.300            ORB 
61041.000   10026 1352723    1233.800            ORB 
61041.000   10040 1350441    -736.800            PL  
61041.000   10040 1415318    3587.300            PL  
61041.000   10040 1415321   23953.900            PL  
61041.000   10040 1354603      94.900            PL  
61041.000   10040 1354597     202.500            PL  
61041.000   10005 1920001   41538.000            PTB 
61041.000   10005 1920002   37464.100            PTB 
61041.000   10005 1355322    8650.400            PTB 
61041.000   10005 1400510    8421.200            PTB 
61041.000   10005 1400506   31738.600            PTB 
61041.000   10005 1400508   32371.200            PTB 
61041.000   10005 1400509    9618.700            PTB 
61041.000   10005 1415245   -4830.300            PTB 
61041.000   10005 1400512    6263.200            PTB 
61041.000   10005 1415221    3514.600            PTB 
61041.000   10019 1351942   67830.800            ONRJ
61041.000   10019 1320337   50429.900            ONRJ
61041.000   10019 1354204   68497.200            ONRJ
61041.000   10019 1350147   59128.500            ONRJ
61041.000   10019 1350102   18932.300            ONRJ
61041.000   10019 1353364   38250.400            ONRJ
61041.000   10019 1351153  -11113.100            ONRJ
61041.000   10019 1401958  118581.300            ONRJ
61041.000   10014 1350583   -4460.000            ROA 
61041.000   10014 1350718   -3168.800            ROA 
61041.000   10014 1361490   86674.500            ROA 
61041.000   10014 1361488   84693.300            ROA 
61041.000   10014 1351699   54660.000            ROA 
61041.000   10014 1401436 1908285.300            ROA 
61041.000   10014 1412032 1259688.500            ROA 
61041.000   10014 1352270    7776.500            ROA 
61041.000   10062 1352932       0.000            SASO
61041.000   10062 1352931    -515.400            SASO
61041.000   10062 1351628     496.800            SASO
61041.000   10062 1350221    -234.100            SASO
61041.000   10067 1352525   -7758.400            SCL 
61041.000   10067 1352178  -18921.200            SCL 
61041.000   10067 1415314     477.400            SCL 
61041.000   10067 1353448    -973.400            SCL 
61041.000   10079 1352003   33499.000            SMD 
61041.000   10079 1352543  -25214.400            SMD 
61041.000   10079 1411049   -1972.700            SMD 
61041.000   10072 1352745  -20709.500            SP  
61041.000   10072 1352749   20490.600            SP  
61041.000   10072 1352758   -2371.100            SP  
61041.000   10072 1354707    6582.800            SP  
61041.000   10072 1362295    1335.600            SP  
61041.000   10072 1365149   50536.200            SP  
61041.000   10072 1407201   -1251.100            SP  
61041.000   10072 1407223  150899.500            SP  
61041.000   10072 1407231  233154.100            SP  
61041.000   10072 1407232  378581.300            SP  
61041.000   10072 1415319   40142.600            SP  
61041.000   10038 1403809 -408595.800            SU  
61041.000   10038 1403811 -282074.200            SU  
61041.000   10038 1403812  -28260.700            SU  
61041.000   10038 1403844 -562830.600            SU  
61041.000   10038 1403853    3405.000            SU  
61041.000   10038 1403833 -398263.900            SU  
61041.000   10038 1403846   45462.600            SU  
61041.000   10038 1403814 -659277.800            SU  
61041.000   10038 1403815 -334357.700            SU  
61041.000   10038 1403816 -302299.000            SU  
61041.000   10038 1403834    9340.500            SU  
61041.000   10038 1403841  -41404.000            SU  
61041.000   10038 1403840    8985.900            SU  
61041.000   10038 1403845 -453299.900            SU  
61041.000   10030 1403011  124317.500            TL  
61041.000   10030 1413202  219429.200            TL  
61041.000   10030 1353942  -35334.200            TL  
61041.000   10030 1353947   53530.900            TL  
61041.000   10030 1354060  -13662.400            TL  
61041.000   10022 1320211 1999804.600            TP  
61041.000   10022 1320247  999552.300            TP  
61041.000   10022 1351227       0.000            TP  
61041.000   10022 1352179    -116.700            TP  
61041.000   10022 1352476     552.100            TP  
61041.000   10022 1353519     -41.600            TP  
61041.000   10068 1411028       0.000            UME 
61041.000   10068 1352703    2477.000            UME 
61041.000   10068 1350251    3297.000            UME 
61041.000   10068 1350872   -7501.400            UME 
61041.000   10068 1352710    2220.700            UME 
61041.000   10007 1400711 3259152.100            USNO
61041.000   10007 1400712  269067.300            USNO
61041.000   10007 1400719  446528.000            USNO
61041.000   10007 1400702  -65707.300            USNO
61041.000   10007 1400708  658158.300            USNO
61041.000   10007 1400704  111247.800            USNO
61041.000   10007 1400718 1918852.200            USNO
61041.000   10007 1400710 -761062.600            USNO
61041.000   10007 1400726 1257809.200            USNO
61041.000   10007 1400715  410261.400            USNO
61041.000   10007 1350161   81173.800            USNO
61041.000   10007 1400727 -708895.900            USNO
61041.000   10007 1400729 2183793.500            USNO
61041.000   10007 1400725 -218766.600            USNO
61041.000   10007 1400724 -809897.400            USNO
61041.000   10007 1400723 -606708.100            USNO
61041.000   10007 1400722 2708797.200            USNO
61041.000   10007 1400721  392797.400            USNO
61041.000   10007 1400720 1248628.500            USNO
61041.000   10007 1400730 2105281.500            USNO
61041.000   10007 1400731 -394594.800            USNO
61041.000   10007 1400732  731179.200            USNO
61041.000   10007 1400736 1213713.900            USNO
61041.000   10007 1400737 2437291.800            USNO
61041.000   10007 1400740 1070030.200            USNO
61041.000   10007 1400713  445643.200            USNO
61041.000   10007 1400714   91420.800            USNO
61041.000   10007 1400716  669317.600            USNO
61041.000   10007 1400738   94054.800            USNO
61041.000   10064 1355005       0.000            UZ  
61041.000   10064 1354998 3179207.000            UZ  
61041.000   10028 1353669   18895.000            VMI 
61041.000   10028 1361233   11682.500            VMI 
61041.000   10028 1353670  -23594.300            VMI 
61041.000   10024 1411040   -2366.100            VSL 
61041.000   10024 1354466    9323.800            VSL 
61041.000   10024 1355008    6514.300            VSL 
61041.000   10055 1352191     -17.900            DMDM
61041.000   10055 1362033  -51390.100            DMDM
