61092.000   10021 1352938       0.000            UAE 
61092.000   10021 1352940   -1458.000            UAE 
61092.000   10046 1404601   25114.800            AOS 
61092.000   10046 1352394    -844.400            AOS 
61092.000   10031 1353842    2419.900            APL 
61092.000   10031 1403107  259070.200            APL 
61092.000   10031 1403108  456167.200            APL 
61092.000   10031 1403109  133560.400            APL 
61092.000   10031 1412174   23641.400            APL 
61092.000   10054 1362269     102.000            AUS 
61092.000   10054 1360340   12440.000            AUS 
61092.000   10054 1360654  -43162.000            AUS 
61092.000   10054 1363814    4311.000            AUS 
61092.000   10054 1364971    7117.000            AUS 
61092.000   10054 1360299   27874.000            AUS 
61092.000   10101 1355360       0.000            AZ  
61092.000   10101 1355361   -1005.900            AZ  
61092.000   10075 1352685    3096.700            IMBH
61092.000   10075 1320192   -8155.300            IMBH
61092.000   10075 1320193  -39464.500            IMBH
61092.000   10071 1353447    1048.800            BIRM
61092.000   10071 1353689    9882.500            BIRM
61092.000   10071 1407107 -398720.100            BIRM
61092.000   10071 1407111    -294.000            BIRM
61092.000   10071 1407112   -7753.400            BIRM
61092.000   10071 1415303   -3578.300            BIRM
61092.000   10071 1415304  -10297.600            BIRM
61092.000   10071 1415305  -18991.500            BIRM
61092.000   10092 1363159    4522.000            ICE 
61092.000   10092 1363522    3541.500            ICE 
61092.000   10057 1352117   14084.500            CH  
61092.000   10057 1355202    -616.700            CH  
61092.000   10057 1373644    -786.100            CH  
61092.000   10057 1405701   -1797.800            CH  
61092.000   10057 1405702   22670.400            CH  
61092.000   10057 1411117    -151.700            CH  
61092.000   10073 1353612  -11822.700            CNM 
61092.000   10073 1413211   -1018.800            CNM 
61092.000   10073 1413212   48389.400            CNM 
61092.000   10074 1411045    3960.600            DLR 
61092.000   10053 1350136     -83.300            DTAG
61092.000   10053 1355332   -1564.400            DTAG
61092.000   10053 1352635    2455.900            DTAG
61092.000   10025 1352025    4102.100            ESA 
61092.000   10025 1351615   -4521.600            ESA 
61092.000   10025 1352353   11364.300            ESA 
61092.000   10025 1352210   28386.000            ESA 
61092.000   10025 1402543  -31387.200            ESA 
61092.000   10025 1402541  -99683.500            ESA 
61092.000   10025 1411033   -1157.500            ESA 
61092.000   10089 1354233       0.000            HKO 
61092.000   10089 1355122    1262.700            HKO 
61092.000   10099 1354701       0.000            IFZG
61092.000   10093 1353401       0.000            NSAI
61092.000   10044 1361167    1304.400            IFAG
61092.000   10044 1361173     508.700            IFAG
61092.000   10044 1361629    9328.900            IFAG
61092.000   10044 1361732    6425.900            IFAG
61092.000   10044 1361798    1110.400            IFAG
61092.000   10044 1404439    4502.100            IFAG
61092.000   10044 1404418   15274.100            IFAG
61092.000   10048 1404878  921784.700            NIM 
61092.000   10048 1404871 1042236.500            NIM 
61092.000   10048 1404832 1039577.900            NIM 
61092.000   10048 1404879 1886812.400            NIM 
61092.000   10048 1404880 2167149.500            NIM 
61092.000   10048 1352742  111430.900            NIM 
61092.000   10048 1404849 1414615.300            NIM 
61092.000   10048 1404856   93655.600            NIM 
61092.000   10048 1404857   25235.000            NIM 
61092.000   10048 1404821    2802.100            NIM 
61092.000   10048 1404850     607.700            NIM 
61092.000   10048 1404870    5199.500            NIM 
61092.000   10015 1362377       0.000            INTI
61092.000   10015 1363270   12101.800            INTI
61092.000   10015 1363511    5987.100            INTI
61092.000   10083 1353654    9744.400            NIS 
61092.000   10083 1354391   16619.900            NIS 
61092.000   10083 1353812  -28097.900            NIS 
61092.000   10083 1352182   -4035.800            NIS 
61092.000   10011 1350219   -1035.600            IT  
61092.000   10011 1352487    -390.000            IT  
61092.000   10011 1401101  238117.200            IT  
61092.000   10011 1401102  291316.500            IT  
61092.000   10011 1401103   33846.300            IT  
61092.000   10011 1401104   10445.400            IT  
61092.000   10011 1411079    -985.600            IT  
61092.000   10011 1411078    3067.700            IT  
61092.000   10011 1422012     869.700            IT  
61092.000   10035 1350832   16881.000            BSJ 
61092.000   10035 1350833    9282.200            BSJ 
61092.000   10087 1361277 -111751.000            JV  
61092.000   10087 1362617   69984.500            JV  
61092.000   10087 1415218  -42104.300            JV  
61092.000   10087 1411122   15348.800            JV  
61092.000   10056 1351783   39697.700            KRIS
61092.000   10056 1405624  160667.200            KRIS
61092.000   10056 1405625  464666.300            KRIS
61092.000   10056 1405626   14937.200            KRIS
61092.000   10027 1415201    -655.100            KZ  
61092.000   10027 1415205    1570.900            KZ  
61092.000   10027 1415266   -2444.800            KZ  
61092.000   10052 1351324  -11056.700            NPLI
61092.000   10052 1353376  -10614.600            NPLI
61092.000   10052 1353457    3346.600            NPLI
61092.000   10052 1353413   44585.600            NPLI
61092.000   10052 1353453    5128.800            NPLI
61092.000   10052 1415225  113751.500            NPLI
61092.000   10052 1415365   47212.300            NPLI
61092.000   10052 1415363    3326.000            NPLI
61092.000   10052 1415364   11352.600            NPLI
61092.000   10091 1352370   -8197.800            LRTE
61092.000   10082 1351868       0.000            LT  
61092.000   10082 1351362   -1667.000            LT  
61092.000   10094 1353471  -61192.700            LUX 
61092.000   10094 1353544  -57808.700            LUX 
61092.000   10041 1404113  326699.700            MIKE
61092.000   10041 1404108   30225.900            MIKE
61092.000   10041 1404189  184958.300            MIKE
61092.000   10041 1412084   27258.800            MIKE
61092.000   10088 1361806  -12524.200            CNMP
61092.000   10088 1361752   -6671.300            CNMP
61092.000   10088 1363162    8220.300            CNMP
61092.000   10088 1363179  -66565.000            CNMP
61092.000   10063 1360274    3144.700            MSL 
61092.000   10063 1363396   -4367.500            MSL 
61092.000   10063 1363872  112945.800            MSL 
61092.000   10081 1353476    4368.200            NIMT
61092.000   10081 1353472   46068.900            NIMT
61092.000   10081 1353470   46102.500            NIMT
61092.000   10013 1410102   -1601.500            NAO 
61092.000   10013 1350779    6262.900            NAO 
61092.000   10013 1351689    -173.000            NAO 
61092.000   10013 1351214     107.500            NAO 
61092.000   10020 1350343  128238.200            NICT
61092.000   10020 1350907   35563.700            NICT
61092.000   10020 1351226  -16664.600            NICT
61092.000   10020 1351778   75347.400            NICT
61092.000   10020 1351789   -8096.800            NICT
61092.000   10020 1351866    1404.500            NICT
61092.000   10020 1351944  109126.000            NICT
61092.000   10020 1352011  108064.800            NICT
61092.000   10020 1352056  109656.100            NICT
61092.000   10020 1352113  -45851.100            NICT
61092.000   10020 1352116  -27296.400            NICT
61092.000   10020 1352570   88136.700            NICT
61092.000   10020 1352620   60346.800            NICT
61092.000   10020 1352627  -23310.100            NICT
61092.000   10020 1352628  -24926.200            NICT
61092.000   10020 1352784   43284.700            NICT
61092.000   10020 1352876  123713.900            NICT
61092.000   10020 1352903   52798.100            NICT
61092.000   10020 1353594  -14806.500            NICT
61092.000   10020 1353716  -28489.800            NICT
61092.000   10020 1353717  -50085.100            NICT
61092.000   10020 1353718  -44427.900            NICT
61092.000   10020 1353720  -53758.800            NICT
61092.000   10020 1353722  -30689.900            NICT
61092.000   10020 1353909   27392.700            NICT
61092.000   10020 1353912  -38098.500            NICT
61092.000   10020 1353916  -71538.100            NICT
61092.000   10020 1353918   38934.800            NICT
61092.000   10020 1354230   68547.900            NICT
61092.000   10020 1355334   85947.500            NICT
61092.000   10020 1402003   16061.700            NICT
61092.000   10020 1402004   -9170.000            NICT
61092.000   10020 1402012   32518.500            NICT
61092.000   10020 1402013   41403.800            NICT
61092.000   10020 1402014   -2322.400            NICT
61092.000   10020 1402015   71618.000            NICT
61092.000   10020 1411041  -62620.100            NICT
61092.000   10020 1411062   33100.200            NICT
61092.000   10020 1412060   62223.200            NICT
61092.000   10002 1412108  554848.400            NIST
61092.000   10002 1412014 -541810.900            NIST
61092.000   10002 1400004 -196805.600            NIST
61092.000   10002 1400222  728678.400            NIST
61092.000   10002 1400209 -449204.500            NIST
61092.000   10002 1400212  492265.100            NIST
61092.000   10002 1400207  657912.400            NIST
61092.000   10002 1412015  615337.900            NIST
61092.000   10002 1400210  194211.100            NIST
61092.000   10002 1400205  979752.600            NIST
61092.000   10002 1352792 -548394.800            NIST
61092.000   10002 1412099  278705.600            NIST
61092.000   10002 1412006   99234.000            NIST
61092.000   10002 1352935 -654246.900            NIST
61092.000   10002 1352579  979113.500            NIST
61092.000   10002 1402205 -245052.900            NIST
61092.000   10050 1320293  124994.600            NMIJ
61092.000   10017 1412011   47892.800            NPL 
61092.000   10017 1412050   45915.500            NPL 
61092.000   10003 1352150    8135.800            NRC 
61092.000   10003 1362225   17126.800            NRC 
61092.000   10003 1352115   19251.600            NRC 
61092.000   10003 1352148    3234.400            NRC 
61092.000   10003 1400306   92090.800            NRC 
61092.000   10003 1400307   11005.900            NRC 
61092.000   10049 1415324   -1650.600            NTSC
61092.000   10049 1415316   -5518.900            NTSC
61092.000   10049 1415085  -22650.600            NTSC
61092.000   10049 1415082   49244.900            NTSC
61092.000   10049 1414922    5550.200            NTSC
61092.000   10049 1404967    5276.700            NTSC
61092.000   10049 1354937   14434.700            NTSC
61092.000   10049 1352142   15211.000            NTSC
61092.000   10016 1354619       0.000            INXE
61092.000   10008 1352027   33132.700            OP  
61092.000   10008 1400889    4814.200            OP  
61092.000   10008 1353765   78756.600            OP  
61092.000   10008 1400810   20510.500            OP  
61092.000   10008 1400809   35169.700            OP  
61092.000   10008 1400890   29358.600            OP  
61092.000   10026 1352722   -2003.700            ORB 
61092.000   10026 1352724    9585.500            ORB 
61092.000   10026 1411030   75927.700            ORB 
61092.000   10026 1402602  349827.700            ORB 
61092.000   10026 1352723    1442.400            ORB 
61092.000   10040 1350441    -774.300            PL  
61092.000   10040 1415318  -15964.600            PL  
61092.000   10040 1415321   25391.400            PL  
61092.000   10040 1354603     142.900            PL  
61092.000   10040 1354597     260.900            PL  
61092.000   10005 1920001   41574.700            PTB 
61092.000   10005 1920002   37546.300            PTB 
61092.000   10005 1355322    8800.100            PTB 
61092.000   10005 1400510    8892.100            PTB 
61092.000   10005 1400506   32318.700            PTB 
61092.000   10005 1400508   32921.400            PTB 
61092.000   10005 1400509    9865.300            PTB 
61092.000   10005 1415245   -5517.500            PTB 
61092.000   10005 1400512    6749.000            PTB 
61092.000   10005 1415221    3555.700            PTB 
61092.000   10019 1351942   68824.600            ONRJ
61092.000   10019 1320337   50875.400            ONRJ
61092.000   10019 1354204   70909.300            ONRJ
61092.000   10019 1350147   59462.900            ONRJ
61092.000   10019 1350102   19416.400            ONRJ
61092.000   10019 1353364   38745.800            ONRJ
61092.000   10019 1351153  -11655.400            ONRJ
61092.000   10019 1401958  125143.200            ONRJ
61092.000   10014 1350583   -4709.800            ROA 
61092.000   10014 1350718   -2799.500            ROA 
61092.000   10014 1361490   87149.300            ROA 
61092.000   10014 1361488   85242.100            ROA 
61092.000   10014 1351699   54997.200            ROA 
61092.000   10014 1401436 1939625.300            ROA 
61092.000   10014 1412032 1292349.900            ROA 
61092.000   10014 1352270    7847.500            ROA 
61092.000   10062 1352932       0.000            SASO
61092.000   10062 1352931      89.400            SASO
61092.000   10062 1351628     795.000            SASO
61092.000   10062 1350221    -543.800            SASO
61092.000   10067 1352525   -8180.100            SCL 
61092.000   10067 1352178  -19752.200            SCL 
61092.000   10067 1415314    1037.100            SCL 
61092.000   10067 1353448     229.300            SCL 
61092.000   10079 1352003   33831.000            SMD 
61092.000   10079 1352543  -25952.400            SMD 
61092.000   10079 1411049   -1955.800            SMD 
61092.000   10072 1352745  -21530.400            SP  
61092.000   10072 1352749   21692.100            SP  
61092.000   10072 1352758   -2403.100            SP  
61092.000   10072 1354707    6585.900            SP  
61092.000   10072 1362295    2867.300            SP  
61092.000   10072 1365149   54998.500            SP  
61092.000   10072 1407201     315.500            SP  
61092.000   10072 1407223  154060.000            SP  
61092.000   10072 1407231  245534.200            SP  
61092.000   10072 1407232  395949.900            SP  
61092.000   10072 1415319   41533.400            SP  
61092.000   10038 1403809 -409466.900            SU  
61092.000   10038 1403811 -282065.600            SU  
61092.000   10038 1403812  -26673.700            SU  
61092.000   10038 1403844 -561743.700            SU  
61092.000   10038 1403853    4060.600            SU  
61092.000   10038 1403833 -397031.600            SU  
61092.000   10038 1403846   46851.600            SU  
61092.000   10038 1403814 -653100.400            SU  
61092.000   10038 1403815 -332932.400            SU  
61092.000   10038 1403834   10256.300            SU  
61092.000   10038 1403841  -39130.600            SU  
61092.000   10038 1403840    9752.500            SU  
61092.000   10038 1403845 -453693.100            SU  
61092.000   10030 1403011  151938.300            TL  
61092.000   10030 1413202  224558.800            TL  
61092.000   10030 1353942  -36512.900            TL  
61092.000   10030 1353947   54953.500            TL  
61092.000   10030 1354060  -14062.400            TL  
61092.000   10022 1320211 1999816.800            TP  
61092.000   10022 1320247  999003.400            TP  
61092.000   10022 1351227       0.000            TP  
61092.000   10022 1352179       0.400            TP  
61092.000   10022 1352476     526.000            TP  
61092.000   10022 1353519    -102.400            TP  
61092.000   10068 1411028       0.000            UME 
61092.000   10068 1352703    2445.200            UME 
61092.000   10068 1350251    3385.500            UME 
61092.000   10068 1350872   -8066.000            UME 
61092.000   10068 1352710    2846.300            UME 
61092.000   10007 1400711 3287733.500            USNO
61092.000   10007 1400712  272249.300            USNO
61092.000   10007 1400719  457785.200            USNO
61092.000   10007 1400702  -65577.200            USNO
61092.000   10007 1400708  664830.100            USNO
61092.000   10007 1400704  113768.800            USNO
61092.000   10007 1400718 1938464.900            USNO
61092.000   10007 1400710 -785469.600            USNO
61092.000   10007 1400726 1282304.900            USNO
61092.000   10007 1400715  419340.000            USNO
61092.000   10007 1350161   81036.400            USNO
61092.000   10007 1400727 -726366.300            USNO
61092.000   10007 1400729 2221128.100            USNO
61092.000   10007 1400725 -219477.200            USNO
61092.000   10007 1400724 -815464.700            USNO
61092.000   10007 1400723 -605993.800            USNO
61092.000   10007 1400722 2699531.900            USNO
61092.000   10007 1400721  433617.600            USNO
61092.000   10007 1400720 1253123.000            USNO
61092.000   10007 1400730 2135859.700            USNO
61092.000   10007 1400731 -403372.700            USNO
61092.000   10007 1400732  750175.700            USNO
61092.000   10007 1400736 1216124.200            USNO
61092.000   10007 1400737 2451157.900            USNO
61092.000   10007 1400740 1101172.800            USNO
61092.000   10007 1400713  453022.500            USNO
61092.000   10007 1400714   94456.500            USNO
61092.000   10007 1400716  681763.600            USNO
61092.000   10007 1400738  102468.300            USNO
61092.000   10064 1355005       0.000            UZ  
61092.000   10064 1354998 5015884.800            UZ  
61092.000   10028 1353669   19958.800            VMI 
61092.000   10028 1361233   12618.800            VMI 
61092.000   10028 1353670  -23996.600            VMI 
61092.000   10024 1411040   -2666.600            VSL 
61092.000   10024 1354466    9684.700            VSL 
61092.000   10024 1355008    6893.400            VSL 
61092.000   10024 1355697     744.600            VSL 
61092.000   10055 1352191     -97.200            DMDM
61092.000   10055 1362033  -54279.600            DMDM
