61049.000   10021 1352938       0.000            UAE 
61049.000   10021 1352940    -242.500            UAE 
61049.000   10046 1404601   24117.500            AOS 
61049.000   10046 1352394    -678.100            AOS 
61049.000   10031 1353842    2440.900            APL 
61049.000   10031 1403107  254830.600            APL 
61049.000   10031 1403108  422952.700            APL 
61049.000   10031 1403109  132460.800            APL 
61049.000   10031 1412174   19734.000            APL 
61049.000   10054 1362269     186.000            AUS 
61049.000   10054 1360340   12173.000            AUS 
61049.000   10054 1360654  -42028.000            AUS 
61049.000   10054 1363814    4123.000            AUS 
61049.000   10054 1364971    6828.000            AUS 
61049.000   10054 1360299   27439.000            AUS 
61049.000   10101 1355360       0.000            AZ  
61049.000   10101 1355361    -810.300            AZ  
61049.000   10034 1351793       0.000            BEV 
61049.000   10075 1352685    2942.900            IMBH
61049.000   10075 1320192   -7931.200            IMBH
61049.000   10075 1320193  -37756.100            IMBH
61049.000   10071 1353447    1243.400            BIRM
61049.000   10071 1353689    9789.900            BIRM
61049.000   10071 1407107 -383073.000            BIRM
61049.000   10071 1407111    -147.800            BIRM
61049.000   10071 1407112   -6088.600            BIRM
61049.000   10071 1415303   -2777.500            BIRM
61049.000   10071 1415304   -9376.100            BIRM
61049.000   10071 1415305  -17875.900            BIRM
61049.000   10092 1363159    4826.900            ICE 
61049.000   10092 1363522    3484.200            ICE 
61049.000   10057 1352117   14033.400            CH  
61049.000   10057 1355202    -533.800            CH  
61049.000   10057 1373644    -628.100            CH  
61049.000   10057 1405701   -1597.100            CH  
61049.000   10057 1405702   23388.600            CH  
61049.000   10057 1411117    -267.100            CH  
61049.000   10073 1353612  -10314.900            CNM 
61049.000   10073 1413211    -973.800            CNM 
61049.000   10073 1413212   40112.300            CNM 
61049.000   10074 1411045    3360.700            DLR 
61049.000   10053 1350136     -83.300            DTAG
61049.000   10053 1355332   -1355.500            DTAG
61049.000   10053 1352635    2282.000            DTAG
61049.000   10025 1352025    3923.300            ESA 
61049.000   10025 1351615   -4373.300            ESA 
61049.000   10025 1352353   11063.700            ESA 
61049.000   10025 1352210   27481.700            ESA 
61049.000   10025 1402543  -26690.300            ESA 
61049.000   10025 1402541  -91188.600            ESA 
61049.000   10089 1354233       0.000            HKO 
61049.000   10089 1355122    1187.500            HKO 
61049.000   10099 1354701       0.000            IFZG
61049.000   10093 1353401       0.000            NSAI
61049.000   10048 1404878  901354.900            NIM 
61049.000   10048 1404871 1017664.500            NIM 
61049.000   10048 1404832 1007557.600            NIM 
61049.000   10048 1404879 1862840.400            NIM 
61049.000   10048 1404880 2141974.400            NIM 
61049.000   10048 1352742  110204.600            NIM 
61049.000   10048 1404849 1414351.800            NIM 
61049.000   10048 1404856   93341.400            NIM 
61049.000   10048 1404857   25426.400            NIM 
61049.000   10048 1404821    2672.300            NIM 
61049.000   10048 1404850     560.400            NIM 
61049.000   10048 1404870    4897.700            NIM 
61049.000   10015 1362377       0.000            INTI
61049.000   10015 1363270   11781.000            INTI
61049.000   10015 1363511    5806.500            INTI
61049.000   10070 1353546    8542.800            IPQ 
61049.000   10083 1353654    9501.500            NIS 
61049.000   10083 1354391   15789.600            NIS 
61049.000   10083 1353812  -27158.900            NIS 
61049.000   10083 1352182   -3992.100            NIS 
61049.000   10011 1350219    -947.700            IT  
61049.000   10011 1352487    -290.200            IT  
61049.000   10011 1401101  216121.600            IT  
61049.000   10011 1401102  286838.000            IT  
61049.000   10011 1401103   32215.200            IT  
61049.000   10011 1401104   12743.400            IT  
61049.000   10011 1411079    -678.500            IT  
61049.000   10011 1411078    2411.400            IT  
61049.000   10011 1422012     363.300            IT  
61049.000   10035 1350832   16235.000            BSJ 
61049.000   10035 1350833    8934.700            BSJ 
61049.000   10087 1361277 -111218.500            JV  
61049.000   10087 1362617   69238.200            JV  
61049.000   10087 1415218  -42069.700            JV  
61049.000   10087 1411122   14167.000            JV  
61049.000   10056 1351783   38760.300            KRIS
61049.000   10056 1405624  154523.300            KRIS
61049.000   10056 1405625  446629.600            KRIS
61049.000   10056 1405626   14169.300            KRIS
61049.000   10027 1415201    -634.500            KZ  
61049.000   10027 1415205    1360.900            KZ  
61049.000   10027 1415266   -2173.100            KZ  
61049.000   10052 1351324  -10974.000            NPLI
61049.000   10052 1353376  -10392.300            NPLI
61049.000   10052 1353457    3292.800            NPLI
61049.000   10052 1353413   44051.200            NPLI
61049.000   10052 1353453    5002.700            NPLI
61049.000   10052 1415225  109929.100            NPLI
61049.000   10052 1415365   45809.500            NPLI
61049.000   10052 1415363    2905.200            NPLI
61049.000   10052 1415364   10878.000            NPLI
61049.000   10091 1352370   -7280.600            LRTE
61049.000   10082 1351868       0.000            LT  
61049.000   10082 1351362   -1726.800            LT  
61049.000   10094 1353471  -60812.600            LUX 
61049.000   10094 1353544  -58067.300            LUX 
61049.000   10041 1404113  322457.000            MIKE
61049.000   10041 1404108   28355.500            MIKE
61049.000   10041 1404189  187299.400            MIKE
61049.000   10041 1412084   27736.000            MIKE
61049.000   10051 1352900       0.000            MASM
61049.000   10088 1361806  -12419.600            CNMP
61049.000   10088 1361752   -6639.300            CNMP
61049.000   10088 1363162    7937.600            CNMP
61049.000   10088 1363179  -65886.200            CNMP
61049.000   10063 1360274    3042.200            MSL 
61049.000   10063 1363396   -4390.000            MSL 
61049.000   10063 1363872  110812.200            MSL 
61049.000   10081 1353476    4910.400            NIMT
61049.000   10081 1353472   45553.900            NIMT
61049.000   10081 1353470   45340.400            NIMT
61049.000   10013 1410102   -1707.600            NAO 
61049.000   10013 1350779    6841.100            NAO 
61049.000   10013 1351689      82.100            NAO 
61049.000   10013 1351214     107.500            NAO 
61049.000   10020 1350343  127160.900            NICT
61049.000   10020 1350907   36198.500            NICT
61049.000   10020 1351226  -16546.500            NICT
61049.000   10020 1351778   74780.000            NICT
61049.000   10020 1351789   -7835.500            NICT
61049.000   10020 1351866    1406.300            NICT
61049.000   10020 1351944  108606.000            NICT
61049.000   10020 1352011  108209.100            NICT
61049.000   10020 1352056  109102.300            NICT
61049.000   10020 1352113  -45682.200            NICT
61049.000   10020 1352116  -27357.600            NICT
61049.000   10020 1352570   87778.300            NICT
61049.000   10020 1352620   59668.500            NICT
61049.000   10020 1352627  -22696.100            NICT
61049.000   10020 1352628  -24444.400            NICT
61049.000   10020 1352784   43739.600            NICT
61049.000   10020 1352876  123909.700            NICT
61049.000   10020 1352903   52583.800            NICT
61049.000   10020 1353594  -15137.100            NICT
61049.000   10020 1353716  -28012.000            NICT
61049.000   10020 1353717  -49167.200            NICT
61049.000   10020 1353718  -43488.600            NICT
61049.000   10020 1353720  -53100.800            NICT
61049.000   10020 1353722  -30336.900            NICT
61049.000   10020 1353909   27113.500            NICT
61049.000   10020 1353912  -37216.600            NICT
61049.000   10020 1353916  -70068.300            NICT
61049.000   10020 1353918   38165.100            NICT
61049.000   10020 1354230   68203.500            NICT
61049.000   10020 1355334   86150.400            NICT
61049.000   10020 1402003   15577.000            NICT
61049.000   10020 1402004   -8179.700            NICT
61049.000   10020 1402012   34698.300            NICT
61049.000   10020 1402013   36476.000            NICT
61049.000   10020 1402014   -2474.800            NICT
61049.000   10020 1402015   66577.400            NICT
61049.000   10020 1411041  -57142.000            NICT
61049.000   10020 1411062   33952.500            NICT
61049.000   10020 1412060   58944.000            NICT
61049.000   10002 1412108  523357.700            NIST
61049.000   10002 1412014 -547981.500            NIST
61049.000   10002 1400004 -200234.500            NIST
61049.000   10002 1400222  726126.500            NIST
61049.000   10002 1400209 -452075.600            NIST
61049.000   10002 1400212  440603.000            NIST
61049.000   10002 1400207  628055.300            NIST
61049.000   10002 1412015  595657.500            NIST
61049.000   10002 1400210  155277.800            NIST
61049.000   10002 1400205  980547.500            NIST
61049.000   10002 1352792 -547566.400            NIST
61049.000   10002 1412099  228844.500            NIST
61049.000   10002 1412006   56113.500            NIST
61049.000   10002 1442021 -553121.500            NIST
61049.000   10002 1352935 -653189.000            NIST
61049.000   10002 1352579  978388.600            NIST
61049.000   10002 1402205 -268157.000            NIST
61049.000   10050 1320293  115031.000            NMIJ
61049.000   10017 1412011   47397.900            NPL 
61049.000   10017 1412050   45355.200            NPL 
61049.000   10003 1352150    7997.500            NRC 
61049.000   10003 1362225   17143.300            NRC 
61049.000   10003 1352115   18966.500            NRC 
61049.000   10003 1400306   91213.900            NRC 
61049.000   10003 1400307   10493.300            NRC 
61049.000   10049 1415324   -1606.400            NTSC
61049.000   10049 1415316   -5209.400            NTSC
61049.000   10049 1415085  -22101.900            NTSC
61049.000   10049 1415082   46672.100            NTSC
61049.000   10049 1414922    4924.400            NTSC
61049.000   10049 1404967    4740.200            NTSC
61049.000   10049 1354937   14363.200            NTSC
61049.000   10049 1352142   15214.600            NTSC
61049.000   10016 1354619       0.000            INXE
61049.000   10008 1352027   32481.300            OP  
61049.000   10008 1400889    3821.000            OP  
61049.000   10008 1353765   77692.600            OP  
61049.000   10008 1400810   19560.900            OP  
61049.000   10008 1400809   33812.400            OP  
61049.000   10008 1400890   28231.600            OP  
61049.000   10026 1352722   -1871.000            ORB 
61049.000   10026 1352724    9182.100            ORB 
61049.000   10026 1411030   72554.900            ORB 
61049.000   10026 1402602  328270.300            ORB 
61049.000   10026 1352723    1275.200            ORB 
61049.000   10040 1350441    -739.900            PL  
61049.000   10040 1415318    1659.800            PL  
61049.000   10040 1415321   24176.700            PL  
61049.000   10040 1354603     100.400            PL  
61049.000   10040 1354597     213.700            PL  
61049.000   10005 1920001   41550.900            PTB 
61049.000   10005 1920002   37476.300            PTB 
61049.000   10005 1355322    8678.900            PTB 
61049.000   10005 1400510    8494.400            PTB 
61049.000   10005 1400506   31813.700            PTB 
61049.000   10005 1400508   32447.000            PTB 
61049.000   10005 1400509    9656.700            PTB 
61049.000   10005 1415245   -4936.200            PTB 
61049.000   10005 1400512    6338.000            PTB 
61049.000   10005 1415221    3521.900            PTB 
61049.000   10019 1351942   67991.000            ONRJ
61049.000   10019 1320337   50496.200            ONRJ
61049.000   10019 1354204   68877.400            ONRJ
61049.000   10019 1350147   59177.700            ONRJ
61049.000   10019 1350102   19003.600            ONRJ
61049.000   10019 1353364   38315.300            ONRJ
61049.000   10019 1351153  -11200.100            ONRJ
61049.000   10019 1401958  119595.900            ONRJ
61049.000   10014 1350583   -4498.300            ROA 
61049.000   10014 1350718   -3114.200            ROA 
61049.000   10014 1361490   86734.800            ROA 
61049.000   10014 1361488   84785.300            ROA 
61049.000   10014 1351699   54726.300            ROA 
61049.000   10014 1401436 1913186.100            ROA 
61049.000   10014 1412032 1264792.900            ROA 
61049.000   10014 1352270    7787.800            ROA 
61049.000   10062 1352932       0.000            SASO
61049.000   10062 1352931    -423.500            SASO
61049.000   10062 1351628     535.600            SASO
61049.000   10062 1350221    -293.200            SASO
61049.000   10067 1352525   -7830.100            SCL 
61049.000   10067 1352178  -19045.700            SCL 
61049.000   10067 1415314     565.500            SCL 
61049.000   10067 1353448    -780.300            SCL 
61049.000   10079 1352003   33548.300            SMD 
61049.000   10079 1352543  -25330.800            SMD 
61049.000   10079 1411049   -1971.100            SMD 
61049.000   10072 1352745  -20842.100            SP  
61049.000   10072 1352749   20701.000            SP  
61049.000   10072 1352758   -2374.900            SP  
61049.000   10072 1354707    6587.100            SP  
61049.000   10072 1362295    1581.300            SP  
61049.000   10072 1365149   51231.500            SP  
61049.000   10072 1407201   -1019.400            SP  
61049.000   10072 1407223  151394.400            SP  
61049.000   10072 1407231  235079.200            SP  
61049.000   10072 1407232  381292.400            SP  
61049.000   10072 1415319   40359.100            SP  
61049.000   10038 1403809 -408733.700            SU  
61049.000   10038 1403811 -282075.100            SU  
61049.000   10038 1403812  -28016.800            SU  
61049.000   10038 1403844 -562660.800            SU  
61049.000   10038 1403853    3507.400            SU  
61049.000   10038 1403833 -398072.500            SU  
61049.000   10038 1403846   45679.600            SU  
61049.000   10038 1403814 -658313.100            SU  
61049.000   10038 1403815 -334136.200            SU  
61049.000   10038 1403816 -302072.100            SU  
61049.000   10038 1403834    9482.000            SU  
61049.000   10038 1403841  -41048.800            SU  
61049.000   10038 1403840    9106.400            SU  
61049.000   10038 1403845 -453363.300            SU  
61049.000   10030 1403011  128635.300            TL  
61049.000   10030 1413202  220157.000            TL  
61049.000   10030 1353942  -35514.000            TL  
61049.000   10030 1353947   53742.200            TL  
61049.000   10030 1354060  -13717.700            TL  
61049.000   10022 1320211 1999813.300            TP  
61049.000   10022 1320247  999479.600            TP  
61049.000   10022 1351227       0.000            TP  
61049.000   10022 1352179     -65.300            TP  
61049.000   10022 1352476     544.900            TP  
61049.000   10022 1353519     -39.700            TP  
61049.000   10022 1411076    4101.100            TP  
61049.000   10068 1411028       0.000            UME 
61049.000   10068 1352703    2500.500            UME 
61049.000   10068 1350251    3321.400            UME 
61049.000   10068 1350872   -7572.000            UME 
61049.000   10068 1352710    2344.800            UME 
61049.000   10007 1400711 3263633.700            USNO
61049.000   10007 1400712  269564.700            USNO
61049.000   10007 1400719  448281.300            USNO
61049.000   10007 1400702  -65685.400            USNO
61049.000   10007 1400708  659203.700            USNO
61049.000   10007 1400704  111645.000            USNO
61049.000   10007 1400718 1921923.800            USNO
61049.000   10007 1400710 -764892.200            USNO
61049.000   10007 1400726 1261639.600            USNO
61049.000   10007 1400715  411683.400            USNO
61049.000   10007 1350161   81148.900            USNO
61049.000   10007 1400727 -711650.400            USNO
61049.000   10007 1400729 2189636.100            USNO
61049.000   10007 1400725 -218878.300            USNO
61049.000   10007 1400724 -810771.400            USNO
61049.000   10007 1400723 -606602.600            USNO
61049.000   10007 1400722 2707323.400            USNO
61049.000   10007 1400721  399177.000            USNO
61049.000   10007 1400720 1249318.700            USNO
61049.000   10007 1400730 2110067.000            USNO
61049.000   10007 1400731 -395971.700            USNO
61049.000   10007 1400732  734146.500            USNO
61049.000   10007 1400736 1214077.200            USNO
61049.000   10007 1400737 2439449.900            USNO
61049.000   10007 1400740 1074890.100            USNO
61049.000   10007 1400713  446796.600            USNO
61049.000   10007 1400714   91874.800            USNO
61049.000   10007 1400716  671268.400            USNO
61049.000   10007 1400738   95364.300            USNO
61049.000   10064 1355005       0.000            UZ  
61049.000   10064 1354998 3718970.200            UZ  
61049.000   10028 1353669   18990.400            VMI 
61049.000   10028 1361233   11750.200            VMI 
61049.000   10028 1353670  -23713.100            VMI 
61049.000   10024 1411040   -2410.000            VSL 
61049.000   10024 1354466    9386.900            VSL 
61049.000   10024 1355008    6579.000            VSL 
61049.000   10055 1352191     -13.600            DMDM
61049.000   10055 1362033  -51855.100            DMDM
