61103.000   10021 1352938       0.000            UAE 
61103.000   10021 1352940   -1796.900            UAE 
61103.000   10046 1404601   25374.100            AOS 
61103.000   10046 1352394    -881.800            AOS 
61103.000   10031 1353842    2401.900            APL 
61103.000   10031 1403107  260165.500            APL 
61103.000   10031 1403108  464680.400            APL 
61103.000   10031 1403109  133843.600            APL 
61103.000   10031 1412174   24713.200            APL 
61103.000   10054 1362269     100.000            AUS 
61103.000   10054 1360340   12506.000            AUS 
61103.000   10054 1360654  -43455.000            AUS 
61103.000   10054 1363814    4344.000            AUS 
61103.000   10054 1364971    7167.000            AUS 
61103.000   10054 1360299   27979.000            AUS 
61103.000   10101 1355360       0.000            AZ  
61103.000   10101 1355361   -1053.700            AZ  
61103.000   10075 1352685    3140.200            IMBH
61103.000   10075 1320192   -8239.100            IMBH
61103.000   10075 1320193  -39857.400            IMBH
61103.000   10071 1353447     999.400            BIRM
61103.000   10071 1353689    9894.000            BIRM
61103.000   10071 1407107 -402739.400            BIRM
61103.000   10071 1407112   -8183.100            BIRM
61103.000   10071 1415303   -3790.200            BIRM
61103.000   10071 1415304  -10538.800            BIRM
61103.000   10071 1415305  -19281.500            BIRM
61103.000   10092 1363159    4446.300            ICE 
61103.000   10092 1363522    3557.900            ICE 
61103.000   10057 1352117   14111.600            CH  
61103.000   10057 1355202    -634.200            CH  
61103.000   10057 1373644    -826.700            CH  
61103.000   10057 1405701   -1849.300            CH  
61103.000   10057 1405702   22485.300            CH  
61103.000   10057 1411117    -119.000            CH  
61103.000   10073 1353612  -12196.500            CNM 
61103.000   10073 1413211   -1026.400            CNM 
61103.000   10073 1413212   50580.500            CNM 
61103.000   10074 1411045    4128.500            DLR 
61103.000   10053 1350136     -83.300            DTAG
61103.000   10053 1355332   -1623.400            DTAG
61103.000   10053 1352635    2521.100            DTAG
61103.000   10025 1352025    4146.000            ESA 
61103.000   10025 1351615   -4544.800            ESA 
61103.000   10025 1352353   11431.200            ESA 
61103.000   10025 1352210   28618.100            ESA 
61103.000   10025 1402543  -32631.800            ESA 
61103.000   10025 1402541 -101958.900            ESA 
61103.000   10025 1411033   -1313.800            ESA 
61103.000   10089 1354233       0.000            HKO 
61103.000   10089 1355122    1262.300            HKO 
61103.000   10099 1354701       0.000            IFZG
61103.000   10093 1353401       0.000            NSAI
61103.000   10044 1361167    1179.800            IFAG
61103.000   10044 1361173     443.800            IFAG
61103.000   10044 1361629    9525.100            IFAG
61103.000   10044 1361732    6564.400            IFAG
61103.000   10044 1361798    1019.100            IFAG
61103.000   10044 1404439    4491.600            IFAG
61103.000   10044 1404418   15272.700            IFAG
61103.000   10048 1404878  927028.600            NIM 
61103.000   10048 1404871 1048535.000            NIM 
61103.000   10048 1404832 1047842.700            NIM 
61103.000   10048 1404879 1892983.900            NIM 
61103.000   10048 1404880 2173622.600            NIM 
61103.000   10048 1352742  111734.100            NIM 
61103.000   10048 1404849 1414683.900            NIM 
61103.000   10048 1404856   93736.200            NIM 
61103.000   10048 1404857   25186.200            NIM 
61103.000   10048 1404821    2836.900            NIM 
61103.000   10048 1404850     621.400            NIM 
61103.000   10048 1404870    5279.000            NIM 
61103.000   10015 1362377       0.000            INTI
61103.000   10015 1363270   12198.500            INTI
61103.000   10015 1363511    6021.000            INTI
61103.000   10083 1353654    9792.100            NIS 
61103.000   10083 1354391   16818.400            NIS 
61103.000   10083 1353812  -28337.200            NIS 
61103.000   10083 1352182   -4132.000            NIS 
61103.000   10011 1350219   -1043.500            IT  
61103.000   10011 1352487    -425.600            IT  
61103.000   10011 1401101  243778.800            IT  
61103.000   10011 1401102  292443.700            IT  
61103.000   10011 1401103   34269.700            IT  
61103.000   10011 1401104    9847.900            IT  
61103.000   10011 1411079   -1068.600            IT  
61103.000   10011 1411078    3245.200            IT  
61103.000   10011 1422012     889.700            IT  
61103.000   10035 1350832   17050.100            BSJ 
61103.000   10035 1350833    9360.500            BSJ 
61103.000   10087 1361277 -111853.100            JV  
61103.000   10087 1362617   70142.100            JV  
61103.000   10087 1415218  -42113.100            JV  
61103.000   10087 1411122   15661.000            JV  
61103.000   10056 1351783   39949.800            KRIS
61103.000   10056 1405624  162247.800            KRIS
61103.000   10056 1405625  469315.100            KRIS
61103.000   10056 1405626   15135.500            KRIS
61103.000   10027 1415201    -665.300            KZ  
61103.000   10027 1415205    1624.400            KZ  
61103.000   10027 1415266   -2515.900            KZ  
61103.000   10052 1351324  -11076.400            NPLI
61103.000   10052 1353376  -10651.100            NPLI
61103.000   10052 1353457    3359.100            NPLI
61103.000   10052 1353413   44728.400            NPLI
61103.000   10052 1353453    5159.900            NPLI
61103.000   10052 1415225  114742.600            NPLI
61103.000   10052 1415365   47573.900            NPLI
61103.000   10052 1415363    3435.300            NPLI
61103.000   10052 1415364   11476.800            NPLI
61103.000   10091 1352370   -8432.900            LRTE
61103.000   10082 1351868       0.000            LT  
61103.000   10082 1351362   -1662.000            LT  
61103.000   10094 1353471  -61323.600            LUX 
61103.000   10094 1353544  -57781.000            LUX 
61103.000   10041 1404113  327780.500            MIKE
61103.000   10041 1404108   30695.600            MIKE
61103.000   10041 1404189  184408.200            MIKE
61103.000   10041 1412084   27119.100            MIKE
61103.000   10088 1361806  -12576.400            CNMP
61103.000   10088 1361752   -6685.500            CNMP
61103.000   10088 1363162    8316.400            CNMP
61103.000   10088 1363179  -66757.400            CNMP
61103.000   10063 1360274    3176.900            MSL 
61103.000   10063 1363396   -4341.500            MSL 
61103.000   10063 1363872  113503.600            MSL 
61103.000   10081 1353476    4223.000            NIMT
61103.000   10081 1353472   46185.300            NIMT
61103.000   10081 1353470   46281.100            NIMT
61103.000   10013 1410102   -1455.300            NAO 
61103.000   10013 1350779    6087.200            NAO 
61103.000   10013 1351689    -264.300            NAO 
61103.000   10013 1351214     107.500            NAO 
61103.000   10020 1350343  128511.500            NICT
61103.000   10020 1350907   35383.400            NICT
61103.000   10020 1351226  -16700.200            NICT
61103.000   10020 1351778   75495.300            NICT
61103.000   10020 1351789   -8165.600            NICT
61103.000   10020 1351866    1401.600            NICT
61103.000   10020 1351944  109263.900            NICT
61103.000   10020 1352011  108034.200            NICT
61103.000   10020 1352056  109804.800            NICT
61103.000   10020 1352113  -45897.300            NICT
61103.000   10020 1352116  -27258.000            NICT
61103.000   10020 1352570   88230.900            NICT
61103.000   10020 1352620   60524.700            NICT
61103.000   10020 1352627  -23474.800            NICT
61103.000   10020 1352628  -25042.900            NICT
61103.000   10020 1352784   43170.600            NICT
61103.000   10020 1352876  123670.400            NICT
61103.000   10020 1352903   52844.900            NICT
61103.000   10020 1353594  -14734.300            NICT
61103.000   10020 1353716  -28611.700            NICT
61103.000   10020 1353717  -50309.800            NICT
61103.000   10020 1353718  -44721.000            NICT
61103.000   10020 1353720  -53928.900            NICT
61103.000   10020 1353722  -30788.300            NICT
61103.000   10020 1353909   27485.900            NICT
61103.000   10020 1353912  -38332.000            NICT
61103.000   10020 1353916  -71918.000            NICT
61103.000   10020 1353918   39126.900            NICT
61103.000   10020 1354230   68623.700            NICT
61103.000   10020 1355334   85892.600            NICT
61103.000   10020 1402003   16188.400            NICT
61103.000   10020 1402004   -9424.600            NICT
61103.000   10020 1402012   31974.000            NICT
61103.000   10020 1402013   42696.000            NICT
61103.000   10020 1402014   -2270.500            NICT
61103.000   10020 1402015   72930.400            NICT
61103.000   10020 1411041  -64031.300            NICT
61103.000   10020 1411062   32880.300            NICT
61103.000   10020 1412060   63081.600            NICT
61103.000   10002 1412108  562953.100            NIST
61103.000   10002 1412014 -540216.300            NIST
61103.000   10002 1400004 -195924.100            NIST
61103.000   10002 1400222  729332.100            NIST
61103.000   10002 1400209 -448449.000            NIST
61103.000   10002 1400212  505570.700            NIST
61103.000   10002 1400207  665569.300            NIST
61103.000   10002 1412015  620389.300            NIST
61103.000   10002 1400210  204219.600            NIST
61103.000   10002 1400205  979551.700            NIST
61103.000   10002 1352792 -548608.300            NIST
61103.000   10002 1412099  291454.800            NIST
61103.000   10002 1412006  110316.000            NIST
61103.000   10002 1442021 -565355.900            NIST
61103.000   10002 1352935 -654510.700            NIST
61103.000   10002 1352579  979307.100            NIST
61103.000   10002 1402205 -239120.200            NIST
61103.000   10050 1320293  127553.500            NMIJ
61103.000   10017 1412011   48026.300            NPL 
61103.000   10017 1412050   46119.100            NPL 
61103.000   10003 1352150    8175.500            NRC 
61103.000   10003 1362225   17095.800            NRC 
61103.000   10003 1352115   19335.900            NRC 
61103.000   10003 1352148    3230.300            NRC 
61103.000   10003 1400306   92325.100            NRC 
61103.000   10003 1400307   11138.700            NRC 
61103.000   10049 1415324   -1654.600            NTSC
61103.000   10049 1415322    2384.000            NTSC
61103.000   10049 1415316   -5598.400            NTSC
61103.000   10049 1415082   49910.600            NTSC
61103.000   10049 1414922    5714.800            NTSC
61103.000   10049 1404967    5418.300            NTSC
61103.000   10049 1354937   14418.500            NTSC
61103.000   10049 1352142   15200.100            NTSC
61103.000   10016 1354619       0.000            INXE
61103.000   10008 1352027   33306.000            OP  
61103.000   10008 1400889    5069.900            OP  
61103.000   10008 1353765   79032.300            OP  
61103.000   10008 1400810   20755.500            OP  
61103.000   10008 1400809   35518.800            OP  
61103.000   10008 1400890   29645.300            OP  
61103.000   10026 1352722   -2033.200            ORB 
61103.000   10026 1352724    9692.100            ORB 
61103.000   10026 1411030   76796.000            ORB 
61103.000   10026 1402602  355345.300            ORB 
61103.000   10026 1352723    1502.800            ORB 
61103.000   10040 1350441    -775.100            PL  
61103.000   10040 1415318  -22418.000            PL  
61103.000   10040 1415321   25705.500            PL  
61103.000   10040 1354603     142.400            PL  
61103.000   10040 1354597     259.000            PL  
61103.000   10005 1920001   41581.300            PTB 
61103.000   10005 1920002   37559.100            PTB 
61103.000   10005 1355322    8827.800            PTB 
61103.000   10005 1400510    8995.100            PTB 
61103.000   10005 1400506   32471.200            PTB 
61103.000   10005 1400508   33062.900            PTB 
61103.000   10005 1400509    9919.700            PTB 
61103.000   10005 1415245   -5670.000            PTB 
61103.000   10005 1400512    6856.400            PTB 
61103.000   10005 1415221    3565.100            PTB 
61103.000   10019 1351942   69046.300            ONRJ
61103.000   10019 1320337   50973.000            ONRJ
61103.000   10019 1354204   71422.600            ONRJ
61103.000   10019 1350147   59530.500            ONRJ
61103.000   10019 1350102   19537.100            ONRJ
61103.000   10019 1353364   38841.000            ONRJ
61103.000   10019 1351153  -11770.600            ONRJ
61103.000   10019 1401958  126593.000            ONRJ
61103.000   10014 1350583   -4765.700            ROA 
61103.000   10014 1350718   -2727.500            ROA 
61103.000   10014 1361490   87226.500            ROA 
61103.000   10014 1361488   85360.800            ROA 
61103.000   10014 1351699   55077.000            ROA 
61103.000   10014 1401436 1946413.600            ROA 
61103.000   10014 1412032 1299433.200            ROA 
61103.000   10014 1352270    7861.900            ROA 
61103.000   10062 1352932       0.000            SASO
61103.000   10062 1352931     219.300            SASO
61103.000   10062 1351628     847.700            SASO
61103.000   10062 1350221    -604.400            SASO
61103.000   10067 1352525   -8287.200            SCL 
61103.000   10067 1352178  -19930.100            SCL 
61103.000   10067 1415314    1160.300            SCL 
61103.000   10067 1353448     485.500            SCL 
61103.000   10079 1352003   33924.400            SMD 
61103.000   10079 1352543  -26119.000            SMD 
61103.000   10079 1411049   -1950.100            SMD 
61103.000   10072 1352745  -21708.000            SP  
61103.000   10072 1352749   21935.200            SP  
61103.000   10072 1352758   -2430.200            SP  
61103.000   10072 1354707    6585.400            SP  
61103.000   10072 1362295    3178.500            SP  
61103.000   10072 1365149   55965.100            SP  
61103.000   10072 1407201     665.000            SP  
61103.000   10072 1407223  154749.200            SP  
61103.000   10072 1407231  248242.600            SP  
61103.000   10072 1407232  399727.600            SP  
61103.000   10072 1415319   41838.400            SP  
61103.000   10038 1403809 -409652.300            SU  
61103.000   10038 1403811 -282059.200            SU  
61103.000   10038 1403812  -26322.200            SU  
61103.000   10038 1403844 -561508.100            SU  
61103.000   10038 1403853    4202.500            SU  
61103.000   10038 1403833 -396762.700            SU  
61103.000   10038 1403846   47152.200            SU  
61103.000   10038 1403814 -651765.600            SU  
61103.000   10038 1403815 -332621.100            SU  
61103.000   10038 1403834   10457.500            SU  
61103.000   10038 1403841  -38637.700            SU  
61103.000   10038 1403840    9920.700            SU  
61103.000   10038 1403845 -453774.500            SU  
61103.000   10030 1403011  157930.700            TL  
61103.000   10030 1413202  227042.400            TL  
61103.000   10030 1353942  -36772.900            TL  
61103.000   10030 1353947   55257.000            TL  
61103.000   10030 1354060  -14148.300            TL  
61103.000   10022 1320211 1999812.000            TP  
61103.000   10022 1320247  998869.800            TP  
61103.000   10022 1351227       0.000            TP  
61103.000   10022 1352179      12.800            TP  
61103.000   10022 1352476     536.600            TP  
61103.000   10022 1353519    -138.400            TP  
61103.000   10022 1411076     137.800            TP  
61103.000   10068 1411028       0.000            UME 
61103.000   10068 1352703    2460.600            UME 
61103.000   10068 1350251    3444.100            UME 
61103.000   10068 1350872   -8181.700            UME 
61103.000   10068 1352710    2996.600            UME 
61103.000   10007 1400711 3293902.500            USNO
61103.000   10007 1400712  272940.000            USNO
61103.000   10007 1400719  460201.600            USNO
61103.000   10007 1400702  -65550.000            USNO
61103.000   10007 1400708  666272.000            USNO
61103.000   10007 1400704  114313.100            USNO
61103.000   10007 1400718 1942704.900            USNO
61103.000   10007 1400710 -790731.000            USNO
61103.000   10007 1400726 1287613.300            USNO
61103.000   10007 1400715  421303.000            USNO
61103.000   10007 1350161   80992.200            USNO
61103.000   10007 1400727 -730107.300            USNO
61103.000   10007 1400729 2229219.000            USNO
61103.000   10007 1400725 -219627.900            USNO
61103.000   10007 1400724 -816664.100            USNO
61103.000   10007 1400723 -605828.200            USNO
61103.000   10007 1400722 2697614.900            USNO
61103.000   10007 1400721  442457.200            USNO
61103.000   10007 1400720 1254123.100            USNO
61103.000   10007 1400730 2142477.300            USNO
61103.000   10007 1400731 -405266.300            USNO
61103.000   10007 1400732  754299.800            USNO
61103.000   10007 1400736 1216674.100            USNO
61103.000   10007 1400737 2454181.700            USNO
61103.000   10007 1400740 1107938.300            USNO
61103.000   10007 1400713  454621.800            USNO
61103.000   10007 1400714   95148.600            USNO
61103.000   10007 1400716  684450.500            USNO
61103.000   10007 1400738  104296.900            USNO
61103.000   10064 1355005       0.000            UZ  
61103.000   10064 1354998 5219844.800            UZ  
61103.000   10028 1353669   20001.500            VMI 
61103.000   10028 1361233   12656.900            VMI 
61103.000   10028 1353670  -24260.200            VMI 
61103.000   10024 1411040   -2728.000            VSL 
61103.000   10024 1354466    9754.700            VSL 
61103.000   10024 1355008    6985.600            VSL 
61103.000   10024 1355697     854.900            VSL 
61103.000   10055 1352191     -97.200            DMDM
61103.000   10055 1362033  -54875.100            DMDM
