61176.000   10021 1352938       0.000            UAE 
61176.000   10021 1352940   -3960.900            UAE 
61176.000   10046 1404601   27105.100            AOS 
61176.000   10046 1352394   -1200.200            AOS 
61176.000   10031 1353842    2414.900            APL 
61176.000   10031 1403107  267555.200            APL 
61176.000   10031 1403108  521354.200            APL 
61176.000   10031 1403109  135720.300            APL 
61176.000   10031 1412174   32617.800            APL 
61176.000   10054 1362269     121.000            AUS 
61176.000   10054 1360340   13001.000            AUS 
61176.000   10054 1360654  -45345.000            AUS 
61176.000   10054 1363814    4667.000            AUS 
61176.000   10054 1364971    7722.000            AUS 
61176.000   10054 1360299   28857.000            AUS 
61176.000   10101 1355360       0.000            AZ  
61176.000   10101 1355361   -1371.300            AZ  
61176.000   10075 1352685    3407.600            IMBH
61176.000   10075 1320192   -8808.100            IMBH
61176.000   10075 1320193  -42690.900            IMBH
61176.000   10071 1353447     725.800            BIRM
61176.000   10071 1353689    9948.600            BIRM
61176.000   10071 1407103    -312.100            BIRM
61176.000   10071 1407107 -429612.000            BIRM
61176.000   10071 1407111   -1025.200            BIRM
61176.000   10071 1407112  -11094.600            BIRM
61176.000   10071 1415303   -5280.900            BIRM
61176.000   10071 1415304  -12211.300            BIRM
61176.000   10071 1415305  -21268.000            BIRM
61176.000   10092 1363159    3941.700            ICE 
61176.000   10092 1363522    3705.700            ICE 
61176.000   10057 1355202    -793.400            CH  
61176.000   10057 1373644   -1077.500            CH  
61176.000   10057 1405701   -2196.100            CH  
61176.000   10057 1405702   21079.400            CH  
61176.000   10057 1411117     -80.200            CH  
61176.000   10073 1353612  -14597.100            CNM 
61176.000   10073 1413211   -1020.100            CNM 
61176.000   10073 1413212   65758.200            CNM 
61176.000   10074 1411045    5176.200            DLR 
61176.000   10053 1350136     -83.300            DTAG
61176.000   10053 1355332   -1455.900            DTAG
61176.000   10053 1352635    2558.700            DTAG
61176.000   10025 1352025    4391.900            ESA 
61176.000   10025 1351615   -4755.500            ESA 
61176.000   10025 1352353   11932.800            ESA 
61176.000   10025 1352210   30127.200            ESA 
61176.000   10025 1402543  -41379.600            ESA 
61176.000   10025 1402541 -118131.000            ESA 
61176.000   10025 1411033   -2428.500            ESA 
61176.000   10089 1354233       0.000            HKO 
61176.000   10089 1355122    1330.400            HKO 
61176.000   10099 1354701       0.000            IFZG
61176.000   10093 1353401       0.000            NSAI
61176.000   10044 1361167     807.400            IFAG
61176.000   10044 1361173     162.900            IFAG
61176.000   10044 1361629   10801.000            IFAG
61176.000   10044 1361732    7482.700            IFAG
61176.000   10044 1361798     419.800            IFAG
61176.000   10044 1404439    4320.700            IFAG
61176.000   10044 1404418   15205.200            IFAG
61176.000   10048 1404878  961987.400            NIM 
61176.000   10048 1404871 1090482.200            NIM 
61176.000   10048 1404832 1103305.400            NIM 
61176.000   10048 1404879 1934128.400            NIM 
61176.000   10048 1404880 2216831.600            NIM 
61176.000   10048 1352742  113854.800            NIM 
61176.000   10048 1404849 1415156.000            NIM 
61176.000   10048 1404856   94275.800            NIM 
61176.000   10048 1404857   24866.400            NIM 
61176.000   10048 1404821    3082.300            NIM 
61176.000   10048 1404850     724.800            NIM 
61176.000   10048 1404870    5822.900            NIM 
61176.000   10015 1362377       0.000            INTI
61176.000   10015 1363270   12716.000            INTI
61176.000   10015 1363511    6259.100            INTI
61176.000   10070 1353546    8368.100            IPQ 
61176.000   10083 1353654   10106.400            NIS 
61176.000   10083 1354391   18268.600            NIS 
61176.000   10083 1353812  -30036.000            NIS 
61176.000   10083 1352182   -4407.700            NIS 
61176.000   10011 1350219   -1135.200            IT  
61176.000   10011 1352487    -651.500            IT  
61176.000   10011 1401101  281684.600            IT  
61176.000   10011 1401102  299765.300            IT  
61176.000   10011 1401103   37137.700            IT  
61176.000   10011 1401104    5780.300            IT  
61176.000   10011 1411079   -1667.500            IT  
61176.000   10011 1411078    4499.800            IT  
61176.000   10035 1350832   18257.500            BSJ 
61176.000   10035 1350833   10106.900            BSJ 
61176.000   10087 1361277 -112536.200            JV  
61176.000   10087 1362617   71260.400            JV  
61176.000   10087 1415218  -42171.900            JV  
61176.000   10087 1411122   17812.000            JV  
61176.000   10056 1351783   41561.100            KRIS
61176.000   10056 1405624  172831.000            KRIS
61176.000   10056 1405625  500514.200            KRIS
61176.000   10056 1405626   16451.700            KRIS
61176.000   10027 1415201    -706.700            KZ  
61176.000   10027 1415205    1987.700            KZ  
61176.000   10027 1415266   -3020.100            KZ  
61176.000   10052 1351324  -11235.600            NPLI
61176.000   10052 1353376  -10871.400            NPLI
61176.000   10052 1353457    3500.900            NPLI
61176.000   10052 1353413   45578.600            NPLI
61176.000   10052 1353453    5345.200            NPLI
61176.000   10052 1415225  121527.100            NPLI
61176.000   10052 1415365   50001.800            NPLI
61176.000   10052 1415363    4185.200            NPLI
61176.000   10052 1415364   12334.700            NPLI
61176.000   10091 1352370  -11420.000            LRTE
61176.000   10082 1351868       0.000            LT  
61176.000   10082 1351362   -1677.300            LT  
61176.000   10094 1353471  -62069.100            LUX 
61176.000   10094 1353544  -57475.700            LUX 
61176.000   10085 1353507       0.000            NIMB
61176.000   10041 1404113  334996.800            MIKE
61176.000   10041 1404108   33669.100            MIKE
61176.000   10041 1404189  181394.900            MIKE
61176.000   10041 1412084   26204.800            MIKE
61176.000   10088 1361806  -12822.400            CNMP
61176.000   10088 1361752   -6802.600            CNMP
61176.000   10088 1363162    8817.000            CNMP
61176.000   10088 1363179  -67943.000            CNMP
61176.000   10063 1360274    3352.000            MSL 
61176.000   10063 1363396   -4288.100            MSL 
61176.000   10063 1363872  117046.000            MSL 
61176.000   10081 1353476    3363.100            NIMT
61176.000   10081 1353472   47038.400            NIMT
61176.000   10081 1353470   47546.800            NIMT
61176.000   10013 1410102    2251.900            NAO 
61176.000   10013 1350779     490.700            NAO 
61176.000   10013 1351689     374.000            NAO 
61176.000   10013 1351214     107.400            NAO 
61176.000   10020 1350343  130454.400            NICT
61176.000   10020 1350907   34239.900            NICT
61176.000   10020 1351226  -16909.800            NICT
61176.000   10020 1351778   76452.000            NICT
61176.000   10020 1351789   -8612.000            NICT
61176.000   10020 1351866    1372.700            NICT
61176.000   10020 1351944  110145.500            NICT
61176.000   10020 1352011  107793.800            NICT
61176.000   10020 1352056  110715.600            NICT
61176.000   10020 1352113  -46196.100            NICT
61176.000   10020 1352116  -26961.400            NICT
61176.000   10020 1352570   88836.000            NICT
61176.000   10020 1352620   61637.500            NICT
61176.000   10020 1352627  -24623.500            NICT
61176.000   10020 1352628  -25928.300            NICT
61176.000   10020 1352784   42363.600            NICT
61176.000   10020 1352876  123378.000            NICT
61176.000   10020 1352903   53228.200            NICT
61176.000   10020 1353594  -14310.200            NICT
61176.000   10020 1353716  -29389.100            NICT
61176.000   10020 1353717  -51923.500            NICT
61176.000   10020 1353718  -46627.900            NICT
61176.000   10020 1353720  -55020.300            NICT
61176.000   10020 1353722  -31409.100            NICT
61176.000   10020 1353909   27986.600            NICT
61176.000   10020 1353912  -39855.500            NICT
61176.000   10020 1353916  -74437.200            NICT
61176.000   10020 1353918   40339.700            NICT
61176.000   10020 1354230   69074.700            NICT
61176.000   10020 1402003   17045.100            NICT
61176.000   10020 1402004  -11123.000            NICT
61176.000   10020 1402012   28502.800            NICT
61176.000   10020 1402013   51608.400            NICT
61176.000   10020 1402014   -1802.500            NICT
61176.000   10020 1402015   81876.500            NICT
61176.000   10020 1411041  -73551.600            NICT
61176.000   10020 1411062   31411.700            NICT
61176.000   10020 1412060   68962.400            NICT
61176.000   10002 1412108  617221.300            NIST
61176.000   10002 1412014 -529476.200            NIST
61176.000   10002 1400004 -190048.300            NIST
61176.000   10002 1400222  733657.700            NIST
61176.000   10002 1400209 -443172.700            NIST
61176.000   10002 1400212  594613.800            NIST
61176.000   10002 1400207  716554.900            NIST
61176.000   10002 1412015  654099.500            NIST
61176.000   10002 1400210  271020.000            NIST
61176.000   10002 1400205  978212.100            NIST
61176.000   10002 1412099  376917.000            NIST
61176.000   10002 1412006  184307.300            NIST
61176.000   10002 1442021 -561633.100            NIST
61176.000   10002 1352935 -656264.500            NIST
61176.000   10002 1352579  980636.900            NIST
61176.000   10002 1402205 -199575.200            NIST
61176.000   10050 1320293  144520.600            NMIJ
61176.000   10017 1412011   48940.200            NPL 
61176.000   10017 1412050   48150.000            NPL 
61176.000   10003 1352150    8315.500            NRC 
61176.000   10003 1362225   17011.600            NRC 
61176.000   10003 1352115   19826.700            NRC 
61176.000   10003 1352148    3153.600            NRC 
61176.000   10003 1400306   92567.100            NRC 
61176.000   10003 1400307   12036.800            NRC 
61176.000   10049 1415324   -1610.100            NTSC
61176.000   10049 1415322    2980.700            NTSC
61176.000   10049 1415316   -6126.000            NTSC
61176.000   10049 1415082   54406.800            NTSC
61176.000   10049 1414922    6867.200            NTSC
61176.000   10049 1404967    6405.000            NTSC
61176.000   10049 1354937   14347.900            NTSC
61176.000   10049 1352142   15149.400            NTSC
61176.000   10016 1354619       0.000            INXE
61176.000   10008 1352027   34465.300            OP  
61176.000   10008 1400889    6789.400            OP  
61176.000   10008 1353765   80839.300            OP  
61176.000   10008 1400810   22408.000            OP  
61176.000   10008 1400809   37878.000            OP  
61176.000   10008 1400890   31554.600            OP  
61176.000   10026 1352723    1831.400            ORB 
61176.000   10026 1352724   10424.500            ORB 
61176.000   10026 1411030   82616.100            ORB 
61176.000   10026 1402602  391986.500            ORB 
61176.000   10040 1350441    -796.800            PL  
61176.000   10040 1415318  -84628.100            PL  
61176.000   10040 1415321   27976.500            PL  
61176.000   10040 1354603     221.900            PL  
61176.000   10040 1354597     287.000            PL  
61176.000   10005 1920001   41703.800            PTB 
61176.000   10005 1920002   37689.600            PTB 
61176.000   10005 1355322    9056.400            PTB 
61176.000   10005 1400510    9688.000            PTB 
61176.000   10005 1400506   33650.400            PTB 
61176.000   10005 1400508   34236.800            PTB 
61176.000   10005 1400509   10284.500            PTB 
61176.000   10005 1415245   -6696.000            PTB 
61176.000   10005 1400512    7589.400            PTB 
61176.000   10005 1415221    3625.400            PTB 
61176.000   10019 1351942   70442.000            ONRJ
61176.000   10019 1320337   51617.400            ONRJ
61176.000   10019 1354204   74853.900            ONRJ
61176.000   10019 1350147   59968.800            ONRJ
61176.000   10019 1350102   19757.200            ONRJ
61176.000   10019 1353364   39527.800            ONRJ
61176.000   10019 1351153  -12618.200            ONRJ
61176.000   10019 1401958  136470.600            ONRJ
61176.000   10014 1350583   -5141.500            ROA 
61176.000   10014 1350718   -2252.500            ROA 
61176.000   10014 1361490   87731.100            ROA 
61176.000   10014 1361488   86185.600            ROA 
61176.000   10014 1351699   55527.300            ROA 
61176.000   10014 1401436 1991771.400            ROA 
61176.000   10014 1412032 1346752.600            ROA 
61176.000   10014 1352270    7973.300            ROA 
61176.000   10062 1352932       0.000            SASO
61176.000   10062 1352931    1077.300            SASO
61176.000   10062 1351628    1327.000            SASO
61176.000   10062 1350221   -1072.300            SASO
61176.000   10067 1352525   -8915.100            SCL 
61176.000   10067 1352178  -21234.000            SCL 
61176.000   10067 1415314    2024.800            SCL 
61176.000   10067 1353448    2222.700            SCL 
61176.000   10079 1352003   34444.400            SMD 
61176.000   10079 1352543  -27176.500            SMD 
61176.000   10079 1411049   -1905.300            SMD 
61176.000   10072 1352745  -22905.900            SP  
61176.000   10072 1352749   23602.400            SP  
61176.000   10072 1352758   -2493.800            SP  
61176.000   10072 1354707    6525.700            SP  
61176.000   10072 1365149   62376.800            SP  
61176.000   10072 1407201    3212.400            SP  
61176.000   10072 1407231  266473.300            SP  
61176.000   10072 1407232  424994.900            SP  
61176.000   10072 1415319   43834.500            SP  
61176.000   10038 1403809 -410859.100            SU  
61176.000   10038 1403811 -281983.300            SU  
61176.000   10038 1403812  -23906.400            SU  
61176.000   10038 1403844 -559926.900            SU  
61176.000   10038 1403853    5152.200            SU  
61176.000   10038 1403833 -394948.000            SU  
61176.000   10038 1403846   49132.900            SU  
61176.000   10038 1403814 -642862.800            SU  
61176.000   10038 1403815 -330522.400            SU  
61176.000   10038 1403834   11825.000            SU  
61176.000   10038 1403841  -35343.000            SU  
61176.000   10038 1403840   11029.300            SU  
61176.000   10038 1403845 -454283.600            SU  
61176.000   10030 1403011  197983.300            TL  
61176.000   10030 1413202  257712.500            TL  
61176.000   10030 1353942  -38422.700            TL  
61176.000   10030 1353947   57254.100            TL  
61176.000   10030 1354060  -14724.600            TL  
61176.000   10022 1320211 1999885.000            TP  
61176.000   10022 1320247  998953.700            TP  
61176.000   10022 1351227       0.000            TP  
61176.000   10022 1352179      80.200            TP  
61176.000   10022 1352476     575.100            TP  
61176.000   10022 1353519     -93.600            TP  
61176.000   10068 1411028       0.000            UME 
61176.000   10068 1352703      57.500            UME 
61176.000   10068 1350251     150.200            UME 
61176.000   10068 1350872    -492.900            UME 
61176.000   10068 1352710     500.900            UME 
61176.000   10007 1400711 3334890.800            USNO
61176.000   10007 1400719  475515.800            USNO
61176.000   10007 1400702  -65352.100            USNO
61176.000   10007 1400708  675885.200            USNO
61176.000   10007 1400704  117965.400            USNO
61176.000   10007 1400718 1970950.100            USNO
61176.000   10007 1400710 -825598.300            USNO
61176.000   10007 1400726 1324016.900            USNO
61176.000   10007 1400715  434382.900            USNO
61176.000   10007 1350161   80882.300            USNO
61176.000   10007 1400727 -754641.200            USNO
61176.000   10007 1400729 2283188.600            USNO
61176.000   10007 1400725 -220607.700            USNO
61176.000   10007 1400724 -824598.000            USNO
61176.000   10007 1400723 -604637.500            USNO
61176.000   10007 1400722 2680230.900            USNO
61176.000   10007 1400721  501483.700            USNO
61176.000   10007 1400720 1261028.300            USNO
61176.000   10007 1400730 2186602.700            USNO
61176.000   10007 1400731 -417825.100            USNO
61176.000   10007 1400732  781919.700            USNO
61176.000   10007 1400736 1220588.500            USNO
61176.000   10007 1400737 2474565.100            USNO
61176.000   10007 1400740 1153297.500            USNO
61176.000   10007 1400713  465312.700            USNO
61176.000   10007 1400716  702318.200            USNO
61176.000   10007 1400733  128254.000            USNO
61176.000   10064 1355005       0.000            UZ  
61176.000   10064 1354998 4944541.000            UZ  
61176.000   10028 1353669   19686.800            VMI 
61176.000   10028 1361233   12206.600            VMI 
61176.000   10028 1353670  -26625.500            VMI 
61176.000   10024 1411040   -3132.700            VSL 
61176.000   10024 1354466   10272.700            VSL 
61176.000   10024 1355008    7556.700            VSL 
61176.000   10024 1355697    1563.000            VSL 
61176.000   10055 1352191     -66.800            DMDM
61176.000   10055 1362033  -59098.600            DMDM
