61144.000   10021 1352938       0.000            UAE 
61144.000   10021 1352940   -3035.000            UAE 
61144.000   10046 1404601   26338.800            AOS 
61144.000   10046 1352394   -1059.300            AOS 
61144.000   10031 1353842    2416.800            APL 
61144.000   10031 1403107  264289.000            APL 
61144.000   10031 1403108  496469.700            APL 
61144.000   10031 1403109  134895.200            APL 
61144.000   10031 1412174   28975.900            APL 
61144.000   10054 1362269     114.000            AUS 
61144.000   10054 1360340   12824.000            AUS 
61144.000   10054 1360654  -44524.000            AUS 
61144.000   10054 1363814    4535.000            AUS 
61144.000   10054 1364971    7513.000            AUS 
61144.000   10054 1360299   28458.000            AUS 
61144.000   10101 1355360       0.000            AZ  
61144.000   10101 1355361   -1224.200            AZ  
61144.000   10075 1352685    3295.100            IMBH
61144.000   10075 1320192   -8615.300            IMBH
61144.000   10075 1320193  -41410.600            IMBH
61144.000   10071 1353447     832.000            BIRM
61144.000   10071 1353689    9923.800            BIRM
61144.000   10071 1407107 -417792.500            BIRM
61144.000   10071 1407112   -9805.300            BIRM
61144.000   10071 1415303   -4611.800            BIRM
61144.000   10071 1415304  -11464.900            BIRM
61144.000   10071 1415305  -20386.300            BIRM
61144.000   10092 1363159    4164.000            ICE 
61144.000   10092 1363522    3673.100            ICE 
61144.000   10057 1355202    -730.200            CH  
61144.000   10057 1373644    -960.200            CH  
61144.000   10057 1405701   -2043.000            CH  
61144.000   10057 1405702   21730.400            CH  
61144.000   10057 1411117     -54.600            CH  
61144.000   10073 1353612  -13588.500            CNM 
61144.000   10073 1413211   -1043.900            CNM 
61144.000   10073 1413212   58971.600            CNM 
61144.000   10074 1411045    4725.500            DLR 
61144.000   10053 1350136     -83.300            DTAG
61144.000   10053 1355332   -1581.800            DTAG
61144.000   10053 1352635    2629.600            DTAG
61144.000   10025 1352025    4278.500            ESA 
61144.000   10025 1351615   -4657.400            ESA 
61144.000   10025 1352353   11712.700            ESA 
61144.000   10025 1352210   29464.300            ESA 
61144.000   10025 1402543  -37441.900            ESA 
61144.000   10025 1402541 -110820.200            ESA 
61144.000   10025 1411033   -1922.800            ESA 
61144.000   10089 1354233       0.000            HKO 
61144.000   10089 1355122    1289.100            HKO 
61144.000   10099 1354701       0.000            IFZG
61144.000   10093 1353401       0.000            NSAI
61144.000   10044 1361167    1009.700            IFAG
61144.000   10044 1361173     332.700            IFAG
61144.000   10044 1361629   10327.600            IFAG
61144.000   10044 1361732    7080.100            IFAG
61144.000   10044 1361798     787.100            IFAG
61144.000   10044 1404439    4516.300            IFAG
61144.000   10044 1404418   15343.200            IFAG
61144.000   10048 1404878  946627.900            NIM 
61144.000   10048 1404871 1072071.200            NIM 
61144.000   10048 1404832 1078893.100            NIM 
61144.000   10048 1404879 1916044.800            NIM 
61144.000   10048 1404880 2197846.700            NIM 
61144.000   10048 1352742  112935.800            NIM 
61144.000   10048 1404849 1414946.300            NIM 
61144.000   10048 1404856   94038.600            NIM 
61144.000   10048 1404857   25006.600            NIM 
61144.000   10048 1404821    2971.500            NIM 
61144.000   10048 1404850     676.800            NIM 
61144.000   10048 1404870    5580.500            NIM 
61144.000   10015 1362377       0.000            INTI
61144.000   10015 1363270   12517.400            INTI
61144.000   10015 1363511    6175.900            INTI
61144.000   10070 1353546    8469.400            IPQ 
61144.000   10083 1353654    9969.000            NIS 
61144.000   10083 1354391   17646.000            NIS 
61144.000   10083 1353812  -29286.800            NIS 
61144.000   10083 1352182   -4254.200            NIS 
61144.000   10011 1350219   -1103.500            IT  
61144.000   10011 1352487    -544.000            IT  
61144.000   10011 1401101  264993.000            IT  
61144.000   10011 1401102  296587.300            IT  
61144.000   10011 1401103   35865.100            IT  
61144.000   10011 1401104    7582.900            IT  
61144.000   10011 1411079   -1400.100            IT  
61144.000   10011 1411078    3931.200            IT  
61144.000   10035 1350832   17736.300            BSJ 
61144.000   10035 1350833    9728.100            BSJ 
61144.000   10087 1361277 -112218.700            JV  
61144.000   10087 1362617   70752.100            JV  
61144.000   10087 1415218  -42146.200            JV  
61144.000   10087 1411122   16854.500            JV  
61144.000   10056 1351783   40848.500            KRIS
61144.000   10056 1405624  168170.500            KRIS
61144.000   10056 1405625  486763.300            KRIS
61144.000   10056 1405626   15874.600            KRIS
61144.000   10027 1415201    -696.400            KZ  
61144.000   10027 1415205    1820.800            KZ  
61144.000   10027 1415266   -2796.300            KZ  
61144.000   10052 1351324  -11212.300            NPLI
61144.000   10052 1353376  -10783.200            NPLI
61144.000   10052 1353457    3427.700            NPLI
61144.000   10052 1353413   45201.800            NPLI
61144.000   10052 1353453    5272.000            NPLI
61144.000   10052 1415225  118505.300            NPLI
61144.000   10052 1415365   48933.700            NPLI
61144.000   10052 1415363    3853.500            NPLI
61144.000   10052 1415364   11954.800            NPLI
61144.000   10091 1352370  -10456.100            LRTE
61144.000   10082 1351868       0.000            LT  
61144.000   10082 1351362   -1659.800            LT  
61144.000   10094 1353471  -61735.400            LUX 
61144.000   10094 1353544  -57597.700            LUX 
61144.000   10085 1353507       0.000            NIMB
61144.000   10041 1404113  331836.500            MIKE
61144.000   10041 1404108   32279.600            MIKE
61144.000   10041 1404189  182585.800            MIKE
61144.000   10041 1412084   26602.000            MIKE
61144.000   10088 1361806  -12714.900            CNMP
61144.000   10088 1361752   -6740.200            CNMP
61144.000   10088 1363162    8582.800            CNMP
61144.000   10088 1363179  -67429.000            CNMP
61144.000   10063 1360274    3284.500            MSL 
61144.000   10063 1363396   -4289.900            MSL 
61144.000   10063 1363872  115500.500            MSL 
61144.000   10081 1353476    3717.100            NIMT
61144.000   10081 1353472   46639.000            NIMT
61144.000   10081 1353470   46956.600            NIMT
61144.000   10013 1410102   -3027.600            NAO 
61144.000   10013 1350779    5438.400            NAO 
61144.000   10013 1351689    -659.600            NAO 
61144.000   10013 1351214     107.400            NAO 
61144.000   10020 1350343  129584.600            NICT
61144.000   10020 1350907   34722.500            NICT
61144.000   10020 1351226  -16819.200            NICT
61144.000   10020 1351778   76043.300            NICT
61144.000   10020 1351789   -8402.000            NICT
61144.000   10020 1351866    1399.100            NICT
61144.000   10020 1351944  109766.600            NICT
61144.000   10020 1352011  107893.700            NICT
61144.000   10020 1352056  110302.200            NICT
61144.000   10020 1352113  -46064.600            NICT
61144.000   10020 1352116  -27096.900            NICT
61144.000   10020 1352570   88573.000            NICT
61144.000   10020 1352620   61153.100            NICT
61144.000   10020 1352627  -24094.500            NICT
61144.000   10020 1352628  -25532.600            NICT
61144.000   10020 1352784   42709.700            NICT
61144.000   10020 1352876  123499.500            NICT
61144.000   10020 1352903   53058.200            NICT
61144.000   10020 1353594  -14481.300            NICT
61144.000   10020 1353716  -29059.100            NICT
61144.000   10020 1353717  -51199.500            NICT
61144.000   10020 1353718  -45799.000            NICT
61144.000   10020 1353720  -54559.300            NICT
61144.000   10020 1353722  -31136.600            NICT
61144.000   10020 1353909   27756.500            NICT
61144.000   10020 1353912  -39194.900            NICT
61144.000   10020 1353916  -73335.000            NICT
61144.000   10020 1353918   39806.500            NICT
61144.000   10020 1354230   68920.700            NICT
61144.000   10020 1402003   16666.100            NICT
61144.000   10020 1402004  -10377.900            NICT
61144.000   10020 1402012   29993.000            NICT
61144.000   10020 1402013   47627.500            NICT
61144.000   10020 1402014   -2034.800            NICT
61144.000   10020 1402015   77904.000            NICT
61144.000   10020 1411041  -69346.300            NICT
61144.000   10020 1411062   32057.000            NICT
61144.000   10020 1412060   66347.500            NICT
61144.000   10002 1412108  593328.200            NIST
61144.000   10002 1412014 -534220.800            NIST
61144.000   10002 1400004 -192631.700            NIST
61144.000   10002 1400222  731759.500            NIST
61144.000   10002 1400209 -445545.300            NIST
61144.000   10002 1400212  555408.500            NIST
61144.000   10002 1400207  694163.400            NIST
61144.000   10002 1412015  639288.400            NIST
61144.000   10002 1400210  241647.100            NIST
61144.000   10002 1400205  978797.200            NIST
61144.000   10002 1412099  339381.100            NIST
61144.000   10002 1412006  151769.100            NIST
61144.000   10002 1442021 -563404.000            NIST
61144.000   10002 1352935 -655514.100            NIST
61144.000   10002 1352579  980056.700            NIST
61144.000   10002 1402205 -216965.600            NIST
61144.000   10050 1320293  137110.600            NMIJ
61144.000   10017 1412011   48534.200            NPL 
61144.000   10017 1412050   47104.000            NPL 
61144.000   10003 1352150    8251.700            NRC 
61144.000   10003 1362225   17081.200            NRC 
61144.000   10003 1352115   19604.200            NRC 
61144.000   10003 1352148    3176.300            NRC 
61144.000   10003 1400306   92408.200            NRC 
61144.000   10003 1400307   11637.600            NRC 
61144.000   10049 1415324   -1644.500            NTSC
61144.000   10049 1415322    2713.200            NTSC
61144.000   10049 1415316   -5894.200            NTSC
61144.000   10049 1415082   52419.300            NTSC
61144.000   10049 1414922    6349.700            NTSC
61144.000   10049 1404967    5962.400            NTSC
61144.000   10049 1354937   14359.900            NTSC
61144.000   10049 1352142   15173.400            NTSC
61144.000   10016 1354619       0.000            INXE
61144.000   10008 1352027   33968.400            OP  
61144.000   10008 1400889    6032.100            OP  
61144.000   10008 1353765   80058.100            OP  
61144.000   10008 1400810   21675.900            OP  
61144.000   10008 1400809   36833.400            OP  
61144.000   10008 1400890   30715.400            OP  
61144.000   10026 1352722   -2167.300            ORB 
61144.000   10026 1352724   10101.100            ORB 
61144.000   10026 1411030   80056.300            ORB 
61144.000   10026 1402602  375921.900            ORB 
61144.000   10026 1352723    1691.100            ORB 
61144.000   10040 1350441    -795.400            PL  
61144.000   10040 1415318  -53291.800            PL  
61144.000   10040 1415321   26889.900            PL  
61144.000   10040 1354603     177.900            PL  
61144.000   10040 1354597     269.200            PL  
61144.000   10005 1920001   41625.900            PTB 
61144.000   10005 1920002   37619.900            PTB 
61144.000   10005 1355322    8954.700            PTB 
61144.000   10005 1400510    9382.300            PTB 
61144.000   10005 1400506   33099.800            PTB 
61144.000   10005 1400508   33671.900            PTB 
61144.000   10005 1400509   10123.300            PTB 
61144.000   10005 1415245   -6243.600            PTB 
61144.000   10005 1400512    7263.600            PTB 
61144.000   10005 1415221    3598.400            PTB 
61144.000   10019 1351942   69827.700            ONRJ
61144.000   10019 1320337   51328.700            ONRJ
61144.000   10019 1354204   73363.000            ONRJ
61144.000   10019 1350147   59793.200            ONRJ
61144.000   10019 1350102   19871.700            ONRJ
61144.000   10019 1353364   39231.400            ONRJ
61144.000   10019 1351153  -12233.100            ONRJ
61144.000   10019 1401958  132075.200            ONRJ
61144.000   10014 1350583   -4984.900            ROA 
61144.000   10014 1350718   -2454.900            ROA 
61144.000   10014 1361490   87520.000            ROA 
61144.000   10014 1361488   85787.900            ROA 
61144.000   10014 1351699   55322.400            ROA 
61144.000   10014 1401436 1971827.000            ROA 
61144.000   10014 1412032 1325943.500            ROA 
61144.000   10014 1352270    7940.700            ROA 
61144.000   10062 1352932       0.000            SASO
61144.000   10062 1352931     697.700            SASO
61144.000   10062 1351628    1103.200            SASO
61144.000   10062 1350221    -853.800            SASO
61144.000   10067 1352525   -8650.100            SCL 
61144.000   10067 1352178  -20654.500            SCL 
61144.000   10067 1415314    1639.000            SCL 
61144.000   10067 1353448    1452.300            SCL 
61144.000   10079 1352003   34204.600            SMD 
61144.000   10079 1352543  -26716.300            SMD 
61144.000   10079 1411049   -1926.900            SMD 
61144.000   10072 1352745  -22375.600            SP  
61144.000   10072 1352749   22868.600            SP  
61144.000   10072 1352758   -2476.800            SP  
61144.000   10072 1354707    6564.500            SP  
61144.000   10072 1362295    4414.500            SP  
61144.000   10072 1365149   59611.500            SP  
61144.000   10072 1407201    2050.500            SP  
61144.000   10072 1407223  157310.800            SP  
61144.000   10072 1407231  258425.100            SP  
61144.000   10072 1407232  413873.400            SP  
61144.000   10072 1415319   42958.400            SP  
61144.000   10038 1403809 -410336.100            SU  
61144.000   10038 1403811 -282025.600            SU  
61144.000   10038 1403812  -24983.300            SU  
61144.000   10038 1403844 -560624.100            SU  
61144.000   10038 1403853    4734.100            SU  
61144.000   10038 1403833 -395750.400            SU  
61144.000   10038 1403846   48276.500            SU  
61144.000   10038 1403814 -646776.000            SU  
61144.000   10038 1403815 -331450.400            SU  
61144.000   10038 1403834   11218.300            SU  
61144.000   10038 1403841  -36792.700            SU  
61144.000   10038 1403840   10537.600            SU  
61144.000   10038 1403845 -454067.600            SU  
61144.000   10030 1403011  180360.600            TL  
61144.000   10030 1413202  242209.900            TL  
61144.000   10030 1353942  -37709.000            TL  
61144.000   10030 1353947   56385.500            TL  
61144.000   10030 1354060  -14470.600            TL  
61144.000   10022 1320211 1999882.300            TP  
61144.000   10022 1320247  998916.200            TP  
61144.000   10022 1351227       0.000            TP  
61144.000   10022 1352179     118.300            TP  
61144.000   10022 1352476     590.000            TP  
61144.000   10022 1353519    -129.400            TP  
61144.000   10022 1411076     622.000            TP  
61144.000   10068 1411028       0.000            UME 
61144.000   10068 1352703      26.700            UME 
61144.000   10068 1350251      57.800            UME 
61144.000   10068 1350872     -60.900            UME 
61144.000   10068 1352710      75.600            UME 
61144.000   10007 1400711 3316913.100            USNO
61144.000   10007 1400712  275562.800            USNO
61144.000   10007 1400719  468947.400            USNO
61144.000   10007 1400702  -65442.500            USNO
61144.000   10007 1400708  671662.700            USNO
61144.000   10007 1400704  116355.300            USNO
61144.000   10007 1400718 1958547.400            USNO
61144.000   10007 1400710 -810322.700            USNO
61144.000   10007 1400726 1307479.400            USNO
61144.000   10007 1400715  428639.300            USNO
61144.000   10007 1350161   80936.600            USNO
61144.000   10007 1400727 -743947.700            USNO
61144.000   10007 1400729 2259460.700            USNO
61144.000   10007 1400725 -220178.800            USNO
61144.000   10007 1400724 -821123.700            USNO
61144.000   10007 1400723 -605177.700            USNO
61144.000   10007 1400722 2689433.800            USNO
61144.000   10007 1400721  475530.900            USNO
61144.000   10007 1400720 1257947.000            USNO
61144.000   10007 1400730 2167214.900            USNO
61144.000   10007 1400731 -412318.800            USNO
61144.000   10007 1400732  769760.600            USNO
61144.000   10007 1400736 1218815.700            USNO
61144.000   10007 1400737 2465560.000            USNO
61144.000   10007 1400740 1133317.800            USNO
61144.000   10007 1400713  460609.000            USNO
61144.000   10007 1400714   97728.500            USNO
61144.000   10007 1400716  694478.600            USNO
61144.000   10007 1400738  111307.200            USNO
61144.000   10064 1355005       0.000            UZ  
61144.000   10064 1354998 5168120.600            UZ  
61144.000   10028 1353669   19595.900            VMI 
61144.000   10028 1361233   12157.600            VMI 
61144.000   10028 1353670  -25829.100            VMI 
61144.000   10024 1411040   -2954.700            VSL 
61144.000   10024 1354466   10049.000            VSL 
61144.000   10024 1355008    7297.100            VSL 
61144.000   10024 1355697    1249.300            VSL 
61144.000   10055 1352191    -101.500            DMDM
61144.000   10055 1362033  -57261.500            DMDM
