61154.000   10021 1352938       0.000            UAE 
61154.000   10021 1352940   -3333.600            UAE 
61154.000   10046 1404601   26576.600            AOS 
61154.000   10046 1352394   -1101.400            AOS 
61154.000   10031 1353842    2424.500            APL 
61154.000   10031 1403107  265306.400            APL 
61154.000   10031 1403108  504238.900            APL 
61154.000   10031 1403109  135152.700            APL 
61154.000   10031 1412174   30084.000            APL 
61154.000   10054 1362269     123.000            AUS 
61154.000   10054 1360340   12890.000            AUS 
61154.000   10054 1360654  -44756.000            AUS 
61154.000   10054 1363814    4611.000            AUS 
61154.000   10054 1364971    7588.000            AUS 
61154.000   10054 1360299   28606.000            AUS 
61154.000   10101 1355360       0.000            AZ  
61154.000   10101 1355361   -1275.300            AZ  
61154.000   10075 1352685    3328.400            IMBH
61154.000   10075 1320192   -8711.100            IMBH
61154.000   10075 1320193  -41827.600            IMBH
61154.000   10071 1353447     803.400            BIRM
61154.000   10071 1353689    9939.500            BIRM
61154.000   10071 1407107 -421479.600            BIRM
61154.000   10071 1407112  -10205.300            BIRM
61154.000   10071 1415303   -4818.700            BIRM
61154.000   10071 1415304  -11696.300            BIRM
61154.000   10071 1415305  -20660.800            BIRM
61154.000   10092 1363159    4095.100            ICE 
61154.000   10092 1363522    3659.200            ICE 
61154.000   10057 1355202    -749.000            CH  
61154.000   10057 1373644    -997.000            CH  
61154.000   10057 1405701   -2090.900            CH  
61154.000   10057 1405702   21532.800            CH  
61154.000   10057 1411117     -56.200            CH  
61154.000   10073 1353612  -13915.400            CNM 
61154.000   10073 1413211   -1037.300            CNM 
61154.000   10073 1413212   61073.600            CNM 
61154.000   10074 1411045    4865.700            DLR 
61154.000   10053 1350136     -83.300            DTAG
61154.000   10053 1355332   -1537.600            DTAG
61154.000   10053 1352635    2616.500            DTAG
61154.000   10025 1352025    4319.800            ESA 
61154.000   10025 1351615   -4690.500            ESA 
61154.000   10025 1352353   11786.000            ESA 
61154.000   10025 1352210   29679.700            ESA 
61154.000   10025 1402543  -38656.900            ESA 
61154.000   10025 1402541 -113072.100            ESA 
61154.000   10025 1411033   -2079.300            ESA 
61154.000   10089 1354233       0.000            HKO 
61154.000   10089 1355122    1297.000            HKO 
61154.000   10099 1354701       0.000            IFZG
61154.000   10093 1353401       0.000            NSAI
61154.000   10044 1361167     983.000            IFAG
61154.000   10044 1361173     286.000            IFAG
61154.000   10044 1361629   10489.100            IFAG
61154.000   10044 1361732    7206.000            IFAG
61154.000   10044 1361798     686.700            IFAG
61154.000   10044 1404439    4473.900            IFAG
61154.000   10044 1404418   15316.700            IFAG
61154.000   10048 1404878  951422.000            NIM 
61154.000   10048 1404871 1077818.600            NIM 
61154.000   10048 1404832 1086499.700            NIM 
61154.000   10048 1404879 1921691.900            NIM 
61154.000   10048 1404880 2203772.000            NIM 
61154.000   10048 1352742  113250.600            NIM 
61154.000   10048 1404849 1415011.300            NIM 
61154.000   10048 1404856   94112.500            NIM 
61154.000   10048 1404857   24962.600            NIM 
61154.000   10048 1404821    3005.200            NIM 
61154.000   10048 1404850     690.900            NIM 
61154.000   10048 1404870    5655.300            NIM 
61154.000   10015 1362377       0.000            INTI
61154.000   10015 1363270   12586.000            INTI
61154.000   10015 1363511    6206.900            INTI
61154.000   10070 1353546    8466.200            IPQ 
61154.000   10083 1353654   10012.300            NIS 
61154.000   10083 1354391   17839.300            NIS 
61154.000   10083 1353812  -29505.500            NIS 
61154.000   10083 1352182   -4314.200            NIS 
61154.000   10011 1350219   -1102.400            IT  
61154.000   10011 1352487    -585.000            IT  
61154.000   10011 1401101  270194.600            IT  
61154.000   10011 1401102  297585.600            IT  
61154.000   10011 1401103   36260.500            IT  
61154.000   10011 1401104    7023.800            IT  
61154.000   10011 1411079   -1483.200            IT  
61154.000   10011 1411078    4106.200            IT  
61154.000   10035 1350832   17893.800            BSJ 
61154.000   10035 1350833    9845.900            BSJ 
61154.000   10087 1361277 -112317.200            JV  
61154.000   10087 1362617   70922.600            JV  
61154.000   10087 1415218  -42154.200            JV  
61154.000   10087 1411122   17150.800            JV  
61154.000   10056 1351783   41071.100            KRIS
61154.000   10056 1405624  169623.000            KRIS
61154.000   10056 1405625  491047.300            KRIS
61154.000   10056 1405626   16054.600            KRIS
61154.000   10027 1415201    -700.400            KZ  
61154.000   10027 1415205    1872.700            KZ  
61154.000   10027 1415266   -2865.600            KZ  
61154.000   10052 1351324  -11203.200            NPLI
61154.000   10052 1353376  -10817.300            NPLI
61154.000   10052 1353457    3456.800            NPLI
61154.000   10052 1353413   45323.300            NPLI
61154.000   10052 1353453    5293.400            NPLI
61154.000   10052 1415225  119442.300            NPLI
61154.000   10052 1415365   49267.700            NPLI
61154.000   10052 1415363    3957.400            NPLI
61154.000   10052 1415364   12073.800            NPLI
61154.000   10091 1352370  -10658.900            LRTE
61154.000   10082 1351868       0.000            LT  
61154.000   10082 1351362   -1643.100            LT  
61154.000   10094 1353471  -61843.600            LUX 
61154.000   10094 1353544  -57559.100            LUX 
61154.000   10085 1353507       0.000            NIMB
61154.000   10041 1404113  332824.700            MIKE
61154.000   10041 1404108   32702.300            MIKE
61154.000   10041 1404189  182191.500            MIKE
61154.000   10041 1412084   26480.200            MIKE
61154.000   10088 1361806  -12739.100            CNMP
61154.000   10088 1361752   -6739.900            CNMP
61154.000   10088 1363162    8663.000            CNMP
61154.000   10088 1363179  -67567.400            CNMP
61154.000   10063 1360274    3310.300            MSL 
61154.000   10063 1363396   -4270.700            MSL 
61154.000   10063 1363872  115984.300            MSL 
61154.000   10081 1353476    3603.000            NIMT
61154.000   10081 1353472   46772.800            NIMT
61154.000   10081 1353470   47137.100            NIMT
61154.000   10013 1410102    2001.600            NAO 
61154.000   10013 1350779     476.500            NAO 
61154.000   10013 1351689    4356.300            NAO 
61154.000   10013 1351214     107.400            NAO 
61154.000   10020 1350343  129854.700            NICT
61154.000   10020 1350907   34570.300            NICT
61154.000   10020 1351226  -16844.700            NICT
61154.000   10020 1351778   76160.500            NICT
61154.000   10020 1351789   -8471.600            NICT
61154.000   10020 1351866    1377.700            NICT
61154.000   10020 1351944  109888.400            NICT
61154.000   10020 1352011  107866.500            NICT
61154.000   10020 1352056  110429.600            NICT
61154.000   10020 1352113  -46109.500            NICT
61154.000   10020 1352116  -27058.400            NICT
61154.000   10020 1352570   88652.200            NICT
61154.000   10020 1352620   61303.800            NICT
61154.000   10020 1352627  -24262.400            NICT
61154.000   10020 1352628  -25646.800            NICT
61154.000   10020 1352784   42599.300            NICT
61154.000   10020 1352876  123467.400            NICT
61154.000   10020 1352903   53113.900            NICT
61154.000   10020 1353594  -14435.500            NICT
61154.000   10020 1353716  -29162.900            NICT
61154.000   10020 1353717  -51425.700            NICT
61154.000   10020 1353718  -46060.500            NICT
61154.000   10020 1353720  -54702.900            NICT
61154.000   10020 1353722  -31218.700            NICT
61154.000   10020 1353909   27822.600            NICT
61154.000   10020 1353912  -39400.900            NICT
61154.000   10020 1353916  -73673.700            NICT
61154.000   10020 1353918   39976.300            NICT
61154.000   10020 1354230   68977.400            NICT
61154.000   10020 1402003   16783.700            NICT
61154.000   10020 1402004  -10610.500            NICT
61154.000   10020 1402012   29522.300            NICT
61154.000   10020 1402013   48859.500            NICT
61154.000   10020 1402014   -1966.500            NICT
61154.000   10020 1402015   79137.100            NICT
61154.000   10020 1411041  -70654.900            NICT
61154.000   10020 1411062   31855.600            NICT
61154.000   10020 1412060   67158.200            NICT
61154.000   10002 1412108  600776.300            NIST
61154.000   10002 1412014 -532743.700            NIST
61154.000   10002 1400004 -191826.200            NIST
61154.000   10002 1400222  732352.300            NIST
61154.000   10002 1400209 -444818.400            NIST
61154.000   10002 1400212  567631.500            NIST
61154.000   10002 1400207  701153.900            NIST
61154.000   10002 1412015  643908.000            NIST
61154.000   10002 1400210  250811.200            NIST
61154.000   10002 1400205  978613.900            NIST
61154.000   10002 1412099  351089.700            NIST
61154.000   10002 1412006  161914.000            NIST
61154.000   10002 1442021 -562872.600            NIST
61154.000   10002 1352935 -655754.800            NIST
61154.000   10002 1352579  980234.900            NIST
61154.000   10002 1402205 -211539.900            NIST
61154.000   10050 1320293  139420.000            NMIJ
61154.000   10017 1412011   48658.200            NPL 
61154.000   10017 1412050   47403.300            NPL 
61154.000   10003 1352150    8267.400            NRC 
61154.000   10003 1362225   17071.600            NRC 
61154.000   10003 1352115   19666.400            NRC 
61154.000   10003 1352148    3170.400            NRC 
61154.000   10003 1400306   92448.400            NRC 
61154.000   10003 1400307   11761.400            NRC 
61154.000   10049 1415324   -1636.300            NTSC
61154.000   10049 1415322    2796.100            NTSC
61154.000   10049 1415316   -5966.300            NTSC
61154.000   10049 1415082   53038.100            NTSC
61154.000   10049 1414922    6509.900            NTSC
61154.000   10049 1404967    6099.100            NTSC
61154.000   10049 1354937   14371.100            NTSC
61154.000   10049 1352142   15171.900            NTSC
61154.000   10016 1354619       0.000            INXE
61154.000   10008 1352027   34114.200            OP  
61154.000   10008 1400889    6268.900            OP  
61154.000   10008 1353765   80305.500            OP  
61154.000   10008 1400810   21903.500            OP  
61154.000   10008 1400809   37158.200            OP  
61154.000   10008 1400890   30977.600            OP  
61154.000   10026 1352722   -2189.000            ORB 
61154.000   10026 1352724   10214.500            ORB 
61154.000   10026 1411030   80854.200            ORB 
61154.000   10026 1402602  380941.100            ORB 
61154.000   10026 1352723    1729.800            ORB 
61154.000   10040 1350441    -795.100            PL  
61154.000   10040 1415318  -62412.600            PL  
61154.000   10040 1415321   27181.600            PL  
61154.000   10040 1354603     195.200            PL  
61154.000   10040 1354597     282.800            PL  
61154.000   10005 1920001   41645.000            PTB 
61154.000   10005 1920002   37637.200            PTB 
61154.000   10005 1355322    8991.200            PTB 
61154.000   10005 1400510    9477.700            PTB 
61154.000   10005 1400506   33266.200            PTB 
61154.000   10005 1400508   33840.400            PTB 
61154.000   10005 1400509   10173.300            PTB 
61154.000   10005 1415245   -6384.100            PTB 
61154.000   10005 1400512    7364.600            PTB 
61154.000   10005 1415221    3607.000            PTB 
61154.000   10019 1351942   70037.800            ONRJ
61154.000   10019 1320337   51420.400            ONRJ
61154.000   10019 1354204   73828.300            ONRJ
61154.000   10019 1350147   59850.000            ONRJ
61154.000   10019 1350102   20154.100            ONRJ
61154.000   10019 1353364   39331.200            ONRJ
61154.000   10019 1351153  -12362.600            ONRJ
61154.000   10019 1401958  133442.600            ONRJ
61154.000   10014 1350583   -5034.000            ROA 
61154.000   10014 1350718   -2378.700            ROA 
61154.000   10014 1361490   87573.600            ROA 
61154.000   10014 1361488   85936.100            ROA 
61154.000   10014 1351699   55388.800            ROA 
61154.000   10014 1401436 1978051.300            ROA 
61154.000   10014 1412032 1332434.600            ROA 
61154.000   10014 1352270    7956.500            ROA 
61154.000   10062 1352932       0.000            SASO
61154.000   10062 1352931     817.500            SASO
61154.000   10062 1351628    1167.900            SASO
61154.000   10062 1350221    -921.600            SASO
61154.000   10067 1352525   -8742.300            SCL 
61154.000   10067 1352178  -20834.200            SCL 
61154.000   10067 1415314    1756.700            SCL 
61154.000   10067 1353448    1695.000            SCL 
61154.000   10079 1352003   34275.700            SMD 
61154.000   10079 1352543  -26855.900            SMD 
61154.000   10079 1411049   -1920.800            SMD 
61154.000   10072 1352745  -22531.800            SP  
61154.000   10072 1352749   23128.400            SP  
61154.000   10072 1352758   -2488.500            SP  
61154.000   10072 1354707    6551.400            SP  
61154.000   10072 1362295    4697.700            SP  
61154.000   10072 1365149   60473.600            SP  
61154.000   10072 1407201    2408.200            SP  
61154.000   10072 1407223  157937.300            SP  
61154.000   10072 1407231  260930.100            SP  
61154.000   10072 1407232  417340.200            SP  
61154.000   10072 1415319   43232.000            SP  
61154.000   10038 1403809 -410500.500            SU  
61154.000   10038 1403811 -282013.900            SU  
61154.000   10038 1403812  -24649.900            SU  
61154.000   10038 1403844 -560407.100            SU  
61154.000   10038 1403853    4864.400            SU  
61154.000   10038 1403833 -395500.900            SU  
61154.000   10038 1403846   48551.700            SU  
61154.000   10038 1403814 -645555.000            SU  
61154.000   10038 1403815 -331161.700            SU  
61154.000   10038 1403834   11406.500            SU  
61154.000   10038 1403841  -36340.700            SU  
61154.000   10038 1403840   10691.800            SU  
61154.000   10038 1403845 -454136.400            SU  
61154.000   10030 1403011  185855.800            TL  
61154.000   10030 1413202  247250.300            TL  
61154.000   10030 1353942  -37930.900            TL  
61154.000   10030 1353947   56664.200            TL  
61154.000   10030 1354060  -14549.400            TL  
61154.000   10022 1320211 1999892.100            TP  
61154.000   10022 1320247  998923.700            TP  
61154.000   10022 1351227       0.000            TP  
61154.000   10022 1352179     115.400            TP  
61154.000   10022 1352476     587.300            TP  
61154.000   10068 1411028       0.000            UME 
61154.000   10068 1352703      44.700            UME 
61154.000   10068 1350251      75.800            UME 
61154.000   10068 1350872    -190.700            UME 
61154.000   10068 1352710     215.900            UME 
61154.000   10007 1400711 3322529.900            USNO
61154.000   10007 1400712  276260.800            USNO
61154.000   10007 1400719  471021.900            USNO
61154.000   10007 1400702  -65415.100            USNO
61154.000   10007 1400708  672981.600            USNO
61154.000   10007 1400704  116858.500            USNO
61154.000   10007 1400718 1962420.100            USNO
61154.000   10007 1400710 -815097.200            USNO
61154.000   10007 1400726 1312344.000            USNO
61154.000   10007 1400715  430433.000            USNO
61154.000   10007 1350161   80915.000            USNO
61154.000   10007 1400727 -747296.700            USNO
61154.000   10007 1400729 2266859.100            USNO
61154.000   10007 1400725 -220313.100            USNO
61154.000   10007 1400724 -822209.300            USNO
61154.000   10007 1400723 -605011.200            USNO
61154.000   10007 1400722 2686847.300            USNO
61154.000   10007 1400721  483632.800            USNO
61154.000   10007 1400720 1258901.700            USNO
61154.000   10007 1400730 2173265.900            USNO
61154.000   10007 1400731 -414038.900            USNO
61154.000   10007 1400732  773552.100            USNO
61154.000   10007 1400736 1219360.400            USNO
61154.000   10007 1400737 2468362.700            USNO
61154.000   10007 1400740 1139545.900            USNO
61154.000   10007 1400713  462076.800            USNO
61154.000   10007 1400714   98406.100            USNO
61154.000   10007 1400716  696927.900            USNO
61154.000   10007 1400738  113204.500            USNO
61154.000   10064 1355005       0.000            UZ  
61154.000   10064 1354998 5034448.500            UZ  
61154.000   10028 1353669   19614.800            VMI 
61154.000   10028 1361233   12178.600            VMI 
61154.000   10028 1353670  -26075.600            VMI 
61154.000   10024 1411040   -3010.200            VSL 
61154.000   10024 1354466   10111.400            VSL 
61154.000   10024 1355008    7381.400            VSL 
61154.000   10024 1355697    1348.800            VSL 
61154.000   10055 1352191     -90.600            DMDM
61154.000   10055 1362033  -57843.600            DMDM
