61205.000   10021 1352938       0.000            UAE 
61205.000   10021 1352940   -4775.800            UAE 
61205.000   10046 1404601   27810.500            AOS 
61205.000   10046 1352394   -1324.300            AOS 
61205.000   10031 1353842    2414.700            APL 
61205.000   10031 1403107  270547.800            APL 
61205.000   10031 1403108  543953.900            APL 
61205.000   10031 1403109  136468.500            APL 
61205.000   10031 1412174   36166.900            APL 
61205.000   10054 1362269     184.000            AUS 
61205.000   10054 1360340   13250.000            AUS 
61205.000   10054 1360654  -46102.000            AUS 
61205.000   10054 1363814    4811.000            AUS 
61205.000   10054 1364971    7958.000            AUS 
61205.000   10054 1360299   29200.000            AUS 
61205.000   10101 1355360       0.000            AZ  
61205.000   10101 1355361     -87.400            AZ  
61205.000   10075 1352685    3506.400            IMBH
61205.000   10075 1320192   -8999.900            IMBH
61205.000   10075 1320193  -43735.900            IMBH
61205.000   10071 1353447     595.100            BIRM
61205.000   10071 1353689    9948.100            BIRM
61205.000   10071 1407103    -682.900            BIRM
61205.000   10071 1407107 -440373.700            BIRM
61205.000   10071 1407111   -1950.200            BIRM
61205.000   10071 1407112  -12290.300            BIRM
61205.000   10071 1415303   -5915.600            BIRM
61205.000   10071 1415304  -13533.200            BIRM
61205.000   10071 1415305  -22086.300            BIRM
61205.000   10092 1363159    3743.900            ICE 
61205.000   10092 1363522    3752.900            ICE 
61205.000   10057 1355202    -848.900            CH  
61205.000   10057 1373644   -1193.100            CH  
61205.000   10057 1405701   -2336.000            CH  
61205.000   10057 1405702   20431.000            CH  
61205.000   10057 1411117    -109.900            CH  
61205.000   10073 1353612  -15534.700            CNM 
61205.000   10073 1413211    -988.600            CNM 
61205.000   10073 1413212   72057.200            CNM 
61205.000   10074 1411045    5630.000            DLR 
61205.000   10053 1350136     -83.300            DTAG
61205.000   10053 1355332   -1404.600            DTAG
61205.000   10053 1352635    2473.400            DTAG
61205.000   10025 1352025    4474.900            ESA 
61205.000   10025 1351615   -4860.800            ESA 
61205.000   10025 1352353   12135.000            ESA 
61205.000   10025 1352210   30729.300            ESA 
61205.000   10025 1402543  -45068.400            ESA 
61205.000   10025 1402541 -125043.600            ESA 
61205.000   10025 1411033   -2900.400            ESA 
61205.000   10089 1354233       0.000            HKO 
61205.000   10089 1355122    1375.200            HKO 
61205.000   10099 1354701       0.000            IFZG
61205.000   10093 1353401       0.000            NSAI
61205.000   10044 1361167     618.000            IFAG
61205.000   10044 1361173      52.200            IFAG
61205.000   10044 1361629   11205.700            IFAG
61205.000   10044 1361732    7847.600            IFAG
61205.000   10044 1361798     106.300            IFAG
61205.000   10044 1404439    4101.900            IFAG
61205.000   10044 1404418   15064.300            IFAG
61205.000   10048 1404878  975954.600            NIM 
61205.000   10048 1404871 1107214.400            NIM 
61205.000   10048 1404832 1125603.900            NIM 
61205.000   10048 1404879 1950575.900            NIM 
61205.000   10048 1404880 2234096.400            NIM 
61205.000   10048 1352742  114691.800            NIM 
61205.000   10048 1404849 1415351.500            NIM 
61205.000   10048 1404856   94492.000            NIM 
61205.000   10048 1404857   24741.500            NIM 
61205.000   10048 1404821    3188.100            NIM 
61205.000   10048 1404850     772.700            NIM 
61205.000   10048 1404870    6048.700            NIM 
61205.000   10015 1362377       0.000            INTI
61205.000   10015 1363270      60.100            INTI
61205.000   10015 1363511    6404.500            INTI
61205.000   10070 1353546    9350.500            IPQ 
61205.000   10083 1353654   10232.400            NIS 
61205.000   10083 1354391   18739.600            NIS 
61205.000   10083 1353812  -30692.600            NIS 
61205.000   10083 1352182   -4518.300            NIS 
61205.000   10011 1350219   -1159.800            IT  
61205.000   10011 1352487    -747.300            IT  
61205.000   10011 1401101  296912.700            IT  
61205.000   10011 1401102  302598.200            IT  
61205.000   10011 1401103   38306.700            IT  
61205.000   10011 1401104    4117.800            IT  
61205.000   10011 1411079   -1912.700            IT  
61205.000   10011 1411078    5034.000            IT  
61205.000   10011 1422012     -38.100            IT  
61205.000   10035 1350832   18691.600            BSJ 
61205.000   10035 1350833   10387.700            BSJ 
61205.000   10087 1361277 -112821.400            JV  
61205.000   10087 1362617   71768.700            JV  
61205.000   10087 1415218  -42195.300            JV  
61205.000   10087 1411122   18709.900            JV  
61205.000   10056 1351783   42165.100            KRIS
61205.000   10056 1405624  177078.400            KRIS
61205.000   10056 1405625  513071.600            KRIS
61205.000   10056 1405626   16974.200            KRIS
61205.000   10027 1415201     -14.500            KZ  
61205.000   10027 1415205      90.400            KZ  
61205.000   10027 1415266    -218.700            KZ  
61205.000   10052 1351324  -11290.700            NPLI
61205.000   10052 1353376  -10967.000            NPLI
61205.000   10052 1353457    3532.000            NPLI
61205.000   10052 1353413   45924.300            NPLI
61205.000   10052 1353453    5420.400            NPLI
61205.000   10052 1415225  124310.100            NPLI
61205.000   10052 1415365   50975.700            NPLI
61205.000   10052 1415363    4490.200            NPLI
61205.000   10052 1415364   12683.100            NPLI
61205.000   10091 1352370  -12084.000            LRTE
61205.000   10082 1351868       0.000            LT  
61205.000   10082 1351362   -1673.200            LT  
61205.000   10094 1353471  -62361.800            LUX 
61205.000   10094 1353544  -57328.000            LUX 
61205.000   10085 1353507       0.000            NIMB
61205.000   10041 1404113  337861.500            MIKE
61205.000   10041 1404108   35009.300            MIKE
61205.000   10041 1404189  180494.900            MIKE
61205.000   10041 1412084   25855.300            MIKE
61205.000   10088 1361806  -12934.600            CNMP
61205.000   10088 1361752   -6854.600            CNMP
61205.000   10088 1363162    9030.200            CNMP
61205.000   10088 1363179  -68440.500            CNMP
61205.000   10063 1360274    3391.200            MSL 
61205.000   10063 1363396   -4297.900            MSL 
61205.000   10063 1363872  118451.400            MSL 
61205.000   10081 1353476    3043.700            NIMT
61205.000   10081 1353472   47367.500            NIMT
61205.000   10081 1353470   48046.200            NIMT
61205.000   10013 1410102    1660.700            NAO 
61205.000   10013 1350779     425.800            NAO 
61205.000   10013 1351689     339.500            NAO 
61205.000   10013 1351214     107.400            NAO 
61205.000   10020 1350343  131241.300            NICT
61205.000   10020 1350907   33808.000            NICT
61205.000   10020 1351778   76857.500            NICT
61205.000   10020 1351789   -8809.700            NICT
61205.000   10020 1351866    1379.300            NICT
61205.000   10020 1351944  110499.400            NICT
61205.000   10020 1352011  107692.700            NICT
61205.000   10020 1352056  111085.100            NICT
61205.000   10020 1352113  -46302.900            NICT
61205.000   10020 1352116  -26825.900            NICT
61205.000   10020 1352570   89014.600            NICT
61205.000   10020 1352620   62086.600            NICT
61205.000   10020 1352627  -25044.900            NICT
61205.000   10020 1352628  -26300.700            NICT
61205.000   10020 1352784   42063.600            NICT
61205.000   10020 1352876  123253.500            NICT
61205.000   10020 1352903   53376.800            NICT
61205.000   10020 1353259  -14509.600            NICT
61205.000   10020 1353594  -14224.500            NICT
61205.000   10020 1353716  -29706.600            NICT
61205.000   10020 1353717  -52582.700            NICT
61205.000   10020 1353718  -47417.900            NICT
61205.000   10020 1353720  -55454.000            NICT
61205.000   10020 1353722  -31671.600            NICT
61205.000   10020 1353909   28216.800            NICT
61205.000   10020 1353912  -40483.400            NICT
61205.000   10020 1353916  -75432.800            NICT
61205.000   10020 1353918   40807.100            NICT
61205.000   10020 1354230   69195.000            NICT
61205.000   10020 1402003   17398.800            NICT
61205.000   10020 1402004  -11799.400            NICT
61205.000   10020 1402012   27194.000            NICT
61205.000   10020 1402013   55312.700            NICT
61205.000   10020 1402014   -1554.900            NICT
61205.000   10020 1402015   85543.700            NICT
61205.000   10020 1411041  -77406.300            NICT
61205.000   10020 1411062   30827.400            NICT
61205.000   10020 1412060   71388.100            NICT
61205.000   10002 1412108  639014.600            NIST
61205.000   10002 1412014 -525131.900            NIST
61205.000   10002 1400004 -187698.400            NIST
61205.000   10002 1400222  735374.900            NIST
61205.000   10002 1400209 -440947.300            NIST
61205.000   10002 1400212  630384.700            NIST
61205.000   10002 1400207  736880.500            NIST
61205.000   10002 1412015  667581.500            NIST
61205.000   10002 1400210  297762.300            NIST
61205.000   10002 1400205  977684.200            NIST
61205.000   10002 1412099  411163.200            NIST
61205.000   10002 1412006  213965.100            NIST
61205.000   10002 1442021 -559855.700            NIST
61205.000   10002 1352935 -656931.600            NIST
61205.000   10002 1352579  981223.000            NIST
61205.000   10002 1402205 -183752.000            NIST
61205.000   10050 1320293  151176.500            NMIJ
61205.000   10017 1412011   49331.200            NPL 
61205.000   10017 1412050   49264.900            NPL 
61205.000   10003 1352150    8395.300            NRC 
61205.000   10003 1362225   16910.200            NRC 
61205.000   10003 1352115   20026.800            NRC 
61205.000   10003 1352148    3134.400            NRC 
61205.000   10003 1400306   92748.400            NRC 
61205.000   10003 1400307   12404.800            NRC 
61205.000   10049 1415324   -1560.200            NTSC
61205.000   10049 1415322    3229.600            NTSC
61205.000   10049 1415316   -6337.500            NTSC
61205.000   10049 1415085    -484.300            NTSC
61205.000   10049 1414922    7348.000            NTSC
61205.000   10049 1404967    6817.500            NTSC
61205.000   10049 1354937   14333.500            NTSC
61205.000   10049 1352142   15117.800            NTSC
61205.000   10016 1354619       0.000            INXE
61205.000   10008 1352027   34945.100            OP  
61205.000   10008 1400889    7478.600            OP  
61205.000   10008 1353765   81525.900            OP  
61205.000   10008 1400810   23083.100            OP  
61205.000   10008 1400809   38838.100            OP  
61205.000   10008 1400890   32313.800            OP  
61205.000   10026 1352722   -1958.200            ORB 
61205.000   10026 1352724   10724.000            ORB 
61205.000   10026 1411030   84955.700            ORB 
61205.000   10026 1402602  406553.700            ORB 
61205.000   10026 1352723    1960.500            ORB 
61205.000   10040 1350441    -784.000            PL  
61205.000   10040 1415318 -118369.500            PL  
61205.000   10040 1415321   28841.000            PL  
61205.000   10040 1354603     266.700            PL  
61205.000   10040 1354597     265.900            PL  
61205.000   10005 1920001   41790.900            PTB 
61205.000   10005 1920002   37755.600            PTB 
61205.000   10005 1355322    9131.000            PTB 
61205.000   10005 1400510    9782.500            PTB 
61205.000   10005 1400506   34191.300            PTB 
61205.000   10005 1400508   34815.800            PTB 
61205.000   10005 1400509   10429.500            PTB 
61205.000   10005 1415245   -7119.600            PTB 
61205.000   10005 1400512    7889.000            PTB 
61205.000   10005 1415221    3650.500            PTB 
61205.000   10019 1351942   71004.200            ONRJ
61205.000   10019 1320337   51889.100            ONRJ
61205.000   10019 1354204   76252.500            ONRJ
61205.000   10019 1350147   60145.200            ONRJ
61205.000   10019 1353364   39811.800            ONRJ
61205.000   10019 1351153  -12939.500            ONRJ
61205.000   10019 1401958  140516.700            ONRJ
61205.000   10014 1350583   -5300.400            ROA 
61205.000   10014 1350718   -2052.500            ROA 
61205.000   10014 1361490   87930.700            ROA 
61205.000   10014 1361488   86519.000            ROA 
61205.000   10014 1351699   55712.700            ROA 
61205.000   10014 1401436 2009909.700            ROA 
61205.000   10014 1412032 1365705.900            ROA 
61205.000   10014 1352270    8001.100            ROA 
61205.000   10062 1352932       0.000            SASO
61205.000   10062 1352931    1404.000            SASO
61205.000   10062 1351628    1532.300            SASO
61205.000   10062 1350221   -1231.400            SASO
61205.000   10067 1352178  -21798.300            SCL 
61205.000   10067 1415314    2389.600            SCL 
61205.000   10067 1353448    2927.800            SCL 
61205.000   10072 1352745  -23280.400            SP  
61205.000   10072 1352750    1143.000            SP  
61205.000   10072 1352758   -2506.200            SP  
61205.000   10072 1354707    6478.700            SP  
61205.000   10072 1362295    6263.400            SP  
61205.000   10072 1362746    1217.700            SP  
61205.000   10072 1362749   24289.400            SP  
61205.000   10072 1362956   -4945.900            SP  
61205.000   10072 1365149   64933.100            SP  
61205.000   10072 1407201    4328.500            SP  
61205.000   10072 1407223  161147.200            SP  
61205.000   10072 1407231  273851.800            SP  
61205.000   10072 1407232  435144.600            SP  
61205.000   10072 1415319   44635.200            SP  
61205.000   10038 1403809 -411325.800            SU  
61205.000   10038 1403811 -281933.200            SU  
61205.000   10038 1403812  -22906.700            SU  
61205.000   10038 1403844 -559291.400            SU  
61205.000   10038 1403853    5534.200            SU  
61205.000   10038 1403833 -394211.500            SU  
61205.000   10038 1403846   49964.400            SU  
61205.000   10038 1403814 -639300.800            SU  
61205.000   10038 1403815 -329670.600            SU  
61205.000   10038 1403816 -297349.500            SU  
61205.000   10038 1403834   12384.900            SU  
61205.000   10038 1403841  -34022.200            SU  
61205.000   10038 1403840   11479.100            SU  
61205.000   10038 1403845 -454470.200            SU  
61205.000   10030 1403011  214039.900            TL  
61205.000   10030 1413202  260923.700            TL  
61205.000   10030 1353942  -39068.600            TL  
61205.000   10030 1353947   58056.000            TL  
61205.000   10030 1354060  -14930.200            TL  
61205.000   10022 1320211 1999890.200            TP  
61205.000   10022 1320247  998983.300            TP  
61205.000   10022 1351227       0.000            TP  
61205.000   10022 1352179      72.700            TP  
61205.000   10022 1352476     607.900            TP  
61205.000   10022 1353519    -138.800            TP  
61205.000   10068 1411028       0.000            UME 
61205.000   10068 1352703     125.300            UME 
61205.000   10068 1350251     270.100            UME 
61205.000   10068 1350872    -837.500            UME 
61205.000   10068 1352710     955.900            UME 
61205.000   10007 1400711 3351198.100            USNO
61205.000   10007 1400719  481317.100            USNO
61205.000   10007 1400702  -65266.500            USNO
61205.000   10007 1400708  679721.200            USNO
61205.000   10007 1400704  119428.400            USNO
61205.000   10007 1400718 1982222.000            USNO
61205.000   10007 1400710 -839432.500            USNO
61205.000   10007 1400715  439602.500            USNO
61205.000   10007 1350161   80811.400            USNO
61205.000   10007 1400727 -764255.700            USNO
61205.000   10007 1400729 2304789.600            USNO
61205.000   10007 1400725 -220991.000            USNO
61205.000   10007 1400724 -827743.700            USNO
61205.000   10007 1400723 -604119.300            USNO
61205.000   10007 1400722 2670138.400            USNO
61205.000   10007 1400721  525105.400            USNO
61205.000   10007 1400720 1263895.400            USNO
61205.000   10007 1400730 2204232.500            USNO
61205.000   10007 1400731 -422813.000            USNO
61205.000   10007 1400732  793008.300            USNO
61205.000   10007 1400736 1222272.300            USNO
61205.000   10007 1400737 2482820.200            USNO
61205.000   10007 1400740 1171543.900            USNO
61205.000   10007 1400713  469595.200            USNO
61205.000   10007 1400716  709433.800            USNO
61205.000   10007 1400733  147891.000            USNO
61205.000   10064 1355005       0.000            UZ  
61205.000   10064 1354998 4248401.400            UZ  
61205.000   10028 1353669  -11226.100            VMI 
61205.000   10028 1361233  -11246.900            VMI 
61205.000   10028 1353670  -11344.000            VMI 
61205.000   10024 1411040   -3301.500            VSL 
61205.000   10024 1354466   10468.200            VSL 
61205.000   10024 1355008    7785.000            VSL 
61205.000   10024 1355697    1860.200            VSL 
61205.000   10055 1352191     -65.900            DMDM
61205.000   10055 1362033  -60740.300            DMDM
