61063.000   10021 1352938       0.000            UAE 
61063.000   10021 1352940    -623.200            UAE 
61063.000   10046 1404601   24442.600            AOS 
61063.000   10046 1352394    -723.600            AOS 
61063.000   10031 1353842    2426.700            APL 
61063.000   10031 1403107  256202.700            APL 
61063.000   10031 1403108  433754.100            APL 
61063.000   10031 1403109  132816.200            APL 
61063.000   10031 1412174   20956.000            APL 
61063.000   10054 1362269     171.000            AUS 
61063.000   10054 1360340   12272.000            AUS 
61063.000   10054 1360654  -42403.000            AUS 
61063.000   10054 1363814    4195.000            AUS 
61063.000   10054 1364971    6944.000            AUS 
61063.000   10054 1360299   27582.000            AUS 
61063.000   10101 1355360       0.000            AZ  
61063.000   10101 1355361    -879.800            AZ  
61063.000   10075 1352685    2988.000            IMBH
61063.000   10075 1320192   -8017.300            IMBH
61063.000   10075 1320193  -38276.800            IMBH
61063.000   10071 1353447    1182.300            BIRM
61063.000   10071 1353689    9819.300            BIRM
61063.000   10071 1407107 -388156.200            BIRM
61063.000   10071 1407111    -190.100            BIRM
61063.000   10071 1407112   -6629.400            BIRM
61063.000   10071 1415303   -3033.900            BIRM
61063.000   10071 1415304   -9672.300            BIRM
61063.000   10071 1415305  -18235.900            BIRM
61063.000   10092 1363159    4721.700            ICE 
61063.000   10092 1363522    3503.600            ICE 
61063.000   10057 1352117   14051.300            CH  
61063.000   10057 1355202    -551.900            CH  
61063.000   10057 1373644    -680.300            CH  
61063.000   10057 1405701   -1662.400            CH  
61063.000   10057 1405702   23170.000            CH  
61063.000   10057 1411117    -232.900            CH  
61063.000   10073 1353612  -10826.100            CNM 
61063.000   10073 1413211    -991.200            CNM 
61063.000   10073 1413212   42754.300            CNM 
61063.000   10074 1411045    3549.500            DLR 
61063.000   10053 1350136     -83.300            DTAG
61063.000   10053 1355332   -1421.300            DTAG
61063.000   10053 1352635    2346.200            DTAG
61063.000   10025 1352025    3982.900            ESA 
61063.000   10025 1351615   -4417.700            ESA 
61063.000   10025 1352353   11178.500            ESA 
61063.000   10025 1352210   27782.700            ESA 
61063.000   10025 1402543  -28184.700            ESA 
61063.000   10025 1402541  -93879.600            ESA 
61063.000   10089 1354233       0.000            HKO 
61063.000   10089 1355122    1225.500            HKO 
61063.000   10099 1354701       0.000            IFZG
61063.000   10093 1353401       0.000            NSAI
61063.000   10044 1361167    1403.200            IFAG
61063.000   10044 1361173     582.400            IFAG
61063.000   10044 1361629    8734.000            IFAG
61063.000   10044 1361732    6061.100            IFAG
61063.000   10044 1361798    1269.500            IFAG
61063.000   10044 1404439    1962.100            IFAG
61063.000   10044 1404418   15274.600            IFAG
61063.000   10048 1404878  907995.500            NIM 
61063.000   10048 1404871 1025656.100            NIM 
61063.000   10048 1404832 1017918.800            NIM 
61063.000   10048 1404879 1870611.200            NIM 
61063.000   10048 1404880 2150143.700            NIM 
61063.000   10048 1352742  110592.500            NIM 
61063.000   10048 1404849 1414436.400            NIM 
61063.000   10048 1404856   93443.400            NIM 
61063.000   10048 1404857   25363.300            NIM 
61063.000   10048 1404821    2713.500            NIM 
61063.000   10048 1404850     574.800            NIM 
61063.000   10048 1404870    4994.600            NIM 
61063.000   10015 1362377       0.000            INTI
61063.000   10015 1363270   11894.200            INTI
61063.000   10015 1363511    5891.400            INTI
61063.000   10070 1353546    8543.000            IPQ 
61063.000   10083 1353654    9602.900            NIS 
61063.000   10083 1354391   16080.200            NIS 
61063.000   10083 1353812  -27438.600            NIS 
61063.000   10083 1352182   -4027.300            NIS 
61063.000   10011 1350219    -980.700            IT  
61063.000   10011 1352487    -321.600            IT  
61063.000   10011 1401101  223260.100            IT  
61063.000   10011 1401102  288302.900            IT  
61063.000   10011 1401103   32742.200            IT  
61063.000   10011 1401104   12001.300            IT  
61063.000   10011 1411079    -774.700            IT  
61063.000   10011 1411078    2618.600            IT  
61063.000   10035 1350832   16437.800            BSJ 
61063.000   10035 1350833    9043.700            BSJ 
61063.000   10087 1361277 -111389.900            JV  
61063.000   10087 1362617   69498.600            JV  
61063.000   10087 1415218  -42081.000            JV  
61063.000   10087 1411122   14544.000            JV  
61063.000   10056 1351783   39060.400            KRIS
61063.000   10056 1405624  156516.700            KRIS
61063.000   10056 1405625  452478.000            KRIS
61063.000   10056 1405626   14418.400            KRIS
61063.000   10027 1415201    -640.000            KZ  
61063.000   10027 1415205    1425.700            KZ  
61063.000   10027 1415266   -2263.900            KZ  
61063.000   10052 1351324  -10996.800            NPLI
61063.000   10052 1353376  -10487.100            NPLI
61063.000   10052 1353457    3304.800            NPLI
61063.000   10052 1353413   44231.000            NPLI
61063.000   10052 1353453    5054.900            NPLI
61063.000   10052 1415225  111163.800            NPLI
61063.000   10052 1415365   46264.500            NPLI
61063.000   10052 1415363    3041.300            NPLI
61063.000   10052 1415364   11029.900            NPLI
61063.000   10091 1352370   -7591.600            LRTE
61063.000   10082 1351868       0.000            LT  
61063.000   10082 1351362   -1762.000            LT  
61063.000   10094 1353471  -60933.600            LUX 
61063.000   10094 1353544  -57983.700            LUX 
61063.000   10041 1404113  323848.400            MIKE
61063.000   10041 1404108   28964.800            MIKE
61063.000   10041 1404189  186513.900            MIKE
61063.000   10041 1412084   27596.600            MIKE
61063.000   10088 1361806  -12453.800            CNMP
61063.000   10088 1361752   -6630.700            CNMP
61063.000   10088 1363162    8024.200            CNMP
61063.000   10088 1363179  -66094.800            CNMP
61063.000   10063 1360274    3045.500            MSL 
61063.000   10063 1363396   -4399.400            MSL 
61063.000   10063 1363872  111489.900            MSL 
61063.000   10081 1353476    4728.800            NIMT
61063.000   10081 1353472   45716.900            NIMT
61063.000   10081 1353470   45586.300            NIMT
61063.000   10013 1410102   -1804.200            NAO 
61063.000   10013 1350779    6635.300            NAO 
61063.000   10013 1351689      13.200            NAO 
61063.000   10013 1351214     107.500            NAO 
61063.000   10020 1350343  127521.600            NICT
61063.000   10020 1350907   35984.900            NICT
61063.000   10020 1351226  -16591.500            NICT
61063.000   10020 1351778   74952.500            NICT
61063.000   10020 1351789   -7922.000            NICT
61063.000   10020 1351866    1420.700            NICT
61063.000   10020 1351944  108771.800            NICT
61063.000   10020 1352011  108164.200            NICT
61063.000   10020 1352056  109273.500            NICT
61063.000   10020 1352113  -45728.800            NICT
61063.000   10020 1352116  -27338.600            NICT
61063.000   10020 1352570   87884.700            NICT
61063.000   10020 1352620   59889.100            NICT
61063.000   10020 1352627  -22901.700            NICT
61063.000   10020 1352628  -24608.400            NICT
61063.000   10020 1352784   43603.400            NICT
61063.000   10020 1352876  123848.200            NICT
61063.000   10020 1352903   52648.300            NICT
61063.000   10020 1353594  -15030.400            NICT
61063.000   10020 1353716  -28175.000            NICT
61063.000   10020 1353717  -49462.500            NICT
61063.000   10020 1353718  -43765.800            NICT
61063.000   10020 1353720  -53312.900            NICT
61063.000   10020 1353722  -30438.700            NICT
61063.000   10020 1353909   27206.700            NICT
61063.000   10020 1353912  -37501.300            NICT
61063.000   10020 1353916  -70560.700            NICT
61063.000   10020 1353918   38422.100            NICT
61063.000   10020 1354230   68310.200            NICT
61063.000   10020 1355334   86075.400            NICT
61063.000   10020 1402003   15732.000            NICT
61063.000   10020 1402004   -8502.600            NICT
61063.000   10020 1402012   33979.000            NICT
61063.000   10020 1402013   38057.300            NICT
61063.000   10020 1402014   -2435.000            NICT
61063.000   10020 1402015   68201.900            NICT
61063.000   10020 1411041  -58919.700            NICT
61063.000   10020 1411062   33676.000            NICT
61063.000   10020 1412060   59994.700            NICT
61063.000   10002 1412108  533579.600            NIST
61063.000   10002 1412014 -545976.800            NIST
61063.000   10002 1400004 -199117.600            NIST
61063.000   10002 1400222  726959.100            NIST
61063.000   10002 1400209 -451153.500            NIST
61063.000   10002 1400212  457370.500            NIST
61063.000   10002 1400207  637768.400            NIST
61063.000   10002 1412015  602056.800            NIST
61063.000   10002 1400210  167925.000            NIST
61063.000   10002 1400205  980290.500            NIST
61063.000   10002 1352792 -547824.100            NIST
61063.000   10002 1412099  245084.000            NIST
61063.000   10002 1412006   70122.800            NIST
61063.000   10002 1442021 -552508.300            NIST
61063.000   10002 1352935 -653542.700            NIST
61063.000   10002 1352579  978623.200            NIST
61063.000   10002 1402205 -260645.900            NIST
61063.000   10050 1320293  118296.200            NMIJ
61063.000   10017 1412011   47552.700            NPL 
61063.000   10017 1412050   45491.900            NPL 
61063.000   10003 1352150    8050.500            NRC 
61063.000   10003 1362225   17140.500            NRC 
61063.000   10003 1352115   19054.800            NRC 
61063.000   10003 1400306   91500.500            NRC 
61063.000   10003 1400307   10658.800            NRC 
61063.000   10049 1415324   -1625.300            NTSC
61063.000   10049 1415316   -5309.900            NTSC
61063.000   10049 1415085  -22280.700            NTSC
61063.000   10049 1415082   47504.400            NTSC
61063.000   10049 1414922    5124.400            NTSC
61063.000   10049 1404967    4912.000            NTSC
61063.000   10049 1354937   14403.500            NTSC
61063.000   10049 1352142   15218.400            NTSC
61063.000   10016 1354619       0.000            INXE
61063.000   10008 1352027   32685.400            OP  
61063.000   10008 1400889    4142.000            OP  
61063.000   10008 1353765   78033.700            OP  
61063.000   10008 1400810   19868.400            OP  
61063.000   10008 1400809   34250.700            OP  
61063.000   10008 1400890   28598.800            OP  
61063.000   10026 1352722   -1922.700            ORB 
61063.000   10026 1352724    9308.800            ORB 
61063.000   10026 1411030   73648.000            ORB 
61063.000   10026 1402602  335287.500            ORB 
61063.000   10026 1352723    1320.500            ORB 
61063.000   10040 1350441    -756.100            PL  
61063.000   10040 1415318   -2749.700            PL  
61063.000   10040 1415321   24569.000            PL  
61063.000   10040 1354603     114.100            PL  
61063.000   10040 1354597     224.900            PL  
61063.000   10005 1920001   41550.300            PTB 
61063.000   10005 1920002   37503.400            PTB 
61063.000   10005 1355322    8718.500            PTB 
61063.000   10005 1400510    8623.600            PTB 
61063.000   10005 1400506   31958.500            PTB 
61063.000   10005 1400508   32590.600            PTB 
61063.000   10005 1400509    9724.300            PTB 
61063.000   10005 1415245   -5123.900            PTB 
61063.000   10005 1400512    6470.700            PTB 
61063.000   10005 1415221    3533.400            PTB 
61063.000   10019 1351942   68260.200            ONRJ
61063.000   10019 1320337   50608.200            ONRJ
61063.000   10019 1354204   69532.400            ONRJ
61063.000   10019 1350147   59270.800            ONRJ
61063.000   10019 1350102   19141.400            ONRJ
61063.000   10019 1353364   38457.500            ONRJ
61063.000   10019 1351153  -11347.700            ONRJ
61063.000   10019 1401958  121377.600            ONRJ
61063.000   10014 1350583   -4573.100            ROA 
61063.000   10014 1350718   -3009.000            ROA 
61063.000   10014 1361490   86842.700            ROA 
61063.000   10014 1361488   84942.900            ROA 
61063.000   10014 1351699   54804.100            ROA 
61063.000   10014 1401436 1921771.600            ROA 
61063.000   10014 1412032 1273739.900            ROA 
61063.000   10014 1352270    7797.600            ROA 
61063.000   10062 1352932       0.000            SASO
61063.000   10062 1352931    -254.900            SASO
61063.000   10062 1351628     633.500            SASO
61063.000   10062 1350221    -377.100            SASO
61063.000   10067 1352525   -7956.700            SCL 
61063.000   10067 1352178  -19293.000            SCL 
61063.000   10067 1415314     703.600            SCL 
61063.000   10067 1353448    -457.400            SCL 
61063.000   10079 1352003   33650.200            SMD 
61063.000   10079 1352543  -25539.700            SMD 
61063.000   10079 1411049   -1967.300            SMD 
61063.000   10072 1352745  -21079.300            SP  
61063.000   10072 1352749   21026.200            SP  
61063.000   10072 1352758   -2390.700            SP  
61063.000   10072 1354707    6587.300            SP  
61063.000   10072 1362295    1997.200            SP  
61063.000   10072 1365149   52475.500            SP  
61063.000   10072 1407201    -600.500            SP  
61063.000   10072 1407223  152260.100            SP  
61063.000   10072 1407231  238462.900            SP  
61063.000   10072 1407232  386048.700            SP  
61063.000   10072 1415319   40739.400            SP  
61063.000   10038 1403809 -408974.100            SU  
61063.000   10038 1403811 -282074.600            SU  
61063.000   10038 1403812  -27585.100            SU  
61063.000   10038 1403844 -562363.100            SU  
61063.000   10038 1403853    3686.900            SU  
61063.000   10038 1403833 -397735.700            SU  
61063.000   10038 1403846   46060.200            SU  
61063.000   10038 1403814 -656611.500            SU  
61063.000   10038 1403815 -333746.600            SU  
61063.000   10038 1403834    9731.900            SU  
61063.000   10038 1403841  -40426.100            SU  
61063.000   10038 1403840    9315.000            SU  
61063.000   10038 1403845 -453472.500            SU  
61063.000   10030 1403011  136204.900            TL  
61063.000   10030 1413202  221013.000            TL  
61063.000   10030 1353942  -35837.900            TL  
61063.000   10030 1353947   54118.100            TL  
61063.000   10030 1354060  -13824.400            TL  
61063.000   10022 1320211 1999816.400            TP  
61063.000   10022 1320247  999327.300            TP  
61063.000   10022 1351227       0.000            TP  
61063.000   10022 1352179     -49.000            TP  
61063.000   10022 1352476     508.000            TP  
61063.000   10022 1353519     -57.400            TP  
61063.000   10022 1411076      76.700            TP  
61063.000   10068 1411028       0.000            UME 
61063.000   10068 1352703    2477.100            UME 
61063.000   10068 1350251    3327.200            UME 
61063.000   10068 1350872   -7734.600            UME 
61063.000   10068 1352710    2501.500            UME 
61063.000   10007 1400711 3271476.700            USNO
61063.000   10007 1400712  270438.500            USNO
61063.000   10007 1400719  451353.000            USNO
61063.000   10007 1400702  -65650.900            USNO
61063.000   10007 1400708  661032.800            USNO
61063.000   10007 1400704  112337.400            USNO
61063.000   10007 1400718 1927302.000            USNO
61063.000   10007 1400710 -771595.400            USNO
61063.000   10007 1400726 1268352.200            USNO
61063.000   10007 1400715  414171.800            USNO
61063.000   10007 1350161   81098.600            USNO
61063.000   10007 1400727 -716461.300            USNO
61063.000   10007 1400729 2199875.000            USNO
61063.000   10007 1400725 -219074.500            USNO
61063.000   10007 1400724 -812302.600            USNO
61063.000   10007 1400723 -606413.100            USNO
61063.000   10007 1400722 2704762.200            USNO
61063.000   10007 1400721  410356.000            USNO
61063.000   10007 1400720 1250537.900            USNO
61063.000   10007 1400730 2118449.500            USNO
61063.000   10007 1400731 -398382.500            USNO
61063.000   10007 1400732  739349.100            USNO
61063.000   10007 1400736 1214724.900            USNO
61063.000   10007 1400737 2443240.600            USNO
61063.000   10007 1400740 1083414.200            USNO
61063.000   10007 1400713  448818.000            USNO
61063.000   10007 1400714   92710.200            USNO
61063.000   10007 1400716  674682.600            USNO
61063.000   10007 1400738   97664.800            USNO
61063.000   10064 1355005       0.000            UZ  
61063.000   10064 1354998 4289240.000            UZ  
61063.000   10028 1353669   19226.600            VMI 
61063.000   10028 1361233   11965.900            VMI 
61063.000   10028 1353670  -23887.600            VMI 
61063.000   10024 1411040   -2494.000            VSL 
61063.000   10024 1354466    9481.100            VSL 
61063.000   10024 1355008    6681.400            VSL 
61063.000   10055 1352191     -23.100            DMDM
61063.000   10055 1362033  -52609.600            DMDM
