61095.000   10021 1352938       0.000            UAE 
61095.000   10021 1352940   -1550.500            UAE 
61095.000   10046 1404601   25184.700            AOS 
61095.000   10046 1352394    -859.800            AOS 
61095.000   10031 1353842    2416.500            APL 
61095.000   10031 1403107  259368.300            APL 
61095.000   10031 1403108  458488.500            APL 
61095.000   10031 1403109  133637.800            APL 
61095.000   10031 1412174   23931.000            APL 
61095.000   10054 1362269     101.000            AUS 
61095.000   10054 1360340   12450.000            AUS 
61095.000   10054 1360654  -43250.000            AUS 
61095.000   10054 1363814    4317.000            AUS 
61095.000   10054 1364971    7130.000            AUS 
61095.000   10054 1360299   27894.000            AUS 
61095.000   10101 1355360       0.000            AZ  
61095.000   10101 1355361   -1015.600            AZ  
61095.000   10075 1352685    3107.600            IMBH
61095.000   10075 1320192   -8175.700            IMBH
61095.000   10075 1320193  -39597.900            IMBH
61095.000   10071 1353447    1035.300            BIRM
61095.000   10071 1353689    9885.100            BIRM
61095.000   10071 1407107 -399815.700            BIRM
61095.000   10071 1407111    -305.300            BIRM
61095.000   10071 1407112   -7870.800            BIRM
61095.000   10071 1415303   -3636.100            BIRM
61095.000   10071 1415304  -10363.400            BIRM
61095.000   10071 1415305  -19070.800            BIRM
61095.000   10092 1363159    4501.400            ICE 
61095.000   10092 1363522    3556.900            ICE 
61095.000   10057 1352117   14075.900            CH  
61095.000   10057 1355202    -620.000            CH  
61095.000   10057 1373644    -795.100            CH  
61095.000   10057 1405701   -1811.900            CH  
61095.000   10057 1405702   22620.500            CH  
61095.000   10057 1411117    -142.700            CH  
61095.000   10073 1353612  -11922.100            CNM 
61095.000   10073 1413211   -1020.900            CNM 
61095.000   10073 1413212   48984.400            CNM 
61095.000   10074 1411045    4006.500            DLR 
61095.000   10053 1350136     -83.300            DTAG
61095.000   10053 1355332   -1585.500            DTAG
61095.000   10053 1352635    2471.700            DTAG
61095.000   10025 1352025    4108.000            ESA 
61095.000   10025 1351615   -4530.000            ESA 
61095.000   10025 1352353   11386.000            ESA 
61095.000   10025 1352210   28455.300            ESA 
61095.000   10025 1402543  -31724.900            ESA 
61095.000   10025 1402541 -100299.600            ESA 
61095.000   10025 1411033   -1200.700            ESA 
61095.000   10089 1354233       0.000            HKO 
61095.000   10089 1355122    1269.800            HKO 
61095.000   10099 1354701       0.000            IFZG
61095.000   10093 1353401       0.000            NSAI
61095.000   10044 1361167    1266.800            IFAG
61095.000   10044 1361173     489.100            IFAG
61095.000   10044 1361629    9376.300            IFAG
61095.000   10044 1361732    6463.500            IFAG
61095.000   10044 1361798    1078.900            IFAG
61095.000   10044 1404439    4495.800            IFAG
61095.000   10044 1404418   15269.000            IFAG
61095.000   10048 1404878  923214.700            NIM 
61095.000   10048 1404871 1043954.600            NIM 
61095.000   10048 1404832 1041831.600            NIM 
61095.000   10048 1404879 1888494.700            NIM 
61095.000   10048 1404880 2168915.200            NIM 
61095.000   10048 1352742  111517.500            NIM 
61095.000   10048 1404849 1414633.900            NIM 
61095.000   10048 1404856   93677.500            NIM 
61095.000   10048 1404857   25221.600            NIM 
61095.000   10048 1404821    2811.400            NIM 
61095.000   10048 1404850     611.300            NIM 
61095.000   10048 1404870    5221.000            NIM 
61095.000   10015 1362377       0.000            INTI
61095.000   10015 1363270   12124.900            INTI
61095.000   10015 1363511    5996.400            INTI
61095.000   10083 1353654    9757.400            NIS 
61095.000   10083 1354391   16669.400            NIS 
61095.000   10083 1353812  -28166.600            NIS 
61095.000   10083 1352182   -4061.600            NIS 
61095.000   10011 1350219   -1034.900            IT  
61095.000   10011 1352487    -395.800            IT  
61095.000   10011 1401101  239659.800            IT  
61095.000   10011 1401102  291624.800            IT  
61095.000   10011 1401103   33961.600            IT  
61095.000   10011 1401104   10282.800            IT  
61095.000   10011 1411079   -1007.800            IT  
61095.000   10011 1411078    3115.700            IT  
61095.000   10011 1422012     875.200            IT  
61095.000   10035 1350832   16916.400            BSJ 
61095.000   10035 1350833    9290.400            BSJ 
61095.000   10087 1361277 -111779.500            JV  
61095.000   10087 1362617   70025.800            JV  
61095.000   10087 1415218  -42106.700            JV  
61095.000   10087 1411122   15432.700            JV  
61095.000   10056 1351783   39760.600            KRIS
61095.000   10056 1405624  161098.200            KRIS
61095.000   10056 1405625  465933.100            KRIS
61095.000   10056 1405626   14991.400            KRIS
61095.000   10027 1415201    -657.800            KZ  
61095.000   10027 1415205    1585.000            KZ  
61095.000   10027 1415266   -2464.200            KZ  
61095.000   10052 1351324  -11063.200            NPLI
61095.000   10052 1353376  -10624.600            NPLI
61095.000   10052 1353457    3345.200            NPLI
61095.000   10052 1353413   44624.000            NPLI
61095.000   10052 1353453    5129.200            NPLI
61095.000   10052 1415225  114020.500            NPLI
61095.000   10052 1415365   47310.500            NPLI
61095.000   10052 1415363    3355.500            NPLI
61095.000   10052 1415364   11386.300            NPLI
61095.000   10091 1352370   -8267.300            LRTE
61095.000   10082 1351868       0.000            LT  
61095.000   10082 1351362   -1663.600            LT  
61095.000   10094 1353471  -61231.500            LUX 
61095.000   10094 1353544  -57800.900            LUX 
61095.000   10041 1404113  326992.700            MIKE
61095.000   10041 1404108   30350.900            MIKE
61095.000   10041 1404189  184804.600            MIKE
61095.000   10041 1412084   27218.900            MIKE
61095.000   10088 1361806  -12542.100            CNMP
61095.000   10088 1361752   -6677.500            CNMP
61095.000   10088 1363162    8244.400            CNMP
61095.000   10088 1363179  -66613.700            CNMP
61095.000   10063 1360274    3171.700            MSL 
61095.000   10063 1363396   -4365.100            MSL 
61095.000   10063 1363872  113097.900            MSL 
61095.000   10081 1353476    4331.000            NIMT
61095.000   10081 1353472   46099.100            NIMT
61095.000   10081 1353470   46150.600            NIMT
61095.000   10013 1410102   -1565.800            NAO 
61095.000   10013 1350779    6215.600            NAO 
61095.000   10013 1351689    -197.300            NAO 
61095.000   10013 1351214     107.500            NAO 
61095.000   10020 1350343  128312.300            NICT
61095.000   10020 1350907   35509.800            NICT
61095.000   10020 1351226  -16676.000            NICT
61095.000   10020 1351778   75392.300            NICT
61095.000   10020 1351789   -8114.100            NICT
61095.000   10020 1351866    1406.400            NICT
61095.000   10020 1351944  109158.000            NICT
61095.000   10020 1352011  108057.600            NICT
61095.000   10020 1352056  109702.000            NICT
61095.000   10020 1352113  -45862.100            NICT
61095.000   10020 1352116  -27289.100            NICT
61095.000   10020 1352570   88168.900            NICT
61095.000   10020 1352620   60399.800            NICT
61095.000   10020 1352627  -23357.200            NICT
61095.000   10020 1352628  -24952.200            NICT
61095.000   10020 1352784   43254.500            NICT
61095.000   10020 1352876  123699.300            NICT
61095.000   10020 1352903   52809.100            NICT
61095.000   10020 1353594  -14792.500            NICT
61095.000   10020 1353716  -28522.200            NICT
61095.000   10020 1353717  -50144.200            NICT
61095.000   10020 1353718  -44503.600            NICT
61095.000   10020 1353720  -53800.000            NICT
61095.000   10020 1353722  -30713.000            NICT
61095.000   10020 1353909   27419.100            NICT
61095.000   10020 1353912  -38163.500            NICT
61095.000   10020 1353916  -71645.800            NICT
61095.000   10020 1353918   38988.500            NICT
61095.000   10020 1354230   68573.900            NICT
61095.000   10020 1355334   85929.300            NICT
61095.000   10020 1402003   16096.000            NICT
61095.000   10020 1402004   -9239.600            NICT
61095.000   10020 1402012   32369.300            NICT
61095.000   10020 1402013   41754.900            NICT
61095.000   10020 1402014   -2309.000            NICT
61095.000   10020 1402015   71974.800            NICT
61095.000   10020 1411041  -63004.600            NICT
61095.000   10020 1411062   33040.000            NICT
61095.000   10020 1412060   62456.900            NICT
61095.000   10002 1412108  557057.100            NIST
61095.000   10002 1412014 -541376.400            NIST
61095.000   10002 1400004 -196565.100            NIST
61095.000   10002 1400222  728857.000            NIST
61095.000   10002 1400209 -449000.200            NIST
61095.000   10002 1400212  495892.200            NIST
61095.000   10002 1400207  660000.800            NIST
61095.000   10002 1412015  616714.900            NIST
61095.000   10002 1400210  196939.900            NIST
61095.000   10002 1400205  979697.700            NIST
61095.000   10002 1352792 -548447.300            NIST
61095.000   10002 1412099  282181.900            NIST
61095.000   10002 1412006  102255.300            NIST
61095.000   10002 1352935 -654321.100            NIST
61095.000   10002 1352579  979163.100            NIST
61095.000   10002 1402205 -243435.500            NIST
61095.000   10050 1320293  125690.300            NMIJ
61095.000   10017 1412011   47928.700            NPL 
61095.000   10017 1412050   45969.600            NPL 
61095.000   10003 1352150    8145.700            NRC 
61095.000   10003 1362225   17121.300            NRC 
61095.000   10003 1352115   19275.300            NRC 
61095.000   10003 1352148    3234.500            NRC 
61095.000   10003 1400306   92154.900            NRC 
61095.000   10003 1400307   11042.000            NRC 
61095.000   10049 1415324   -1652.100            NTSC
61095.000   10049 1415316   -5540.700            NTSC
61095.000   10049 1415085  -22688.800            NTSC
61095.000   10049 1415082   49426.100            NTSC
61095.000   10049 1414922    5594.700            NTSC
61095.000   10049 1404967    5315.000            NTSC
61095.000   10049 1354937   14426.300            NTSC
61095.000   10049 1352142   15209.400            NTSC
61095.000   10016 1354619       0.000            INXE
61095.000   10008 1352027   33182.300            OP  
61095.000   10008 1400889    4884.000            OP  
61095.000   10008 1353765   78827.200            OP  
61095.000   10008 1400810   20577.200            OP  
61095.000   10008 1400809   35264.700            OP  
61095.000   10008 1400890   29436.800            OP  
61095.000   10026 1352722   -2007.100            ORB 
61095.000   10026 1352724    9615.900            ORB 
61095.000   10026 1411030   76164.400            ORB 
61095.000   10026 1402602  351332.900            ORB 
61095.000   10026 1352723    1459.200            ORB 
61095.000   10040 1350441    -767.600            PL  
61095.000   10040 1415318  -17645.700            PL  
61095.000   10040 1415321   25477.000            PL  
61095.000   10040 1354603     144.700            PL  
61095.000   10040 1354597     258.900            PL  
61095.000   10005 1920001   41575.500            PTB 
61095.000   10005 1920002   37548.100            PTB 
61095.000   10005 1355322    8810.500            PTB 
61095.000   10005 1400510    8920.300            PTB 
61095.000   10005 1400506   32358.900            PTB 
61095.000   10005 1400508   32959.000            PTB 
61095.000   10005 1400509    9880.200            PTB 
61095.000   10005 1415245   -5559.200            PTB 
61095.000   10005 1400512    6778.200            PTB 
61095.000   10005 1415221    3558.300            PTB 
61095.000   10019 1351942   68873.900            ONRJ
61095.000   10019 1320337   50899.800            ONRJ
61095.000   10019 1354204   71037.100            ONRJ
61095.000   10019 1350147   59469.000            ONRJ
61095.000   10019 1350102   19435.400            ONRJ
61095.000   10019 1353364   38772.300            ONRJ
61095.000   10019 1351153  -11699.000            ONRJ
61095.000   10019 1401958  125531.700            ONRJ
61095.000   10014 1350583   -4725.400            ROA 
61095.000   10014 1350718   -2781.000            ROA 
61095.000   10014 1361490   87189.500            ROA 
61095.000   10014 1361488   85267.600            ROA 
61095.000   10014 1351699   55011.700            ROA 
61095.000   10014 1401436 1941476.700            ROA 
61095.000   10014 1412032 1294281.300            ROA 
61095.000   10014 1352270    7849.500            ROA 
61095.000   10062 1352932       0.000            SASO
61095.000   10062 1352931     125.400            SASO
61095.000   10062 1351628     820.400            SASO
61095.000   10062 1350221    -556.800            SASO
61095.000   10067 1352525   -8209.700            SCL 
61095.000   10067 1352178  -19798.900            SCL 
61095.000   10067 1415314    1072.600            SCL 
61095.000   10067 1353448     300.100            SCL 
61095.000   10079 1352003   33855.500            SMD 
61095.000   10079 1352543  -25997.000            SMD 
61095.000   10079 1411049   -1954.300            SMD 
61095.000   10072 1352745  -21579.500            SP  
61095.000   10072 1352749   21757.100            SP  
61095.000   10072 1352758   -2414.500            SP  
61095.000   10072 1354707    6589.200            SP  
61095.000   10072 1362295    2938.600            SP  
61095.000   10072 1365149   55261.800            SP  
61095.000   10072 1407201     413.100            SP  
61095.000   10072 1407223  154247.700            SP  
61095.000   10072 1407231  246271.400            SP  
61095.000   10072 1407232  396979.100            SP  
61095.000   10072 1415319   41616.800            SP  
61095.000   10038 1403809 -409517.600            SU  
61095.000   10038 1403811 -282063.900            SU  
61095.000   10038 1403812  -26578.100            SU  
61095.000   10038 1403844 -561679.600            SU  
61095.000   10038 1403853    4099.200            SU  
61095.000   10038 1403833 -396958.400            SU  
61095.000   10038 1403846   46933.600            SU  
61095.000   10038 1403814 -652736.500            SU  
61095.000   10038 1403815 -332847.600            SU  
61095.000   10038 1403834   10311.100            SU  
61095.000   10038 1403841  -38996.200            SU  
61095.000   10038 1403840    9798.700            SU  
61095.000   10038 1403845 -453715.500            SU  
61095.000   10030 1403011  153571.100            TL  
61095.000   10030 1413202  225168.100            TL  
61095.000   10030 1353942  -36588.900            TL  
61095.000   10030 1353947   55033.700            TL  
61095.000   10030 1354060  -14085.400            TL  
61095.000   10022 1320211 1999810.100            TP  
61095.000   10022 1320247  998966.000            TP  
61095.000   10022 1351227       0.000            TP  
61095.000   10022 1352179       2.300            TP  
61095.000   10022 1352476     517.000            TP  
61095.000   10022 1353519    -115.600            TP  
61095.000   10022 1411076      80.500            TP  
61095.000   10068 1411028       0.000            UME 
61095.000   10068 1352703    2444.500            UME 
61095.000   10068 1350251    3402.100            UME 
61095.000   10068 1350872   -8094.400            UME 
61095.000   10068 1352710    2886.300            UME 
61095.000   10007 1400711 3289416.100            USNO
61095.000   10007 1400712  272435.400            USNO
61095.000   10007 1400719  458447.000            USNO
61095.000   10007 1400702  -65569.000            USNO
61095.000   10007 1400708  665223.500            USNO
61095.000   10007 1400704  113917.800            USNO
61095.000   10007 1400718 1939621.400            USNO
61095.000   10007 1400710 -786904.300            USNO
61095.000   10007 1400726 1283752.000            USNO
61095.000   10007 1400715  419875.600            USNO
61095.000   10007 1350161   81031.100            USNO
61095.000   10007 1400727 -727387.300            USNO
61095.000   10007 1400729 2223332.700            USNO
61095.000   10007 1400725 -219518.100            USNO
61095.000   10007 1400724 -815791.600            USNO
61095.000   10007 1400723 -605948.700            USNO
61095.000   10007 1400722 2699007.300            USNO
61095.000   10007 1400721  436029.000            USNO
61095.000   10007 1400720 1253394.700            USNO
61095.000   10007 1400730 2137664.000            USNO
61095.000   10007 1400731 -403888.900            USNO
61095.000   10007 1400732  751299.800            USNO
61095.000   10007 1400736 1216273.500            USNO
61095.000   10007 1400737 2451982.100            USNO
61095.000   10007 1400740 1103016.600            USNO
61095.000   10007 1400713  453458.300            USNO
61095.000   10007 1400714   94646.400            USNO
61095.000   10007 1400716  682496.300            USNO
61095.000   10007 1400738  102967.600            USNO
61095.000   10064 1355005       0.000            UZ  
61095.000   10064 1354998 5107832.000            UZ  
61095.000   10028 1353669   19993.600            VMI 
61095.000   10028 1361233   12648.000            VMI 
61095.000   10028 1353670  -24039.100            VMI 
61095.000   10024 1411040   -2683.400            VSL 
61095.000   10024 1354466    9702.200            VSL 
61095.000   10024 1355008    6922.100            VSL 
61095.000   10024 1355697     773.300            VSL 
61095.000   10055 1352191     -97.200            DMDM
61095.000   10055 1362033  -54458.200            DMDM
