61061.000   10021 1352938       0.000            UAE 
61061.000   10021 1352940    -568.200            UAE 
61061.000   10046 1404601   24396.300            AOS 
61061.000   10046 1352394    -716.500            AOS 
61061.000   10031 1353842    2427.900            APL 
61061.000   10031 1403107  256006.000            APL 
61061.000   10031 1403108  432210.200            APL 
61061.000   10031 1403109  132765.100            APL 
61061.000   10031 1412174   20778.200            APL 
61061.000   10054 1362269     175.000            AUS 
61061.000   10054 1360340   12250.000            AUS 
61061.000   10054 1360654  -42354.000            AUS 
61061.000   10054 1363814    4177.000            AUS 
61061.000   10054 1364971    6932.000            AUS 
61061.000   10054 1360299   27576.000            AUS 
61061.000   10101 1355360       0.000            AZ  
61061.000   10101 1355361    -870.800            AZ  
61061.000   10075 1352685    2982.600            IMBH
61061.000   10075 1320192   -7992.800            IMBH
61061.000   10075 1320193  -38186.100            IMBH
61061.000   10071 1353447    1191.700            BIRM
61061.000   10071 1353689    9813.900            BIRM
61061.000   10071 1407107 -387430.100            BIRM
61061.000   10071 1407111    -184.700            BIRM
61061.000   10071 1407112   -6552.800            BIRM
61061.000   10071 1415303   -2997.500            BIRM
61061.000   10071 1415304   -9630.400            BIRM
61061.000   10071 1415305  -18184.900            BIRM
61061.000   10092 1363159    4735.500            ICE 
61061.000   10092 1363522    3507.000            ICE 
61061.000   10057 1352117   14040.000            CH  
61061.000   10057 1355202    -550.000            CH  
61061.000   10057 1373644    -672.200            CH  
61061.000   10057 1405701   -1653.100            CH  
61061.000   10057 1405702   23202.500            CH  
61061.000   10057 1411117    -238.500            CH  
61061.000   10073 1353612  -10753.000            CNM 
61061.000   10073 1413211    -986.500            CNM 
61061.000   10073 1413212   42376.200            CNM 
61061.000   10074 1411045    3522.100            DLR 
61061.000   10053 1350136     -83.300            DTAG
61061.000   10053 1355332   -1417.800            DTAG
61061.000   10053 1352635    2333.800            DTAG
61061.000   10025 1352025    3975.400            ESA 
61061.000   10025 1351615   -4409.300            ESA 
61061.000   10025 1352353   11162.200            ESA 
61061.000   10025 1352210   27739.200            ESA 
61061.000   10025 1402543  -27969.200            ESA 
61061.000   10025 1402541  -93490.300            ESA 
61061.000   10089 1354233       0.000            HKO 
61061.000   10089 1355122    1220.600            HKO 
61061.000   10099 1354701       0.000            IFZG
61061.000   10093 1353401       0.000            NSAI
61061.000   10044 1361167    1414.600            IFAG
61061.000   10044 1361173     593.400            IFAG
61061.000   10044 1361629    8699.100            IFAG
61061.000   10044 1361732    6036.000            IFAG
61061.000   10044 1361798    1282.000            IFAG
61061.000   10044 1404439    2011.500            IFAG
61061.000   10044 1404418   15292.300            IFAG
61061.000   10048 1404878  907046.500            NIM 
61061.000   10048 1404871 1024514.300            NIM 
61061.000   10048 1404832 1016435.200            NIM 
61061.000   10048 1404879 1869498.900            NIM 
61061.000   10048 1404880 2148974.200            NIM 
61061.000   10048 1352742  110542.800            NIM 
61061.000   10048 1404849 1414424.300            NIM 
61061.000   10048 1404856   93428.700            NIM 
61061.000   10048 1404857   25372.300            NIM 
61061.000   10048 1404821    2707.600            NIM 
61061.000   10048 1404850     572.800            NIM 
61061.000   10048 1404870    4980.700            NIM 
61061.000   10015 1362377       0.000            INTI
61061.000   10015 1363270   11880.600            INTI
61061.000   10015 1363511    5879.300            INTI
61061.000   10070 1353546    8542.800            IPQ 
61061.000   10083 1353654    9590.800            NIS 
61061.000   10083 1354391   16043.100            NIS 
61061.000   10083 1353812  -27395.400            NIS 
61061.000   10083 1352182   -4015.300            NIS 
61061.000   10011 1350219    -976.500            IT  
61061.000   10011 1352487    -311.800            IT  
61061.000   10011 1401101  222239.100            IT  
61061.000   10011 1401102  288094.100            IT  
61061.000   10011 1401103   32667.100            IT  
61061.000   10011 1401104   12108.000            IT  
61061.000   10011 1411079    -760.300            IT  
61061.000   10011 1411078    2589.000            IT  
61061.000   10035 1350832   16415.200            BSJ 
61061.000   10035 1350833    9029.000            BSJ 
61061.000   10087 1361277 -111361.400            JV  
61061.000   10087 1362617   69457.800            JV  
61061.000   10087 1415218  -42079.300            JV  
61061.000   10087 1411122   14490.100            JV  
61061.000   10056 1351783   39015.500            KRIS
61061.000   10056 1405624  156231.500            KRIS
61061.000   10056 1405625  451641.100            KRIS
61061.000   10056 1405626   14382.600            KRIS
61061.000   10027 1415201    -639.400            KZ  
61061.000   10027 1415205    1416.600            KZ  
61061.000   10027 1415266   -2250.800            KZ  
61061.000   10052 1351324  -10979.700            NPLI
61061.000   10052 1353376  -10473.900            NPLI
61061.000   10052 1353457    3302.400            NPLI
61061.000   10052 1353413   44202.200            NPLI
61061.000   10052 1353453    5043.300            NPLI
61061.000   10052 1415225  110986.900            NPLI
61061.000   10052 1415365   46199.400            NPLI
61061.000   10052 1415363    3021.700            NPLI
61061.000   10052 1415364   11007.900            NPLI
61061.000   10091 1352370   -7538.600            LRTE
61061.000   10082 1351868       0.000            LT  
61061.000   10082 1351362   -1761.500            LT  
61061.000   10094 1353471  -60916.300            LUX 
61061.000   10094 1353544  -57994.300            LUX 
61061.000   10041 1404113  323651.200            MIKE
61061.000   10041 1404108   28877.600            MIKE
61061.000   10041 1404189  186625.100            MIKE
61061.000   10041 1412084   27618.400            MIKE
61061.000   10088 1361806  -12436.700            CNMP
61061.000   10088 1361752   -6625.200            CNMP
61061.000   10088 1363162    8016.200            CNMP
61061.000   10088 1363179  -66061.700            CNMP
61061.000   10063 1360274    3047.800            MSL 
61061.000   10063 1363396   -4390.200            MSL 
61061.000   10063 1363872  111392.800            MSL 
61061.000   10081 1353476    4758.500            NIMT
61061.000   10081 1353472   45695.200            NIMT
61061.000   10081 1353470   45555.100            NIMT
61061.000   10013 1410102   -1797.700            NAO 
61061.000   10013 1350779    6663.700            NAO 
61061.000   10013 1351689      27.200            NAO 
61061.000   10013 1351214     107.500            NAO 
61061.000   10020 1350343  127473.200            NICT
61061.000   10020 1350907   36016.000            NICT
61061.000   10020 1351226  -16589.000            NICT
61061.000   10020 1351778   74928.700            NICT
61061.000   10020 1351789   -7914.800            NICT
61061.000   10020 1351866    1416.700            NICT
61061.000   10020 1351944  108744.200            NICT
61061.000   10020 1352011  108171.700            NICT
61061.000   10020 1352056  109248.500            NICT
61061.000   10020 1352113  -45719.800            NICT
61061.000   10020 1352116  -27340.300            NICT
61061.000   10020 1352570   87872.500            NICT
61061.000   10020 1352620   59856.200            NICT
61061.000   10020 1352627  -22867.600            NICT
61061.000   10020 1352628  -24578.100            NICT
61061.000   10020 1352784   43622.700            NICT
61061.000   10020 1352876  123854.000            NICT
61061.000   10020 1352903   52636.500            NICT
61061.000   10020 1353594  -15045.700            NICT
61061.000   10020 1353716  -28151.100            NICT
61061.000   10020 1353717  -49418.500            NICT
61061.000   10020 1353718  -43728.300            NICT
61061.000   10020 1353720  -53282.800            NICT
61061.000   10020 1353722  -30430.300            NICT
61061.000   10020 1353909   27193.700            NICT
61061.000   10020 1353912  -37460.400            NICT
61061.000   10020 1353916  -70494.100            NICT
61061.000   10020 1353918   38382.800            NICT
61061.000   10020 1354230   68296.000            NICT
61061.000   10020 1355334   86087.100            NICT
61061.000   10020 1402003   15709.800            NICT
61061.000   10020 1402004   -8456.300            NICT
61061.000   10020 1402012   34081.300            NICT
61061.000   10020 1402013   37830.200            NICT
61061.000   10020 1402014   -2441.200            NICT
61061.000   10020 1402015   67969.000            NICT
61061.000   10020 1411041  -58665.100            NICT
61061.000   10020 1411062   33715.800            NICT
61061.000   10020 1412060   59843.600            NICT
61061.000   10002 1412108  532117.600            NIST
61061.000   10002 1412014 -546263.300            NIST
61061.000   10002 1400004 -199277.000            NIST
61061.000   10002 1400222  726840.700            NIST
61061.000   10002 1400209 -451285.400            NIST
61061.000   10002 1400212  454972.800            NIST
61061.000   10002 1400207  636380.700            NIST
61061.000   10002 1412015  601142.200            NIST
61061.000   10002 1400210  166116.700            NIST
61061.000   10002 1400205  980327.800            NIST
61061.000   10002 1352792 -547786.900            NIST
61061.000   10002 1412099  242758.600            NIST
61061.000   10002 1412006   68120.000            NIST
61061.000   10002 1442021 -552598.700            NIST
61061.000   10002 1352935 -653491.600            NIST
61061.000   10002 1352579  978593.700            NIST
61061.000   10002 1402205 -261719.200            NIST
61061.000   10050 1320293  117829.000            NMIJ
61061.000   10017 1412011   47530.600            NPL 
61061.000   10017 1412050   45471.200            NPL 
61061.000   10003 1352150    8045.400            NRC 
61061.000   10003 1362225   17146.400            NRC 
61061.000   10003 1352115   19044.700            NRC 
61061.000   10003 1400306   91441.500            NRC 
61061.000   10003 1400307   10635.000            NRC 
61061.000   10049 1415324   -1623.000            NTSC
61061.000   10049 1415316   -5295.500            NTSC
61061.000   10049 1415085  -22255.200            NTSC
61061.000   10049 1415082   47385.100            NTSC
61061.000   10049 1414922    5095.600            NTSC
61061.000   10049 1404967    4887.200            NTSC
61061.000   10049 1354937   14403.700            NTSC
61061.000   10049 1352142   15214.200            NTSC
61061.000   10016 1354619       0.000            INXE
61061.000   10008 1352027   32653.100            OP  
61061.000   10008 1400889    4096.500            OP  
61061.000   10008 1353765   77982.800            OP  
61061.000   10008 1400810   19824.800            OP  
61061.000   10008 1400809   34187.900            OP  
61061.000   10008 1400890   28546.100            OP  
61061.000   10026 1352722   -1918.200            ORB 
61061.000   10026 1352724    9291.100            ORB 
61061.000   10026 1411030   73491.600            ORB 
61061.000   10026 1402602  334285.100            ORB 
61061.000   10026 1352723    1316.700            ORB 
61061.000   10040 1350441    -753.300            PL  
61061.000   10040 1415318   -2040.400            PL  
61061.000   10040 1415321   24512.800            PL  
61061.000   10040 1354603     112.400            PL  
61061.000   10040 1354597     224.900            PL  
61061.000   10005 1920001   41547.500            PTB 
61061.000   10005 1920002   37501.600            PTB 
61061.000   10005 1355322    8713.100            PTB 
61061.000   10005 1400510    8604.900            PTB 
61061.000   10005 1400506   31937.000            PTB 
61061.000   10005 1400508   32569.100            PTB 
61061.000   10005 1400509    9714.700            PTB 
61061.000   10005 1415245   -5096.900            PTB 
61061.000   10005 1400512    6451.700            PTB 
61061.000   10005 1415221    3531.400            PTB 
61061.000   10019 1351942   68227.000            ONRJ
61061.000   10019 1320337   50593.000            ONRJ
61061.000   10019 1354204   69437.300            ONRJ
61061.000   10019 1350147   59255.800            ONRJ
61061.000   10019 1350102   19121.900            ONRJ
61061.000   10019 1353364   38436.800            ONRJ
61061.000   10019 1351153  -11321.900            ONRJ
61061.000   10019 1401958  121124.700            ONRJ
61061.000   10014 1350583   -4561.500            ROA 
61061.000   10014 1350718   -3024.900            ROA 
61061.000   10014 1361490   86824.200            ROA 
61061.000   10014 1361488   84909.200            ROA 
61061.000   10014 1351699   54789.300            ROA 
61061.000   10014 1401436 1920544.500            ROA 
61061.000   10014 1412032 1272460.300            ROA 
61061.000   10014 1352270    7794.800            ROA 
61061.000   10062 1352932       0.000            SASO
61061.000   10062 1352931    -276.300            SASO
61061.000   10062 1351628     628.000            SASO
61061.000   10062 1350221    -360.300            SASO
61061.000   10067 1352525   -7939.700            SCL 
61061.000   10067 1352178  -19253.200            SCL 
61061.000   10067 1415314     684.500            SCL 
61061.000   10067 1353448    -503.700            SCL 
61061.000   10079 1352003   33636.500            SMD 
61061.000   10079 1352543  -25506.500            SMD 
61061.000   10079 1411049   -1967.800            SMD 
61061.000   10072 1352745  -21044.600            SP  
61061.000   10072 1352749   20974.100            SP  
61061.000   10072 1352758   -2389.200            SP  
61061.000   10072 1354707    6583.600            SP  
61061.000   10072 1362295    1944.000            SP  
61061.000   10072 1365149   52295.500            SP  
61061.000   10072 1407201    -662.500            SP  
61061.000   10072 1407223  152136.000            SP  
61061.000   10072 1407231  237978.300            SP  
61061.000   10072 1407232  385367.900            SP  
61061.000   10072 1415319   40685.000            SP  
61061.000   10038 1403809 -408939.800            SU  
61061.000   10038 1403811 -282074.900            SU  
61061.000   10038 1403812  -27647.100            SU  
61061.000   10038 1403844 -562405.900            SU  
61061.000   10038 1403853    3661.200            SU  
61061.000   10038 1403833 -397784.100            SU  
61061.000   10038 1403846   46005.800            SU  
61061.000   10038 1403814 -656864.300            SU  
61061.000   10038 1403815 -333802.300            SU  
61061.000   10038 1403834    9696.100            SU  
61061.000   10038 1403841  -40515.200            SU  
61061.000   10038 1403840    9285.900            SU  
61061.000   10038 1403845 -453457.100            SU  
61061.000   10030 1403011  135122.600            TL  
61061.000   10030 1413202  220924.500            TL  
61061.000   10030 1353942  -35793.200            TL  
61061.000   10030 1353947   54064.700            TL  
61061.000   10030 1354060  -13801.900            TL  
61061.000   10022 1320211 1999814.600            TP  
61061.000   10022 1320247  999347.600            TP  
61061.000   10022 1351227       0.000            TP  
61061.000   10022 1352179     -49.500            TP  
61061.000   10022 1352476     514.700            TP  
61061.000   10022 1353519     -58.400            TP  
61061.000   10068 1411028       0.000            UME 
61061.000   10068 1352703    2505.800            UME 
61061.000   10068 1350251    3359.000            UME 
61061.000   10068 1350872   -7681.000            UME 
61061.000   10068 1352710    2514.100            UME 
61061.000   10007 1400711 3270356.800            USNO
61061.000   10007 1400712  270312.900            USNO
61061.000   10007 1400719  450912.400            USNO
61061.000   10007 1400702  -65655.400            USNO
61061.000   10007 1400708  660772.000            USNO
61061.000   10007 1400704  112239.000            USNO
61061.000   10007 1400718 1926533.600            USNO
61061.000   10007 1400710 -770637.600            USNO
61061.000   10007 1400726 1267392.800            USNO
61061.000   10007 1400715  413816.500            USNO
61061.000   10007 1350161   81103.800            USNO
61061.000   10007 1400727 -715774.300            USNO
61061.000   10007 1400729 2198411.600            USNO
61061.000   10007 1400725 -219046.400            USNO
61061.000   10007 1400724 -812083.400            USNO
61061.000   10007 1400723 -606440.300            USNO
61061.000   10007 1400722 2705126.900            USNO
61061.000   10007 1400721  408758.300            USNO
61061.000   10007 1400720 1250363.200            USNO
61061.000   10007 1400730 2117251.700            USNO
61061.000   10007 1400731 -398038.100            USNO
61061.000   10007 1400732  738605.200            USNO
61061.000   10007 1400736 1214631.900            USNO
61061.000   10007 1400737 2442698.500            USNO
61061.000   10007 1400740 1082195.200            USNO
61061.000   10007 1400713  448529.400            USNO
61061.000   10007 1400714   92590.100            USNO
61061.000   10007 1400716  674195.300            USNO
61061.000   10007 1400738   97335.900            USNO
61061.000   10028 1353669   19181.100            VMI 
61061.000   10028 1361233   11928.100            VMI 
61061.000   10028 1353670  -23874.000            VMI 
61061.000   10024 1411040   -2481.500            VSL 
61061.000   10024 1354466    9467.700            VSL 
61061.000   10024 1355008    6668.700            VSL 
61061.000   10055 1352191     -15.500            DMDM
61061.000   10055 1362033  -52491.300            DMDM
