61151.000   10021 1352938       0.000            UAE 
61151.000   10021 1352940   -3242.700            UAE 
61151.000   10046 1404601   26505.200            AOS 
61151.000   10046 1352394   -1090.200            AOS 
61151.000   10031 1353842    2423.500            APL 
61151.000   10031 1403107  265001.300            APL 
61151.000   10031 1403108  501908.000            APL 
61151.000   10031 1403109  135075.700            APL 
61151.000   10031 1412174   29749.300            APL 
61151.000   10054 1362269     120.000            AUS 
61151.000   10054 1360340   12875.000            AUS 
61151.000   10054 1360654  -44685.000            AUS 
61151.000   10054 1363814    4582.000            AUS 
61151.000   10054 1364971    7563.000            AUS 
61151.000   10054 1360299   28563.000            AUS 
61151.000   10101 1355360       0.000            AZ  
61151.000   10101 1355361   -1260.700            AZ  
61151.000   10075 1352685    3317.500            IMBH
61151.000   10075 1320192   -8681.900            IMBH
61151.000   10075 1320193  -41694.600            IMBH
61151.000   10071 1353447     811.500            BIRM
61151.000   10071 1353689    9934.600            BIRM
61151.000   10071 1407107 -420372.000            BIRM
61151.000   10071 1407112  -10084.100            BIRM
61151.000   10071 1415303   -4755.700            BIRM
61151.000   10071 1415304  -11626.100            BIRM
61151.000   10071 1415305  -20577.500            BIRM
61151.000   10092 1363159    4115.700            ICE 
61151.000   10092 1363522    3668.900            ICE 
61151.000   10057 1355202    -746.400            CH  
61151.000   10057 1373644    -984.700            CH  
61151.000   10057 1405701   -2076.600            CH  
61151.000   10057 1405702   21592.400            CH  
61151.000   10057 1411117     -53.600            CH  
61151.000   10073 1353612  -13814.400            CNM 
61151.000   10073 1413211   -1039.100            CNM 
61151.000   10073 1413212   60440.700            CNM 
61151.000   10074 1411045    4824.100            DLR 
61151.000   10053 1350136     -83.300            DTAG
61151.000   10053 1355332   -1558.800            DTAG
61151.000   10053 1352635    2618.800            DTAG
61151.000   10025 1352025    4308.700            ESA 
61151.000   10025 1351615   -4680.500            ESA 
61151.000   10025 1352353   11764.900            ESA 
61151.000   10025 1352210   29611.600            ESA 
61151.000   10025 1402543  -38290.800            ESA 
61151.000   10025 1402541 -112393.200            ESA 
61151.000   10025 1411033   -2032.000            ESA 
61151.000   10089 1354233       0.000            HKO 
61151.000   10089 1355122    1293.200            HKO 
61151.000   10099 1354701       0.000            IFZG
61151.000   10093 1353401       0.000            NSAI
61151.000   10044 1361167     985.700            IFAG
61151.000   10044 1361173     295.200            IFAG
61151.000   10044 1361629   10437.000            IFAG
61151.000   10044 1361732    7168.300            IFAG
61151.000   10044 1361798     712.600            IFAG
61151.000   10044 1404439    4483.800            IFAG
61151.000   10044 1404418   15321.600            IFAG
61151.000   10048 1404878  949983.600            NIM 
61151.000   10048 1404871 1076094.600            NIM 
61151.000   10048 1404832 1084216.600            NIM 
61151.000   10048 1404879 1919998.600            NIM 
61151.000   10048 1404880 2201994.200            NIM 
61151.000   10048 1352742  113154.200            NIM 
61151.000   10048 1404849 1414991.700            NIM 
61151.000   10048 1404856   94090.300            NIM 
61151.000   10048 1404857   24975.800            NIM 
61151.000   10048 1404821    2994.700            NIM 
61151.000   10048 1404850     686.300            NIM 
61151.000   10048 1404870    5632.400            NIM 
61151.000   10015 1362377       0.000            INTI
61151.000   10015 1363270   12555.800            INTI
61151.000   10015 1363511    6192.000            INTI
61151.000   10070 1353546    8466.100            IPQ 
61151.000   10083 1353654    9999.300            NIS 
61151.000   10083 1354391   17782.800            NIS 
61151.000   10083 1353812  -29437.100            NIS 
61151.000   10083 1352182   -4290.400            NIS 
61151.000   10011 1350219   -1103.900            IT  
61151.000   10011 1352487    -574.700            IT  
61151.000   10011 1401101  268632.900            IT  
61151.000   10011 1401102  297286.300            IT  
61151.000   10011 1401103   36141.600            IT  
61151.000   10011 1401104    7191.600            IT  
61151.000   10011 1411079   -1458.400            IT  
61151.000   10011 1411078    4053.400            IT  
61151.000   10035 1350832   17856.300            BSJ 
61151.000   10035 1350833    9813.900            BSJ 
61151.000   10087 1361277 -112276.700            JV  
61151.000   10087 1362617   70881.500            JV  
61151.000   10087 1415218  -42151.800            JV  
61151.000   10087 1411122   17061.500            JV  
61151.000   10056 1351783   41006.000            KRIS
61151.000   10056 1405624  169187.000            KRIS
61151.000   10056 1405625  489761.000            KRIS
61151.000   10056 1405626   16000.400            KRIS
61151.000   10027 1415201    -699.100            KZ  
61151.000   10027 1415205    1857.000            KZ  
61151.000   10027 1415266   -2844.900            KZ  
61151.000   10052 1351324  -11201.200            NPLI
61151.000   10052 1353376  -10809.200            NPLI
61151.000   10052 1353457    3444.400            NPLI
61151.000   10052 1353413   45279.900            NPLI
61151.000   10052 1353453    5286.200            NPLI
61151.000   10052 1415225  119160.500            NPLI
61151.000   10052 1415365   49167.500            NPLI
61151.000   10052 1415363    3926.300            NPLI
61151.000   10052 1415364   12037.900            NPLI
61151.000   10091 1352370  -10612.100            LRTE
61151.000   10082 1351868       0.000            LT  
61151.000   10082 1351362   -1644.300            LT  
61151.000   10094 1353471  -61811.300            LUX 
61151.000   10094 1353544  -57568.300            LUX 
61151.000   10085 1353507       0.000            NIMB
61151.000   10041 1404113  332528.900            MIKE
61151.000   10041 1404108   32575.200            MIKE
61151.000   10041 1404189  182308.200            MIKE
61151.000   10041 1412084   26517.800            MIKE
61151.000   10088 1361806  -12725.000            CNMP
61151.000   10088 1361752   -6730.700            CNMP
61151.000   10088 1363162    8647.400            CNMP
61151.000   10088 1363179  -67520.600            CNMP
61151.000   10063 1360274    3301.200            MSL 
61151.000   10063 1363396   -4266.500            MSL 
61151.000   10063 1363872  115839.200            MSL 
61151.000   10081 1353476    3633.600            NIMT
61151.000   10081 1353472   46734.000            NIMT
61151.000   10081 1353470   47076.400            NIMT
61151.000   10013 1410102    1968.800            NAO 
61151.000   10013 1350779   10460.600            NAO 
61151.000   10013 1351689    4327.000            NAO 
61151.000   10013 1351214     107.500            NAO 
61151.000   10020 1350343  129773.900            NICT
61151.000   10020 1350907   34616.200            NICT
61151.000   10020 1351226  -16836.600            NICT
61151.000   10020 1351778   76123.900            NICT
61151.000   10020 1351789   -8449.600            NICT
61151.000   10020 1351866    1387.900            NICT
61151.000   10020 1351944  109854.600            NICT
61151.000   10020 1352011  107872.300            NICT
61151.000   10020 1352056  110386.000            NICT
61151.000   10020 1352113  -46092.200            NICT
61151.000   10020 1352116  -27063.300            NICT
61151.000   10020 1352570   88625.500            NICT
61151.000   10020 1352620   61260.600            NICT
61151.000   10020 1352627  -24213.000            NICT
61151.000   10020 1352628  -25612.400            NICT
61151.000   10020 1352784   42630.500            NICT
61151.000   10020 1352876  123478.800            NICT
61151.000   10020 1352903   53101.000            NICT
61151.000   10020 1353594  -14447.600            NICT
61151.000   10020 1353716  -29132.000            NICT
61151.000   10020 1353717  -51360.400            NICT
61151.000   10020 1353718  -45982.100            NICT
61151.000   10020 1353720  -54657.300            NICT
61151.000   10020 1353722  -31194.000            NICT
61151.000   10020 1353909   27797.900            NICT
61151.000   10020 1353912  -39338.200            NICT
61151.000   10020 1353916  -73573.100            NICT
61151.000   10020 1353918   39922.600            NICT
61151.000   10020 1354230   68962.700            NICT
61151.000   10020 1402003   16748.300            NICT
61151.000   10020 1402004  -10540.800            NICT
61151.000   10020 1402012   29663.000            NICT
61151.000   10020 1402013   48488.800            NICT
61151.000   10020 1402014   -1987.500            NICT
61151.000   10020 1402015   78766.400            NICT
61151.000   10020 1411041  -70261.700            NICT
61151.000   10020 1411062   31916.000            NICT
61151.000   10020 1412060   66914.800            NICT
61151.000   10002 1412108  598540.100            NIST
61151.000   10002 1412014 -533187.800            NIST
61151.000   10002 1400004 -192068.400            NIST
61151.000   10002 1400222  732174.300            NIST
61151.000   10002 1400209 -445038.700            NIST
61151.000   10002 1400212  563962.000            NIST
61151.000   10002 1400207  699057.200            NIST
61151.000   10002 1412015  642521.900            NIST
61151.000   10002 1400210  248060.700            NIST
61151.000   10002 1400205  978668.700            NIST
61151.000   10002 1412099  347577.100            NIST
61151.000   10002 1412006  158868.700            NIST
61151.000   10002 1442021 -563034.200            NIST
61151.000   10002 1352935 -655683.000            NIST
61151.000   10002 1352579  980179.200            NIST
61151.000   10002 1402205 -213168.700            NIST
61151.000   10050 1320293  138727.800            NMIJ
61151.000   10017 1412011   48621.000            NPL 
61151.000   10017 1412050   47312.000            NPL 
61151.000   10003 1352150    8262.800            NRC 
61151.000   10003 1362225   17073.000            NRC 
61151.000   10003 1352115   19645.600            NRC 
61151.000   10003 1352148    3172.200            NRC 
61151.000   10003 1400306   92435.100            NRC 
61151.000   10003 1400307   11724.200            NRC 
61151.000   10049 1415324   -1638.900            NTSC
61151.000   10049 1415322    2771.100            NTSC
61151.000   10049 1415316   -5944.700            NTSC
61151.000   10049 1415082   52852.200            NTSC
61151.000   10049 1414922    6461.500            NTSC
61151.000   10049 1404967    6057.900            NTSC
61151.000   10049 1354937   14364.800            NTSC
61151.000   10049 1352142   15169.700            NTSC
61151.000   10016 1354619       0.000            INXE
61151.000   10008 1352027   34064.000            OP  
61151.000   10008 1400889    6198.000            OP  
61151.000   10008 1353765   80230.100            OP  
61151.000   10008 1400810   21835.200            OP  
61151.000   10008 1400809   37060.700            OP  
61151.000   10008 1400890   30899.100            OP  
61151.000   10026 1352722   -2179.600            ORB 
61151.000   10026 1352724   10178.200            ORB 
61151.000   10026 1411030   80614.400            ORB 
61151.000   10026 1402602  379435.100            ORB 
61151.000   10026 1352723    1715.800            ORB 
61151.000   10040 1350441    -799.500            PL  
61151.000   10040 1415318  -59611.700            PL  
61151.000   10040 1415321   27093.900            PL  
61151.000   10040 1354603     192.500            PL  
61151.000   10040 1354597     284.300            PL  
61151.000   10005 1920001   41633.900            PTB 
61151.000   10005 1920002   37630.400            PTB 
61151.000   10005 1355322    8981.800            PTB 
61151.000   10005 1400510    9449.100            PTB 
61151.000   10005 1400506   33215.900            PTB 
61151.000   10005 1400508   33789.300            PTB 
61151.000   10005 1400509   10158.400            PTB 
61151.000   10005 1415245   -6341.600            PTB 
61151.000   10005 1400512    7334.300            PTB 
61151.000   10005 1415221    3604.900            PTB 
61151.000   10019 1351942   69976.500            ONRJ
61151.000   10019 1320337   51392.500            ONRJ
61151.000   10019 1354204   73694.200            ONRJ
61151.000   10019 1350147   59831.000            ONRJ
61151.000   10019 1350102   20072.500            ONRJ
61151.000   10019 1353364   39299.800            ONRJ
61151.000   10019 1351153  -12328.900            ONRJ
61151.000   10019 1401958  133030.600            ONRJ
61151.000   10014 1350583   -5022.000            ROA 
61151.000   10014 1350718   -2402.700            ROA 
61151.000   10014 1361490   87562.500            ROA 
61151.000   10014 1361488   85882.600            ROA 
61151.000   10014 1351699   55365.500            ROA 
61151.000   10014 1401436 1976183.600            ROA 
61151.000   10014 1412032 1330485.200            ROA 
61151.000   10014 1352270    7959.800            ROA 
61151.000   10062 1352932       0.000            SASO
61151.000   10062 1352931     780.400            SASO
61151.000   10062 1351628    1142.800            SASO
61151.000   10062 1350221    -899.100            SASO
61151.000   10067 1352525   -8724.600            SCL 
61151.000   10067 1352178  -20790.500            SCL 
61151.000   10067 1415314    1714.500            SCL 
61151.000   10067 1353448    1617.300            SCL 
61151.000   10079 1352003   34257.800            SMD 
61151.000   10079 1352543  -26817.700            SMD 
61151.000   10079 1411049   -1922.600            SMD 
61151.000   10072 1352745  -22489.700            SP  
61151.000   10072 1352749   23045.400            SP  
61151.000   10072 1352758   -2481.200            SP  
61151.000   10072 1354707    6555.900            SP  
61151.000   10072 1362295    4633.100            SP  
61151.000   10072 1365149   60220.000            SP  
61151.000   10072 1407201    2299.800            SP  
61151.000   10072 1407223  157749.500            SP  
61151.000   10072 1407231  260177.900            SP  
61151.000   10072 1407232  416299.600            SP  
61151.000   10072 1415319   43150.000            SP  
61151.000   10038 1403809 -410451.200            SU  
61151.000   10038 1403811 -282017.300            SU  
61151.000   10038 1403812  -24750.200            SU  
61151.000   10038 1403844 -560472.200            SU  
61151.000   10038 1403853    4825.300            SU  
61151.000   10038 1403833 -395575.900            SU  
61151.000   10038 1403846   48469.100            SU  
61151.000   10038 1403814 -645921.500            SU  
61151.000   10038 1403815 -331248.500            SU  
61151.000   10038 1403834   11350.000            SU  
61151.000   10038 1403841  -36476.500            SU  
61151.000   10038 1403840   10645.500            SU  
61151.000   10038 1403845 -454115.900            SU  
61151.000   10030 1403011  184206.300            TL  
61151.000   10030 1413202  245680.900            TL  
61151.000   10030 1353942  -37872.800            TL  
61151.000   10030 1353947   56581.500            TL  
61151.000   10030 1354060  -14530.600            TL  
61151.000   10022 1320211 1999895.000            TP  
61151.000   10022 1320247  998925.100            TP  
61151.000   10022 1351227       0.000            TP  
61151.000   10022 1352179     111.600            TP  
61151.000   10022 1352476     594.000            TP  
61151.000   10068 1411028       0.000            UME 
61151.000   10068 1352703      32.600            UME 
61151.000   10068 1350251      78.500            UME 
61151.000   10068 1350872    -148.100            UME 
61151.000   10068 1352710     177.700            UME 
61151.000   10007 1400711 3320844.700            USNO
61151.000   10007 1400712  275951.200            USNO
61151.000   10007 1400719  470402.300            USNO
61151.000   10007 1400702  -65423.100            USNO
61151.000   10007 1400708  672585.900            USNO
61151.000   10007 1400704  116707.800            USNO
61151.000   10007 1400718 1961258.200            USNO
61151.000   10007 1400710 -813664.600            USNO
61151.000   10007 1400726 1310883.900            USNO
61151.000   10007 1400715  429894.700            USNO
61151.000   10007 1350161   80923.700            USNO
61151.000   10007 1400727 -746292.700            USNO
61151.000   10007 1400729 2264637.400            USNO
61151.000   10007 1400725 -220273.000            USNO
61151.000   10007 1400724 -821883.800            USNO
61151.000   10007 1400723 -605061.600            USNO
61151.000   10007 1400722 2687654.300            USNO
61151.000   10007 1400721  481202.100            USNO
61151.000   10007 1400720 1258614.400            USNO
61151.000   10007 1400730 2171449.900            USNO
61151.000   10007 1400731 -413523.500            USNO
61151.000   10007 1400732  772414.000            USNO
61151.000   10007 1400736 1219196.300            USNO
61151.000   10007 1400737 2467520.800            USNO
61151.000   10007 1400740 1137676.400            USNO
61151.000   10007 1400713  461636.700            USNO
61151.000   10007 1400714   98202.300            USNO
61151.000   10007 1400716  696193.300            USNO
61151.000   10007 1400738  112667.700            USNO
61151.000   10064 1355005       0.000            UZ  
61151.000   10064 1354998 5078759.800            UZ  
61151.000   10028 1353669   19614.900            VMI 
61151.000   10028 1361233   12180.300            VMI 
61151.000   10028 1353670  -25994.600            VMI 
61151.000   10024 1411040   -2993.500            VSL 
61151.000   10024 1354466   10091.800            VSL 
61151.000   10024 1355008    7355.700            VSL 
61151.000   10024 1355697    1322.500            VSL 
61151.000   10055 1352191     -94.900            DMDM
61151.000   10055 1362033  -57667.000            DMDM
