61089.000   10021 1352938       0.000            UAE 
61089.000   10021 1352940   -1363.800            UAE 
61089.000   10046 1404601   25047.000            AOS 
61089.000   10046 1352394    -832.500            AOS 
61089.000   10031 1353842    2425.200            APL 
61089.000   10031 1403107  258772.400            APL 
61089.000   10031 1403108  453846.500            APL 
61089.000   10031 1403109  133483.100            APL 
61089.000   10031 1412174   23354.100            APL 
61089.000   10054 1362269     107.000            AUS 
61089.000   10054 1360340   12419.000            AUS 
61089.000   10054 1360654  -43080.000            AUS 
61089.000   10054 1363814    4299.000            AUS 
61089.000   10054 1364971    7090.000            AUS 
61089.000   10054 1360299   27846.000            AUS 
61089.000   10101 1355360       0.000            AZ  
61089.000   10101 1355361    -998.900            AZ  
61089.000   10075 1352685    3088.600            IMBH
61089.000   10075 1320192   -8160.300            IMBH
61089.000   10075 1320193  -39338.100            IMBH
61089.000   10071 1353447    1064.600            BIRM
61089.000   10071 1353689    9875.200            BIRM
61089.000   10071 1407107 -397624.700            BIRM
61089.000   10071 1407111    -281.000            BIRM
61089.000   10071 1407112   -7636.500            BIRM
61089.000   10071 1415303   -3520.700            BIRM
61089.000   10071 1415304  -10231.800            BIRM
61089.000   10071 1415305  -18912.300            BIRM
61089.000   10092 1363159    4542.700            ICE 
61089.000   10092 1363522    3531.000            ICE 
61089.000   10057 1352117   14084.400            CH  
61089.000   10057 1355202    -611.200            CH  
61089.000   10057 1373644    -774.100            CH  
61089.000   10057 1405701   -1783.800            CH  
61089.000   10057 1405702   22722.900            CH  
61089.000   10057 1411117    -160.300            CH  
61089.000   10073 1353612  -11723.700            CNM 
61089.000   10073 1413211   -1016.900            CNM 
61089.000   10073 1413212   47796.200            CNM 
61089.000   10074 1411045    3915.200            DLR 
61089.000   10053 1350136     -83.300            DTAG
61089.000   10053 1355332   -1541.500            DTAG
61089.000   10053 1352635    2446.800            DTAG
61089.000   10025 1352025    4090.200            ESA 
61089.000   10025 1351615   -4506.400            ESA 
61089.000   10025 1352353   11347.300            ESA 
61089.000   10025 1352210   28330.000            ESA 
61089.000   10025 1402543  -31050.000            ESA 
61089.000   10025 1402541  -99069.500            ESA 
61089.000   10025 1411033   -1114.800            ESA 
61089.000   10089 1354233       0.000            HKO 
61089.000   10089 1355122    1256.800            HKO 
61089.000   10099 1354701       0.000            IFZG
61089.000   10093 1353401       0.000            NSAI
61089.000   10044 1361167    1306.700            IFAG
61089.000   10044 1361173     500.800            IFAG
61089.000   10044 1361629    9260.700            IFAG
61089.000   10044 1361732    6388.100            IFAG
61089.000   10044 1361798    1124.000            IFAG
61089.000   10044 1404439    4490.000            IFAG
61089.000   10044 1404418   15260.700            IFAG
61089.000   10048 1404878  920356.300            NIM 
61089.000   10048 1404871 1040520.100            NIM 
61089.000   10048 1404832 1037327.200            NIM 
61089.000   10048 1404879 1885130.800            NIM 
61089.000   10048 1404880 2165385.700            NIM 
61089.000   10048 1352742  111335.400            NIM 
61089.000   10048 1404849 1414596.600            NIM 
61089.000   10048 1404856   93633.600            NIM 
61089.000   10048 1404857   25248.200            NIM 
61089.000   10048 1404821    2792.600            NIM 
61089.000   10048 1404850     604.000            NIM 
61089.000   10048 1404870    5177.900            NIM 
61089.000   10015 1362377       0.000            INTI
61089.000   10015 1363270   12078.200            INTI
61089.000   10015 1363511    5975.400            INTI
61089.000   10070 1353546    8546.800            IPQ 
61089.000   10083 1353654    9731.500            NIS 
61089.000   10083 1354391   16566.100            NIS 
61089.000   10083 1353812  -28033.500            NIS 
61089.000   10083 1352182   -4042.100            NIS 
61089.000   10011 1350219   -1037.700            IT  
61089.000   10011 1352487    -385.400            IT  
61089.000   10011 1401101  236575.900            IT  
61089.000   10011 1401102  291006.800            IT  
61089.000   10011 1401103   33731.100            IT  
61089.000   10011 1401104   10607.300            IT  
61089.000   10011 1411079    -963.300            IT  
61089.000   10011 1411078    3019.800            IT  
61089.000   10011 1422012     864.000            IT  
61089.000   10035 1350832   16822.600            BSJ 
61089.000   10035 1350833    9250.000            BSJ 
61089.000   10087 1361277 -111707.200            JV  
61089.000   10087 1362617   69930.200            JV  
61089.000   10087 1415218  -42101.900            JV  
61089.000   10087 1411122   15264.500            JV  
61089.000   10056 1351783   39636.100            KRIS
61089.000   10056 1405624  160236.700            KRIS
61089.000   10056 1405625  463401.100            KRIS
61089.000   10056 1405626   14883.400            KRIS
61089.000   10027 1415201    -652.400            KZ  
61089.000   10027 1415205    1557.100            KZ  
61089.000   10027 1415266   -2424.600            KZ  
61089.000   10052 1351324  -11057.300            NPLI
61089.000   10052 1353376  -10605.800            NPLI
61089.000   10052 1353457    3335.800            NPLI
61089.000   10052 1353413   44548.800            NPLI
61089.000   10052 1353453    5124.700            NPLI
61089.000   10052 1415225  113481.900            NPLI
61089.000   10052 1415365   47113.800            NPLI
61089.000   10052 1415363    3296.400            NPLI
61089.000   10052 1415364   11318.700            NPLI
61089.000   10091 1352370   -8129.500            LRTE
61089.000   10082 1351868       0.000            LT  
61089.000   10082 1351362   -1655.300            LT  
61089.000   10094 1353471  -61179.500            LUX 
61089.000   10094 1353544  -57845.000            LUX 
61089.000   10041 1404113  326406.400            MIKE
61089.000   10041 1404108   30100.500            MIKE
61089.000   10041 1404189  185113.700            MIKE
61089.000   10041 1412084   27297.000            MIKE
61089.000   10088 1361806  -12483.200            CNMP
61089.000   10088 1361752   -6651.800            CNMP
61089.000   10088 1363162    8214.400            CNMP
61089.000   10088 1363179  -66491.200            CNMP
61089.000   10063 1360274    3142.200            MSL 
61089.000   10063 1363396   -4372.200            MSL 
61089.000   10063 1363872  112793.600            MSL 
61089.000   10081 1353476    4398.100            NIMT
61089.000   10081 1353472   46027.000            NIMT
61089.000   10081 1353470   46037.700            NIMT
61089.000   10013 1410102   -1631.800            NAO 
61089.000   10013 1350779    6307.000            NAO 
61089.000   10013 1351689    -147.200            NAO 
61089.000   10013 1351214     107.500            NAO 
61089.000   10020 1350343  128164.400            NICT
61089.000   10020 1350907   35607.200            NICT
61089.000   10020 1351226  -16651.000            NICT
61089.000   10020 1351778   75310.200            NICT
61089.000   10020 1351789   -8076.100            NICT
61089.000   10020 1351866    1407.600            NICT
61089.000   10020 1351944  109087.200            NICT
61089.000   10020 1352011  108073.500            NICT
61089.000   10020 1352056  109621.100            NICT
61089.000   10020 1352113  -45843.600            NICT
61089.000   10020 1352116  -27304.500            NICT
61089.000   10020 1352570   88113.300            NICT
61089.000   10020 1352620   60295.100            NICT
61089.000   10020 1352627  -23264.100            NICT
61089.000   10020 1352628  -24893.700            NICT
61089.000   10020 1352784   43315.000            NICT
61089.000   10020 1352876  123726.200            NICT
61089.000   10020 1352903   52779.400            NICT
61089.000   10020 1353594  -14836.100            NICT
61089.000   10020 1353716  -28457.800            NICT
61089.000   10020 1353717  -50013.200            NICT
61089.000   10020 1353718  -44351.000            NICT
61089.000   10020 1353720  -53717.600            NICT
61089.000   10020 1353722  -30670.000            NICT
61089.000   10020 1353909   27369.600            NICT
61089.000   10020 1353912  -38039.300            NICT
61089.000   10020 1353916  -71438.200            NICT
61089.000   10020 1353918   38882.200            NICT
61089.000   10020 1354230   68527.500            NICT
61089.000   10020 1355334   85961.500            NICT
61089.000   10020 1402003   16027.500            NICT
61089.000   10020 1402004   -9100.600            NICT
61089.000   10020 1402012   32668.100            NICT
61089.000   10020 1402013   41053.600            NICT
61089.000   10020 1402014   -2335.500            NICT
61089.000   10020 1402015   71261.700            NICT
61089.000   10020 1411041  -62235.900            NICT
61089.000   10020 1411062   33160.400            NICT
61089.000   10020 1412060   61990.000            NICT
61089.000   10002 1412108  552640.700            NIST
61089.000   10002 1412014 -542244.100            NIST
61089.000   10002 1400004 -197045.600            NIST
61089.000   10002 1400222  728500.600            NIST
61089.000   10002 1400209 -449407.100            NIST
61089.000   10002 1400212  488640.200            NIST
61089.000   10002 1400207  655826.200            NIST
61089.000   10002 1412015  613961.800            NIST
61089.000   10002 1400210  191482.200            NIST
61089.000   10002 1400205  979807.900            NIST
61089.000   10002 1352792 -548338.600            NIST
61089.000   10002 1412099  275228.200            NIST
61089.000   10002 1412006   96214.600            NIST
61089.000   10002 1352935 -654181.400            NIST
61089.000   10002 1352579  979047.600            NIST
61089.000   10002 1402205 -246669.000            NIST
61089.000   10050 1320293  124300.000            NMIJ
61089.000   10017 1412011   47857.000            NPL 
61089.000   10017 1412050   45864.000            NPL 
61089.000   10003 1352150    8125.600            NRC 
61089.000   10003 1362225   17131.100            NRC 
61089.000   10003 1352115   19230.800            NRC 
61089.000   10003 1352148    3233.400            NRC 
61089.000   10003 1400306   92028.100            NRC 
61089.000   10003 1400307   10969.900            NRC 
61089.000   10049 1415324   -1649.000            NTSC
61089.000   10049 1415316   -5497.300            NTSC
61089.000   10049 1415085  -22612.500            NTSC
61089.000   10049 1415082   49063.900            NTSC
61089.000   10049 1414922    5505.500            NTSC
61089.000   10049 1404967    5238.500            NTSC
61089.000   10049 1354937   14434.100            NTSC
61089.000   10049 1352142   15214.200            NTSC
61089.000   10016 1354619       0.000            INXE
61089.000   10008 1352027   33093.100            OP  
61089.000   10008 1400889    4744.200            OP  
61089.000   10008 1353765   78674.300            OP  
61089.000   10008 1400810   20443.700            OP  
61089.000   10008 1400809   35074.300            OP  
61089.000   10008 1400890   29280.300            OP  
61089.000   10026 1352722   -2000.100            ORB 
61089.000   10026 1352724    9555.600            ORB 
61089.000   10026 1411030   75691.000            ORB 
61089.000   10026 1402602  348323.000            ORB 
61089.000   10026 1352723    1424.000            ORB 
61089.000   10040 1350441    -777.100            PL  
61089.000   10040 1415318  -14344.100            PL  
61089.000   10040 1415321   25305.600            PL  
61089.000   10040 1354603     136.900            PL  
61089.000   10040 1354597     255.400            PL  
61089.000   10005 1920001   41571.200            PTB 
61089.000   10005 1920002   37540.700            PTB 
61089.000   10005 1355322    8789.300            PTB 
61089.000   10005 1400510    8864.100            PTB 
61089.000   10005 1400506   32279.000            PTB 
61089.000   10005 1400508   32884.500            PTB 
61089.000   10005 1400509    9850.600            PTB 
61089.000   10005 1415245   -5476.200            PTB 
61089.000   10005 1400512    6720.000            PTB 
61089.000   10005 1415221    3553.500            PTB 
61089.000   10019 1351942   68766.500            ONRJ
61089.000   10019 1320337   50851.700            ONRJ
61089.000   10019 1354204   70773.900            ONRJ
61089.000   10019 1350147   59453.100            ONRJ
61089.000   10019 1350102   19377.900            ONRJ
61089.000   10019 1353364   38722.000            ONRJ
61089.000   10019 1351153  -11623.900            ONRJ
61089.000   10019 1401958  124753.700            ONRJ
61089.000   10014 1350583   -4696.600            ROA 
61089.000   10014 1350718   -2814.800            ROA 
61089.000   10014 1361490   87109.000            ROA 
61089.000   10014 1361488   85178.700            ROA 
61089.000   10014 1351699   54975.300            ROA 
61089.000   10014 1401436 1937774.700            ROA 
61089.000   10014 1412032 1290419.400            ROA 
61089.000   10014 1352270    7844.400            ROA 
61089.000   10062 1352932       0.000            SASO
61089.000   10062 1352931      50.800            SASO
61089.000   10062 1351628     778.400            SASO
61089.000   10062 1350221    -534.700            SASO
61089.000   10067 1352525   -8154.200            SCL 
61089.000   10067 1352178  -19705.700            SCL 
61089.000   10067 1415314    1001.900            SCL 
61089.000   10067 1353448     158.000            SCL 
61089.000   10079 1352003   33810.500            SMD 
61089.000   10079 1352543  -25911.100            SMD 
61089.000   10079 1411049   -1957.200            SMD 
61089.000   10072 1352745  -21484.200            SP  
61089.000   10072 1352749   21623.000            SP  
61089.000   10072 1352758   -2394.100            SP  
61089.000   10072 1354707    6584.700            SP  
61089.000   10072 1362295    2764.200            SP  
61089.000   10072 1365149   54744.800            SP  
61089.000   10072 1407201     218.300            SP  
61089.000   10072 1407223  153873.300            SP  
61089.000   10072 1407231  244798.500            SP  
61089.000   10072 1407232  394922.400            SP  
61089.000   10072 1415319   41451.100            SP  
61089.000   10038 1403809 -409416.300            SU  
61089.000   10038 1403811 -282067.300            SU  
61089.000   10038 1403812  -26769.100            SU  
61089.000   10038 1403844 -561807.900            SU  
61089.000   10038 1403853    4021.800            SU  
61089.000   10038 1403833 -397104.800            SU  
61089.000   10038 1403846   46769.600            SU  
61089.000   10038 1403814 -653464.100            SU  
61089.000   10038 1403815 -333017.000            SU  
61089.000   10038 1403834   10201.500            SU  
61089.000   10038 1403841  -39265.000            SU  
61089.000   10038 1403840    9707.200            SU  
61089.000   10038 1403845 -453670.600            SU  
61089.000   10030 1403011  150307.000            TL  
61089.000   10030 1413202  223993.900            TL  
61089.000   10030 1353942  -36444.600            TL  
61089.000   10030 1353947   54865.800            TL  
61089.000   10030 1354060  -14038.800            TL  
61089.000   10022 1320211 1999814.100            TP  
61089.000   10022 1320247  999031.200            TP  
61089.000   10022 1351227       0.000            TP  
61089.000   10022 1352179     -18.900            TP  
61089.000   10022 1352476     526.100            TP  
61089.000   10022 1353519    -102.700            TP  
61089.000   10068 1411028       0.000            UME 
61089.000   10068 1352703    2434.000            UME 
61089.000   10068 1350251    3362.500            UME 
61089.000   10068 1350872   -8043.000            UME 
61089.000   10068 1352710    2800.200            UME 
61089.000   10007 1400711 3286051.300            USNO
61089.000   10007 1400712  272064.200            USNO
61089.000   10007 1400719  457121.600            USNO
61089.000   10007 1400702  -65584.400            USNO
61089.000   10007 1400708  664436.800            USNO
61089.000   10007 1400704  113620.200            USNO
61089.000   10007 1400718 1937308.800            USNO
61089.000   10007 1400710 -784035.000            USNO
61089.000   10007 1400726 1280859.000            USNO
61089.000   10007 1400715  418804.700            USNO
61089.000   10007 1350161   81040.600            USNO
61089.000   10007 1400727 -725344.600            USNO
61089.000   10007 1400729 2218925.500            USNO
61089.000   10007 1400725 -219436.000            USNO
61089.000   10007 1400724 -815137.800            USNO
61089.000   10007 1400723 -606038.400            USNO
61089.000   10007 1400722 2700064.500            USNO
61089.000   10007 1400721  431207.500            USNO
61089.000   10007 1400720 1252852.500            USNO
61089.000   10007 1400730 2134056.200            USNO
61089.000   10007 1400731 -402856.300            USNO
61089.000   10007 1400732  749052.400            USNO
61089.000   10007 1400736 1215976.200            USNO
61089.000   10007 1400737 2450334.500            USNO
61089.000   10007 1400740 1099330.100            USNO
61089.000   10007 1400713  452586.100            USNO
61089.000   10007 1400714   94272.700            USNO
61089.000   10007 1400716  681030.300            USNO
61089.000   10007 1400738  101970.000            USNO
61089.000   10064 1355005       0.000            UZ  
61089.000   10064 1354998 4907143.400            UZ  
61089.000   10028 1353669   19914.300            VMI 
61089.000   10028 1361233   12577.600            VMI 
61089.000   10028 1353670  -23950.700            VMI 
61089.000   10024 1411040   -2649.800            VSL 
61089.000   10024 1354466    9665.700            VSL 
61089.000   10024 1355008    6868.500            VSL 
61089.000   10024 1355697     712.200            VSL 
61089.000   10055 1352191     -97.200            DMDM
61089.000   10055 1362033  -54108.700            DMDM
