61168.000   10021 1352938       0.000            UAE 
61168.000   10021 1352940   -3737.500            UAE 
61168.000   10046 1404601   26911.900            AOS 
61168.000   10046 1352394   -1169.300            AOS 
61168.000   10031 1353842    2412.500            APL 
61168.000   10031 1403107  266735.600            APL 
61168.000   10031 1403108  515127.300            APL 
61168.000   10031 1403109  135514.000            APL 
61168.000   10031 1412174   31681.300            APL 
61168.000   10054 1362269     119.000            AUS 
61168.000   10054 1360340   12968.000            AUS 
61168.000   10054 1360654  -45138.000            AUS 
61168.000   10054 1363814    4628.000            AUS 
61168.000   10054 1364971    7672.000            AUS 
61168.000   10054 1360299   28771.000            AUS 
61168.000   10075 1352685    3382.800            IMBH
61168.000   10075 1320192   -8799.400            IMBH
61168.000   10075 1320193  -42377.100            IMBH
61168.000   10071 1353447     768.900            BIRM
61168.000   10071 1353689    9943.900            BIRM
61168.000   10071 1407107 -426651.300            BIRM
61168.000   10071 1407112  -10770.900            BIRM
61168.000   10071 1415303   -5112.500            BIRM
61168.000   10071 1415304  -12023.300            BIRM
61168.000   10071 1415305  -21047.100            BIRM
61168.000   10092 1363159    3998.700            ICE 
61168.000   10092 1363522    3676.300            ICE 
61168.000   10057 1355202    -775.300            CH  
61168.000   10057 1373644   -1051.000            CH  
61168.000   10057 1405701   -2157.900            CH  
61168.000   10057 1405702   21248.900            CH  
61168.000   10057 1411117     -72.600            CH  
61168.000   10073 1353612  -14353.100            CNM 
61168.000   10073 1413211   -1024.800            CNM 
61168.000   10073 1413212   64047.300            CNM 
61168.000   10074 1411045    5060.800            DLR 
61168.000   10053 1350136     -83.300            DTAG
61168.000   10053 1355332   -1474.900            DTAG
61168.000   10053 1352635    2589.200            DTAG
61168.000   10025 1352025    4362.500            ESA 
61168.000   10025 1351615   -4731.700            ESA 
61168.000   10025 1352353   11886.700            ESA 
61168.000   10025 1352210   29962.500            ESA 
61168.000   10025 1402543  -40383.800            ESA 
61168.000   10025 1402541 -116277.700            ESA 
61168.000   10025 1411033   -2303.100            ESA 
61168.000   10089 1354233       0.000            HKO 
61168.000   10089 1355122    1325.600            HKO 
61168.000   10099 1354701       0.000            IFZG
61168.000   10093 1353401       0.000            NSAI
61168.000   10044 1361167     874.700            IFAG
61168.000   10044 1361173     203.100            IFAG
61168.000   10044 1361629   10693.500            IFAG
61168.000   10044 1361732    7382.100            IFAG
61168.000   10044 1361798     523.700            IFAG
61168.000   10044 1404439    4387.100            IFAG
61168.000   10044 1404418   15253.300            IFAG
61168.000   10048 1404878  958142.500            NIM 
61168.000   10048 1404871 1085874.200            NIM 
61168.000   10048 1404832 1097184.600            NIM 
61168.000   10048 1404879 1929603.500            NIM 
61168.000   10048 1404880 2212078.800            NIM 
61168.000   10048 1352742  113627.500            NIM 
61168.000   10048 1404849 1415103.100            NIM 
61168.000   10048 1404856   94216.100            NIM 
61168.000   10048 1404857   24901.500            NIM 
61168.000   10048 1404821    3053.800            NIM 
61168.000   10048 1404850     712.000            NIM 
61168.000   10048 1404870    5761.500            NIM 
61168.000   10015 1362377       0.000            INTI
61168.000   10015 1363270   12675.600            INTI
61168.000   10015 1363511    6246.500            INTI
61168.000   10070 1353546    8443.900            IPQ 
61168.000   10083 1353654   10072.100            NIS 
61168.000   10083 1354391   18113.300            NIS 
61168.000   10083 1353812  -29842.000            NIS 
61168.000   10083 1352182   -4369.700            NIS 
61168.000   10011 1350219   -1127.700            IT  
61168.000   10011 1352487    -634.700            IT  
61168.000   10011 1401101  277500.600            IT  
61168.000   10011 1401102  298974.700            IT  
61168.000   10011 1401103   36817.800            IT  
61168.000   10011 1401104    6234.700            IT  
61168.000   10011 1411079   -1599.800            IT  
61168.000   10011 1411078    4355.900            IT  
61168.000   10035 1350832   18127.700            BSJ 
61168.000   10035 1350833   10002.400            BSJ 
61168.000   10087 1361277 -112433.600            JV  
61168.000   10087 1362617   71124.100            JV  
61168.000   10087 1415218  -42165.500            JV  
61168.000   10087 1411122   17568.900            JV  
61168.000   10056 1351783   41383.900            KRIS
61168.000   10056 1405624  171662.900            KRIS
61168.000   10056 1405625  497065.500            KRIS
61168.000   10056 1405626   16306.700            KRIS
61168.000   10027 1415201    -705.200            KZ  
61168.000   10027 1415205    1945.100            KZ  
61168.000   10027 1415266   -2964.300            KZ  
61168.000   10052 1351324  -11221.900            NPLI
61168.000   10052 1353376  -10857.300            NPLI
61168.000   10052 1353457    3491.300            NPLI
61168.000   10052 1353413   45481.200            NPLI
61168.000   10052 1353453    5318.300            NPLI
61168.000   10052 1415225  120766.400            NPLI
61168.000   10052 1415365   49734.700            NPLI
61168.000   10052 1415363    4102.500            NPLI
61168.000   10052 1415364   12239.900            NPLI
61168.000   10091 1352370  -10951.200            LRTE
61168.000   10082 1351868       0.000            LT  
61168.000   10082 1351362   -1668.800            LT  
61168.000   10094 1353471  -61989.100            LUX 
61168.000   10094 1353544  -57503.400            LUX 
61168.000   10085 1353507       0.000            NIMB
61168.000   10041 1404113  334205.900            MIKE
61168.000   10041 1404108   33311.000            MIKE
61168.000   10041 1404189  181672.700            MIKE
61168.000   10041 1412084   26302.700            MIKE
61168.000   10088 1361806  -12812.700            CNMP
61168.000   10088 1361752   -6798.700            CNMP
61168.000   10088 1363162    8753.500            CNMP
61168.000   10088 1363179  -67808.300            CNMP
61168.000   10063 1360274    3346.700            MSL 
61168.000   10063 1363396   -4298.400            MSL 
61168.000   10063 1363872  116660.400            MSL 
61168.000   10081 1353476    3447.700            NIMT
61168.000   10081 1353472   46945.400            NIMT
61168.000   10081 1353470   47388.700            NIMT
61168.000   10013 1410102    2152.600            NAO 
61168.000   10013 1350779     498.900            NAO 
61168.000   10013 1351689     389.900            NAO 
61168.000   10013 1351214     107.400            NAO 
61168.000   10020 1350343  130230.200            NICT
61168.000   10020 1350907   34357.300            NICT
61168.000   10020 1351226  -16880.800            NICT
61168.000   10020 1351778   76347.200            NICT
61168.000   10020 1351789   -8562.600            NICT
61168.000   10020 1351866    1361.900            NICT
61168.000   10020 1351944  110048.800            NICT
61168.000   10020 1352011  107823.800            NICT
61168.000   10020 1352056  110619.500            NICT
61168.000   10020 1352113  -46163.900            NICT
61168.000   10020 1352116  -26999.900            NICT
61168.000   10020 1352570   88765.200            NICT
61168.000   10020 1352620   61510.100            NICT
61168.000   10020 1352627  -24487.200            NICT
61168.000   10020 1352628  -25812.800            NICT
61168.000   10020 1352784   42444.900            NICT
61168.000   10020 1352876  123420.100            NICT
61168.000   10020 1352903   53181.800            NICT
61168.000   10020 1353594  -14361.200            NICT
61168.000   10020 1353716  -29303.400            NICT
61168.000   10020 1353717  -51739.700            NICT
61168.000   10020 1353718  -46423.600            NICT
61168.000   10020 1353720  -54905.300            NICT
61168.000   10020 1353722  -31339.500            NICT
61168.000   10020 1353909   27923.400            NICT
61168.000   10020 1353912  -39687.500            NICT
61168.000   10020 1353916  -74157.300            NICT
61168.000   10020 1353918   40212.000            NICT
61168.000   10020 1354230   69035.000            NICT
61168.000   10020 1402003   16948.700            NICT
61168.000   10020 1402004  -10936.700            NICT
61168.000   10020 1402012   28870.800            NICT
61168.000   10020 1402013   50602.300            NICT
61168.000   10020 1402014   -1864.600            NICT
61168.000   10020 1402015   80876.000            NICT
61168.000   10020 1411041  -72495.700            NICT
61168.000   10020 1411062   31573.100            NICT
61168.000   10020 1412060   68302.900            NICT
61168.000   10002 1412108  611232.300            NIST
61168.000   10002 1412014 -530667.300            NIST
61168.000   10002 1400004 -190695.600            NIST
61168.000   10002 1400222  733183.500            NIST
61168.000   10002 1400209 -443777.800            NIST
61168.000   10002 1400212  584790.700            NIST
61168.000   10002 1400207  710950.900            NIST
61168.000   10002 1412015  650389.700            NIST
61168.000   10002 1400210  263664.900            NIST
61168.000   10002 1400205  978357.900            NIST
61168.000   10002 1412099  367498.200            NIST
61168.000   10002 1412006  176152.900            NIST
61168.000   10002 1442021 -562097.400            NIST
61168.000   10002 1352935 -656076.400            NIST
61168.000   10002 1352579  980472.800            NIST
61168.000   10002 1402205 -203930.300            NIST
61168.000   10050 1320293  142675.000            NMIJ
61168.000   10017 1412011   48834.200            NPL 
61168.000   10017 1412050   47863.900            NPL 
61168.000   10003 1352150    8301.400            NRC 
61168.000   10003 1362225   17018.900            NRC 
61168.000   10003 1352115   19770.500            NRC 
61168.000   10003 1352148    3165.200            NRC 
61168.000   10003 1400306   92519.300            NRC 
61168.000   10003 1400307   11936.100            NRC 
61168.000   10049 1415324   -1620.800            NTSC
61168.000   10049 1415322    2913.300            NTSC
61168.000   10049 1415316   -6067.900            NTSC
61168.000   10049 1415082   53907.700            NTSC
61168.000   10049 1414922    6736.600            NTSC
61168.000   10049 1404967    6292.900            NTSC
61168.000   10049 1354937   14358.600            NTSC
61168.000   10049 1352142   15151.800            NTSC
61168.000   10016 1354619       0.000            INXE
61168.000   10008 1352027   34330.000            OP  
61168.000   10008 1400889    6600.000            OP  
61168.000   10008 1353765   80642.400            OP  
61168.000   10008 1400810   22224.100            OP  
61168.000   10008 1400809   37615.000            OP  
61168.000   10008 1400890   31345.000            OP  
61168.000   10026 1352722   -2174.700            ORB 
61168.000   10026 1352724   10346.300            ORB 
61168.000   10026 1411030   81975.200            ORB 
61168.000   10026 1402602  387971.100            ORB 
61168.000   10026 1352723    1798.000            ORB 
61168.000   10040 1350441    -791.200            PL  
61168.000   10040 1415318  -76206.000            PL  
61168.000   10040 1415321   27740.200            PL  
61168.000   10040 1354603     215.200            PL  
61168.000   10040 1354597     285.100            PL  
61168.000   10005 1920001   41679.100            PTB 
61168.000   10005 1920002   37665.000            PTB 
61168.000   10005 1355322    9030.400            PTB 
61168.000   10005 1400510    9611.300            PTB 
61168.000   10005 1400506   33507.800            PTB 
61168.000   10005 1400508   34088.400            PTB 
61168.000   10005 1400509   10243.900            PTB 
61168.000   10005 1415245   -6581.800            PTB 
61168.000   10005 1400512    7507.300            PTB 
61168.000   10005 1415221    3617.100            PTB 
61168.000   10019 1351942   70298.200            ONRJ
61168.000   10019 1320337   51547.100            ONRJ
61168.000   10019 1354204   74464.200            ONRJ
61168.000   10019 1350147   59922.100            ONRJ
61168.000   10019 1350102   20319.000            ONRJ
61168.000   10019 1353364   39456.100            ONRJ
61168.000   10019 1351153  -12521.700            ONRJ
61168.000   10019 1401958  135360.000            ONRJ
61168.000   10014 1350583   -5115.600            ROA 
61168.000   10014 1350718   -2300.200            ROA 
61168.000   10014 1361490   87702.100            ROA 
61168.000   10014 1361488   86077.900            ROA 
61168.000   10014 1351699   55477.000            ROA 
61168.000   10014 1401436 1986777.000            ROA 
61168.000   10014 1412032 1341537.600            ROA 
61168.000   10014 1352270    7969.200            ROA 
61168.000   10062 1352932       0.000            SASO
61168.000   10062 1352931     988.000            SASO
61168.000   10062 1351628    1254.400            SASO
61168.000   10062 1350221   -1009.800            SASO
61168.000   10067 1352525   -8845.200            SCL 
61168.000   10067 1352178  -21077.700            SCL 
61168.000   10067 1415314    1930.200            SCL 
61168.000   10067 1353448    2035.800            SCL 
61168.000   10079 1352003   34374.500            SMD 
61168.000   10079 1352543  -27068.300            SMD 
61168.000   10079 1411049   -1911.400            SMD 
61168.000   10072 1352745  -22767.400            SP  
61168.000   10072 1352749   23426.100            SP  
61168.000   10072 1352758   -2493.900            SP  
61168.000   10072 1354707    6533.300            SP  
61168.000   10072 1365149   61678.500            SP  
61168.000   10072 1407201    2917.500            SP  
61168.000   10072 1407231  264452.400            SP  
61168.000   10072 1407232  422207.200            SP  
61168.000   10072 1415319   43615.100            SP  
61168.000   10038 1403809 -410729.200            SU  
61168.000   10038 1403811 -281995.500            SU  
61168.000   10038 1403812  -24178.400            SU  
61168.000   10038 1403844 -560101.500            SU  
61168.000   10038 1403853    5047.400            SU  
61168.000   10038 1403833 -395149.600            SU  
61168.000   10038 1403846   48938.200            SU  
61168.000   10038 1403814 -643842.700            SU  
61168.000   10038 1403815 -330755.300            SU  
61168.000   10038 1403834   11672.200            SU  
61168.000   10038 1403841  -35706.200            SU  
61168.000   10038 1403840   10903.900            SU  
61168.000   10038 1403845 -454230.600            SU  
61168.000   10030 1403011  193567.400            TL  
61168.000   10030 1413202  255220.100            TL  
61168.000   10030 1353942  -38242.000            TL  
61168.000   10030 1353947   57041.700            TL  
61168.000   10030 1354060  -14661.900            TL  
61168.000   10022 1320211 1999891.600            TP  
61168.000   10022 1320247  998941.800            TP  
61168.000   10022 1351227       0.000            TP  
61168.000   10022 1352179     110.100            TP  
61168.000   10022 1352476     590.700            TP  
61168.000   10022 1353519     -67.100            TP  
61168.000   10068 1411028       0.000            UME 
61168.000   10068 1352703      63.500            UME 
61168.000   10068 1350251     117.500            UME 
61168.000   10068 1350872    -375.100            UME 
61168.000   10068 1352710     387.400            UME 
61168.000   10007 1400711 3330394.900            USNO
61168.000   10007 1400719  473891.300            USNO
61168.000   10007 1400702  -65374.700            USNO
61168.000   10007 1400708  674829.000            USNO
61168.000   10007 1400704  117562.300            USNO
61168.000   10007 1400718 1967846.400            USNO
61168.000   10007 1400710 -821780.100            USNO
61168.000   10007 1400726 1319268.700            USNO
61168.000   10007 1400715  432945.500            USNO
61168.000   10007 1350161   80898.600            USNO
61168.000   10007 1400727 -751974.400            USNO
61168.000   10007 1400729 2277241.600            USNO
61168.000   10007 1400725 -220500.800            USNO
61168.000   10007 1400724 -823729.600            USNO
61168.000   10007 1400723 -604775.100            USNO
61168.000   10007 1400722 2682766.300            USNO
61168.000   10007 1400721  494989.600            USNO
61168.000   10007 1400720 1260250.700            USNO
61168.000   10007 1400730 2181749.000            USNO
61168.000   10007 1400731 -416447.900            USNO
61168.000   10007 1400732  778872.200            USNO
61168.000   10007 1400736 1220137.000            USNO
61168.000   10007 1400737 2472303.700            USNO
61168.000   10007 1400740 1148288.300            USNO
61168.000   10007 1400713  464135.700            USNO
61168.000   10007 1400716  700358.000            USNO
61168.000   10007 1400733  122855.500            USNO
61168.000   10064 1355005       0.000            UZ  
61168.000   10064 1354998 5023848.400            UZ  
61168.000   10028 1353669   19686.900            VMI 
61168.000   10028 1361233   12223.100            VMI 
61168.000   10028 1353670  -26405.800            VMI 
61168.000   10024 1411040   -3088.700            VSL 
61168.000   10024 1354466   10217.200            VSL 
61168.000   10024 1355008    7499.400            VSL 
61168.000   10024 1355697    1484.300            VSL 
61168.000   10055 1352191     -66.800            DMDM
61168.000   10055 1362033  -58636.300            DMDM
