61120.000   10046 1404601   25773.100            AOS 
61120.000   10046 1352394    -954.800            AOS 
61120.000   10031 1353842    2405.100            APL 
61120.000   10031 1403107  261867.700            APL 
61120.000   10031 1403108  477850.400            APL 
61120.000   10031 1403109  134281.000            APL 
61120.000   10031 1412174   26428.900            APL 
61120.000   10054 1362269     116.000            AUS 
61120.000   10054 1360340   12619.000            AUS 
61120.000   10054 1360654  -43912.000            AUS 
61120.000   10054 1363814    4417.000            AUS 
61120.000   10054 1364971    7314.000            AUS 
61120.000   10054 1360299   28137.000            AUS 
61120.000   10101 1355360       0.000            AZ  
61120.000   10101 1355361   -1125.600            AZ  
61120.000   10075 1352685    3200.400            IMBH
61120.000   10075 1320192   -8390.300            IMBH
61120.000   10075 1320193  -40509.700            IMBH
61120.000   10071 1353447     931.500            BIRM
61120.000   10071 1353689    9916.000            BIRM
61120.000   10071 1407107 -408970.100            BIRM
61120.000   10071 1407112   -8853.600            BIRM
61120.000   10071 1415303   -4126.600            BIRM
61120.000   10071 1415304  -10919.600            BIRM
61120.000   10071 1415305  -19736.600            BIRM
61120.000   10092 1363159    4329.200            ICE 
61120.000   10092 1363522    3609.700            ICE 
61120.000   10057 1352117   14148.500            CH  
61120.000   10057 1355202    -664.300            CH  
61120.000   10057 1373644    -886.100            CH  
61120.000   10057 1405701   -1928.400            CH  
61120.000   10057 1405702   22184.400            CH  
61120.000   10057 1411117     -77.500            CH  
61120.000   10073 1353612  -12772.000            CNM 
61120.000   10073 1413211   -1036.400            CNM 
61120.000   10073 1413212   54018.500            CNM 
61120.000   10074 1411045    4383.500            DLR 
61120.000   10053 1350136     -83.300            DTAG
61120.000   10053 1355332   -1675.500            DTAG
61120.000   10053 1352635    2632.800            DTAG
61120.000   10025 1352025    4202.400            ESA 
61120.000   10025 1351615   -4595.600            ESA 
61120.000   10025 1352353   11556.200            ESA 
61120.000   10025 1352210   28962.700            ESA 
61120.000   10025 1402543  -34593.300            ESA 
61120.000   10025 1402541 -105563.300            ESA 
61120.000   10025 1411033   -1563.800            ESA 
61120.000   10089 1354233       0.000            HKO 
61120.000   10089 1355122    1275.100            HKO 
61120.000   10099 1354701       0.000            IFZG
61120.000   10093 1353401       0.000            NSAI
61120.000   10044 1361167    1117.300            IFAG
61120.000   10044 1361173     414.600            IFAG
61120.000   10044 1361629    9866.100            IFAG
61120.000   10044 1361732    6778.200            IFAG
61120.000   10044 1361798     936.200            IFAG
61120.000   10044 1404439    4517.400            IFAG
61120.000   10044 1404418   15315.900            IFAG
61120.000   10048 1404878  935143.100            NIM 
61120.000   10048 1404871 1058281.000            NIM 
61120.000   10048 1404832 1060684.700            NIM 
61120.000   10048 1404879 1902520.900            NIM 
61120.000   10048 1404880 2183655.000            NIM 
61120.000   10048 1352742  112232.400            NIM 
61120.000   10048 1404849 1414791.500            NIM 
61120.000   10048 1404856   93861.200            NIM 
61120.000   10048 1404857   25111.600            NIM 
61120.000   10048 1404821    2891.200            NIM 
61120.000   10048 1404850     643.000            NIM 
61120.000   10048 1404870    5402.300            NIM 
61120.000   10083 1353654    9865.500            NIS 
61120.000   10083 1354391   17177.900            NIS 
61120.000   10083 1353812  -28741.100            NIS 
61120.000   10083 1352182   -4141.600            NIS 
61120.000   10011 1350219   -1048.400            IT  
61120.000   10011 1352487    -476.600            IT  
61120.000   10011 1401101  252554.600            IT  
61120.000   10011 1401102  294172.800            IT  
61120.000   10011 1401103   34927.900            IT  
61120.000   10011 1401104    8915.800            IT  
61120.000   10011 1411079   -1202.300            IT  
61120.000   10011 1411078    3525.300            IT  
61120.000   10011 1422012     918.900            IT  
61120.000   10035 1350832   17348.000            BSJ 
61120.000   10035 1350833    9513.900            BSJ 
61120.000   10087 1361277 -112009.600            JV  
61120.000   10087 1362617   70407.600            JV  
61120.000   10087 1415218  -42126.800            JV  
61120.000   10087 1411122   16152.000            JV  
61120.000   10056 1351783   40319.200            KRIS
61120.000   10056 1405624  164697.700            KRIS
61120.000   10056 1405625  476526.800            KRIS
61120.000   10056 1405626   15441.600            KRIS
61120.000   10027 1415201    -684.400            KZ  
61120.000   10027 1415205    1700.200            KZ  
61120.000   10027 1415266   -2633.600            KZ  
61120.000   10052 1351324  -11134.000            NPLI
61120.000   10052 1353376  -10716.800            NPLI
61120.000   10052 1353457    3379.500            NPLI
61120.000   10052 1353413   44918.300            NPLI
61120.000   10052 1353453    5200.100            NPLI
61120.000   10052 1415225  116290.500            NPLI
61120.000   10052 1415365   48135.200            NPLI
61120.000   10052 1415363    3607.200            NPLI
61120.000   10052 1415364   11672.900            NPLI
61120.000   10091 1352370   -9917.600            LRTE
61120.000   10082 1351868       0.000            LT  
61120.000   10082 1351362   -1707.300            LT  
61120.000   10094 1353471  -61499.800            LUX 
61120.000   10094 1353544  -57702.400            LUX 
61120.000   10041 1404113  329458.600            MIKE
61120.000   10041 1404108   31343.100            MIKE
61120.000   10041 1404189  183607.900            MIKE
61120.000   10041 1412084   26903.500            MIKE
61120.000   10088 1361806  -12623.000            CNMP
61120.000   10088 1361752   -6733.300            CNMP
61120.000   10088 1363162    8438.500            CNMP
61120.000   10088 1363179  -67055.600            CNMP
61120.000   10063 1360274    3275.200            MSL 
61120.000   10063 1363396   -4316.900            MSL 
61120.000   10063 1363872  114340.900            MSL 
61120.000   10081 1353476    4003.200            NIMT
61120.000   10081 1353472   46382.300            NIMT
61120.000   10081 1353470   46549.300            NIMT
61120.000   10013 1410102   -1183.400            NAO 
61120.000   10013 1350779    5806.200            NAO 
61120.000   10013 1351689    -439.900            NAO 
61120.000   10013 1351214     107.500            NAO 
61120.000   10020 1350343  128935.900            NICT
61120.000   10020 1350907   35111.800            NICT
61120.000   10020 1351226  -16754.800            NICT
61120.000   10020 1351778   75719.800            NICT
61120.000   10020 1351789   -8265.800            NICT
61120.000   10020 1351866    1391.700            NICT
61120.000   10020 1351944  109467.200            NICT
61120.000   10020 1352011  107964.000            NICT
61120.000   10020 1352056  110017.400            NICT
61120.000   10020 1352113  -45973.300            NICT
61120.000   10020 1352116  -27200.200            NICT
61120.000   10020 1352570   88367.900            NICT
61120.000   10020 1352620   60788.900            NICT
61120.000   10020 1352627  -23719.100            NICT
61120.000   10020 1352628  -25233.700            NICT
61120.000   10020 1352784   42984.900            NICT
61120.000   10020 1352876  123592.600            NICT
61120.000   10020 1352903   52938.100            NICT
61120.000   10020 1353594  -14616.100            NICT
61120.000   10020 1353716  -28806.600            NICT
61120.000   10020 1353717  -50663.300            NICT
61120.000   10020 1353718  -45163.400            NICT
61120.000   10020 1353720  -54200.300            NICT
61120.000   10020 1353722  -30945.700            NICT
61120.000   10020 1353909   27599.800            NICT
61120.000   10020 1353912  -38689.200            NICT
61120.000   10020 1353916  -72504.200            NICT
61120.000   10020 1353918   39415.900            NICT
61120.000   10020 1354230   68747.600            NICT
61120.000   10020 1402003   16386.300            NICT
61120.000   10020 1402004   -9818.900            NICT
61120.000   10020 1402012   31143.300            NICT
61120.000   10020 1402013   44718.300            NICT
61120.000   10020 1402014   -2180.400            NICT
61120.000   10020 1402015   74977.100            NICT
61120.000   10020 1411041  -66222.100            NICT
61120.000   10020 1411062   32539.200            NICT
61120.000   10020 1412060   64424.400            NICT
61120.000   10002 1412108  575516.800            NIST
61120.000   10002 1412014 -537741.500            NIST
61120.000   10002 1400004 -194561.200            NIST
61120.000   10002 1400222  730338.400            NIST
61120.000   10002 1400209 -447263.200            NIST
61120.000   10002 1400212  526188.600            NIST
61120.000   10002 1400207  677414.300            NIST
61120.000   10002 1412015  628212.500            NIST
61120.000   10002 1400210  219714.100            NIST
61120.000   10002 1400205  979239.000            NIST
61120.000   10002 1412099  311270.700            NIST
61120.000   10002 1412006  127475.300            NIST
61120.000   10002 1442021 -564592.800            NIST
61120.000   10002 1352935 -654933.700            NIST
61120.000   10002 1352579  979625.100            NIST
61120.000   10002 1402205 -229937.600            NIST
61120.000   10050 1320293  131519.400            NMIJ
61120.000   10017 1412011   48239.900            NPL 
61120.000   10017 1412050   46477.900            NPL 
61120.000   10003 1352150    8210.200            NRC 
61120.000   10003 1362225   17097.800            NRC 
61120.000   10003 1352115   19449.000            NRC 
61120.000   10003 1352148    3204.500            NRC 
61120.000   10003 1400306   92343.900            NRC 
61120.000   10003 1400307   11344.700            NRC 
61120.000   10049 1415324   -1655.400            NTSC
61120.000   10049 1415322    2518.400            NTSC
61120.000   10049 1415316   -5721.300            NTSC
61120.000   10049 1415082   50945.400            NTSC
61120.000   10049 1414922    5973.900            NTSC
61120.000   10049 1404967    5640.600            NTSC
61120.000   10049 1354937   14395.400            NTSC
61120.000   10049 1352142   15191.600            NTSC
61120.000   10016 1354619       0.000            INXE
61120.000   10008 1352027   33584.500            OP  
61120.000   10008 1400889    5468.400            OP  
61120.000   10008 1353765   79457.100            OP  
61120.000   10008 1400810   21135.300            OP  
61120.000   10008 1400809   36061.800            OP  
61120.000   10008 1400890   30089.000            OP  
61120.000   10026 1352722   -2086.500            ORB 
61120.000   10026 1352724    9868.000            ORB 
61120.000   10026 1411030   78145.200            ORB 
61120.000   10026 1402602  363875.400            ORB 
61120.000   10026 1352723    1579.200            ORB 
61120.000   10040 1350441    -789.100            PL  
61120.000   10040 1415318  -33941.900            PL  
61120.000   10040 1415321   26194.400            PL  
61120.000   10040 1354603     153.100            PL  
61120.000   10040 1354597     254.600            PL  
61120.000   10005 1920001   41585.800            PTB 
61120.000   10005 1920002   37578.000            PTB 
61120.000   10005 1355322    8891.100            PTB 
61120.000   10005 1400510    9154.700            PTB 
61120.000   10005 1400506   32722.000            PTB 
61120.000   10005 1400508   33299.600            PTB 
61120.000   10005 1400509   10003.400            PTB 
61120.000   10005 1415245   -5906.800            PTB 
61120.000   10005 1400512    7023.700            PTB 
61120.000   10005 1415221    3580.100            PTB 
61120.000   10019 1351942   69357.000            ONRJ
61120.000   10019 1320337   51121.900            ONRJ
61120.000   10019 1354204   72226.600            ONRJ
61120.000   10019 1350147   59627.100            ONRJ
61120.000   10019 1350102   19691.600            ONRJ
61120.000   10019 1353364   38992.400            ONRJ
61120.000   10019 1351153  -11970.100            ONRJ
61120.000   10019 1401958  128841.700            ONRJ
61120.000   10014 1350583   -4845.100            ROA 
61120.000   10014 1350718   -2609.500            ROA 
61120.000   10014 1361490   87353.400            ROA 
61120.000   10014 1361488   85522.100            ROA 
61120.000   10014 1351699   55193.600            ROA 
61120.000   10014 1401436 1956931.000            ROA 
61120.000   10014 1412032 1310405.500            ROA 
61120.000   10014 1352270    7894.400            ROA 
61120.000   10062 1352932       0.000            SASO
61120.000   10062 1352931     431.200            SASO
61120.000   10062 1351628     963.900            SASO
61120.000   10062 1350221    -681.300            SASO
61120.000   10067 1352525   -8435.000            SCL 
61120.000   10067 1352178  -20241.200            SCL 
61120.000   10067 1415314    1352.400            SCL 
61120.000   10067 1353448     881.200            SCL 
61120.000   10079 1352003   34045.700            SMD 
61120.000   10079 1352543  -26364.200            SMD 
61120.000   10079 1411049   -1940.900            SMD 
61120.000   10072 1352745  -21984.200            SP  
61120.000   10072 1352749   22304.200            SP  
61120.000   10072 1352758   -2455.500            SP  
61120.000   10072 1354707    6571.400            SP  
61120.000   10072 1362295    3673.600            SP  
61120.000   10072 1365149   57470.900            SP  
61120.000   10072 1407201    1222.600            SP  
61120.000   10072 1407223  155808.500            SP  
61120.000   10072 1407231  252444.300            SP  
61120.000   10072 1407232  405576.400            SP  
61120.000   10072 1415319   42301.200            SP  
61120.000   10038 1403809 -409937.500            SU  
61120.000   10038 1403811 -282048.400            SU  
61120.000   10038 1403812  -25772.800            SU  
61120.000   10038 1403844 -561143.000            SU  
61120.000   10038 1403853    4422.500            SU  
61120.000   10038 1403833 -396345.000            SU  
61120.000   10038 1403846   47617.900            SU  
61120.000   10038 1403814 -649699.700            SU  
61120.000   10038 1403815 -332138.000            SU  
61120.000   10038 1403816 -299979.100            SU  
61120.000   10038 1403834   10770.900            SU  
61120.000   10038 1403841  -37874.200            SU  
61120.000   10038 1403840   10173.700            SU  
61120.000   10038 1403852 -704040.700            SU  
61120.000   10038 1403845 -453898.000            SU  
61120.000   10030 1403011  167213.800            TL  
61120.000   10030 1413202  232260.200            TL  
61120.000   10030 1353942  -37163.200            TL  
61120.000   10030 1353947   55749.300            TL  
61120.000   10030 1354060  -14282.600            TL  
61120.000   10022 1320211 1999860.800            TP  
61120.000   10022 1320247  998899.500            TP  
61120.000   10022 1351227       0.000            TP  
61120.000   10022 1352179      45.900            TP  
61120.000   10022 1352476     576.900            TP  
61120.000   10022 1353519    -124.800            TP  
61120.000   10068 1411028       0.000            UME 
61120.000   10068 1352703    2484.700            UME 
61120.000   10068 1350251    3529.600            UME 
61120.000   10068 1350872   -8360.400            UME 
61120.000   10068 1352710    3237.300            UME 
61120.000   10007 1400711 3303441.200            USNO
61120.000   10007 1400712  274020.800            USNO
61120.000   10007 1400719  463879.300            USNO
61120.000   10007 1400702  -65503.200            USNO
61120.000   10007 1400708  668505.400            USNO
61120.000   10007 1400704  115156.800            USNO
61120.000   10007 1400718 1949267.000            USNO
61120.000   10007 1400710 -798856.800            USNO
61120.000   10007 1400726 1295834.900            USNO
61120.000   10007 1400715  424342.200            USNO
61120.000   10007 1350161   80966.400            USNO
61120.000   10007 1400727 -735866.500            USNO
61120.000   10007 1400729 2241740.300            USNO
61120.000   10007 1400725 -219856.200            USNO
61120.000   10007 1400724 -818514.000            USNO
61120.000   10007 1400723 -605564.300            USNO
61120.000   10007 1400722 2694559.000            USNO
61120.000   10007 1400721  456144.100            USNO
61120.000   10007 1400720 1255690.500            USNO
61120.000   10007 1400730 2152721.100            USNO
61120.000   10007 1400731 -408190.800            USNO
61120.000   10007 1400732  760694.900            USNO
61120.000   10007 1400736 1217544.600            USNO
61120.000   10007 1400737 2458879.600            USNO
61120.000   10007 1400740 1118431.300            USNO
61120.000   10007 1400713  457100.400            USNO
61120.000   10007 1400714   96139.700            USNO
61120.000   10007 1400716  688607.000            USNO
61120.000   10007 1400738  107133.900            USNO
61120.000   10064 1355005       0.000            UZ  
61120.000   10064 1354998 5182446.400            UZ  
61120.000   10028 1353669   19735.600            VMI 
61120.000   10028 1361233   12357.900            VMI 
61120.000   10028 1353670  -25006.200            VMI 
61120.000   10024 1411040   -2820.900            VSL 
61120.000   10024 1354466    9876.800            VSL 
61120.000   10024 1355008    7115.600            VSL 
61120.000   10024 1355697    1022.200            VSL 
61120.000   10055 1352191    -106.700            DMDM
61120.000   10055 1362033  -55861.000            DMDM
