61152.000   10021 1352938       0.000            UAE 
61152.000   10021 1352940   -3272.800            UAE 
61152.000   10046 1404601   26529.000            AOS 
61152.000   10046 1352394   -1092.600            AOS 
61152.000   10031 1353842    2423.500            APL 
61152.000   10031 1403107  265103.000            APL 
61152.000   10031 1403108  502685.000            APL 
61152.000   10031 1403109  135101.400            APL 
61152.000   10031 1412174   29860.600            APL 
61152.000   10054 1362269     121.000            AUS 
61152.000   10054 1360340   12890.000            AUS 
61152.000   10054 1360654  -44707.000            AUS 
61152.000   10054 1363814    4590.000            AUS 
61152.000   10054 1364971    7575.000            AUS 
61152.000   10054 1360299   28587.000            AUS 
61152.000   10075 1352685    3321.600            IMBH
61152.000   10075 1320192   -8698.900            IMBH
61152.000   10075 1320193  -41750.100            IMBH
61152.000   10071 1353447     808.900            BIRM
61152.000   10071 1353689    9936.800            BIRM
61152.000   10071 1407107 -420741.600            BIRM
61152.000   10071 1407112  -10125.000            BIRM
61152.000   10071 1415303   -4777.200            BIRM
61152.000   10071 1415304  -11649.700            BIRM
61152.000   10071 1415305  -20605.700            BIRM
61152.000   10092 1363159    4108.800            ICE 
61152.000   10092 1363522    3668.200            ICE 
61152.000   10057 1355202    -747.300            CH  
61152.000   10057 1373644    -987.600            CH  
61152.000   10057 1405701   -2081.400            CH  
61152.000   10057 1405702   21572.500            CH  
61152.000   10057 1411117     -54.300            CH  
61152.000   10073 1353612  -13844.200            CNM 
61152.000   10073 1413211   -1037.300            CNM 
61152.000   10073 1413212   60652.800            CNM 
61152.000   10074 1411045    4838.000            DLR 
61152.000   10053 1350136     -83.300            DTAG
61152.000   10053 1355332   -1547.200            DTAG
61152.000   10053 1352635    2622.800            DTAG
61152.000   10025 1352025    4314.100            ESA 
61152.000   10025 1351615   -4682.800            ESA 
61152.000   10025 1352353   11774.100            ESA 
61152.000   10025 1352210   29636.600            ESA 
61152.000   10025 1402543  -38412.600            ESA 
61152.000   10025 1402541 -112619.100            ESA 
61152.000   10025 1411033   -2047.600            ESA 
61152.000   10089 1354233       0.000            HKO 
61152.000   10089 1355122    1297.300            HKO 
61152.000   10099 1354701       0.000            IFZG
61152.000   10093 1353401       0.000            NSAI
61152.000   10044 1361167     985.800            IFAG
61152.000   10044 1361173     292.100            IFAG
61152.000   10044 1361629   10457.200            IFAG
61152.000   10044 1361732    7180.800            IFAG
61152.000   10044 1361798     707.100            IFAG
61152.000   10044 1404439    4483.600            IFAG
61152.000   10044 1404418   15323.000            IFAG
61152.000   10048 1404878  950463.000            NIM 
61152.000   10048 1404871 1076668.900            NIM 
61152.000   10048 1404832 1084977.400            NIM 
61152.000   10048 1404879 1920562.900            NIM 
61152.000   10048 1404880 2202586.600            NIM 
61152.000   10048 1352742  113179.600            NIM 
61152.000   10048 1404849 1414998.200            NIM 
61152.000   10048 1404856   94097.700            NIM 
61152.000   10048 1404857   24971.400            NIM 
61152.000   10048 1404821    2998.200            NIM 
61152.000   10048 1404850     687.800            NIM 
61152.000   10048 1404870    5640.000            NIM 
61152.000   10015 1362377       0.000            INTI
61152.000   10015 1363270   12561.600            INTI
61152.000   10015 1363511    6195.800            INTI
61152.000   10070 1353546    8466.100            IPQ 
61152.000   10083 1353654   10003.600            NIS 
61152.000   10083 1354391   17797.200            NIS 
61152.000   10083 1353812  -29461.100            NIS 
61152.000   10083 1352182   -4304.500            NIS 
61152.000   10011 1350219   -1108.600            IT  
61152.000   10011 1352487    -579.500            IT  
61152.000   10011 1401101  269153.100            IT  
61152.000   10011 1401102  297386.300            IT  
61152.000   10011 1401103   36181.200            IT  
61152.000   10011 1401104    7135.800            IT  
61152.000   10011 1411079   -1466.700            IT  
61152.000   10011 1411078    4071.000            IT  
61152.000   10035 1350832   17869.500            BSJ 
61152.000   10035 1350833    9821.900            BSJ 
61152.000   10087 1361277 -112295.700            JV  
61152.000   10087 1362617   70895.800            JV  
61152.000   10087 1415218  -42152.600            JV  
61152.000   10087 1411122   17091.200            JV  
61152.000   10056 1351783   41027.200            KRIS
61152.000   10056 1405624  169332.300            KRIS
61152.000   10056 1405625  490189.600            KRIS
61152.000   10056 1405626   16018.300            KRIS
61152.000   10027 1415201    -699.500            KZ  
61152.000   10027 1415205    1862.300            KZ  
61152.000   10027 1415266   -2851.700            KZ  
61152.000   10052 1351324  -11195.100            NPLI
61152.000   10052 1353376  -10811.000            NPLI
61152.000   10052 1353457    3448.500            NPLI
61152.000   10052 1353413   45292.000            NPLI
61152.000   10052 1353453    5286.000            NPLI
61152.000   10052 1415225  119254.500            NPLI
61152.000   10052 1415365   49200.800            NPLI
61152.000   10052 1415363    3936.600            NPLI
61152.000   10052 1415364   12049.900            NPLI
61152.000   10091 1352370  -10625.400            LRTE
61152.000   10082 1351868       0.000            LT  
61152.000   10082 1351362   -1644.600            LT  
61152.000   10094 1353471  -61822.000            LUX 
61152.000   10094 1353544  -57564.100            LUX 
61152.000   10085 1353507       0.000            NIMB
61152.000   10041 1404113  332627.600            MIKE
61152.000   10041 1404108   32617.600            MIKE
61152.000   10041 1404189  182269.100            MIKE
61152.000   10041 1412084   26505.400            MIKE
61152.000   10088 1361806  -12727.900            CNMP
61152.000   10088 1361752   -6734.800            CNMP
61152.000   10088 1363162    8652.800            CNMP
61152.000   10088 1363179  -67537.100            CNMP
61152.000   10063 1360274    3309.100            MSL 
61152.000   10063 1363396   -4256.400            MSL 
61152.000   10063 1363872  115887.600            MSL 
61152.000   10081 1353476    3623.400            NIMT
61152.000   10081 1353472   46749.700            NIMT
61152.000   10081 1353470   47095.700            NIMT
61152.000   10013 1410102    1979.100            NAO 
61152.000   10013 1350779     464.700            NAO 
61152.000   10013 1351689    4341.500            NAO 
61152.000   10013 1351214     107.400            NAO 
61152.000   10020 1350343  129801.300            NICT
61152.000   10020 1350907   34599.900            NICT
61152.000   10020 1351226  -16838.600            NICT
61152.000   10020 1351778   76137.100            NICT
61152.000   10020 1351789   -8458.000            NICT
61152.000   10020 1351866    1387.000            NICT
61152.000   10020 1351944  109869.300            NICT
61152.000   10020 1352011  107869.700            NICT
61152.000   10020 1352056  110399.300            NICT
61152.000   10020 1352113  -46100.300            NICT
61152.000   10020 1352116  -27060.800            NICT
61152.000   10020 1352570   88631.200            NICT
61152.000   10020 1352620   61276.000            NICT
61152.000   10020 1352627  -24227.600            NICT
61152.000   10020 1352628  -25620.200            NICT
61152.000   10020 1352784   42620.100            NICT
61152.000   10020 1352876  123473.300            NICT
61152.000   10020 1352903   53107.800            NICT
61152.000   10020 1353594  -14441.300            NICT
61152.000   10020 1353716  -29142.500            NICT
61152.000   10020 1353717  -51381.600            NICT
61152.000   10020 1353718  -46010.600            NICT
61152.000   10020 1353720  -54669.500            NICT
61152.000   10020 1353722  -31202.300            NICT
61152.000   10020 1353909   27808.300            NICT
61152.000   10020 1353912  -39360.000            NICT
61152.000   10020 1353916  -73608.600            NICT
61152.000   10020 1353918   39939.400            NICT
61152.000   10020 1354230   68966.500            NICT
61152.000   10020 1402003   16760.100            NICT
61152.000   10020 1402004  -10564.000            NICT
61152.000   10020 1402012   29616.000            NICT
61152.000   10020 1402013   48612.300            NICT
61152.000   10020 1402014   -1980.500            NICT
61152.000   10020 1402015   78889.900            NICT
61152.000   10020 1411041  -70392.800            NICT
61152.000   10020 1411062   31895.800            NICT
61152.000   10020 1412060   66995.900            NICT
61152.000   10002 1412108  599285.300            NIST
61152.000   10002 1412014 -533039.900            NIST
61152.000   10002 1400004 -191987.900            NIST
61152.000   10002 1400222  732233.500            NIST
61152.000   10002 1400209 -444965.300            NIST
61152.000   10002 1400212  565184.500            NIST
61152.000   10002 1400207  699756.600            NIST
61152.000   10002 1412015  642983.800            NIST
61152.000   10002 1400210  248977.200            NIST
61152.000   10002 1400205  978650.400            NIST
61152.000   10002 1412099  348747.500            NIST
61152.000   10002 1412006  159883.300            NIST
61152.000   10002 1442021 -562980.600            NIST
61152.000   10002 1352935 -655706.400            NIST
61152.000   10002 1352579  980200.700            NIST
61152.000   10002 1402205 -212625.900            NIST
61152.000   10050 1320293  138958.300            NMIJ
61152.000   10017 1412011   48633.300            NPL 
61152.000   10017 1412050   47342.100            NPL 
61152.000   10003 1352150    8271.900            NRC 
61152.000   10003 1362225   17071.800            NRC 
61152.000   10003 1352115   19651.800            NRC 
61152.000   10003 1352148    3171.600            NRC 
61152.000   10003 1400306   92439.500            NRC 
61152.000   10003 1400307   11736.500            NRC 
61152.000   10049 1415324   -1638.100            NTSC
61152.000   10049 1415322    2779.400            NTSC
61152.000   10049 1415316   -5951.900            NTSC
61152.000   10049 1415082   52914.100            NTSC
61152.000   10049 1414922    6477.600            NTSC
61152.000   10049 1404967    6071.700            NTSC
61152.000   10049 1354937   14365.700            NTSC
61152.000   10049 1352142   15167.300            NTSC
61152.000   10016 1354619       0.000            INXE
61152.000   10008 1352027   34084.400            OP  
61152.000   10008 1400889    6221.500            OP  
61152.000   10008 1353765   80254.200            OP  
61152.000   10008 1400810   21857.700            OP  
61152.000   10008 1400809   37093.100            OP  
61152.000   10008 1400890   30925.100            OP  
61152.000   10026 1352722   -2182.700            ORB 
61152.000   10026 1352724   10189.200            ORB 
61152.000   10026 1411030   80694.400            ORB 
61152.000   10026 1402602  379937.000            ORB 
61152.000   10026 1352723    1721.700            ORB 
61152.000   10040 1350441    -796.900            PL  
61152.000   10040 1415318  -60539.200            PL  
61152.000   10040 1415321   27123.100            PL  
61152.000   10040 1354603     195.000            PL  
61152.000   10040 1354597     282.000            PL  
61152.000   10005 1920001   41638.200            PTB 
61152.000   10005 1920002   37634.000            PTB 
61152.000   10005 1355322    8983.700            PTB 
61152.000   10005 1400510    9458.600            PTB 
61152.000   10005 1400506   33232.600            PTB 
61152.000   10005 1400508   33806.400            PTB 
61152.000   10005 1400509   10163.400            PTB 
61152.000   10005 1415245   -6355.700            PTB 
61152.000   10005 1400512    7344.400            PTB 
61152.000   10005 1415221    3605.700            PTB 
61152.000   10019 1351942   69999.600            ONRJ
61152.000   10019 1320337   51401.800            ONRJ
61152.000   10019 1354204   73741.100            ONRJ
61152.000   10019 1350147   59839.900            ONRJ
61152.000   10019 1350102   20088.500            ONRJ
61152.000   10019 1353364   39310.600            ONRJ
61152.000   10019 1351153  -12340.500            ONRJ
61152.000   10019 1401958  133167.300            ONRJ
61152.000   10014 1350583   -5027.200            ROA 
61152.000   10014 1350718   -2395.000            ROA 
61152.000   10014 1361490   87563.900            ROA 
61152.000   10014 1361488   85897.900            ROA 
61152.000   10014 1351699   55375.600            ROA 
61152.000   10014 1401436 1976805.900            ROA 
61152.000   10014 1412032 1331134.700            ROA 
61152.000   10014 1352270    7955.600            ROA 
61152.000   10062 1352932       0.000            SASO
61152.000   10062 1352931     790.300            SASO
61152.000   10062 1351628    1156.100            SASO
61152.000   10062 1350221    -907.100            SASO
61152.000   10067 1352525   -8726.900            SCL 
61152.000   10067 1352178  -20803.000            SCL 
61152.000   10067 1415314    1730.400            SCL 
61152.000   10067 1353448    1643.900            SCL 
61152.000   10079 1352003   34261.800            SMD 
61152.000   10079 1352543  -26832.500            SMD 
61152.000   10079 1411049   -1922.000            SMD 
61152.000   10072 1352745  -22503.700            SP  
61152.000   10072 1352749   23071.100            SP  
61152.000   10072 1352758   -2481.300            SP  
61152.000   10072 1354707    6555.800            SP  
61152.000   10072 1362295    4650.700            SP  
61152.000   10072 1365149   60304.600            SP  
61152.000   10072 1407201    2335.600            SP  
61152.000   10072 1407223  157812.200            SP  
61152.000   10072 1407231  260428.800            SP  
61152.000   10072 1407232  416646.500            SP  
61152.000   10072 1415319   43177.300            SP  
61152.000   10038 1403809 -410467.600            SU  
61152.000   10038 1403811 -282016.100            SU  
61152.000   10038 1403812  -24716.800            SU  
61152.000   10038 1403844 -560450.600            SU  
61152.000   10038 1403853    4838.200            SU  
61152.000   10038 1403833 -395550.900            SU  
61152.000   10038 1403846   48496.600            SU  
61152.000   10038 1403814 -645799.400            SU  
61152.000   10038 1403815 -331219.700            SU  
61152.000   10038 1403834   11368.900            SU  
61152.000   10038 1403841  -36431.200            SU  
61152.000   10038 1403840   10661.100            SU  
61152.000   10038 1403845 -454122.800            SU  
61152.000   10030 1403011  184756.000            TL  
61152.000   10030 1413202  246198.500            TL  
61152.000   10030 1353942  -37894.100            TL  
61152.000   10030 1353947   56606.900            TL  
61152.000   10030 1354060  -14539.500            TL  
61152.000   10022 1320211 1999893.800            TP  
61152.000   10022 1320247  998926.000            TP  
61152.000   10022 1351227       0.000            TP  
61152.000   10022 1352179     114.900            TP  
61152.000   10022 1352476     590.100            TP  
61152.000   10068 1411028       0.000            UME 
61152.000   10068 1352703      32.700            UME 
61152.000   10068 1350251      73.000            UME 
61152.000   10068 1350872    -161.000            UME 
61152.000   10068 1352710     183.900            UME 
61152.000   10007 1400711 3321406.300            USNO
61152.000   10007 1400712  276132.400            USNO
61152.000   10007 1400719  470608.900            USNO
61152.000   10007 1400702  -65420.500            USNO
61152.000   10007 1400708  672717.600            USNO
61152.000   10007 1400704  116757.900            USNO
61152.000   10007 1400718 1961645.400            USNO
61152.000   10007 1400710 -814142.200            USNO
61152.000   10007 1400726 1311370.500            USNO
61152.000   10007 1400715  430074.000            USNO
61152.000   10007 1350161   80920.300            USNO
61152.000   10007 1400727 -746627.500            USNO
61152.000   10007 1400729 2265378.100            USNO
61152.000   10007 1400725 -220286.300            USNO
61152.000   10007 1400724 -821992.400            USNO
61152.000   10007 1400723 -605044.800            USNO
61152.000   10007 1400722 2687387.900            USNO
61152.000   10007 1400721  482012.000            USNO
61152.000   10007 1400720 1258710.300            USNO
61152.000   10007 1400730 2172055.100            USNO
61152.000   10007 1400731 -413695.400            USNO
61152.000   10007 1400732  772793.300            USNO
61152.000   10007 1400736 1219250.900            USNO
61152.000   10007 1400737 2467801.100            USNO
61152.000   10007 1400740 1138299.300            USNO
61152.000   10007 1400713  461783.400            USNO
61152.000   10007 1400714   98270.200            USNO
61152.000   10007 1400716  696438.300            USNO
61152.000   10007 1400738  112861.300            USNO
61152.000   10064 1355005       0.000            UZ  
61152.000   10064 1354998 5053093.000            UZ  
61152.000   10028 1353669   19614.900            VMI 
61152.000   10028 1361233   12184.700            VMI 
61152.000   10028 1353670  -26023.800            VMI 
61152.000   10024 1411040   -2999.100            VSL 
61152.000   10024 1354466   10098.800            VSL 
61152.000   10024 1355008    7364.900            VSL 
61152.000   10024 1355697    1331.400            VSL 
61152.000   10055 1352191     -93.900            DMDM
61152.000   10055 1362033  -57728.500            DMDM
