61211.000   10021 1352938       0.000            UAE 
61211.000   10021 1352940   -4953.500            UAE 
61211.000   10046 1404601   27957.200            AOS 
61211.000   10046 1352394   -1353.100            AOS 
61211.000   10031 1353842    2415.400            APL 
61211.000   10031 1403107  271172.900            APL 
61211.000   10031 1403108  548637.800            APL 
61211.000   10031 1403109  136625.000            APL 
61211.000   10031 1412174   36933.600            APL 
61211.000   10054 1362269     195.000            AUS 
61211.000   10054 1360340   13280.000            AUS 
61211.000   10054 1360654  -46246.000            AUS 
61211.000   10054 1363814    4844.000            AUS 
61211.000   10054 1364971    8019.000            AUS 
61211.000   10054 1360299   29276.000            AUS 
61211.000   10075 1352685    3522.000            IMBH
61211.000   10075 1320192   -9042.100            IMBH
61211.000   10075 1320193  -43976.900            IMBH
61211.000   10071 1353447     573.100            BIRM
61211.000   10071 1353689    9956.900            BIRM
61211.000   10071 1407103    -770.900            BIRM
61211.000   10071 1407107 -442605.500            BIRM
61211.000   10071 1407111   -2144.900            BIRM
61211.000   10071 1407112  -12540.200            BIRM
61211.000   10071 1415303   -6049.300            BIRM
61211.000   10071 1415304  -14117.800            BIRM
61211.000   10071 1415305  -22257.000            BIRM
61211.000   10092 1363159    3701.500            ICE 
61211.000   10092 1363522    3758.800            ICE 
61211.000   10057 1355202    -844.900            CH  
61211.000   10057 1373644   -1218.900            CH  
61211.000   10057 1405701   -2365.200            CH  
61211.000   10057 1405702   20290.400            CH  
61211.000   10057 1411117    -116.300            CH  
61211.000   10073 1353612  -15746.600            CNM 
61211.000   10073 1413211    -981.000            CNM 
61211.000   10073 1413212   73376.500            CNM 
61211.000   10074 1411045    5687.400            DLR 
61211.000   10053 1350136     -83.300            DTAG
61211.000   10053 1355332  325333.800            DTAG
61211.000   10053 1352635    2457.900            DTAG
61211.000   10025 1352025    4502.900            ESA 
61211.000   10025 1351615   -4879.800            ESA 
61211.000   10025 1352353   12182.700            ESA 
61211.000   10025 1352210   30862.200            ESA 
61211.000   10025 1402543  -45838.800            ESA 
61211.000   10025 1402541 -126509.800            ESA 
61211.000   10025 1411033   -2997.500            ESA 
61211.000   10089 1354233       0.000            HKO 
61211.000   10089 1355122    1389.000            HKO 
61211.000   10099 1354701       0.000            IFZG
61211.000   10093 1353401       0.000            NSAI
61211.000   10044 1361167     534.400            IFAG
61211.000   10044 1361173      29.300            IFAG
61211.000   10044 1361629   11295.400            IFAG
61211.000   10044 1361732    7923.100            IFAG
61211.000   10044 1361798      45.800            IFAG
61211.000   10044 1404439    4057.100            IFAG
61211.000   10044 1404418   15038.000            IFAG
61211.000   10048 1404878  978849.600            NIM 
61211.000   10048 1404871 1110681.000            NIM 
61211.000   10048 1404832 1130241.400            NIM 
61211.000   10048 1404879 1953993.300            NIM 
61211.000   10048 1404880 2237676.600            NIM 
61211.000   10048 1352742  114886.300            NIM 
61211.000   10048 1404849 1415392.400            NIM 
61211.000   10048 1404856   94536.900            NIM 
61211.000   10048 1404857   24715.600            NIM 
61211.000   10048 1404821    3210.500            NIM 
61211.000   10048 1404850     782.900            NIM 
61211.000   10048 1404870    6096.000            NIM 
61211.000   10015 1362377       0.000            INTI
61211.000   10015 1363270     102.800            INTI
61211.000   10015 1363511    6421.700            INTI
61211.000   10083 1353654   10258.200            NIS 
61211.000   10083 1354391   18832.600            NIS 
61211.000   10083 1353812  -30841.800            NIS 
61211.000   10083 1352182   -4541.100            NIS 
61211.000   10011 1350219   -1165.600            IT  
61211.000   10011 1352487    -771.100            IT  
61211.000   10011 1401101  300073.400            IT  
61211.000   10011 1401102  303179.400            IT  
61211.000   10011 1401103   38550.800            IT  
61211.000   10011 1401104    3770.700            IT  
61211.000   10011 1411079   -1869.500            IT  
61211.000   10011 1411078    5241.200            IT  
61211.000   10011 1422012     -48.700            IT  
61211.000   10035 1350832   18784.700            BSJ 
61211.000   10035 1350833   10452.500            BSJ 
61211.000   10087 1361277 -112897.700            JV  
61211.000   10087 1362617   71885.600            JV  
61211.000   10087 1415218  -42200.100            JV  
61211.000   10087 1411122   18896.400            JV  
61211.000   10056 1351783   42291.400            KRIS
61211.000   10056 1405624  177960.300            KRIS
61211.000   10056 1405625  515680.900            KRIS
61211.000   10056 1405626   17081.500            KRIS
61211.000   10027 1415201     -15.600            KZ  
61211.000   10027 1415205     119.900            KZ  
61211.000   10027 1415266    -283.500            KZ  
61211.000   10052 1351324  -11310.600            NPLI
61211.000   10052 1353376  -10992.800            NPLI
61211.000   10052 1353457    3536.900            NPLI
61211.000   10052 1353413   45999.200            NPLI
61211.000   10052 1353453    5436.300            NPLI
61211.000   10052 1415225  124889.800            NPLI
61211.000   10052 1415365   51177.700            NPLI
61211.000   10052 1415363    4554.000            NPLI
61211.000   10052 1415364   12755.700            NPLI
61211.000   10091 1352370  -12175.900            LRTE
61211.000   10082 1351868       0.000            LT  
61211.000   10082 1351362   -1686.700            LT  
61211.000   10094 1353471  -62423.200            LUX 
61211.000   10094 1353544  -57303.200            LUX 
61211.000   10085 1353507       0.000            NIMB
61211.000   10041 1404113  338452.800            MIKE
61211.000   10041 1404108   35293.100            MIKE
61211.000   10041 1404189  180330.500            MIKE
61211.000   10041 1412084   25784.900            MIKE
61211.000   10088 1361806  -12942.600            CNMP
61211.000   10088 1361752   -6844.400            CNMP
61211.000   10088 1363162    9069.400            CNMP
61211.000   10088 1363179  -68544.000            CNMP
61211.000   10063 1360274    3414.900            MSL 
61211.000   10063 1363396   -4316.800            MSL 
61211.000   10063 1363872  118744.300            MSL 
61211.000   10081 1353476    2966.300            NIMT
61211.000   10081 1353472   47441.000            NIMT
61211.000   10081 1353470   48151.700            NIMT
61211.000   10013 1410102    1672.300            NAO 
61211.000   10013 1350779     420.800            NAO 
61211.000   10013 1351689     319.700            NAO 
61211.000   10013 1351214     107.400            NAO 
61211.000   10020 1350343  131399.000            NICT
61211.000   10020 1350907   33712.400            NICT
61211.000   10020 1351778   76940.200            NICT
61211.000   10020 1351789   -8845.400            NICT
61211.000   10020 1351866    1378.000            NICT
61211.000   10020 1351944  110568.400            NICT
61211.000   10020 1352011  107676.700            NICT
61211.000   10020 1352056  111160.800            NICT
61211.000   10020 1352113  -46320.100            NICT
61211.000   10020 1352116  -26799.400            NICT
61211.000   10020 1352570   89055.500            NICT
61211.000   10020 1352620   62179.500            NICT
61211.000   10020 1352627  -25126.000            NICT
61211.000   10020 1352628  -26386.800            NICT
61211.000   10020 1352784   41996.400            NICT
61211.000   10020 1352876  123232.300            NICT
61211.000   10020 1352903   53409.400            NICT
61211.000   10020 1353259  -14549.200            NICT
61211.000   10020 1353594  -14209.000            NICT
61211.000   10020 1353716  -29773.300            NICT
61211.000   10020 1353717  -52728.600            NICT
61211.000   10020 1353718  -47574.700            NICT
61211.000   10020 1353720  -55547.100            NICT
61211.000   10020 1353722  -31719.200            NICT
61211.000   10020 1353909   28277.100            NICT
61211.000   10020 1353912  -40611.000            NICT
61211.000   10020 1353916  -75639.100            NICT
61211.000   10020 1353918   40891.000            NICT
61211.000   10020 1354230   69229.700            NICT
61211.000   10020 1402003   17473.000            NICT
61211.000   10020 1402004  -11939.600            NICT
61211.000   10020 1402012   26928.200            NICT
61211.000   10020 1402013   56090.500            NICT
61211.000   10020 1402014   -1498.800            NICT
61211.000   10020 1402015   86310.400            NICT
61211.000   10020 1411041  -78208.000            NICT
61211.000   10020 1411062   30706.000            NICT
61211.000   10020 1412060   71896.300            NICT
61211.000   10002 1412108  643538.300            NIST
61211.000   10002 1412014 -524228.600            NIST
61211.000   10002 1400004 -187210.600            NIST
61211.000   10002 1400222  735729.400            NIST
61211.000   10002 1400209 -440473.300            NIST
61211.000   10002 1400212  637814.100            NIST
61211.000   10002 1400207  741089.900            NIST
61211.000   10002 1412015  670379.500            NIST
61211.000   10002 1400210  303308.300            NIST
61211.000   10002 1400205  977575.100            NIST
61211.000   10002 1412099  418242.000            NIST
61211.000   10002 1412006  220116.900            NIST
61211.000   10002 1442021 -559468.200            NIST
61211.000   10002 1352935 -657074.300            NIST
61211.000   10002 1352579  981348.600            NIST
61211.000   10002 1402205 -180471.200            NIST
61211.000   10050 1320293  152550.000            NMIJ
61211.000   10017 1412011   49418.400            NPL 
61211.000   10017 1412050   49512.600            NPL 
61211.000   10003 1352150    8398.700            NRC 
61211.000   10003 1362225   16909.000            NRC 
61211.000   10003 1352115   20066.600            NRC 
61211.000   10003 1352148    3128.900            NRC 
61211.000   10003 1400306   92793.700            NRC 
61211.000   10003 1400307   12482.900            NRC 
61211.000   10049 1415325    3256.600            NTSC
61211.000   10049 1415324   -1547.500            NTSC
61211.000   10049 1415322    3282.000            NTSC
61211.000   10049 1415316   -6381.300            NTSC
61211.000   10049 1415085    -560.800            NTSC
61211.000   10049 1414922    7448.800            NTSC
61211.000   10049 1404967    6904.200            NTSC
61211.000   10049 1352142   15114.400            NTSC
61211.000   10016 1354619       0.000            INXE
61211.000   10008 1352027   35044.600            OP  
61211.000   10008 1400889    7622.100            OP  
61211.000   10008 1353765   81672.100            OP  
61211.000   10008 1400810   23223.900            OP  
61211.000   10008 1400809   39037.900            OP  
61211.000   10008 1400890   32470.600            OP  
61211.000   10026 1352722   -1978.500            ORB 
61211.000   10026 1352724   10792.600            ORB 
61211.000   10026 1411030   85442.300            ORB 
61211.000   10026 1402602  409569.400            ORB 
61211.000   10026 1352723    1991.400            ORB 
61211.000   10040 1350441    -793.600            PL  
61211.000   10040 1415318 -125978.500            PL  
61211.000   10040 1415321   29021.400            PL  
61211.000   10040 1354603     279.800            PL  
61211.000   10040 1354597     268.600            PL  
61211.000   10005 1920001   41802.800            PTB 
61211.000   10005 1920002   37766.500            PTB 
61211.000   10005 1355322    9151.000            PTB 
61211.000   10005 1400510    9799.100            PTB 
61211.000   10005 1400506   34307.800            PTB 
61211.000   10005 1400508   34943.900            PTB 
61211.000   10005 1400509   10459.500            PTB 
61211.000   10005 1415245   -7208.700            PTB 
61211.000   10005 1400512    7951.700            PTB 
61211.000   10005 1415221    3654.400            PTB 
61211.000   10019 1351942   71116.400            ONRJ
61211.000   10019 1320337   51947.000            ONRJ
61211.000   10019 1354204   76537.100            ONRJ
61211.000   10019 1350147   60194.600            ONRJ
61211.000   10019 1353364   39873.900            ONRJ
61211.000   10019 1351153  -13005.600            ONRJ
61211.000   10019 1401958  141363.300            ONRJ
61211.000   10014 1350583   -5334.400            ROA 
61211.000   10014 1350718   -2012.400            ROA 
61211.000   10014 1361490   87967.300            ROA 
61211.000   10014 1361488   86584.500            ROA 
61211.000   10014 1351699   55754.600            ROA 
61211.000   10014 1401436 2013668.400            ROA 
61211.000   10014 1412032 1369635.600            ROA 
61211.000   10014 1352270    8019.300            ROA 
61211.000   10062 1352932       0.000            SASO
61211.000   10062 1352931    1473.000            SASO
61211.000   10062 1351628    1593.600            SASO
61211.000   10062 1350221   -1273.800            SASO
61211.000   10067 1352178  -21918.700            SCL 
61211.000   10067 1415314    2468.500            SCL 
61211.000   10067 1353448    3067.800            SCL 
61211.000   10072 1352745  -23353.700            SP  
61211.000   10072 1352750    1217.600            SP  
61211.000   10072 1352758   -2503.900            SP  
61211.000   10072 1354707    6463.100            SP  
61211.000   10072 1362746    1316.500            SP  
61211.000   10072 1362749   24419.100            SP  
61211.000   10072 1362956   -5060.900            SP  
61211.000   10072 1365149   65446.800            SP  
61211.000   10072 1407201    4571.600            SP  
61211.000   10072 1407231  275387.200            SP  
61211.000   10072 1407232  437252.100            SP  
61211.000   10072 1415319   44801.300            SP  
61211.000   10038 1403809 -411421.300            SU  
61211.000   10038 1403811 -281921.700            SU  
61211.000   10038 1403812  -22697.300            SU  
61211.000   10038 1403844 -559159.400            SU  
61211.000   10038 1403853    5613.600            SU  
61211.000   10038 1403833 -394058.000            SU  
61211.000   10038 1403846   50131.200            SU  
61211.000   10038 1403814 -638561.700            SU  
61211.000   10038 1403815 -329493.100            SU  
61211.000   10038 1403816 -297156.200            SU  
61211.000   10038 1403834   12501.700            SU  
61211.000   10038 1403841  -33748.000            SU  
61211.000   10038 1403840   11568.200            SU  
61211.000   10038 1403845 -454507.700            SU  
61211.000   10030 1403011  217373.200            TL  
61211.000   10030 1413202  262207.400            TL  
61211.000   10030 1353942  -39207.800            TL  
61211.000   10030 1353947   58225.800            TL  
61211.000   10030 1354060  -14973.600            TL  
61211.000   10068 1411028       0.000            UME 
61211.000   10068 1352703     138.700            UME 
61211.000   10068 1350251     294.300            UME 
61211.000   10068 1350872    -909.100            UME 
61211.000   10068 1352710    1052.000            UME 
61211.000   10007 1400711 3354573.600            USNO
61211.000   10007 1400719  482502.700            USNO
61211.000   10007 1400702  -65248.600            USNO
61211.000   10007 1400708  680516.500            USNO
61211.000   10007 1400704  119732.200            USNO
61211.000   10007 1400718 1984557.200            USNO
61211.000   10007 1400710 -842293.300            USNO
61211.000   10007 1400715  440683.900            USNO
61211.000   10007 1350161   80795.900            USNO
61211.000   10007 1400727 -766236.900            USNO
61211.000   10007 1400725 -221068.900            USNO
61211.000   10007 1400724 -828393.900            USNO
61211.000   10007 1400723 -604009.700            USNO
61211.000   10007 1400722 2667920.300            USNO
61211.000   10007 1400721  530006.100            USNO
61211.000   10007 1400720 1264496.700            USNO
61211.000   10007 1400730 2207887.500            USNO
61211.000   10007 1400731 -423845.900            USNO
61211.000   10007 1400732  795311.700            USNO
61211.000   10007 1400736 1222630.100            USNO
61211.000   10007 1400737 2484539.100            USNO
61211.000   10007 1400740 1175333.800            USNO
61211.000   10007 1400713  470483.300            USNO
61211.000   10007 1400716  710907.700            USNO
61211.000   10007 1400733  151965.600            USNO
61211.000   10064 1355005       0.000            UZ  
61211.000   10064 1354998 4002708.000            UZ  
61211.000   10028 1353669  -11155.600            VMI 
61211.000   10028 1361233  -11194.600            VMI 
61211.000   10028 1353670  -11442.000            VMI 
61211.000   10024 1354466   10507.000            VSL 
61211.000   10024 1355008    7834.800            VSL 
61211.000   10024 1355697    1930.200            VSL 
61211.000   10055 1352191     -65.900            DMDM
61211.000   10055 1362033  -61085.800            DMDM
