61164.000   10021 1352938       0.000            UAE 
61164.000   10021 1352940   -3629.500            UAE 
61164.000   10046 1404601   26817.600            AOS 
61164.000   10046 1352394   -1149.000            AOS 
61164.000   10031 1353842    2414.000            APL 
61164.000   10031 1403107  266326.700            APL 
61164.000   10031 1403108  512015.300            APL 
61164.000   10031 1403109  135410.700            APL 
61164.000   10031 1412174   31219.500            APL 
61164.000   10054 1362269     120.000            AUS 
61164.000   10054 1360340   12944.000            AUS 
61164.000   10054 1360654  -45015.000            AUS 
61164.000   10054 1363814    4634.000            AUS 
61164.000   10054 1364971    7652.000            AUS 
61164.000   10054 1360299   28725.000            AUS 
61164.000   10101 1355360       0.000            AZ  
61164.000   10101 1355361   -1328.000            AZ  
61164.000   10075 1352685    3366.700            IMBH
61164.000   10075 1320192   -8770.500            IMBH
61164.000   10075 1320193  -42219.400            IMBH
61164.000   10071 1353447     777.000            BIRM
61164.000   10071 1353689    9940.300            BIRM
61164.000   10071 1407107 -425172.800            BIRM
61164.000   10071 1407112  -10609.200            BIRM
61164.000   10071 1415303   -5028.600            BIRM
61164.000   10071 1415304  -11929.600            BIRM
61164.000   10071 1415305  -20936.700            BIRM
61164.000   10092 1363159    4026.200            ICE 
61164.000   10092 1363522    3671.800            ICE 
61164.000   10057 1355202    -770.600            CH  
61164.000   10057 1373644   -1035.600            CH  
61164.000   10057 1405701   -2138.800            CH  
61164.000   10057 1405702   21331.900            CH  
61164.000   10057 1411117     -68.500            CH  
61164.000   10073 1353612  -14229.100            CNM 
61164.000   10073 1413211   -1029.700            CNM 
61164.000   10073 1413212   63192.600            CNM 
61164.000   10074 1411045    5004.300            DLR 
61164.000   10053 1350136     -83.300            DTAG
61164.000   10053 1355332   -1482.900            DTAG
61164.000   10053 1352635    2601.100            DTAG
61164.000   10025 1352025    4350.200            ESA 
61164.000   10025 1351615   -4721.200            ESA 
61164.000   10025 1352353   11855.800            ESA 
61164.000   10025 1352210   29882.500            ESA 
61164.000   10025 1402543  -39887.900            ESA 
61164.000   10025 1402541 -115357.400            ESA 
61164.000   10025 1411033   -2239.600            ESA 
61164.000   10089 1354233       0.000            HKO 
61164.000   10089 1355122    1316.700            HKO 
61164.000   10099 1354701       0.000            IFZG
61164.000   10093 1353401       0.000            NSAI
61164.000   10044 1361167     895.100            IFAG
61164.000   10044 1361173     210.700            IFAG
61164.000   10044 1361629   10635.400            IFAG
61164.000   10044 1361732    7331.800            IFAG
61164.000   10044 1361798     568.000            IFAG
61164.000   10044 1404439    4407.900            IFAG
61164.000   10044 1404418   15268.600            IFAG
61164.000   10048 1404878  956221.000            NIM 
61164.000   10048 1404871 1083571.800            NIM 
61164.000   10048 1404832 1094128.000            NIM 
61164.000   10048 1404879 1927341.800            NIM 
61164.000   10048 1404880 2209704.200            NIM 
61164.000   10048 1352742  113511.400            NIM 
61164.000   10048 1404849 1415076.900            NIM 
61164.000   10048 1404856   94186.500            NIM 
61164.000   10048 1404857   24918.900            NIM 
61164.000   10048 1404821    3039.900            NIM 
61164.000   10048 1404850     706.000            NIM 
61164.000   10048 1404870    5731.000            NIM 
61164.000   10015 1362377       0.000            INTI
61164.000   10015 1363270   12656.000            INTI
61164.000   10015 1363511    6229.900            INTI
61164.000   10070 1353546    8466.100            IPQ 
61164.000   10083 1353654   10054.800            NIS 
61164.000   10083 1354391   18035.600            NIS 
61164.000   10083 1353812  -29745.000            NIS 
61164.000   10083 1352182   -4364.900            NIS 
61164.000   10011 1350219   -1114.900            IT  
61164.000   10011 1352487    -616.600            IT  
61164.000   10011 1401101  275411.500            IT  
61164.000   10011 1401102  298578.800            IT  
61164.000   10011 1401103   36658.200            IT  
61164.000   10011 1401104    6461.000            IT  
61164.000   10011 1411079   -1566.300            IT  
61164.000   10011 1411078    4284.200            IT  
61164.000   10035 1350832   18062.700            BSJ 
61164.000   10035 1350833    9961.800            BSJ 
61164.000   10087 1361277 -112405.200            JV  
61164.000   10087 1362617   71062.100            JV  
61164.000   10087 1415218  -42162.300            JV  
61164.000   10087 1411122   17449.200            JV  
61164.000   10056 1351783   41292.100            KRIS
61164.000   10056 1405624  171079.300            KRIS
61164.000   10056 1405625  495343.500            KRIS
61164.000   10056 1405626   16234.700            KRIS
61164.000   10027 1415201    -704.000            KZ  
61164.000   10027 1415205    1924.400            KZ  
61164.000   10027 1415266   -2936.300            KZ  
61164.000   10052 1351324  -11215.400            NPLI
61164.000   10052 1353376  -10839.900            NPLI
61164.000   10052 1353457    3481.000            NPLI
61164.000   10052 1353413   45432.600            NPLI
61164.000   10052 1353453    5321.800            NPLI
61164.000   10052 1415225  120387.000            NPLI
61164.000   10052 1415365   49601.200            NPLI
61164.000   10052 1415363    4061.000            NPLI
61164.000   10052 1415364   12192.400            NPLI
61164.000   10091 1352370  -10870.400            LRTE
61164.000   10082 1351868       0.000            LT  
61164.000   10082 1351362   -1684.300            LT  
61164.000   10094 1353471  -61948.400            LUX 
61164.000   10094 1353544  -57524.500            LUX 
61164.000   10085 1353507       0.000            NIMB
61164.000   10041 1404113  333809.700            MIKE
61164.000   10041 1404108   33133.300            MIKE
61164.000   10041 1404189  181815.100            MIKE
61164.000   10041 1412084   26351.300            MIKE
61164.000   10088 1361806  -12796.600            CNMP
61164.000   10088 1361752   -6785.000            CNMP
61164.000   10088 1363162    8723.300            CNMP
61164.000   10088 1363179  -67731.600            CNMP
61164.000   10063 1360274    3350.100            MSL 
61164.000   10063 1363396   -4288.100            MSL 
61164.000   10063 1363872  116467.500            MSL 
61164.000   10081 1353476    3489.400            NIMT
61164.000   10081 1353472   46902.400            NIMT
61164.000   10081 1353470   47314.700            NIMT
61164.000   10013 1410102    2110.800            NAO 
61164.000   10013 1350779     502.200            NAO 
61164.000   10013 1351689     387.800            NAO 
61164.000   10013 1351214     107.400            NAO 
61164.000   10020 1350343  130120.900            NICT
61164.000   10020 1350907   34415.900            NICT
61164.000   10020 1351226  -16866.600            NICT
61164.000   10020 1351778   76287.400            NICT
61164.000   10020 1351789   -8538.400            NICT
61164.000   10020 1351866    1372.400            NICT
61164.000   10020 1351944  110007.200            NICT
61164.000   10020 1352011  107834.400            NICT
61164.000   10020 1352056  110568.600            NICT
61164.000   10020 1352113  -46143.300            NICT
61164.000   10020 1352116  -27021.000            NICT
61164.000   10020 1352570   88731.600            NICT
61164.000   10020 1352620   61445.100            NICT
61164.000   10020 1352627  -24416.600            NICT
61164.000   10020 1352628  -25765.200            NICT
61164.000   10020 1352784   42495.200            NICT
61164.000   10020 1352876  123439.200            NICT
61164.000   10020 1352903   53165.600            NICT
61164.000   10020 1353594  -14386.300            NICT
61164.000   10020 1353716  -29256.200            NICT
61164.000   10020 1353717  -51654.400            NICT
61164.000   10020 1353718  -46313.800            NICT
61164.000   10020 1353720  -54848.400            NICT
61164.000   10020 1353722  -31309.900            NICT
61164.000   10020 1353909   27890.700            NICT
61164.000   10020 1353912  -39608.100            NICT
61164.000   10020 1353916  -74018.900            NICT
61164.000   10020 1353918   40144.900            NICT
61164.000   10020 1354230   69016.500            NICT
61164.000   10020 1402003   16901.700            NICT
61164.000   10020 1402004  -10843.300            NICT
61164.000   10020 1402012   29056.100            NICT
61164.000   10020 1402013   50102.300            NICT
61164.000   10020 1402014   -1894.300            NICT
61164.000   10020 1402015   80377.800            NICT
61164.000   10020 1411041  -71968.800            NICT
61164.000   10020 1411062   31654.100            NICT
61164.000   10020 1412060   67974.800            NICT
61164.000   10002 1412108  608241.700            NIST
61164.000   10002 1412014 -531261.400            NIST
61164.000   10002 1400004 -191018.600            NIST
61164.000   10002 1400222  732946.100            NIST
61164.000   10002 1400209 -444077.100            NIST
61164.000   10002 1400212  579884.300            NIST
61164.000   10002 1400207  708150.300            NIST
61164.000   10002 1412015  648535.600            NIST
61164.000   10002 1400210  259990.100            NIST
61164.000   10002 1400205  978430.900            NIST
61164.000   10002 1412099  362802.000            NIST
61164.000   10002 1412006  172080.400            NIST
61164.000   10002 1442021 -562323.700            NIST
61164.000   10002 1352935 -655985.800            NIST
61164.000   10002 1352579  980390.400            NIST
61164.000   10002 1402205 -206105.800            NIST
61164.000   10050 1320293  141742.600            NMIJ
61164.000   10017 1412011   48783.900            NPL 
61164.000   10017 1412050   47723.400            NPL 
61164.000   10003 1352150    8298.600            NRC 
61164.000   10003 1362225   17041.200            NRC 
61164.000   10003 1352115   19744.000            NRC 
61164.000   10003 1352148    3167.500            NRC 
61164.000   10003 1400306   92497.200            NRC 
61164.000   10003 1400307   11885.700            NRC 
61164.000   10049 1415324   -1625.500            NTSC
61164.000   10049 1415322    2879.600            NTSC
61164.000   10049 1415316   -6038.800            NTSC
61164.000   10049 1415082   53658.900            NTSC
61164.000   10049 1414922    6671.600            NTSC
61164.000   10049 1404967    6237.200            NTSC
61164.000   10049 1354937   14369.000            NTSC
61164.000   10049 1352142   15155.200            NTSC
61164.000   10016 1354619       0.000            INXE
61164.000   10008 1352027   34270.500            OP  
61164.000   10008 1400889    6505.400            OP  
61164.000   10008 1353765   80542.400            OP  
61164.000   10008 1400810   22132.400            OP  
61164.000   10008 1400809   37483.900            OP  
61164.000   10008 1400890   31239.800            OP  
61164.000   10026 1352722   -2171.600            ORB 
61164.000   10026 1352724   10315.500            ORB 
61164.000   10026 1411030   81654.700            ORB 
61164.000   10026 1402602  385962.800            ORB 
61164.000   10026 1352723    1775.900            ORB 
61164.000   10040 1350441    -943.600            PL  
61164.000   10040 1415318  -72289.700            PL  
61164.000   10040 1415321   27474.800            PL  
61164.000   10040 1354603      62.200            PL  
61164.000   10040 1354597     137.600            PL  
61164.000   10005 1920001   41667.400            PTB 
61164.000   10005 1920002   37651.700            PTB 
61164.000   10005 1355322    9020.700            PTB 
61164.000   10005 1400510    9573.100            PTB 
61164.000   10005 1400506   33437.800            PTB 
61164.000   10005 1400508   34016.400            PTB 
61164.000   10005 1400509   10223.600            PTB 
61164.000   10005 1415245   -6525.100            PTB 
61164.000   10005 1400512    7466.400            PTB 
61164.000   10005 1415221    3613.600            PTB 
61164.000   10019 1351942   70220.100            ONRJ
61164.000   10019 1320337   51509.700            ONRJ
61164.000   10019 1354204   74278.900            ONRJ
61164.000   10019 1350147   59900.900            ONRJ
61164.000   10019 1350102   19986.800            ONRJ
61164.000   10019 1353364   39415.300            ONRJ
61164.000   10019 1351153  -12474.400            ONRJ
61164.000   10019 1401958  134810.500            ONRJ
61164.000   10014 1350583   -5090.300            ROA 
61164.000   10014 1350718   -2320.100            ROA 
61164.000   10014 1361490   87673.400            ROA 
61164.000   10014 1361488   86035.800            ROA 
61164.000   10014 1351699   55442.100            ROA 
61164.000   10014 1401436 1984283.500            ROA 
61164.000   10014 1412032 1338933.100            ROA 
61164.000   10014 1352270    7966.100            ROA 
61164.000   10062 1352932       0.000            SASO
61164.000   10062 1352931     936.600            SASO
61164.000   10062 1351628    1227.700            SASO
61164.000   10062 1350221    -989.800            SASO
61164.000   10067 1352525   -8815.600            SCL 
61164.000   10067 1352178  -21009.000            SCL 
61164.000   10067 1415314    1878.200            SCL 
61164.000   10067 1353448    1938.700            SCL 
61164.000   10079 1352003   34335.300            SMD 
61164.000   10079 1352543  -27003.900            SMD 
61164.000   10079 1411049   -1914.300            SMD 
61164.000   10072 1352745  -22701.800            SP  
61164.000   10072 1352749   23333.100            SP  
61164.000   10072 1352758   -2489.300            SP  
61164.000   10072 1354707    6541.600            SP  
61164.000   10072 1365149   61330.700            SP  
61164.000   10072 1407201    2772.900            SP  
61164.000   10072 1407231  263444.100            SP  
61164.000   10072 1407232  420814.800            SP  
61164.000   10072 1415319   43505.500            SP  
61164.000   10038 1403809 -410664.000            SU  
61164.000   10038 1403811 -282001.200            SU  
61164.000   10038 1403812  -24313.700            SU  
61164.000   10038 1403844 -560189.000            SU  
61164.000   10038 1403853    4994.900            SU  
61164.000   10038 1403833 -395250.200            SU  
61164.000   10038 1403846   48827.700            SU  
61164.000   10038 1403814 -644332.300            SU  
61164.000   10038 1403815 -330871.800            SU  
61164.000   10038 1403834   11596.100            SU  
61164.000   10038 1403841  -35887.600            SU  
61164.000   10038 1403840   10844.500            SU  
61164.000   10038 1403845 -454203.800            SU  
61164.000   10030 1403011  191361.600            TL  
61164.000   10030 1413202  252847.000            TL  
61164.000   10030 1353942  -38153.500            TL  
61164.000   10030 1353947   56935.300            TL  
61164.000   10030 1354060  -14629.500            TL  
61164.000   10022 1320211 1999904.000            TP  
61164.000   10022 1320247  998940.800            TP  
61164.000   10022 1351227       0.000            TP  
61164.000   10022 1352179     129.000            TP  
61164.000   10022 1352476     603.600            TP  
61164.000   10022 1353519     -54.200            TP  
61164.000   10068 1411028       0.000            UME 
61164.000   10068 1352703      60.100            UME 
61164.000   10068 1350251     104.300            UME 
61164.000   10068 1350872    -322.200            UME 
61164.000   10068 1352710     342.700            UME 
61164.000   10007 1400711 3328147.700            USNO
61164.000   10007 1400719  473075.500            USNO
61164.000   10007 1400702  -65385.300            USNO
61164.000   10007 1400708  674301.100            USNO
61164.000   10007 1400704  117361.100            USNO
61164.000   10007 1400718 1966295.400            USNO
61164.000   10007 1400710 -819870.900            USNO
61164.000   10007 1400726 1317240.600            USNO
61164.000   10007 1400715  432227.600            USNO
61164.000   10007 1350161   80902.900            USNO
61164.000   10007 1400727 -750639.600            USNO
61164.000   10007 1400729 2274272.500            USNO
61164.000   10007 1400725 -220447.100            USNO
61164.000   10007 1400724 -823294.900            USNO
61164.000   10007 1400723 -604843.000            USNO
61164.000   10007 1400722 2683982.500            USNO
61164.000   10007 1400721  491744.000            USNO
61164.000   10007 1400720 1259864.200            USNO
61164.000   10007 1400730 2179323.900            USNO
61164.000   10007 1400731 -415759.100            USNO
61164.000   10007 1400732  777350.900            USNO
61164.000   10007 1400736 1219913.600            USNO
61164.000   10007 1400737 2471175.600            USNO
61164.000   10007 1400740 1145787.700            USNO
61164.000   10007 1400713  463547.100            USNO
61164.000   10007 1400716  699377.900            USNO
61164.000   10007 1400733  120159.100            USNO
61164.000   10064 1355005       0.000            UZ  
61164.000   10064 1354998 5039860.200            UZ  
61164.000   10028 1353669   19687.000            VMI 
61164.000   10028 1361233   12245.900            VMI 
61164.000   10028 1353670  -26295.900            VMI 
61164.000   10024 1411040   -3066.300            VSL 
61164.000   10024 1354466   10188.700            VSL 
61164.000   10024 1355008    7465.600            VSL 
61164.000   10024 1355697    1442.900            VSL 
61164.000   10055 1352191     -71.600            DMDM
61164.000   10055 1362033  -58403.200            DMDM
