61096.000   10021 1352938       0.000            UAE 
61096.000   10021 1352940   -1579.600            UAE 
61096.000   10046 1404601   25208.000            AOS 
61096.000   10046 1352394    -863.200            AOS 
61096.000   10031 1353842    2412.100            APL 
61096.000   10031 1403107  259468.000            APL 
61096.000   10031 1403108  459262.400            APL 
61096.000   10031 1403109  133663.600            APL 
61096.000   10031 1412174   24028.100            APL 
61096.000   10054 1362269     101.000            AUS 
61096.000   10054 1360340   12454.000            AUS 
61096.000   10054 1360654  -43273.000            AUS 
61096.000   10054 1363814    4319.000            AUS 
61096.000   10054 1364971    7134.000            AUS 
61096.000   10054 1360299   27902.000            AUS 
61096.000   10075 1352685    3110.900            IMBH
61096.000   10075 1320192   -8192.700            IMBH
61096.000   10075 1320193  -39634.300            IMBH
61096.000   10071 1353447    1029.900            BIRM
61096.000   10071 1353689    9886.000            BIRM
61096.000   10071 1407107 -400181.100            BIRM
61096.000   10071 1407111    -308.900            BIRM
61096.000   10071 1407112   -7909.800            BIRM
61096.000   10071 1415303   -3655.500            BIRM
61096.000   10071 1415304  -10385.400            BIRM
61096.000   10071 1415305  -19097.200            BIRM
61096.000   10092 1363159    4494.500            ICE 
61096.000   10092 1363522    3554.500            ICE 
61096.000   10057 1352117   14080.100            CH  
61096.000   10057 1355202    -620.900            CH  
61096.000   10057 1373644    -799.400            CH  
61096.000   10057 1405701   -1816.500            CH  
61096.000   10057 1405702   22603.700            CH  
61096.000   10057 1411117    -139.900            CH  
61096.000   10073 1353612  -11959.400            CNM 
61096.000   10073 1413211   -1021.400            CNM 
61096.000   10073 1413212   49183.200            CNM 
61096.000   10074 1411045    4021.900            DLR 
61096.000   10053 1350136     -83.300            DTAG
61096.000   10053 1355332   -1591.600            DTAG
61096.000   10053 1352635    2478.800            DTAG
61096.000   10025 1352025    4112.600            ESA 
61096.000   10025 1351615   -4534.700            ESA 
61096.000   10025 1352353   11394.900            ESA 
61096.000   10025 1352210   28478.300            ESA 
61096.000   10025 1402543  -31837.700            ESA 
61096.000   10025 1402541 -100505.700            ESA 
61096.000   10025 1411033   -1214.600            ESA 
61096.000   10089 1354233       0.000            HKO 
61096.000   10089 1355122    1269.800            HKO 
61096.000   10099 1354701       0.000            IFZG
61096.000   10093 1353401       0.000            NSAI
61096.000   10044 1361167    1258.200            IFAG
61096.000   10044 1361173     479.800            IFAG
61096.000   10044 1361629    9390.600            IFAG
61096.000   10044 1361732    6476.100            IFAG
61096.000   10044 1361798    1069.400            IFAG
61096.000   10044 1404439    4491.800            IFAG
61096.000   10044 1404418   15265.800            IFAG
61096.000   10048 1404878  923691.300            NIM 
61096.000   10048 1404871 1044526.500            NIM 
61096.000   10048 1404832 1042582.500            NIM 
61096.000   10048 1404879 1889054.300            NIM 
61096.000   10048 1404880 2169502.300            NIM 
61096.000   10048 1352742  111546.500            NIM 
61096.000   10048 1404849 1414640.300            NIM 
61096.000   10048 1404856   93684.900            NIM 
61096.000   10048 1404857   25217.200            NIM 
61096.000   10048 1404821    2814.600            NIM 
61096.000   10048 1404850     612.500            NIM 
61096.000   10048 1404870    5228.300            NIM 
61096.000   10015 1362377       0.000            INTI
61096.000   10015 1363270   12126.700            INTI
61096.000   10015 1363511    5991.800            INTI
61096.000   10070 1353546    8541.200            IPQ 
61096.000   10083 1353654    9761.700            NIS 
61096.000   10083 1354391   16685.900            NIS 
61096.000   10083 1353812  -28193.900            NIS 
61096.000   10083 1352182   -4083.300            NIS 
61096.000   10011 1350219   -1040.000            IT  
61096.000   10011 1352487    -397.800            IT  
61096.000   10011 1401101  240174.200            IT  
61096.000   10011 1401102  291727.500            IT  
61096.000   10011 1401103   34000.000            IT  
61096.000   10011 1401104   10228.700            IT  
61096.000   10011 1411079   -1015.300            IT  
61096.000   10011 1411078    3131.800            IT  
61096.000   10011 1422012     876.500            IT  
61096.000   10035 1350832   16935.300            BSJ 
61096.000   10035 1350833    9302.900            BSJ 
61096.000   10087 1361277 -111788.800            JV  
61096.000   10087 1362617   70039.300            JV  
61096.000   10087 1415218  -42107.400            JV  
61096.000   10087 1411122   15460.900            JV  
61096.000   10056 1351783   39784.700            KRIS
61096.000   10056 1405624  161241.700            KRIS
61096.000   10056 1405625  466355.400            KRIS
61096.000   10056 1405626   15009.400            KRIS
61096.000   10027 1415201    -658.600            KZ  
61096.000   10027 1415205    1589.700            KZ  
61096.000   10027 1415266   -2470.800            KZ  
61096.000   10052 1351324  -11062.700            NPLI
61096.000   10052 1353376  -10624.600            NPLI
61096.000   10052 1353457    3347.200            NPLI
61096.000   10052 1353413   44641.200            NPLI
61096.000   10052 1353453    5134.500            NPLI
61096.000   10052 1415225  114020.500            NPLI
61096.000   10052 1415365   47310.500            NPLI
61096.000   10052 1415363    3365.400            NPLI
61096.000   10052 1415364   11397.400            NPLI
61096.000   10091 1352370   -8289.000            LRTE
61096.000   10082 1351868       0.000            LT  
61096.000   10082 1351362   -1656.600            LT  
61096.000   10094 1353471  -61244.500            LUX 
61096.000   10094 1353544  -57800.900            LUX 
61096.000   10041 1404113  327090.700            MIKE
61096.000   10041 1404108   30393.300            MIKE
61096.000   10041 1404189  184754.000            MIKE
61096.000   10041 1412084   27206.100            MIKE
61096.000   10088 1361806  -12548.400            CNMP
61096.000   10088 1361752   -6679.700            CNMP
61096.000   10088 1363162    8256.700            CNMP
61096.000   10088 1363179  -66630.400            CNMP
61096.000   10063 1360274    3184.500            MSL 
61096.000   10063 1363396   -4361.700            MSL 
61096.000   10063 1363872  113148.600            MSL 
61096.000   10081 1353476    4317.600            NIMT
61096.000   10081 1353472   46108.400            NIMT
61096.000   10081 1353470   46163.000            NIMT
61096.000   10013 1410102   -1551.200            NAO 
61096.000   10013 1350779    6197.600            NAO 
61096.000   10013 1351689    -202.700            NAO 
61096.000   10013 1351214     107.500            NAO 
61096.000   10020 1350343  128338.900            NICT
61096.000   10020 1350907   35491.600            NICT
61096.000   10020 1351226  -16676.700            NICT
61096.000   10020 1351778   75406.000            NICT
61096.000   10020 1351789   -8123.100            NICT
61096.000   10020 1351866    1407.600            NICT
61096.000   10020 1351944  109171.000            NICT
61096.000   10020 1352011  108052.300            NICT
61096.000   10020 1352056  109717.800            NICT
61096.000   10020 1352113  -45867.500            NICT
61096.000   10020 1352116  -27284.300            NICT
61096.000   10020 1352570   88177.500            NICT
61096.000   10020 1352620   60418.900            NICT
61096.000   10020 1352627  -23377.900            NICT
61096.000   10020 1352628  -24959.800            NICT
61096.000   10020 1352784   43245.400            NICT
61096.000   10020 1352876  123694.900            NICT
61096.000   10020 1352903   52815.800            NICT
61096.000   10020 1353594  -14784.800            NICT
61096.000   10020 1353716  -28533.500            NICT
61096.000   10020 1353717  -50164.700            NICT
61096.000   10020 1353718  -44528.600            NICT
61096.000   10020 1353720  -53815.800            NICT
61096.000   10020 1353722  -30724.900            NICT
61096.000   10020 1353909   27426.900            NICT
61096.000   10020 1353912  -38184.100            NICT
61096.000   10020 1353916  -71679.500            NICT
61096.000   10020 1353918   39005.700            NICT
61096.000   10020 1354230   68580.900            NICT
61096.000   10020 1355334   85924.100            NICT
61096.000   10020 1402003   16107.400            NICT
61096.000   10020 1402004   -9262.800            NICT
61096.000   10020 1402012   32319.700            NICT
61096.000   10020 1402013   41872.100            NICT
61096.000   10020 1402014   -2304.400            NICT
61096.000   10020 1402015   72093.900            NICT
61096.000   10020 1411041  -63132.700            NICT
61096.000   10020 1411062   33020.000            NICT
61096.000   10020 1412060   62534.800            NICT
61096.000   10002 1412108  557793.600            NIST
61096.000   10002 1412014 -541231.400            NIST
61096.000   10002 1400004 -196484.600            NIST
61096.000   10002 1400222  728916.600            NIST
61096.000   10002 1400209 -448931.600            NIST
61096.000   10002 1400212  497100.800            NIST
61096.000   10002 1400207  660696.600            NIST
61096.000   10002 1412015  617174.300            NIST
61096.000   10002 1400210  197849.200            NIST
61096.000   10002 1400205  979679.600            NIST
61096.000   10002 1352792 -548464.000            NIST
61096.000   10002 1412099  283340.500            NIST
61096.000   10002 1412006  103262.300            NIST
61096.000   10002 1352935 -654343.800            NIST
61096.000   10002 1352579  979179.700            NIST
61096.000   10002 1402205 -242895.900            NIST
61096.000   10050 1320293  125922.300            NMIJ
61096.000   10017 1412011   47941.200            NPL 
61096.000   10017 1412050   45988.200            NPL 
61096.000   10003 1352150    8150.500            NRC 
61096.000   10003 1362225   17114.000            NRC 
61096.000   10003 1352115   19284.200            NRC 
61096.000   10003 1352148    3233.600            NRC 
61096.000   10003 1400306   92176.400            NRC 
61096.000   10003 1400307   11054.000            NRC 
61096.000   10049 1415324   -1652.500            NTSC
61096.000   10049 1415316   -5547.800            NTSC
61096.000   10049 1415085  -22701.600            NTSC
61096.000   10049 1415082   49486.500            NTSC
61096.000   10049 1414922    5609.700            NTSC
61096.000   10049 1404967    5327.900            NTSC
61096.000   10049 1354937   14426.300            NTSC
61096.000   10049 1352142   15209.400            NTSC
61096.000   10016 1354619       0.000            INXE
61096.000   10008 1352027   33198.000            OP  
61096.000   10008 1400889    4907.400            OP  
61096.000   10008 1353765   78852.300            OP  
61096.000   10008 1400810   20599.500            OP  
61096.000   10008 1400809   35296.400            OP  
61096.000   10008 1400890   29463.000            OP  
61096.000   10026 1352722   -2010.400            ORB 
61096.000   10026 1352724    9626.400            ORB 
61096.000   10026 1411030   76243.300            ORB 
61096.000   10026 1402602  351834.600            ORB 
61096.000   10026 1352723    1465.400            ORB 
61096.000   10040 1350441    -765.800            PL  
61096.000   10040 1415318  -18219.200            PL  
61096.000   10040 1415321   25505.600            PL  
61096.000   10040 1354603     144.300            PL  
61096.000   10040 1354597     258.200            PL  
61096.000   10005 1920001   41580.000            PTB 
61096.000   10005 1920002   37554.900            PTB 
61096.000   10005 1355322    8812.500            PTB 
61096.000   10005 1400510    8929.600            PTB 
61096.000   10005 1400506   32372.500            PTB 
61096.000   10005 1400508   32971.500            PTB 
61096.000   10005 1400509    9885.000            PTB 
61096.000   10005 1415245   -5573.100            PTB 
61096.000   10005 1400512    6788.000            PTB 
61096.000   10005 1415221    3559.300            PTB 
61096.000   10019 1351942   68896.000            ONRJ
61096.000   10019 1320337   50908.300            ONRJ
61096.000   10019 1354204   71090.000            ONRJ
61096.000   10019 1350147   59478.300            ONRJ
61096.000   10019 1350102   19454.600            ONRJ
61096.000   10019 1353364   38783.100            ONRJ
61096.000   10019 1351153  -11705.600            ONRJ
61096.000   10019 1401958  125665.100            ONRJ
61096.000   10014 1350583   -4727.100            ROA 
61096.000   10014 1350718   -2773.400            ROA 
61096.000   10014 1361490   87202.200            ROA 
61096.000   10014 1361488   85288.700            ROA 
61096.000   10014 1351699   55017.800            ROA 
61096.000   10014 1401436 1942094.100            ROA 
61096.000   10014 1412032 1294925.000            ROA 
61096.000   10014 1352270    7852.500            ROA 
61096.000   10062 1352932       0.000            SASO
61096.000   10062 1352931     133.300            SASO
61096.000   10062 1351628     819.000            SASO
61096.000   10062 1350221    -569.900            SASO
61096.000   10067 1352525   -8217.300            SCL 
61096.000   10067 1352178  -19813.000            SCL 
61096.000   10067 1415314    1085.500            SCL 
61096.000   10067 1353448     323.400            SCL 
61096.000   10079 1352003   33861.100            SMD 
61096.000   10079 1352543  -26010.500            SMD 
61096.000   10079 1411049   -1953.800            SMD 
61096.000   10072 1352745  -21593.500            SP  
61096.000   10072 1352749   21775.000            SP  
61096.000   10072 1352758   -2413.900            SP  
61096.000   10072 1354707    6594.300            SP  
61096.000   10072 1362295    2965.700            SP  
61096.000   10072 1365149   55355.800            SP  
61096.000   10072 1407201     445.600            SP  
61096.000   10072 1407223  154312.800            SP  
61096.000   10072 1407231  246520.300            SP  
61096.000   10072 1407232  397325.000            SP  
61096.000   10072 1415319   41646.900            SP  
61096.000   10038 1403809 -409534.400            SU  
61096.000   10038 1403811 -282063.300            SU  
61096.000   10038 1403812  -26546.200            SU  
61096.000   10038 1403844 -561658.100            SU  
61096.000   10038 1403853    4112.100            SU  
61096.000   10038 1403833 -396934.000            SU  
61096.000   10038 1403846   46960.800            SU  
61096.000   10038 1403814 -652615.300            SU  
61096.000   10038 1403815 -332819.500            SU  
61096.000   10038 1403834   10329.200            SU  
61096.000   10038 1403841  -38951.600            SU  
61096.000   10038 1403840    9814.100            SU  
61096.000   10038 1403845 -453722.900            SU  
61096.000   10030 1403011  154115.700            TL  
61096.000   10030 1413202  225382.900            TL  
61096.000   10030 1353942  -36612.400            TL  
61096.000   10030 1353947   55059.200            TL  
61096.000   10030 1354060  -14093.900            TL  
61096.000   10022 1320211 1999810.300            TP  
61096.000   10022 1320247  998951.600            TP  
61096.000   10022 1351227       0.000            TP  
61096.000   10022 1352179       4.700            TP  
61096.000   10022 1352476     516.600            TP  
61096.000   10022 1353519    -117.900            TP  
61096.000   10022 1411076      85.700            TP  
61096.000   10068 1411028       0.000            UME 
61096.000   10068 1352703    2445.300            UME 
61096.000   10068 1350251    3409.000            UME 
61096.000   10068 1350872   -8104.300            UME 
61096.000   10068 1352710    2902.300            UME 
61096.000   10007 1400711 3289976.900            USNO
61096.000   10007 1400712  272497.300            USNO
61096.000   10007 1400719  458667.100            USNO
61096.000   10007 1400702  -65566.600            USNO
61096.000   10007 1400708  665354.500            USNO
61096.000   10007 1400704  113967.200            USNO
61096.000   10007 1400718 1940006.700            USNO
61096.000   10007 1400710 -787382.700            USNO
61096.000   10007 1400726 1284234.400            USNO
61096.000   10007 1400715  420054.000            USNO
61096.000   10007 1350161   81025.900            USNO
61096.000   10007 1400727 -727727.800            USNO
61096.000   10007 1400729 2224068.000            USNO
61096.000   10007 1400725 -219531.700            USNO
61096.000   10007 1400724 -815900.700            USNO
61096.000   10007 1400723 -605933.800            USNO
61096.000   10007 1400722 2698833.100            USNO
61096.000   10007 1400721  436832.400            USNO
61096.000   10007 1400720 1253485.600            USNO
61096.000   10007 1400730 2138265.400            USNO
61096.000   10007 1400731 -404061.000            USNO
61096.000   10007 1400732  751674.600            USNO
61096.000   10007 1400736 1216323.400            USNO
61096.000   10007 1400737 2452256.700            USNO
61096.000   10007 1400740 1103631.500            USNO
61096.000   10007 1400713  453603.600            USNO
61096.000   10007 1400714   94711.000            USNO
61096.000   10007 1400716  682740.400            USNO
61096.000   10007 1400738  103133.600            USNO
61096.000   10064 1355005       0.000            UZ  
61096.000   10064 1354998 5122817.300            UZ  
61096.000   10028 1353669   20000.400            VMI 
61096.000   10028 1361233   12652.600            VMI 
61096.000   10028 1353670  -24062.400            VMI 
61096.000   10024 1411040   -2689.000            VSL 
61096.000   10024 1354466    9710.600            VSL 
61096.000   10024 1355008    6930.700            VSL 
61096.000   10024 1355697     782.700            VSL 
61096.000   10055 1352191     -97.200            DMDM
61096.000   10055 1362033  -54510.500            DMDM
