61163.000   10021 1352938       0.000            UAE 
61163.000   10021 1352940   -3599.300            UAE 
61163.000   10046 1404601   26791.700            AOS 
61163.000   10046 1352394   -1144.600            AOS 
61163.000   10031 1353842    2414.400            APL 
61163.000   10031 1403107  266224.900            APL 
61163.000   10031 1403108  511237.600            APL 
61163.000   10031 1403109  135385.000            APL 
61163.000   10031 1412174   31104.900            APL 
61163.000   10054 1362269     121.000            AUS 
61163.000   10054 1360340   12942.000            AUS 
61163.000   10054 1360654  -44989.000            AUS 
61163.000   10054 1363814    4634.000            AUS 
61163.000   10054 1364971    7647.000            AUS 
61163.000   10054 1360299   28716.000            AUS 
61163.000   10101 1355360       0.000            AZ  
61163.000   10101 1355361   -1323.700            AZ  
61163.000   10075 1352685    3363.300            IMBH
61163.000   10075 1320192   -8774.500            IMBH
61163.000   10075 1320193  -42174.800            IMBH
61163.000   10071 1353447     778.600            BIRM
61163.000   10071 1353689    9938.700            BIRM
61163.000   10071 1407107 -424803.100            BIRM
61163.000   10071 1407112  -10568.700            BIRM
61163.000   10071 1415303   -5007.300            BIRM
61163.000   10071 1415304  -11906.300            BIRM
61163.000   10071 1415305  -20908.900            BIRM
61163.000   10092 1363159    4033.100            ICE 
61163.000   10092 1363522    3669.100            ICE 
61163.000   10057 1355202    -770.900            CH  
61163.000   10057 1373644   -1031.300            CH  
61163.000   10057 1405701   -2134.000            CH  
61163.000   10057 1405702   21352.200            CH  
61163.000   10057 1411117     -67.300            CH  
61163.000   10073 1353612  -14199.400            CNM 
61163.000   10073 1413211   -1030.500            CNM 
61163.000   10073 1413212   62979.800            CNM 
61163.000   10074 1411045    4990.400            DLR 
61163.000   10053 1350136     -83.300            DTAG
61163.000   10053 1355332   -1486.100            DTAG
61163.000   10053 1352635    2601.300            DTAG
61163.000   10025 1352025    4346.300            ESA 
61163.000   10025 1351615   -4716.800            ESA 
61163.000   10025 1352353   11847.600            ESA 
61163.000   10025 1352210   29864.200            ESA 
61163.000   10025 1402543  -39764.300            ESA 
61163.000   10025 1402541 -115127.500            ESA 
61163.000   10025 1411033   -2223.600            ESA 
61163.000   10089 1354233       0.000            HKO 
61163.000   10089 1355122    1311.600            HKO 
61163.000   10099 1354701       0.000            IFZG
61163.000   10093 1353401       0.000            NSAI
61163.000   10044 1361167     903.600            IFAG
61163.000   10044 1361173     217.900            IFAG
61163.000   10044 1361629   10617.800            IFAG
61163.000   10044 1361732    7319.200            IFAG
61163.000   10044 1361798     577.700            IFAG
61163.000   10044 1404439    4411.600            IFAG
61163.000   10044 1404418   15270.800            IFAG
61163.000   10048 1404878  955740.800            NIM 
61163.000   10048 1404871 1082996.100            NIM 
61163.000   10048 1404832 1093364.100            NIM 
61163.000   10048 1404879 1926776.600            NIM 
61163.000   10048 1404880 2209110.700            NIM 
61163.000   10048 1352742  113477.800            NIM 
61163.000   10048 1404849 1415070.400            NIM 
61163.000   10048 1404856   94179.100            NIM 
61163.000   10048 1404857   24923.400            NIM 
61163.000   10048 1404821    3036.500            NIM 
61163.000   10048 1404850     704.600            NIM 
61163.000   10048 1404870    5723.600            NIM 
61163.000   10015 1362377       0.000            INTI
61163.000   10015 1363270   12649.500            INTI
61163.000   10015 1363511    6222.200            INTI
61163.000   10070 1353546    8466.200            IPQ 
61163.000   10083 1353654   10050.700            NIS 
61163.000   10083 1354391   18013.200            NIS 
61163.000   10083 1353812  -29722.900            NIS 
61163.000   10083 1352182   -4361.900            NIS 
61163.000   10011 1350219   -1116.000            IT  
61163.000   10011 1352487    -616.500            IT  
61163.000   10011 1401101  274889.600            IT  
61163.000   10011 1401102  298479.800            IT  
61163.000   10011 1401103   36618.300            IT  
61163.000   10011 1401104    6517.600            IT  
61163.000   10011 1411079   -1558.000            IT  
61163.000   10011 1411078    4266.400            IT  
61163.000   10035 1350832   18045.100            BSJ 
61163.000   10035 1350833    9951.900            BSJ 
61163.000   10087 1361277 -112396.100            JV  
61163.000   10087 1362617   71048.500            JV  
61163.000   10087 1415218  -42161.400            JV  
61163.000   10087 1411122   17419.800            JV  
61163.000   10056 1351783   41268.300            KRIS
61163.000   10056 1405624  170933.500            KRIS
61163.000   10056 1405625  494913.300            KRIS
61163.000   10056 1405626   16216.500            KRIS
61163.000   10027 1415201    -703.700            KZ  
61163.000   10027 1415205    1919.200            KZ  
61163.000   10027 1415266   -2929.200            KZ  
61163.000   10052 1351324  -11214.900            NPLI
61163.000   10052 1353376  -10835.200            NPLI
61163.000   10052 1353457    3477.600            NPLI
61163.000   10052 1353413   45420.100            NPLI
61163.000   10052 1353453    5320.600            NPLI
61163.000   10052 1415225  120292.200            NPLI
61163.000   10052 1415365   49567.800            NPLI
61163.000   10052 1415363    4050.700            NPLI
61163.000   10052 1415364   12180.600            NPLI
61163.000   10091 1352370  -10846.600            LRTE
61163.000   10082 1351868       0.000            LT  
61163.000   10082 1351362   -1684.300            LT  
61163.000   10094 1353471  -61938.200            LUX 
61163.000   10094 1353544  -57529.500            LUX 
61163.000   10085 1353507       0.000            NIMB
61163.000   10041 1404113  333711.400            MIKE
61163.000   10041 1404108   33089.900            MIKE
61163.000   10041 1404189  181851.900            MIKE
61163.000   10041 1412084   26364.200            MIKE
61163.000   10088 1361806  -12794.700            CNMP
61163.000   10088 1361752   -6774.200            CNMP
61163.000   10088 1363162    8716.700            CNMP
61163.000   10088 1363179  -67715.600            CNMP
61163.000   10063 1360274    3351.200            MSL 
61163.000   10063 1363396   -4280.900            MSL 
61163.000   10063 1363872  116419.300            MSL 
61163.000   10081 1353476    3500.900            NIMT
61163.000   10081 1353472   46887.500            NIMT
61163.000   10081 1353470   47293.900            NIMT
61163.000   10013 1410102    2096.700            NAO 
61163.000   10013 1350779     496.800            NAO 
61163.000   10013 1351689     386.200            NAO 
61163.000   10013 1351214     107.400            NAO 
61163.000   10020 1350343  130092.100            NICT
61163.000   10020 1350907   34429.900            NICT
61163.000   10020 1351226  -16863.500            NICT
61163.000   10020 1351778   76273.600            NICT
61163.000   10020 1351789   -8529.100            NICT
61163.000   10020 1351866    1369.000            NICT
61163.000   10020 1351944  109997.400            NICT
61163.000   10020 1352011  107837.400            NICT
61163.000   10020 1352056  110552.700            NICT
61163.000   10020 1352113  -46138.300            NICT
61163.000   10020 1352116  -27027.400            NICT
61163.000   10020 1352570   88719.500            NICT
61163.000   10020 1352620   61431.700            NICT
61163.000   10020 1352627  -24402.300            NICT
61163.000   10020 1352628  -25755.900            NICT
61163.000   10020 1352784   42504.200            NICT
61163.000   10020 1352876  123440.600            NICT
61163.000   10020 1352903   53162.000            NICT
61163.000   10020 1353594  -14392.700            NICT
61163.000   10020 1353716  -29247.600            NICT
61163.000   10020 1353717  -51633.500            NICT
61163.000   10020 1353718  -46285.200            NICT
61163.000   10020 1353720  -54833.500            NICT
61163.000   10020 1353722  -31300.600            NICT
61163.000   10020 1353909   27886.100            NICT
61163.000   10020 1353912  -39588.600            NICT
61163.000   10020 1353916  -73986.600            NICT
61163.000   10020 1353918   40129.900            NICT
61163.000   10020 1354230   69013.200            NICT
61163.000   10020 1402003   16889.900            NICT
61163.000   10020 1402004  -10820.000            NICT
61163.000   10020 1402012   29102.600            NICT
61163.000   10020 1402013   49977.600            NICT
61163.000   10020 1402014   -1901.700            NICT
61163.000   10020 1402015   80253.500            NICT
61163.000   10020 1411041  -71837.000            NICT
61163.000   10020 1411062   31674.300            NICT
61163.000   10020 1412060   67893.300            NICT
61163.000   10002 1412108  607494.400            NIST
61163.000   10002 1412014 -531409.700            NIST
61163.000   10002 1400004 -191099.600            NIST
61163.000   10002 1400222  732886.500            NIST
61163.000   10002 1400209 -444151.800            NIST
61163.000   10002 1400212  578658.600            NIST
61163.000   10002 1400207  707450.400            NIST
61163.000   10002 1412015  648072.400            NIST
61163.000   10002 1400210  259071.900            NIST
61163.000   10002 1400205  978449.200            NIST
61163.000   10002 1412099  361630.800            NIST
61163.000   10002 1412006  171062.900            NIST
61163.000   10002 1442021 -562379.600            NIST
61163.000   10002 1352935 -655962.300            NIST
61163.000   10002 1352579  980379.900            NIST
61163.000   10002 1402205 -206649.400            NIST
61163.000   10050 1320293  141510.700            NMIJ
61163.000   10017 1412011   48770.800            NPL 
61163.000   10017 1412050   47689.100            NPL 
61163.000   10003 1352150    8291.100            NRC 
61163.000   10003 1362225   17041.200            NRC 
61163.000   10003 1352115   19733.800            NRC 
61163.000   10003 1352148    3167.000            NRC 
61163.000   10003 1400306   92491.400            NRC 
61163.000   10003 1400307   11873.100            NRC 
61163.000   10049 1415324   -1626.800            NTSC
61163.000   10049 1415322    2871.300            NTSC
61163.000   10049 1415316   -6031.600            NTSC
61163.000   10049 1415082   53596.600            NTSC
61163.000   10049 1414922    6655.300            NTSC
61163.000   10049 1404967    6223.300            NTSC
61163.000   10049 1354937   14373.700            NTSC
61163.000   10049 1352142   15155.800            NTSC
61163.000   10016 1354619       0.000            INXE
61163.000   10008 1352027   34255.400            OP  
61163.000   10008 1400889    6481.800            OP  
61163.000   10008 1353765   80520.400            OP  
61163.000   10008 1400810   22109.400            OP  
61163.000   10008 1400809   37451.200            OP  
61163.000   10008 1400890   31213.600            OP  
61163.000   10026 1352722   -2172.100            ORB 
61163.000   10026 1352724   10305.300            ORB 
61163.000   10026 1411030   81574.600            ORB 
61163.000   10026 1402602  385460.500            ORB 
61163.000   10026 1352723    1768.900            ORB 
61163.000   10040 1350441    -946.200            PL  
61163.000   10040 1415318  -71289.200            PL  
61163.000   10040 1415321   27445.300            PL  
61163.000   10040 1354603      61.200            PL  
61163.000   10040 1354597     137.000            PL  
61163.000   10005 1920001   41661.700            PTB 
61163.000   10005 1920002   37650.000            PTB 
61163.000   10005 1355322    9019.200            PTB 
61163.000   10005 1400510    9563.500            PTB 
61163.000   10005 1400506   33420.400            PTB 
61163.000   10005 1400508   33998.400            PTB 
61163.000   10005 1400509   10218.600            PTB 
61163.000   10005 1415245   -6511.000            PTB 
61163.000   10005 1400512    7456.200            PTB 
61163.000   10005 1415221    3612.900            PTB 
61163.000   10019 1351942   70196.400            ONRJ
61163.000   10019 1320337   51496.300            ONRJ
61163.000   10019 1354204   74225.700            ONRJ
61163.000   10019 1350147   59889.800            ONRJ
61163.000   10019 1350102   20116.400            ONRJ
61163.000   10019 1353364   39402.400            ONRJ
61163.000   10019 1351153  -12465.100            ONRJ
61163.000   10019 1401958  134667.200            ONRJ
61163.000   10014 1350583   -5087.400            ROA 
61163.000   10014 1350718   -2325.200            ROA 
61163.000   10014 1361490   87663.400            ROA 
61163.000   10014 1361488   86030.900            ROA 
61163.000   10014 1351699   55437.300            ROA 
61163.000   10014 1401436 1983660.300            ROA 
61163.000   10014 1412032 1338283.100            ROA 
61163.000   10014 1352270    7963.800            ROA 
61163.000   10062 1352932       0.000            SASO
61163.000   10062 1352931     923.700            SASO
61163.000   10062 1351628    1216.200            SASO
61163.000   10062 1350221    -984.500            SASO
61163.000   10067 1352525   -8807.200            SCL 
61163.000   10067 1352178  -20990.100            SCL 
61163.000   10067 1415314    1866.600            SCL 
61163.000   10067 1353448    1914.400            SCL 
61163.000   10079 1352003   34328.000            SMD 
61163.000   10079 1352543  -26989.600            SMD 
61163.000   10079 1411049   -1915.000            SMD 
61163.000   10072 1352745  -22684.100            SP  
61163.000   10072 1352749   23307.700            SP  
61163.000   10072 1352758   -2487.600            SP  
61163.000   10072 1354707    6541.700            SP  
61163.000   10072 1365149   61242.400            SP  
61163.000   10072 1407201    2736.800            SP  
61163.000   10072 1407231  263192.200            SP  
61163.000   10072 1407232  420466.800            SP  
61163.000   10072 1415319   43478.100            SP  
61163.000   10038 1403809 -410647.600            SU  
61163.000   10038 1403811 -282002.600            SU  
61163.000   10038 1403812  -24347.500            SU  
61163.000   10038 1403844 -560210.900            SU  
61163.000   10038 1403853    4981.900            SU  
61163.000   10038 1403833 -395275.400            SU  
61163.000   10038 1403846   48800.000            SU  
61163.000   10038 1403814 -644454.800            SU  
61163.000   10038 1403815 -330901.000            SU  
61163.000   10038 1403834   11577.100            SU  
61163.000   10038 1403841  -35932.900            SU  
61163.000   10038 1403840   10828.800            SU  
61163.000   10038 1403845 -454197.100            SU  
61163.000   10030 1403011  190810.400            TL  
61163.000   10030 1413202  252261.100            TL  
61163.000   10030 1353942  -38130.100            TL  
61163.000   10030 1353947   56906.100            TL  
61163.000   10030 1354060  -14619.000            TL  
61163.000   10022 1320211 1999906.600            TP  
61163.000   10022 1320247  998941.000            TP  
61163.000   10022 1351227       0.000            TP  
61163.000   10022 1352179     126.800            TP  
61163.000   10022 1352476     606.200            TP  
61163.000   10022 1353519     -52.700            TP  
61163.000   10068 1411028       0.000            UME 
61163.000   10068 1352703      61.400            UME 
61163.000   10068 1350251      99.400            UME 
61163.000   10068 1350872    -306.700            UME 
61163.000   10068 1352710     328.500            UME 
61163.000   10007 1400711 3327586.000            USNO
61163.000   10007 1400719  472871.200            USNO
61163.000   10007 1400702  -65388.500            USNO
61163.000   10007 1400708  674169.300            USNO
61163.000   10007 1400704  117311.100            USNO
61163.000   10007 1400718 1965907.900            USNO
61163.000   10007 1400710 -819393.600            USNO
61163.000   10007 1400726 1316738.900            USNO
61163.000   10007 1400715  432048.200            USNO
61163.000   10007 1350161   80906.100            USNO
61163.000   10007 1400727 -750305.400            USNO
61163.000   10007 1400729 2273530.600            USNO
61163.000   10007 1400725 -220433.400            USNO
61163.000   10007 1400724 -823186.300            USNO
61163.000   10007 1400723 -604859.800            USNO
61163.000   10007 1400722 2684280.700            USNO
61163.000   10007 1400721  490932.500            USNO
61163.000   10007 1400720 1259767.900            USNO
61163.000   10007 1400730 2178718.000            USNO
61163.000   10007 1400731 -415586.900            USNO
61163.000   10007 1400732  776970.700            USNO
61163.000   10007 1400736 1219858.100            USNO
61163.000   10007 1400737 2470893.900            USNO
61163.000   10007 1400740 1145163.100            USNO
61163.000   10007 1400713  463400.000            USNO
61163.000   10007 1400716  699132.900            USNO
61163.000   10007 1400733  119485.700            USNO
61163.000   10064 1355005       0.000            UZ  
61163.000   10064 1354998 5034788.400            UZ  
61163.000   10028 1353669   19687.000            VMI 
61163.000   10028 1361233   12241.700            VMI 
61163.000   10028 1353670  -26264.500            VMI 
61163.000   10024 1411040   -3060.600            VSL 
61163.000   10024 1354466   10179.900            VSL 
61163.000   10024 1355008    7454.700            VSL 
61163.000   10024 1355697    1433.800            VSL 
61163.000   10055 1352191     -73.500            DMDM
61163.000   10055 1362033  -58343.600            DMDM
