61128.000   10021 1352938       0.000            UAE 
61128.000   10021 1352940   -2571.700            UAE 
61128.000   10046 1404601   25960.100            AOS 
61128.000   10046 1352394    -983.500            AOS 
61128.000   10031 1353842    2405.700            APL 
61128.000   10031 1403107  262672.700            APL 
61128.000   10031 1403108  484053.600            APL 
61128.000   10031 1403109  134486.200            APL 
61128.000   10031 1412174   27261.500            APL 
61128.000   10054 1362269     123.000            AUS 
61128.000   10054 1360340   12718.000            AUS 
61128.000   10054 1360654  -44094.000            AUS 
61128.000   10054 1363814    4462.000            AUS 
61128.000   10054 1364971    7391.000            AUS 
61128.000   10054 1360299   28234.000            AUS 
61128.000   10101 1355360       0.000            AZ  
61128.000   10101 1355361   -1161.100            AZ  
61128.000   10075 1352685    3231.200            IMBH
61128.000   10075 1320192   -8447.600            IMBH
61128.000   10075 1320193  -40809.000            IMBH
61128.000   10071 1353447     903.700            BIRM
61128.000   10071 1353689    9924.600            BIRM
61128.000   10071 1407107 -411907.400            BIRM
61128.000   10071 1407112   -9170.700            BIRM
61128.000   10071 1415303   -4287.100            BIRM
61128.000   10071 1415304  -11100.500            BIRM
61128.000   10071 1415305  -19952.600            BIRM
61128.000   10092 1363159    4274.100            ICE 
61128.000   10092 1363522    3614.900            ICE 
61128.000   10057 1355202    -685.300            CH  
61128.000   10057 1373644    -909.300            CH  
61128.000   10057 1405701   -1966.000            CH  
61128.000   10057 1405702   22035.900            CH  
61128.000   10057 1411117     -66.900            CH  
61128.000   10073 1353612  -13043.800            CNM 
61128.000   10073 1413211   -1040.600            CNM 
61128.000   10073 1413212   55656.800            CNM 
61128.000   10074 1411045    4498.900            DLR 
61128.000   10053 1350136     -83.300            DTAG
61128.000   10053 1355332   -1672.400            DTAG
61128.000   10053 1352635    2652.300            DTAG
61128.000   10025 1352025    4234.200            ESA 
61128.000   10025 1351615   -4612.000            ESA 
61128.000   10025 1352353   11606.600            ESA 
61128.000   10025 1352210   29132.000            ESA 
61128.000   10025 1402543  -35531.300            ESA 
61128.000   10025 1402541 -107291.800            ESA 
61128.000   10025 1411033   -1683.600            ESA 
61128.000   10089 1354233       0.000            HKO 
61128.000   10089 1355122    1268.600            HKO 
61128.000   10099 1354701       0.000            IFZG
61128.000   10093 1353401       0.000            NSAI
61128.000   10044 1361167    1068.300            IFAG
61128.000   10044 1361173     379.700            IFAG
61128.000   10044 1361629   10018.300            IFAG
61128.000   10044 1361732    6878.900            IFAG
61128.000   10044 1361798     878.700            IFAG
61128.000   10044 1404439    4515.600            IFAG
61128.000   10044 1404418   15322.700            IFAG
61128.000   10048 1404878  938966.900            NIM 
61128.000   10048 1404871 1062882.100            NIM 
61128.000   10048 1404832 1066747.600            NIM 
61128.000   10048 1404879 1907019.600            NIM 
61128.000   10048 1404880 2188382.200            NIM 
61128.000   10048 1352742  112463.500            NIM 
61128.000   10048 1404849 1414842.700            NIM 
61128.000   10048 1404856   93920.100            NIM 
61128.000   10048 1404857   25076.500            NIM 
61128.000   10048 1404821    2917.600            NIM 
61128.000   10048 1404850     653.800            NIM 
61128.000   10048 1404870    5461.100            NIM 
61128.000   10015 1362377       0.000            INTI
61128.000   10015 1363270   12385.200            INTI
61128.000   10015 1363511    6113.900            INTI
61128.000   10070 1353546    8509.500            IPQ 
61128.000   10083 1353654    9899.900            NIS 
61128.000   10083 1354391   17337.900            NIS 
61128.000   10083 1353812  -28927.800            NIS 
61128.000   10083 1352182   -4162.700            NIS 
61128.000   10011 1350219   -1066.600            IT  
61128.000   10011 1352487    -492.200            IT  
61128.000   10011 1401101  256694.100            IT  
61128.000   10011 1401102  294981.900            IT  
61128.000   10011 1401103   35239.000            IT  
61128.000   10011 1401104    8473.400            IT  
61128.000   10011 1411079   -1267.000            IT  
61128.000   10011 1411078    3658.600            IT  
61128.000   10011 1422012     929.800            IT  
61128.000   10035 1350832   17499.300            BSJ 
61128.000   10035 1350833    9596.200            BSJ 
61128.000   10087 1361277 -112061.200            JV  
61128.000   10087 1362617   70531.800            JV  
61128.000   10087 1415218  -42133.300            JV  
61128.000   10087 1411122   16384.900            JV  
61128.000   10056 1351783   40498.200            KRIS
61128.000   10056 1405624  165853.000            KRIS
61128.000   10056 1405625  479931.300            KRIS
61128.000   10056 1405626   15584.900            KRIS
61128.000   10027 1415201    -689.600            KZ  
61128.000   10027 1415205    1738.200            KZ  
61128.000   10027 1415266   -2687.200            KZ  
61128.000   10052 1351324  -11149.400            NPLI
61128.000   10052 1353376  -10743.900            NPLI
61128.000   10052 1353457    3395.300            NPLI
61128.000   10052 1353413   45020.700            NPLI
61128.000   10052 1353453    5224.200            NPLI
61128.000   10052 1415225  117024.200            NPLI
61128.000   10052 1415365   48400.300            NPLI
61128.000   10052 1415363    3688.700            NPLI
61128.000   10052 1415364   11766.000            NPLI
61128.000   10091 1352370  -10109.900            LRTE
61128.000   10082 1351868       0.000            LT  
61128.000   10082 1351362   -1704.200            LT  
61128.000   10094 1353471  -61577.600            LUX 
61128.000   10094 1353544  -57675.000            LUX 
61128.000   10041 1404113  330250.000            MIKE
61128.000   10041 1404108   31639.600            MIKE
61128.000   10041 1404189  183251.800            MIKE
61128.000   10041 1412084   26800.200            MIKE
61128.000   10088 1361806  -12632.600            CNMP
61128.000   10088 1361752   -6733.000            CNMP
61128.000   10088 1363162    8489.500            CNMP
61128.000   10088 1363179  -67167.200            CNMP
61128.000   10063 1360274    3273.300            MSL 
61128.000   10063 1363396   -4316.500            MSL 
61128.000   10063 1363872  114730.900            MSL 
61128.000   10081 1353476    3922.200            NIMT
61128.000   10081 1353472   46479.900            NIMT
61128.000   10081 1353470   46691.700            NIMT
61128.000   10013 1410102   -1012.500            NAO 
61128.000   10013 1350779    5687.100            NAO 
61128.000   10013 1351689    -511.100            NAO 
61128.000   10013 1351214     107.500            NAO 
61128.000   10020 1350343  129159.500            NICT
61128.000   10020 1350907   34978.600            NICT
61128.000   10020 1351226  -16769.200            NICT
61128.000   10020 1351778   75824.500            NICT
61128.000   10020 1351789   -8315.700            NICT
61128.000   10020 1351866    1393.400            NICT
61128.000   10020 1351944  109568.800            NICT
61128.000   10020 1352011  107942.100            NICT
61128.000   10020 1352056  110116.500            NICT
61128.000   10020 1352113  -46004.700            NICT
61128.000   10020 1352116  -27169.400            NICT
61128.000   10020 1352570   88434.600            NICT
61128.000   10020 1352620   60906.100            NICT
61128.000   10020 1352627  -23853.900            NICT
61128.000   10020 1352628  -25331.900            NICT
61128.000   10020 1352784   42891.800            NICT
61128.000   10020 1352876  123560.500            NICT
61128.000   10020 1352903   52983.300            NICT
61128.000   10020 1353594  -14567.100            NICT
61128.000   10020 1353716  -28890.400            NICT
61128.000   10020 1353717  -50840.400            NICT
61128.000   10020 1353718  -45361.200            NICT
61128.000   10020 1353720  -54319.900            NICT
61128.000   10020 1353722  -31013.500            NICT
61128.000   10020 1353909   27649.800            NICT
61128.000   10020 1353912  -38855.900            NICT
61128.000   10020 1353916  -72774.500            NICT
61128.000   10020 1353918   39535.400            NICT
61128.000   10020 1354230   68807.700            NICT
61128.000   10020 1402003   16479.300            NICT
61128.000   10020 1402004  -10005.200            NICT
61128.000   10020 1402012   30756.900            NICT
61128.000   10020 1402013   45680.600            NICT
61128.000   10020 1402014   -2134.400            NICT
61128.000   10020 1402015   75947.900            NICT
61128.000   10020 1411041  -67260.000            NICT
61128.000   10020 1411062   32378.900            NICT
61128.000   10020 1412060   65061.700            NICT
61128.000   10002 1412108  581444.600            NIST
61128.000   10002 1412014 -536573.100            NIST
61128.000   10002 1400004 -193918.700            NIST
61128.000   10002 1400222  730812.600            NIST
61128.000   10002 1400209 -446696.200            NIST
61128.000   10002 1400212  535911.600            NIST
61128.000   10002 1400207  682993.900            NIST
61128.000   10002 1412015  631902.300            NIST
61128.000   10002 1400210  227015.500            NIST
61128.000   10002 1400205  979092.100            NIST
61128.000   10002 1412099  320623.800            NIST
61128.000   10002 1412006  135564.000            NIST
61128.000   10002 1442021 -564211.900            NIST
61128.000   10002 1352935 -655129.400            NIST
61128.000   10002 1352579  979782.100            NIST
61128.000   10002 1402205 -225614.200            NIST
61128.000   10050 1320293  133386.100            NMIJ
61128.000   10017 1412011   48339.400            NPL 
61128.000   10017 1412050   46673.000            NPL 
61128.000   10003 1352150    8223.300            NRC 
61128.000   10003 1362225   17106.500            NRC 
61128.000   10003 1352115   19501.400            NRC 
61128.000   10003 1352148    3193.300            NRC 
61128.000   10003 1400306   92359.300            NRC 
61128.000   10003 1400307   11442.000            NRC 
61128.000   10049 1415324   -1653.200            NTSC
61128.000   10049 1415322    2582.700            NTSC
61128.000   10049 1415316   -5778.900            NTSC
61128.000   10049 1415082   51435.100            NTSC
61128.000   10049 1414922    6097.900            NTSC
61128.000   10049 1404967    5747.000            NTSC
61128.000   10049 1354937   14383.500            NTSC
61128.000   10049 1352142   15178.000            NTSC
61128.000   10016 1354619       0.000            INXE
61128.000   10008 1352027   33717.100            OP  
61128.000   10008 1400889    5655.900            OP  
61128.000   10008 1353765   79659.300            OP  
61128.000   10008 1400810   21315.200            OP  
61128.000   10008 1400809   36318.500            OP  
61128.000   10008 1400890   30297.500            OP  
61128.000   10026 1352722   -2113.300            ORB 
61128.000   10026 1352724    9939.300            ORB 
61128.000   10026 1411030   78782.300            ORB 
61128.000   10026 1402602  367891.300            ORB 
61128.000   10026 1352723    1623.500            ORB 
61128.000   10040 1350441    -788.700            PL  
61128.000   10040 1415318  -39991.100            PL  
61128.000   10040 1415321   26425.900            PL  
61128.000   10040 1354603     165.000            PL  
61128.000   10040 1354597     259.500            PL  
61128.000   10005 1920001   41607.200            PTB 
61128.000   10005 1920002   37590.800            PTB 
61128.000   10005 1355322    8909.300            PTB 
61128.000   10005 1400510    9230.300            PTB 
61128.000   10005 1400506   32845.000            PTB 
61128.000   10005 1400508   33418.600            PTB 
61128.000   10005 1400509   10043.300            PTB 
61128.000   10005 1415245   -6018.700            PTB 
61128.000   10005 1400512    7103.400            PTB 
61128.000   10005 1415221    3587.700            PTB 
61128.000   10019 1351942   69530.400            ONRJ
61128.000   10019 1320337   51205.800            ONRJ
61128.000   10019 1354204   72613.300            ONRJ
61128.000   10019 1350147   59683.300            ONRJ
61128.000   10019 1350102   19787.100            ONRJ
61128.000   10019 1353364   39089.100            ONRJ
61128.000   10019 1351153  -12050.700            ONRJ
61128.000   10019 1401958  129920.800            ONRJ
61128.000   10014 1350583   -4891.400            ROA 
61128.000   10014 1350718   -2558.000            ROA 
61128.000   10014 1361490   87438.400            ROA 
61128.000   10014 1361488   85610.400            ROA 
61128.000   10014 1351699   55241.300            ROA 
61128.000   10014 1401436 1961891.800            ROA 
61128.000   10014 1412032 1315579.900            ROA 
61128.000   10014 1352270    7913.500            ROA 
61128.000   10062 1352932       0.000            SASO
61128.000   10062 1352931     520.100            SASO
61128.000   10062 1351628    1009.200            SASO
61128.000   10062 1350221    -735.700            SASO
61128.000   10067 1352525   -8511.600            SCL 
61128.000   10067 1352178  -20374.300            SCL 
61128.000   10067 1415314    1450.200            SCL 
61128.000   10067 1353448    1079.800            SCL 
61128.000   10079 1352003   34088.800            SMD 
61128.000   10079 1352543  -26486.300            SMD 
61128.000   10079 1411049   -1936.400            SMD 
61128.000   10072 1352745  -22113.200            SP  
61128.000   10072 1352749   22483.400            SP  
61128.000   10072 1352758   -2461.800            SP  
61128.000   10072 1354707    6569.900            SP  
61128.000   10072 1362295    3933.500            SP  
61128.000   10072 1365149   58184.900            SP  
61128.000   10072 1407201    1494.700            SP  
61128.000   10072 1407223  156308.700            SP  
61128.000   10072 1407231  254431.800            SP  
61128.000   10072 1407232  408336.800            SP  
61128.000   10072 1415319   42519.800            SP  
61128.000   10038 1403809 -410070.800            SU  
61128.000   10038 1403811 -282041.400            SU  
61128.000   10038 1403812  -25511.300            SU  
61128.000   10038 1403844 -560970.400            SU  
61128.000   10038 1403853    4526.100            SU  
61128.000   10038 1403833 -396147.300            SU  
61128.000   10038 1403846   47837.200            SU  
61128.000   10038 1403814 -648726.100            SU  
61128.000   10038 1403815 -331909.600            SU  
61128.000   10038 1403834   10919.300            SU  
61128.000   10038 1403841  -37514.200            SU  
61128.000   10038 1403840   10294.800            SU  
61128.000   10038 1403845 -453955.300            SU  
61128.000   10030 1403011  171590.000            TL  
61128.000   10030 1413202  235232.100            TL  
61128.000   10030 1353942  -37346.000            TL  
61128.000   10030 1353947   55957.700            TL  
61128.000   10030 1354060  -14347.600            TL  
61128.000   10022 1320211 1999879.200            TP  
61128.000   10022 1320247  998911.400            TP  
61128.000   10022 1351227       0.000            TP  
61128.000   10022 1352179      66.900            TP  
61128.000   10022 1352476     587.800            TP  
61128.000   10022 1353519    -125.100            TP  
61128.000   10068 1411028       0.000            UME 
61128.000   10068 1352703    2485.700            UME 
61128.000   10068 1350251    3572.600            UME 
61128.000   10068 1350872   -8451.100            UME 
61128.000   10068 1352710    3354.200            UME 
61128.000   10007 1400711 3307931.000            USNO
61128.000   10007 1400712  274533.300            USNO
61128.000   10007 1400719  465584.200            USNO
61128.000   10007 1400702  -65483.400            USNO
61128.000   10007 1400708  669557.000            USNO
61128.000   10007 1400704  115555.200            USNO
61128.000   10007 1400718 1952358.700            USNO
61128.000   10007 1400710 -802679.100            USNO
61128.000   10007 1400726 1299712.000            USNO
61128.000   10007 1400715  425774.000            USNO
61128.000   10007 1350161   80949.100            USNO
61128.000   10007 1400727 -738568.400            USNO
61128.000   10007 1400729 2247644.200            USNO
61128.000   10007 1400725 -219963.000            USNO
61128.000   10007 1400724 -819384.100            USNO
61128.000   10007 1400723 -605437.200            USNO
61128.000   10007 1400722 2692994.000            USNO
61128.000   10007 1400721  462597.000            USNO
61128.000   10007 1400720 1256436.700            USNO
61128.000   10007 1400730 2157548.500            USNO
61128.000   10007 1400731 -409566.700            USNO
61128.000   10007 1400732  763712.100            USNO
61128.000   10007 1400736 1217963.000            USNO
61128.000   10007 1400737 2461100.000            USNO
61128.000   10007 1400740 1123384.000            USNO
61128.000   10007 1400713  458268.600            USNO
61128.000   10007 1400714   96674.900            USNO
61128.000   10007 1400716  690563.900            USNO
61128.000   10007 1400738  108479.400            USNO
61128.000   10064 1355005       0.000            UZ  
61128.000   10064 1354998 5083048.600            UZ  
61128.000   10028 1353669   19661.400            VMI 
61128.000   10028 1361233   12266.500            VMI 
61128.000   10028 1353670  -25314.600            VMI 
61128.000   10024 1411040   -2865.900            VSL 
61128.000   10024 1354466    9933.200            VSL 
61128.000   10024 1355008    7174.400            VSL 
61128.000   10024 1355697    1100.300            VSL 
61128.000   10055 1352191    -106.700            DMDM
61128.000   10055 1362033  -56331.000            DMDM
