61217.000   10021 1352938       0.000            UAE 
61217.000   10021 1352940   -5127.100            UAE 
61217.000   10046 1404601   28101.900            AOS 
61217.000   10046 1352394   -1379.100            AOS 
61217.000   10031 1353842    2406.500            APL 
61217.000   10031 1403107  271797.200            APL 
61217.000   10031 1403108  553322.100            APL 
61217.000   10031 1403109  136779.700            APL 
61217.000   10031 1412174   37709.100            APL 
61217.000   10054 1362269     197.000            AUS 
61217.000   10054 1360340   13307.000            AUS 
61217.000   10054 1360654  -46415.000            AUS 
61217.000   10054 1363814    4857.000            AUS 
61217.000   10054 1364971    8068.000            AUS 
61217.000   10054 1360299   29347.000            AUS 
61217.000   10075 1352685    3536.500            IMBH
61217.000   10075 1320192   -9090.900            IMBH
61217.000   10075 1320193  -44204.400            IMBH
61217.000   10071 1353447     558.400            BIRM
61217.000   10071 1353689    9977.400            BIRM
61217.000   10071 1407103    -863.700            BIRM
61217.000   10071 1407107 -444840.100            BIRM
61217.000   10071 1407111   -2341.700            BIRM
61217.000   10071 1407112  -12792.100            BIRM
61217.000   10071 1415303   -6184.700            BIRM
61217.000   10071 1415304  -14822.200            BIRM
61217.000   10071 1415305  -22429.100            BIRM
61217.000   10092 1363159    3661.200            ICE 
61217.000   10092 1363522    3772.500            ICE 
61217.000   10057 1355202    -837.300            CH  
61217.000   10057 1373644   -1249.900            CH  
61217.000   10057 1405701   -2394.400            CH  
61217.000   10057 1405702   20148.400            CH  
61217.000   10057 1411117    -118.600            CH  
61217.000   10073 1353612  -15957.600            CNM 
61217.000   10073 1413211    -973.300            CNM 
61217.000   10073 1413212   74701.400            CNM 
61217.000   10074 1411045    5782.900            DLR 
61217.000   10053 1350136     -83.300            DTAG
61217.000   10053 1355332 1541592.200            DTAG
61217.000   10053 1352635    2449.800            DTAG
61217.000   10025 1352025    4536.000            ESA 
61217.000   10025 1351615   -4893.100            ESA 
61217.000   10025 1352353   12234.100            ESA 
61217.000   10025 1352210   30992.600            ESA 
61217.000   10025 1402543  -46612.400            ESA 
61217.000   10025 1402541 -127982.700            ESA 
61217.000   10025 1411033   -3092.900            ESA 
61217.000   10089 1354233       0.000            HKO 
61217.000   10089 1355122    1401.100            HKO 
61217.000   10099 1354701       0.000            IFZG
61217.000   10093 1353401       0.000            NSAI
61217.000   10044 1361167     515.300            IFAG
61217.000   10044 1361173      18.200            IFAG
61217.000   10044 1361629   11390.500            IFAG
61217.000   10044 1361732    7998.600            IFAG
61217.000   10044 1361798     -19.600            IFAG
61217.000   10044 1404439    4013.000            IFAG
61217.000   10044 1404418   15014.300            IFAG
61217.000   10048 1404878  981746.900            NIM 
61217.000   10048 1404871 1114151.100            NIM 
61217.000   10048 1404832 1134887.800            NIM 
61217.000   10048 1404879 1957413.400            NIM 
61217.000   10048 1404880 2241261.000            NIM 
61217.000   10048 1352742  115064.700            NIM 
61217.000   10048 1404849 1415433.600            NIM 
61217.000   10048 1404856   94581.900            NIM 
61217.000   10048 1404857   24690.000            NIM 
61217.000   10048 1404821    3233.300            NIM 
61217.000   10048 1404850     793.600            NIM 
61217.000   10048 1404870    6144.000            NIM 
61217.000   10015 1362377       0.000            INTI
61217.000   10015 1363270     145.300            INTI
61217.000   10015 1363511    6439.800            INTI
61217.000   10070 1353546     -98.000            IPQ 
61217.000   10083 1353654   10290.500            NIS 
61217.000   10083 1354391   18938.300            NIS 
61217.000   10083 1353812  -30976.500            NIS 
61217.000   10083 1352182   -4590.900            NIS 
61217.000   10011 1350219   -1162.500            IT  
61217.000   10011 1352487    -791.100            IT  
61217.000   10011 1401101  303237.900            IT  
61217.000   10011 1401102  303758.400            IT  
61217.000   10011 1401103   38795.700            IT  
61217.000   10011 1401104    3423.100            IT  
61217.000   10011 1411079   -1920.400            IT  
61217.000   10011 1411078    5355.000            IT  
61217.000   10011 1422012     -59.600            IT  
61217.000   10035 1350832   18876.100            BSJ 
61217.000   10035 1350833   10521.700            BSJ 
61217.000   10087 1361277 -112943.800            JV  
61217.000   10087 1362617   71991.200            JV  
61217.000   10087 1415218  -42205.100            JV  
61217.000   10087 1411122   19085.200            JV  
61217.000   10056 1351783   42426.000            KRIS
61217.000   10056 1405624  178843.700            KRIS
61217.000   10056 1405625  518295.000            KRIS
61217.000   10056 1405626   17189.400            KRIS
61217.000   10027 1415201     -16.000            KZ  
61217.000   10027 1415205     148.900            KZ  
61217.000   10027 1415266    -348.600            KZ  
61217.000   10052 1351324  -11321.400            NPLI
61217.000   10052 1353376  -11007.800            NPLI
61217.000   10052 1353413   46076.000            NPLI
61217.000   10052 1353453    5437.700            NPLI
61217.000   10052 1415225  125473.000            NPLI
61217.000   10052 1415365   51380.400            NPLI
61217.000   10052 1415363    4618.400            NPLI
61217.000   10052 1415364   12828.700            NPLI
61217.000   10091 1352370  -12252.500            LRTE
61217.000   10082 1351868       0.000            LT  
61217.000   10082 1351362   -1672.700            LT  
61217.000   10094 1353471  -62483.200            LUX 
61217.000   10094 1353544  -57286.000            LUX 
61217.000   10085 1353507       0.000            NIMB
61217.000   10041 1404113  339047.300            MIKE
61217.000   10041 1404108   35584.900            MIKE
61217.000   10041 1404189  180175.500            MIKE
61217.000   10041 1412084   25721.600            MIKE
61217.000   10088 1361806  -12978.800            CNMP
61217.000   10088 1361752   -6843.400            CNMP
61217.000   10088 1363162    9121.400            CNMP
61217.000   10088 1363179  -68648.000            CNMP
61217.000   10063 1360274    3395.900            MSL 
61217.000   10063 1363396   -4338.300            MSL 
61217.000   10063 1363872  119038.800            MSL 
61217.000   10081 1353476    2896.400            NIMT
61217.000   10081 1353472   47502.800            NIMT
61217.000   10081 1353470   48257.900            NIMT
61217.000   10013 1410102    1682.700            NAO 
61217.000   10013 1350779     411.000            NAO 
61217.000   10013 1351689     321.400            NAO 
61217.000   10013 1351214     107.400            NAO 
61217.000   10020 1350343  131553.700            NICT
61217.000   10020 1350907   33625.300            NICT
61217.000   10020 1351778   77008.100            NICT
61217.000   10020 1351789   -8882.900            NICT
61217.000   10020 1351866    1374.000            NICT
61217.000   10020 1351944  110650.700            NICT
61217.000   10020 1352011  107655.500            NICT
61217.000   10020 1352056  111236.600            NICT
61217.000   10020 1352113  -46346.300            NICT
61217.000   10020 1352116  -26768.000            NICT
61217.000   10020 1352570   89088.700            NICT
61217.000   10020 1352620   62264.400            NICT
61217.000   10020 1352627  -25213.500            NICT
61217.000   10020 1352628  -26457.300            NICT
61217.000   10020 1352784   41931.900            NICT
61217.000   10020 1352876  123201.800            NICT
61217.000   10020 1352903   53441.400            NICT
61217.000   10020 1353259  -14588.200            NICT
61217.000   10020 1353594  -14191.800            NICT
61217.000   10020 1353716  -29836.300            NICT
61217.000   10020 1353717  -52867.700            NICT
61217.000   10020 1353718  -47725.600            NICT
61217.000   10020 1353720  -55644.500            NICT
61217.000   10020 1353722  -31768.300            NICT
61217.000   10020 1353909   28325.600            NICT
61217.000   10020 1353912  -40733.600            NICT
61217.000   10020 1353916  -75835.700            NICT
61217.000   10020 1353918   40987.600            NICT
61217.000   10020 1354230   69256.900            NICT
61217.000   10020 1402003   17547.500            NICT
61217.000   10020 1402004  -12080.300            NICT
61217.000   10020 1402012   26663.700            NICT
61217.000   10020 1402013   56872.500            NICT
61217.000   10020 1402014   -1441.400            NICT
61217.000   10020 1402015   87079.400            NICT
61217.000   10020 1411041  -79012.200            NICT
61217.000   10020 1411062   30585.500            NICT
61217.000   10020 1412060   72407.300            NICT
61217.000   10002 1412108  648067.000            NIST
61217.000   10002 1412014 -523323.700            NIST
61217.000   10002 1400004 -186722.200            NIST
61217.000   10002 1400222  736084.200            NIST
61217.000   10002 1400209 -439997.100            NIST
61217.000   10002 1400212  645253.700            NIST
61217.000   10002 1400207  745300.700            NIST
61217.000   10002 1412015  673179.000            NIST
61217.000   10002 1400210  308859.000            NIST
61217.000   10002 1400205  977466.200            NIST
61217.000   10002 1412099  425323.000            NIST
61217.000   10002 1412006  226273.900            NIST
61217.000   10002 1442021 -559074.200            NIST
61217.000   10002 1352935 -657211.500            NIST
61217.000   10002 1352579  981464.300            NIST
61217.000   10002 1402205 -177188.000            NIST
61217.000   10050 1320293  153928.000            NMIJ
61217.000   10017 1412011   49511.500            NPL 
61217.000   10017 1412050   49768.300            NPL 
61217.000   10003 1352150    8408.500            NRC 
61217.000   10003 1362225   16897.700            NRC 
61217.000   10003 1352115   20109.200            NRC 
61217.000   10003 1352148    3131.800            NRC 
61217.000   10003 1400306   92843.400            NRC 
61217.000   10003 1400307   12561.000            NRC 
61217.000   10049 1415325    3301.900            NTSC
61217.000   10049 1415324   -1533.800            NTSC
61217.000   10049 1415322    3334.800            NTSC
61217.000   10049 1415316   -6425.100            NTSC
61217.000   10049 1415085    -637.300            NTSC
61217.000   10049 1414922    7550.700            NTSC
61217.000   10049 1404967    6991.400            NTSC
61217.000   10049 1352142   15115.900            NTSC
61217.000   10016 1354619       0.000            INXE
61217.000   10008 1352027   35154.200            OP  
61217.000   10008 1400889    7765.700            OP  
61217.000   10008 1353765   81820.800            OP  
61217.000   10008 1400810   23365.100            OP  
61217.000   10008 1400809   39238.700            OP  
61217.000   10008 1400890   32627.400            OP  
61217.000   10026 1352722   -1984.100            ORB 
61217.000   10026 1352724   10858.400            ORB 
61217.000   10026 1411030   85929.100            ORB 
61217.000   10026 1402602  412586.500            ORB 
61217.000   10026 1352723    2025.200            ORB 
61217.000   10040 1350441    -795.000            PL  
61217.000   10040 1415318 -133802.700            PL  
61217.000   10040 1415321   29202.500            PL  
61217.000   10040 1354603     287.600            PL  
61217.000   10040 1354597     269.300            PL  
61217.000   10005 1920001   41821.200            PTB 
61217.000   10005 1920002   37787.100            PTB 
61217.000   10005 1355322    9172.700            PTB 
61217.000   10005 1400510    9816.000            PTB 
61217.000   10005 1400506   34423.100            PTB 
61217.000   10005 1400508   35075.900            PTB 
61217.000   10005 1400509   10489.800            PTB 
61217.000   10005 1415245   -7296.300            PTB 
61217.000   10005 1400512    8014.900            PTB 
61217.000   10005 1415221    3657.600            PTB 
61217.000   10019 1351942   71228.500            ONRJ
61217.000   10019 1320337   52003.400            ONRJ
61217.000   10019 1354204   76820.500            ONRJ
61217.000   10019 1350147   60226.600            ONRJ
61217.000   10019 1353364   39934.500            ONRJ
61217.000   10019 1351153  -13082.500            ONRJ
61217.000   10019 1401958  142211.100            ONRJ
61217.000   10014 1350583   -5376.900            ROA 
61217.000   10014 1350718   -1973.700            ROA 
61217.000   10014 1361490   87997.900            ROA 
61217.000   10014 1361488   86646.600            ROA 
61217.000   10014 1351699   55788.300            ROA 
61217.000   10014 1401436 2017430.000            ROA 
61217.000   10014 1412032 1373567.300            ROA 
61217.000   10014 1352270    8029.500            ROA 
61217.000   10062 1352932       0.000            SASO
61217.000   10062 1352931    1548.700            SASO
61217.000   10062 1351628    1645.800            SASO
61217.000   10062 1350221   -1297.200            SASO
61217.000   10067 1352178  -22046.100            SCL 
61217.000   10067 1415314    2539.200            SCL 
61217.000   10067 1353448    3203.100            SCL 
61217.000   10079 1352003   34684.700            SMD 
61217.000   10079 1352543  -27773.000            SMD 
61217.000   10079 1411049   -1870.300            SMD 
61217.000   10072 1352745  -23430.800            SP  
61217.000   10072 1352750    1296.100            SP  
61217.000   10072 1352758   -2509.500            SP  
61217.000   10072 1354707    6446.500            SP  
61217.000   10072 1362295    6593.600            SP  
61217.000   10072 1362746    1407.600            SP  
61217.000   10072 1362749   24542.100            SP  
61217.000   10072 1362956   -5209.400            SP  
61217.000   10072 1365149   65967.700            SP  
61217.000   10072 1407201    4817.000            SP  
61217.000   10072 1407223  161899.900            SP  
61217.000   10072 1407231  276925.300            SP  
61217.000   10072 1407232  439362.300            SP  
61217.000   10072 1415319   44967.600            SP  
61217.000   10038 1403809 -411516.700            SU  
61217.000   10038 1403811 -281909.400            SU  
61217.000   10038 1403812  -22486.900            SU  
61217.000   10038 1403844 -559027.500            SU  
61217.000   10038 1403853    5692.800            SU  
61217.000   10038 1403833 -393904.100            SU  
61217.000   10038 1403846   50298.500            SU  
61217.000   10038 1403814 -637822.100            SU  
61217.000   10038 1403815 -329315.400            SU  
61217.000   10038 1403816 -296962.100            SU  
61217.000   10038 1403834   12618.900            SU  
61217.000   10038 1403841  -33473.500            SU  
61217.000   10038 1403840   11661.000            SU  
61217.000   10038 1403845 -454544.800            SU  
61217.000   10030 1403011  220709.300            TL  
61217.000   10030 1413202  263695.900            TL  
61217.000   10030 1353942  -39340.200            TL  
61217.000   10030 1353947   58394.600            TL  
61217.000   10030 1354060  -15018.600            TL  
61217.000   10022 1320211 1999909.400            TP  
61217.000   10022 1320247  998993.800            TP  
61217.000   10022 1351227       0.000            TP  
61217.000   10022 1352179      93.000            TP  
61217.000   10022 1352476     593.400            TP  
61217.000   10022 1353519    -147.800            TP  
61217.000   10068 1411028       0.000            UME 
61217.000   10068 1352703     146.300            UME 
61217.000   10068 1350251     319.300            UME 
61217.000   10068 1350872    -973.800            UME 
61217.000   10068 1352710    1137.800            UME 
61217.000   10007 1400711 3357949.100            USNO
61217.000   10007 1400719  483681.300            USNO
61217.000   10007 1400702  -65231.900            USNO
61217.000   10007 1400708  681311.400            USNO
61217.000   10007 1400704  120035.100            USNO
61217.000   10007 1400718 1986893.600            USNO
61217.000   10007 1400710 -845154.500            USNO
61217.000   10007 1400715  441765.600            USNO
61217.000   10007 1350161   80790.800            USNO
61217.000   10007 1400727 -768215.200            USNO
61217.000   10007 1400725 -221148.600            USNO
61217.000   10007 1400724 -829044.100            USNO
61217.000   10007 1400723 -603899.000            USNO
61217.000   10007 1400722 2665669.800            USNO
61217.000   10007 1400721  534908.000            USNO
61217.000   10007 1400720 1265101.800            USNO
61217.000   10007 1400730 2211545.000            USNO
61217.000   10007 1400731 -424879.200            USNO
61217.000   10007 1400732  797616.800            USNO
61217.000   10007 1400736 1222990.400            USNO
61217.000   10007 1400737 2486261.600            USNO
61217.000   10007 1400740 1179130.100            USNO
61217.000   10007 1400713  471371.500            USNO
61217.000   10007 1400716  712381.500            USNO
61217.000   10007 1400733  156044.800            USNO
61217.000   10064 1355005       0.000            UZ  
61217.000   10064 1354998 3833316.800            UZ  
61217.000   10024 1354466   10557.600            VSL 
61217.000   10024 1355008    7888.600            VSL 
61217.000   10024 1355697    1996.200            VSL 
61217.000   10055 1352191     -65.900            DMDM
61217.000   10055 1362033  -61409.300            DMDM
