61166.000   10021 1352938       0.000            UAE 
61166.000   10021 1352940   -3681.800            UAE 
61166.000   10046 1404601   26863.800            AOS 
61166.000   10046 1352394   -1164.000            AOS 
61166.000   10031 1353842    2413.700            APL 
61166.000   10031 1403107  266530.800            APL 
61166.000   10031 1403108  513571.200            APL 
61166.000   10031 1403109  135462.400            APL 
61166.000   10031 1412174   31449.800            APL 
61166.000   10054 1362269     120.000            AUS 
61166.000   10054 1360340   12948.000            AUS 
61166.000   10054 1360654  -45093.000            AUS 
61166.000   10054 1363814    4616.000            AUS 
61166.000   10054 1364971    7648.000            AUS 
61166.000   10054 1360299   28729.000            AUS 
61166.000   10101 1355360       0.000            AZ  
61166.000   10101 1355361   -1334.300            AZ  
61166.000   10075 1352685    3374.500            IMBH
61166.000   10075 1320192   -8793.100            IMBH
61166.000   10075 1320193  -42302.900            IMBH
61166.000   10071 1353447     770.800            BIRM
61166.000   10071 1353689    9939.600            BIRM
61166.000   10071 1407107 -425911.800            BIRM
61166.000   10071 1407112  -10690.000            BIRM
61166.000   10071 1415303   -5070.400            BIRM
61166.000   10071 1415304  -11976.400            BIRM
61166.000   10071 1415305  -20991.800            BIRM
61166.000   10092 1363159    4008.700            ICE 
61166.000   10092 1363522    3667.700            ICE 
61166.000   10057 1355202    -772.600            CH  
61166.000   10057 1373644   -1044.200            CH  
61166.000   10057 1405701   -2148.300            CH  
61166.000   10057 1405702   21290.400            CH  
61166.000   10057 1411117     -70.500            CH  
61166.000   10073 1353612  -14290.100            CNM 
61166.000   10073 1413211   -1028.400            CNM 
61166.000   10073 1413212   63618.500            CNM 
61166.000   10074 1411045    5032.300            DLR 
61166.000   10053 1350136     -83.300            DTAG
61166.000   10053 1355332   -1480.300            DTAG
61166.000   10053 1352635    2594.000            DTAG
61166.000   10025 1352025    4357.300            ESA 
61166.000   10025 1351615   -4726.300            ESA 
61166.000   10025 1352353   11865.800            ESA 
61166.000   10025 1352210   29922.100            ESA 
61166.000   10025 1402543  -40135.500            ESA 
61166.000   10025 1402541 -115817.300            ESA 
61166.000   10025 1411033   -2271.100            ESA 
61166.000   10089 1354233       0.000            HKO 
61166.000   10089 1355122    1326.200            HKO 
61166.000   10099 1354701       0.000            IFZG
61166.000   10093 1353401       0.000            NSAI
61166.000   10044 1361167     879.100            IFAG
61166.000   10044 1361173     205.800            IFAG
61166.000   10044 1361629   10663.800            IFAG
61166.000   10044 1361732    7356.900            IFAG
61166.000   10044 1361798     546.900            IFAG
61166.000   10044 1404439    4396.900            IFAG
61166.000   10044 1404418   15259.600            IFAG
61166.000   10048 1404878  957181.300            NIM 
61166.000   10048 1404871 1084722.500            NIM 
61166.000   10048 1404832 1095655.500            NIM 
61166.000   10048 1404879 1928472.400            NIM 
61166.000   10048 1404880 2210890.600            NIM 
61166.000   10048 1352742  113566.300            NIM 
61166.000   10048 1404849 1415090.000            NIM 
61166.000   10048 1404856   94201.300            NIM 
61166.000   10048 1404857   24910.200            NIM 
61166.000   10048 1404821    3046.700            NIM 
61166.000   10048 1404850     708.800            NIM 
61166.000   10048 1404870    5746.000            NIM 
61166.000   10015 1362377       0.000            INTI
61166.000   10015 1363270   12659.600            INTI
61166.000   10015 1363511    6237.500            INTI
61166.000   10070 1353546    8463.100            IPQ 
61166.000   10083 1353654   10063.400            NIS 
61166.000   10083 1354391   18073.000            NIS 
61166.000   10083 1353812  -29793.500            NIS 
61166.000   10083 1352182   -4368.000            NIS 
61166.000   10011 1350219   -1121.600            IT  
61166.000   10011 1352487    -625.900            IT  
61166.000   10011 1401101  276455.700            IT  
61166.000   10011 1401102  298776.700            IT  
61166.000   10011 1401103   36738.000            IT  
61166.000   10011 1401104    6347.900            IT  
61166.000   10011 1411079   -1583.000            IT  
61166.000   10011 1411078    4319.900            IT  
61166.000   10035 1350832   18087.200            BSJ 
61166.000   10035 1350833    9975.900            BSJ 
61166.000   10087 1361277 -112418.400            JV  
61166.000   10087 1362617   71094.800            JV  
61166.000   10087 1415218  -42163.900            JV  
61166.000   10087 1411122   17508.900            JV  
61166.000   10056 1351783   41336.500            KRIS
61166.000   10056 1405624  171371.000            KRIS
61166.000   10056 1405625  496204.200            KRIS
61166.000   10056 1405626   16270.700            KRIS
61166.000   10027 1415201    -704.700            KZ  
61166.000   10027 1415205    1934.700            KZ  
61166.000   10027 1415266   -2950.000            KZ  
61166.000   10052 1351324  -11223.200            NPLI
61166.000   10052 1353376  -10847.400            NPLI
61166.000   10052 1353457    3490.200            NPLI
61166.000   10052 1353413   45454.000            NPLI
61166.000   10052 1353453    5318.200            NPLI
61166.000   10052 1415225  120576.700            NPLI
61166.000   10052 1415365   49667.900            NPLI
61166.000   10052 1415363    4081.800            NPLI
61166.000   10052 1415364   12216.200            NPLI
61166.000   10091 1352370  -10911.700            LRTE
61166.000   10082 1351868       0.000            LT  
61166.000   10082 1351362   -1666.600            LT  
61166.000   10094 1353471  -61968.900            LUX 
61166.000   10094 1353544  -57518.100            LUX 
61166.000   10085 1353507       0.000            NIMB
61166.000   10041 1404113  334007.400            MIKE
61166.000   10041 1404108   33221.300            MIKE
61166.000   10041 1404189  181743.300            MIKE
61166.000   10041 1412084   26326.500            MIKE
61166.000   10088 1361806  -12786.800            CNMP
61166.000   10088 1361752   -6791.400            CNMP
61166.000   10088 1363162    8742.300            CNMP
61166.000   10088 1363179  -67772.700            CNMP
61166.000   10063 1360274    3348.800            MSL 
61166.000   10063 1363396   -4289.400            MSL 
61166.000   10063 1363872  116563.900            MSL 
61166.000   10081 1353476    3470.300            NIMT
61166.000   10081 1353472   46926.100            NIMT
61166.000   10081 1353470   47351.200            NIMT
61166.000   10013 1410102    2131.000            NAO 
61166.000   10013 1350779     502.500            NAO 
61166.000   10013 1351689     384.100            NAO 
61166.000   10013 1351214     107.400            NAO 
61166.000   10020 1350343  130179.000            NICT
61166.000   10020 1350907   34391.500            NICT
61166.000   10020 1351226  -16874.300            NICT
61166.000   10020 1351778   76316.500            NICT
61166.000   10020 1351789   -8550.900            NICT
61166.000   10020 1351866    1370.100            NICT
61166.000   10020 1351944  110027.200            NICT
61166.000   10020 1352011  107827.300            NICT
61166.000   10020 1352056  110593.100            NICT
61166.000   10020 1352113  -46153.000            NICT
61166.000   10020 1352116  -27011.000            NICT
61166.000   10020 1352570   88750.500            NICT
61166.000   10020 1352620   61477.600            NICT
61166.000   10020 1352627  -24453.700            NICT
61166.000   10020 1352628  -25787.300            NICT
61166.000   10020 1352784   42471.300            NICT
61166.000   10020 1352876  123430.500            NICT
61166.000   10020 1352903   53172.100            NICT
61166.000   10020 1353594  -14378.200            NICT
61166.000   10020 1353716  -29279.200            NICT
61166.000   10020 1353717  -51704.500            NICT
61166.000   10020 1353718  -46369.900            NICT
61166.000   10020 1353720  -54878.300            NICT
61166.000   10020 1353722  -31322.100            NICT
61166.000   10020 1353909   27909.000            NICT
61166.000   10020 1353912  -39647.800            NICT
61166.000   10020 1353916  -74089.800            NICT
61166.000   10020 1353918   40177.500            NICT
61166.000   10020 1354230   69025.500            NICT
61166.000   10020 1402003   16925.100            NICT
61166.000   10020 1402004  -10890.000            NICT
61166.000   10020 1402012   28963.300            NICT
61166.000   10020 1402013   50352.100            NICT
61166.000   10020 1402014   -1879.600            NICT
61166.000   10020 1402015   80626.800            NICT
61166.000   10020 1411041  -72232.200            NICT
61166.000   10020 1411062   31613.500            NICT
61166.000   10020 1412060   68138.400            NICT
61166.000   10002 1412108  609736.700            NIST
61166.000   10002 1412014 -530964.400            NIST
61166.000   10002 1400004 -190857.200            NIST
61166.000   10002 1400222  733064.800            NIST
61166.000   10002 1400209 -443927.500            NIST
61166.000   10002 1400212  582337.100            NIST
61166.000   10002 1400207  709550.400            NIST
61166.000   10002 1412015  649462.500            NIST
61166.000   10002 1400210  261827.200            NIST
61166.000   10002 1400205  978394.400            NIST
61166.000   10002 1412099  365147.700            NIST
61166.000   10002 1412006  174116.100            NIST
61166.000   10002 1442021 -562211.100            NIST
61166.000   10002 1352935 -656032.400            NIST
61166.000   10002 1352579  980429.700            NIST
61166.000   10002 1402205 -205018.200            NIST
61166.000   10050 1320293  142208.700            NMIJ
61166.000   10017 1412011   48809.000            NPL 
61166.000   10017 1412050   47792.800            NPL 
61166.000   10003 1352150    8297.500            NRC 
61166.000   10003 1362225   17032.100            NRC 
61166.000   10003 1352115   19759.700            NRC 
61166.000   10003 1352148    3168.000            NRC 
61166.000   10003 1400306   92508.400            NRC 
61166.000   10003 1400307   11911.000            NRC 
61166.000   10049 1415324   -1623.100            NTSC
61166.000   10049 1415322    2896.500            NTSC
61166.000   10049 1415316   -6053.300            NTSC
61166.000   10049 1415082   53783.300            NTSC
61166.000   10049 1414922    6704.100            NTSC
61166.000   10049 1404967    6264.900            NTSC
61166.000   10049 1354937   14360.600            NTSC
61166.000   10049 1352142   15149.900            NTSC
61166.000   10016 1354619       0.000            INXE
61166.000   10008 1352027   34293.600            OP  
61166.000   10008 1400889    6552.400            OP  
61166.000   10008 1353765   80591.900            OP  
61166.000   10008 1400810   22178.100            OP  
61166.000   10008 1400809   37549.300            OP  
61166.000   10008 1400890   31292.200            OP  
61166.000   10026 1352722   -2174.700            ORB 
61166.000   10026 1352724   10331.100            ORB 
61166.000   10026 1411030   81814.900            ORB 
61166.000   10026 1402602  386967.000            ORB 
61166.000   10026 1352723    1788.000            ORB 
61166.000   10040 1350441    -791.600            PL  
61166.000   10040 1415318  -74161.900            PL  
61166.000   10040 1415321   27681.300            PL  
61166.000   10040 1354603     214.400            PL  
61166.000   10040 1354597     285.400            PL  
61166.000   10005 1920001   41673.300            PTB 
61166.000   10005 1920002   37659.100            PTB 
61166.000   10005 1355322    9024.100            PTB 
61166.000   10005 1400510    9592.300            PTB 
61166.000   10005 1400506   33472.900            PTB 
61166.000   10005 1400508   34052.400            PTB 
61166.000   10005 1400509   10233.800            PTB 
61166.000   10005 1415245   -6553.100            PTB 
61166.000   10005 1400512    7486.900            PTB 
61166.000   10005 1415221    3615.100            PTB 
61166.000   10019 1351942   70258.800            ONRJ
61166.000   10019 1320337   51529.200            ONRJ
61166.000   10019 1354204   74370.200            ONRJ
61166.000   10019 1350147   59908.300            ONRJ
61166.000   10019 1350102   20049.000            ONRJ
61166.000   10019 1353364   39434.000            ONRJ
61166.000   10019 1351153  -12498.400            ONRJ
61166.000   10019 1401958  135083.600            ONRJ
61166.000   10014 1350583   -5100.600            ROA 
61166.000   10014 1350718   -2313.600            ROA 
61166.000   10014 1361490   87688.400            ROA 
61166.000   10014 1361488   86070.800            ROA 
61166.000   10014 1351699   55458.500            ROA 
61166.000   10014 1401436 1985530.600            ROA 
61166.000   10014 1412032 1340234.500            ROA 
61166.000   10014 1352270    7964.600            ROA 
61166.000   10062 1352932       0.000            SASO
61166.000   10062 1352931     958.600            SASO
61166.000   10062 1351628    1246.300            SASO
61166.000   10062 1350221   -1006.300            SASO
61166.000   10067 1352525   -8833.500            SCL 
61166.000   10067 1352178  -21044.800            SCL 
61166.000   10067 1415314    1904.700            SCL 
61166.000   10067 1353448    1987.500            SCL 
61166.000   10079 1352003   34351.700            SMD 
61166.000   10079 1352543  -27032.000            SMD 
61166.000   10079 1411049   -1912.800            SMD 
61166.000   10072 1352745  -22731.800            SP  
61166.000   10072 1352749   23381.700            SP  
61166.000   10072 1352758   -2495.100            SP  
61166.000   10072 1354707    6539.500            SP  
61166.000   10072 1365149   61512.700            SP  
61166.000   10072 1407201    2845.000            SP  
61166.000   10072 1407231  263948.000            SP  
61166.000   10072 1407232  421510.800            SP  
61166.000   10072 1415319   43560.300            SP  
61166.000   10038 1403809 -410696.600            SU  
61166.000   10038 1403811 -281998.300            SU  
61166.000   10038 1403812  -24246.100            SU  
61166.000   10038 1403844 -560145.300            SU  
61166.000   10038 1403853    5021.300            SU  
61166.000   10038 1403833 -395199.900            SU  
61166.000   10038 1403846   48856.300            SU  
61166.000   10038 1403814 -644087.500            SU  
61166.000   10038 1403815 -330813.500            SU  
61166.000   10038 1403834   11634.200            SU  
61166.000   10038 1403841  -35796.900            SU  
61166.000   10038 1403840   10876.000            SU  
61166.000   10038 1403845 -454217.200            SU  
61166.000   10030 1403011  192464.300            TL  
61166.000   10030 1413202  254038.100            TL  
61166.000   10030 1353942  -38204.000            TL  
61166.000   10030 1353947   56985.600            TL  
61166.000   10030 1354060  -14648.700            TL  
61166.000   10022 1320211 1999897.100            TP  
61166.000   10022 1320247  998939.200            TP  
61166.000   10022 1351227       0.000            TP  
61166.000   10022 1352179     122.400            TP  
61166.000   10022 1352476     595.600            TP  
61166.000   10022 1353519     -66.600            TP  
61166.000   10068 1411028       0.000            UME 
61166.000   10068 1352703      59.300            UME 
61166.000   10068 1350251     113.200            UME 
61166.000   10068 1350872    -350.200            UME 
61166.000   10068 1352710     364.700            UME 
61166.000   10007 1400711 3329271.300            USNO
61166.000   10007 1400719  473483.800            USNO
61166.000   10007 1400702  -65380.000            USNO
61166.000   10007 1400708  674565.000            USNO
61166.000   10007 1400704  117461.900            USNO
61166.000   10007 1400718 1967070.700            USNO
61166.000   10007 1400710 -820825.600            USNO
61166.000   10007 1400726 1318250.800            USNO
61166.000   10007 1400715  432586.500            USNO
61166.000   10007 1350161   80896.100            USNO
61166.000   10007 1400727 -751307.200            USNO
61166.000   10007 1400729 2275756.800            USNO
61166.000   10007 1400725 -220474.200            USNO
61166.000   10007 1400724 -823512.200            USNO
61166.000   10007 1400723 -604809.100            USNO
61166.000   10007 1400722 2683379.100            USNO
61166.000   10007 1400721  493366.800            USNO
61166.000   10007 1400720 1260057.300            USNO
61166.000   10007 1400730 2180536.400            USNO
61166.000   10007 1400731 -416103.200            USNO
61166.000   10007 1400732  778111.600            USNO
61166.000   10007 1400736 1220025.000            USNO
61166.000   10007 1400737 2471739.300            USNO
61166.000   10007 1400740 1147037.700            USNO
61166.000   10007 1400713  463841.100            USNO
61166.000   10007 1400716  699867.600            USNO
61166.000   10007 1400733  121506.500            USNO
61166.000   10064 1355005       0.000            UZ  
61166.000   10064 1354998 5043914.200            UZ  
61166.000   10028 1353669   19686.900            VMI 
61166.000   10028 1361233   12235.800            VMI 
61166.000   10028 1353670  -26348.600            VMI 
61166.000   10024 1411040   -3077.500            VSL 
61166.000   10024 1354466   10202.500            VSL 
61166.000   10024 1355008    7483.700            VSL 
61166.000   10024 1355697    1464.000            VSL 
61166.000   10055 1352191     -67.800            DMDM
61166.000   10055 1362033  -58512.600            DMDM
