61100.000   10021 1352938       0.000            UAE 
61100.000   10021 1352940   -1699.900            UAE 
61100.000   10046 1404601   25302.100            AOS 
61100.000   10046 1352394    -882.000            AOS 
61100.000   10031 1353842    2407.700            APL 
61100.000   10031 1403107  259866.200            APL 
61100.000   10031 1403108  462358.300            APL 
61100.000   10031 1403109  133766.500            APL 
61100.000   10031 1412174   24418.200            APL 
61100.000   10054 1362269     100.000            AUS 
61100.000   10054 1360340   12498.000            AUS 
61100.000   10054 1360654  -43375.000            AUS 
61100.000   10054 1363814    4346.000            AUS 
61100.000   10054 1364971    7167.000            AUS 
61100.000   10054 1360299   27944.000            AUS 
61100.000   10101 1355360       0.000            AZ  
61100.000   10101 1355361   -1038.300            AZ  
61100.000   10075 1352685    3128.000            IMBH
61100.000   10075 1320192   -8216.300            IMBH
61100.000   10075 1320193  -39765.400            IMBH
61100.000   10071 1353447    1006.800            BIRM
61100.000   10071 1353689    9890.400            BIRM
61100.000   10071 1407107 -401642.300            BIRM
61100.000   10071 1407112   -8065.700            BIRM
61100.000   10071 1415303   -3732.000            BIRM
61100.000   10071 1415304  -10472.600            BIRM
61100.000   10071 1415305  -19202.200            BIRM
61100.000   10092 1363159    4466.900            ICE 
61100.000   10092 1363522    3562.100            ICE 
61100.000   10057 1352117   14095.400            CH  
61100.000   10057 1355202    -629.800            CH  
61100.000   10057 1373644    -815.800            CH  
61100.000   10057 1405701   -1835.300            CH  
61100.000   10057 1405702   22536.200            CH  
61100.000   10057 1411117    -127.800            CH  
61100.000   10073 1353612  -12096.100            CNM 
61100.000   10073 1413211   -1024.600            CNM 
61100.000   10073 1413212   49980.000            CNM 
61100.000   10074 1411045    4082.800            DLR 
61100.000   10053 1350136     -83.300            DTAG
61100.000   10053 1355332   -1604.000            DTAG
61100.000   10053 1352635    2503.400            DTAG
61100.000   10025 1352025    4131.900            ESA 
61100.000   10025 1351615   -4537.200            ESA 
61100.000   10025 1352353   11418.100            ESA 
61100.000   10025 1352210   28557.100            ESA 
61100.000   10025 1402543  -32290.000            ESA 
61100.000   10025 1402541 -101332.300            ESA 
61100.000   10025 1411033   -1270.900            ESA 
61100.000   10089 1354233       0.000            HKO 
61100.000   10089 1355122    1261.200            HKO 
61100.000   10099 1354701       0.000            IFZG
61100.000   10093 1353401       0.000            NSAI
61100.000   10044 1361167    1204.800            IFAG
61100.000   10044 1361173     455.100            IFAG
61100.000   10044 1361629    9460.100            IFAG
61100.000   10044 1361732    6526.700            IFAG
61100.000   10044 1361798    1035.500            IFAG
61100.000   10044 1404439    4486.800            IFAG
61100.000   10044 1404418   15264.700            IFAG
61100.000   10048 1404878  925597.800            NIM 
61100.000   10048 1404871 1046816.200            NIM 
61100.000   10048 1404832 1045586.500            NIM 
61100.000   10048 1404879 1891298.800            NIM 
61100.000   10048 1404880 2171855.300            NIM 
61100.000   10048 1352742  111657.800            NIM 
61100.000   10048 1404849 1414665.100            NIM 
61100.000   10048 1404856   93714.100            NIM 
61100.000   10048 1404857   25199.400            NIM 
61100.000   10048 1404821    2827.100            NIM 
61100.000   10048 1404850     617.300            NIM 
61100.000   10048 1404870    5257.000            NIM 
61100.000   10015 1362377       0.000            INTI
61100.000   10015 1363270   12159.500            INTI
61100.000   10015 1363511    6003.000            INTI
61100.000   10070 1353546    8525.300            IPQ 
61100.000   10083 1353654    9779.100            NIS 
61100.000   10083 1354391   16764.300            NIS 
61100.000   10083 1353812  -28277.600            NIS 
61100.000   10083 1352182   -4112.300            NIS 
61100.000   10011 1350219   -1043.100            IT  
61100.000   10011 1352487    -408.900            IT  
61100.000   10011 1401101  242233.400            IT  
61100.000   10011 1401102  292137.100            IT  
61100.000   10011 1401103   34154.100            IT  
61100.000   10011 1401104   10011.400            IT  
61100.000   10011 1411079   -1045.600            IT  
61100.000   10011 1411078    3196.400            IT  
61100.000   10011 1422012     884.200            IT  
61100.000   10035 1350832   17001.400            BSJ 
61100.000   10035 1350833    9335.100            BSJ 
61100.000   10087 1361277 -111822.800            JV  
61100.000   10087 1362617   70093.700            JV  
61100.000   10087 1415218  -42110.800            JV  
61100.000   10087 1411122   15575.100            JV  
61100.000   10056 1351783   39873.500            KRIS
61100.000   10056 1405624  161816.400            KRIS
61100.000   10056 1405625  468046.000            KRIS
61100.000   10056 1405626   15081.600            KRIS
61100.000   10027 1415201    -662.400            KZ  
61100.000   10027 1415205    1609.700            KZ  
61100.000   10027 1415266   -2496.400            KZ  
61100.000   10052 1351324  -11061.700            NPLI
61100.000   10052 1353376  -10644.300            NPLI
61100.000   10052 1353457    3349.200            NPLI
61100.000   10052 1353413   44692.400            NPLI
61100.000   10052 1353453    5147.700            NPLI
61100.000   10052 1415225  114471.500            NPLI
61100.000   10052 1415365   47475.100            NPLI
61100.000   10052 1415363    3405.400            NPLI
61100.000   10052 1415364   11442.600            NPLI
61100.000   10091 1352370   -8375.200            LRTE
61100.000   10082 1351868       0.000            LT  
61100.000   10082 1351362   -1671.300            LT  
61100.000   10094 1353471  -61292.500            LUX 
61100.000   10094 1353544  -57792.300            LUX 
61100.000   10041 1404113  327484.300            MIKE
61100.000   10041 1404108   30565.600            MIKE
61100.000   10041 1404189  184555.300            MIKE
61100.000   10041 1412084   27156.400            MIKE
61100.000   10088 1361806  -12567.300            CNMP
61100.000   10088 1361752   -6677.500            CNMP
61100.000   10088 1363162    8297.600            CNMP
61100.000   10088 1363179  -66700.400            CNMP
61100.000   10063 1360274    3202.700            MSL 
61100.000   10063 1363396   -4345.600            MSL 
61100.000   10063 1363872  113351.500            MSL 
61100.000   10081 1353476    4268.400            NIMT
61100.000   10081 1353472   46155.100            NIMT
61100.000   10081 1353470   46230.800            NIMT
61100.000   10013 1410102   -1498.100            NAO 
61100.000   10013 1350779    6133.600            NAO 
61100.000   10013 1351689    -238.400            NAO 
61100.000   10013 1351214     107.500            NAO 
61100.000   10020 1350343  128434.000            NICT
61100.000   10020 1350907   35427.800            NICT
61100.000   10020 1351226  -16689.000            NICT
61100.000   10020 1351778   75458.400            NICT
61100.000   10020 1351789   -8153.200            NICT
61100.000   10020 1351866    1412.100            NICT
61100.000   10020 1351944  109221.900            NICT
61100.000   10020 1352011  108042.500            NICT
61100.000   10020 1352056  109765.600            NICT
61100.000   10020 1352113  -45886.100            NICT
61100.000   10020 1352116  -27271.500            NICT
61100.000   10020 1352570   88208.400            NICT
61100.000   10020 1352620   60476.700            NICT
61100.000   10020 1352627  -23434.300            NICT
61100.000   10020 1352628  -25003.000            NICT
61100.000   10020 1352784   43207.200            NICT
61100.000   10020 1352876  123678.500            NICT
61100.000   10020 1352903   52834.000            NICT
61100.000   10020 1353594  -14749.000            NICT
61100.000   10020 1353716  -28580.700            NICT
61100.000   10020 1353717  -50244.500            NICT
61100.000   10020 1353718  -44640.500            NICT
61100.000   10020 1353720  -53880.100            NICT
61100.000   10020 1353722  -30763.900            NICT
61100.000   10020 1353909   27460.700            NICT
61100.000   10020 1353912  -38271.400            NICT
61100.000   10020 1353916  -71817.500            NICT
61100.000   10020 1353918   39071.300            NICT
61100.000   10020 1354230   68612.900            NICT
61100.000   10020 1355334   85905.900            NICT
61100.000   10020 1402003   16153.700            NICT
61100.000   10020 1402004   -9355.200            NICT
61100.000   10020 1402012   32121.900            NICT
61100.000   10020 1402013   42342.200            NICT
61100.000   10020 1402014   -2285.300            NICT
61100.000   10020 1402015   72571.400            NICT
61100.000   10020 1411041  -63645.900            NICT
61100.000   10020 1411062   32940.100            NICT
61100.000   10020 1412060   62846.600            NICT
61100.000   10002 1412108  560740.900            NIST
61100.000   10002 1412014 -540651.600            NIST
61100.000   10002 1400004 -196164.400            NIST
61100.000   10002 1400222  729154.000            NIST
61100.000   10002 1400209 -448656.500            NIST
61100.000   10002 1400212  501939.600            NIST
61100.000   10002 1400207  663480.400            NIST
61100.000   10002 1412015  619011.000            NIST
61100.000   10002 1400210  201488.900            NIST
61100.000   10002 1400205  979606.700            NIST
61100.000   10002 1352792 -548554.700            NIST
61100.000   10002 1412099  287976.600            NIST
61100.000   10002 1412006  107292.300            NIST
61100.000   10002 1442021 -565484.400            NIST
61100.000   10002 1352935 -654439.500            NIST
61100.000   10002 1352579  979273.300            NIST
61100.000   10002 1402205 -240738.600            NIST
61100.000   10050 1320293  126851.400            NMIJ
61100.000   10017 1412011   47989.800            NPL 
61100.000   10017 1412050   46062.200            NPL 
61100.000   10003 1352150    8164.800            NRC 
61100.000   10003 1362225   17109.000            NRC 
61100.000   10003 1352115   19312.500            NRC 
61100.000   10003 1352148    3230.000            NRC 
61100.000   10003 1400306   92263.400            NRC 
61100.000   10003 1400307   11102.300            NRC 
61100.000   10049 1415324   -1653.900            NTSC
61100.000   10049 1415316   -5576.600            NTSC
61100.000   10049 1415085  -22752.500            NTSC
61100.000   10049 1415082   49728.700            NTSC
61100.000   10049 1414922    5669.700            NTSC
61100.000   10049 1404967    5379.400            NTSC
61100.000   10049 1354937   14416.900            NTSC
61100.000   10049 1352142   15206.800            NTSC
61100.000   10016 1354619       0.000            INXE
61100.000   10008 1352027   33259.100            OP  
61100.000   10008 1400889    4999.700            OP  
61100.000   10008 1353765   78957.800            OP  
61100.000   10008 1400810   20688.800            OP  
61100.000   10008 1400809   35423.300            OP  
61100.000   10008 1400890   29567.000            OP  
61100.000   10026 1352722   -2020.700            ORB 
61100.000   10026 1352724    9665.500            ORB 
61100.000   10026 1411030   76559.100            ORB 
61100.000   10026 1402602  353840.600            ORB 
61100.000   10026 1352723    1489.000            ORB 
61100.000   10040 1350441    -767.100            PL  
61100.000   10040 1415318  -20578.900            PL  
61100.000   10040 1415321   25619.700            PL  
61100.000   10040 1354603     143.100            PL  
61100.000   10040 1354597     257.900            PL  
61100.000   10005 1920001   41576.800            PTB 
61100.000   10005 1920002   37557.300            PTB 
61100.000   10005 1355322    8818.700            PTB 
61100.000   10005 1400510    8966.900            PTB 
61100.000   10005 1400506   32428.300            PTB 
61100.000   10005 1400508   33023.000            PTB 
61100.000   10005 1400509    9904.800            PTB 
61100.000   10005 1415245   -5628.900            PTB 
61100.000   10005 1400512    6826.900            PTB 
61100.000   10005 1415221    3562.600            PTB 
61100.000   10019 1351942   68982.800            ONRJ
61100.000   10019 1320337   50946.500            ONRJ
61100.000   10019 1354204   71284.100            ONRJ
61100.000   10019 1350147   59511.100            ONRJ
61100.000   10019 1350102   19483.800            ONRJ
61100.000   10019 1353364   38819.100            ONRJ
61100.000   10019 1351153  -11738.900            ONRJ
61100.000   10019 1401958  126195.600            ONRJ
61100.000   10014 1350583   -4752.200            ROA 
61100.000   10014 1350718   -2745.800            ROA 
61100.000   10014 1361490   87224.800            ROA 
61100.000   10014 1361488   85331.400            ROA 
61100.000   10014 1351699   55050.400            ROA 
61100.000   10014 1401436 1944562.000            ROA 
61100.000   10014 1412032 1297500.400            ROA 
61100.000   10014 1352270    7859.600            ROA 
61100.000   10062 1352932       0.000            SASO
61100.000   10062 1352931     181.500            SASO
61100.000   10062 1351628     831.400            SASO
61100.000   10062 1350221    -595.400            SASO
61100.000   10067 1352525   -8257.900            SCL 
61100.000   10067 1352178  -19879.700            SCL 
61100.000   10067 1415314    1128.500            SCL 
61100.000   10067 1353448     415.900            SCL 
61100.000   10079 1352003   33899.500            SMD 
61100.000   10079 1352543  -26071.400            SMD 
61100.000   10079 1411049   -1951.700            SMD 
61100.000   10072 1352745  -21659.300            SP  
61100.000   10072 1352749   21854.800            SP  
61100.000   10072 1352758   -2421.800            SP  
61100.000   10072 1354707    6586.800            SP  
61100.000   10072 1362295    3090.300            SP  
61100.000   10072 1365149   55704.800            SP  
61100.000   10072 1407201     566.900            SP  
61100.000   10072 1407223  154561.000            SP  
61100.000   10072 1407231  247502.600            SP  
61100.000   10072 1407232  398696.200            SP  
61100.000   10072 1415319   41755.300            SP  
61100.000   10038 1403809 -409601.800            SU  
61100.000   10038 1403811 -282061.200            SU  
61100.000   10038 1403812  -26418.400            SU  
61100.000   10038 1403844 -561572.400            SU  
61100.000   10038 1403853    4163.700            SU  
61100.000   10038 1403833 -396836.100            SU  
61100.000   10038 1403846   47070.200            SU  
61100.000   10038 1403814 -652129.800            SU  
61100.000   10038 1403815 -332706.100            SU  
61100.000   10038 1403834   10402.400            SU  
61100.000   10038 1403841  -38772.200            SU  
61100.000   10038 1403840    9875.200            SU  
61100.000   10038 1403845 -453752.400            SU  
61100.000   10030 1403011  156295.100            TL  
61100.000   10030 1413202  226294.600            TL  
61100.000   10030 1353942  -36702.800            TL  
61100.000   10030 1353947   55171.800            TL  
61100.000   10030 1354060  -14125.400            TL  
61100.000   10022 1320211 1999816.200            TP  
61100.000   10022 1320247  998909.600            TP  
61100.000   10022 1351227       0.000            TP  
61100.000   10022 1352179      15.600            TP  
61100.000   10022 1352476     528.000            TP  
61100.000   10022 1353519    -128.700            TP  
61100.000   10022 1411076     118.900            TP  
61100.000   10068 1411028       0.000            UME 
61100.000   10068 1352703    2454.200            UME 
61100.000   10068 1350251    3429.500            UME 
61100.000   10068 1350872   -8143.300            UME 
61100.000   10068 1352710    2954.800            UME 
61100.000   10007 1400711 3292220.400            USNO
61100.000   10007 1400712  272749.800            USNO
61100.000   10007 1400719  459545.500            USNO
61100.000   10007 1400702  -65557.800            USNO
61100.000   10007 1400708  665879.100            USNO
61100.000   10007 1400704  114165.000            USNO
61100.000   10007 1400718 1941548.400            USNO
61100.000   10007 1400710 -789296.100            USNO
61100.000   10007 1400726 1286164.600            USNO
61100.000   10007 1400715  420767.700            USNO
61100.000   10007 1350161   81010.900            USNO
61100.000   10007 1400727 -729088.300            USNO
61100.000   10007 1400729 2227010.400            USNO
61100.000   10007 1400725 -219586.800            USNO
61100.000   10007 1400724 -816337.200            USNO
61100.000   10007 1400723 -605873.700            USNO
61100.000   10007 1400722 2698136.300            USNO
61100.000   10007 1400721  440047.500            USNO
61100.000   10007 1400720 1253849.000            USNO
61100.000   10007 1400730 2140672.200            USNO
61100.000   10007 1400731 -404749.500            USNO
61100.000   10007 1400732  753174.300            USNO
61100.000   10007 1400736 1216523.300            USNO
61100.000   10007 1400737 2453356.400            USNO
61100.000   10007 1400740 1106091.500            USNO
61100.000   10007 1400713  454185.600            USNO
61100.000   10007 1400714   94961.700            USNO
61100.000   10007 1400716  683717.800            USNO
61100.000   10007 1400738  103798.400            USNO
61100.000   10064 1355005       0.000            UZ  
61100.000   10064 1354998 5191863.800            UZ  
61100.000   10028 1353669   20028.100            VMI 
61100.000   10028 1361233   12690.700            VMI 
61100.000   10028 1353670  -24148.400            VMI 
61100.000   10024 1411040   -2711.300            VSL 
61100.000   10024 1354466    9737.400            VSL 
61100.000   10024 1355008    6962.800            VSL 
61100.000   10024 1355697     825.900            VSL 
61100.000   10055 1352191     -97.200            DMDM
61100.000   10055 1362033  -54723.000            DMDM
