61071.000   10021 1352938       0.000            UAE 
61071.000   10021 1352940    -826.300            UAE 
61071.000   10046 1404601   24628.300            AOS 
61071.000   10046 1352394    -762.300            AOS 
61071.000   10031 1353842    2425.000            APL 
61071.000   10031 1403107  256990.600            APL 
61071.000   10031 1403108  439932.000            APL 
61071.000   10031 1403109  133021.000            APL 
61071.000   10031 1412174   21676.200            APL 
61071.000   10054 1362269     159.000            AUS 
61071.000   10054 1360340   12338.000            AUS 
61071.000   10054 1360654  -42588.000            AUS 
61071.000   10054 1363814    4247.000            AUS 
61071.000   10054 1364971    6988.000            AUS 
61071.000   10054 1360299   27695.000            AUS 
61071.000   10101 1355360       0.000            AZ  
61071.000   10101 1355361    -913.400            AZ  
61071.000   10075 1352685    3021.100            IMBH
61071.000   10075 1320192   -8051.600            IMBH
61071.000   10075 1320193  -38588.400            IMBH
61071.000   10071 1353447    1146.600            BIRM
61071.000   10071 1353689    9844.400            BIRM
61071.000   10071 1407107 -391065.300            BIRM
61071.000   10071 1407111    -215.200            BIRM
61071.000   10071 1407112   -6937.900            BIRM
61071.000   10071 1415303   -3181.400            BIRM
61071.000   10071 1415304   -9842.600            BIRM
61071.000   10071 1415305  -18442.400            BIRM
61071.000   10092 1363159    4666.700            ICE 
61071.000   10092 1363522    3512.200            ICE 
61071.000   10057 1352117   14051.400            CH  
61071.000   10057 1355202    -571.700            CH  
61071.000   10057 1373644    -711.700            CH  
61071.000   10057 1405701   -1699.800            CH  
61071.000   10057 1405702   23036.700            CH  
61071.000   10057 1411117    -210.900            CH  
61071.000   10073 1353612  -11099.100            CNM 
61071.000   10073 1413211   -1000.600            CNM 
61071.000   10073 1413212   44286.700            CNM 
61071.000   10074 1411045    3655.900            DLR 
61071.000   10053 1350136     -83.300            DTAG
61071.000   10053 1355332   -1459.000            DTAG
61071.000   10053 1352635    2359.700            DTAG
61071.000   10025 1352025    4023.500            ESA 
61071.000   10025 1351615   -4441.000            ESA 
61071.000   10025 1352353   11231.800            ESA 
61071.000   10025 1352210   27954.800            ESA 
61071.000   10025 1402543  -29054.000            ESA 
61071.000   10025 1402541  -95449.300            ESA 
61071.000   10025 1411033    -861.500            ESA 
61071.000   10089 1354233       0.000            HKO 
61071.000   10089 1355122    1237.000            HKO 
61071.000   10099 1354701       0.000            IFZG
61071.000   10093 1353401       0.000            NSAI
61071.000   10044 1361167    1326.700            IFAG
61071.000   10044 1361173     539.700            IFAG
61071.000   10044 1361629    8889.800            IFAG
61071.000   10044 1361732    6161.700            IFAG
61071.000   10044 1361798    1221.100            IFAG
61071.000   10044 1404439    4771.500            IFAG
61071.000   10044 1404418   15233.600            IFAG
61071.000   10048 1404878  911794.700            NIM 
61071.000   10048 1404871 1030226.700            NIM 
61071.000   10048 1404832 1023867.300            NIM 
61071.000   10048 1404879 1875067.500            NIM 
61071.000   10048 1404880 2154827.500            NIM 
61071.000   10048 1352742  110828.500            NIM 
61071.000   10048 1404849 1414485.700            NIM 
61071.000   10048 1404856   93502.100            NIM 
61071.000   10048 1404857   25328.100            NIM 
61071.000   10048 1404821    2737.700            NIM 
61071.000   10048 1404850     583.600            NIM 
61071.000   10048 1404870    5050.600            NIM 
61071.000   10015 1362377       0.000            INTI
61071.000   10015 1363270   11958.400            INTI
61071.000   10015 1363511    5926.000            INTI
61071.000   10070 1353546    8543.700            IPQ 
61071.000   10083 1353654    9651.200            NIS 
61071.000   10083 1354391   16240.300            NIS 
61071.000   10083 1353812  -27608.500            NIS 
61071.000   10083 1352182   -4018.900            NIS 
61071.000   10011 1350219   -1003.800            IT  
61071.000   10011 1352487    -346.200            IT  
61071.000   10011 1401101  227349.200            IT  
61071.000   10011 1401102  289137.400            IT  
61071.000   10011 1401103   33044.400            IT  
61071.000   10011 1401104   11574.000            IT  
61071.000   10011 1411079    -832.600            IT  
61071.000   10011 1411078    2739.100            IT  
61071.000   10011 1422012     832.700            IT  
61071.000   10035 1350832   16546.700            BSJ 
61071.000   10035 1350833    9101.700            BSJ 
61071.000   10087 1361277 -111468.100            JV  
61071.000   10087 1362617   69632.800            JV  
61071.000   10087 1415218  -42087.300            JV  
61071.000   10087 1411122   14764.000            JV  
61071.000   10056 1351783   39237.200            KRIS
61071.000   10056 1405624  157659.000            KRIS
61071.000   10056 1405625  455830.400            KRIS
61071.000   10056 1405626   14561.200            KRIS
61071.000   10027 1415201    -641.400            KZ  
61071.000   10027 1415205    1466.700            KZ  
61071.000   10027 1415266   -2312.700            KZ  
61071.000   10052 1351324  -11019.800            NPLI
61071.000   10052 1353376  -10528.800            NPLI
61071.000   10052 1353457    3315.400            NPLI
61071.000   10052 1353413   44334.300            NPLI
61071.000   10052 1353453    5085.800            NPLI
61071.000   10052 1415225  111873.400            NPLI
61071.000   10052 1415365   46525.500            NPLI
61071.000   10052 1415363    3119.300            NPLI
61071.000   10052 1415364   11117.900            NPLI
61071.000   10091 1352370   -7710.300            LRTE
61071.000   10082 1351868       0.000            LT  
61071.000   10082 1351362   -1740.600            LT  
61071.000   10094 1353471  -61003.100            LUX 
61071.000   10094 1353544  -57939.100            LUX 
61071.000   10041 1404113  324637.800            MIKE
61071.000   10041 1404108   29317.400            MIKE
61071.000   10041 1404189  186077.000            MIKE
61071.000   10041 1412084   27509.600            MIKE
61071.000   10088 1361806  -12462.600            CNMP
61071.000   10088 1361752   -6640.800            CNMP
61071.000   10088 1363162    8069.100            CNMP
61071.000   10088 1363179  -66213.400            CNMP
61071.000   10063 1360274    3072.500            MSL 
61071.000   10063 1363396   -4406.300            MSL 
61071.000   10063 1363872  111880.700            MSL 
61071.000   10081 1353476    4638.000            NIMT
61071.000   10081 1353472   45818.900            NIMT
61071.000   10081 1353470   45740.500            NIMT
61071.000   10013 1410102   -1785.300            NAO 
61071.000   10013 1350779    6529.000            NAO 
61071.000   10013 1351689     -43.100            NAO 
61071.000   10013 1351214     107.500            NAO 
61071.000   10020 1350343  127717.800            NICT
61071.000   10020 1350907   35867.800            NICT
61071.000   10020 1351226  -16610.700            NICT
61071.000   10020 1351778   75056.500            NICT
61071.000   10020 1351789   -7965.600            NICT
61071.000   10020 1351866    1415.700            NICT
61071.000   10020 1351944  108863.900            NICT
61071.000   10020 1352011  108134.300            NICT
61071.000   10020 1352056  109384.100            NICT
61071.000   10020 1352113  -45761.400            NICT
61071.000   10020 1352116  -27330.200            NICT
61071.000   10020 1352570   87950.400            NICT
61071.000   10020 1352620   60010.100            NICT
61071.000   10020 1352627  -23014.000            NICT
61071.000   10020 1352628  -24700.600            NICT
61071.000   10020 1352784   43519.200            NICT
61071.000   10020 1352876  123812.200            NICT
61071.000   10020 1352903   52684.300            NICT
61071.000   10020 1353594  -14975.700            NICT
61071.000   10020 1353716  -28259.800            NICT
61071.000   10020 1353717  -49638.900            NICT
61071.000   10020 1353718  -43929.800            NICT
61071.000   10020 1353720  -53437.700            NICT
61071.000   10020 1353722  -30507.200            NICT
61071.000   10020 1353909   27254.000            NICT
61071.000   10020 1353912  -37677.000            NICT
61071.000   10020 1353916  -70846.300            NICT
61071.000   10020 1353918   38559.700            NICT
61071.000   10020 1354230   68387.500            NICT
61071.000   10020 1355334   86042.900            NICT
61071.000   10020 1402003   15820.900            NICT
61071.000   10020 1402004   -8687.400            NICT
61071.000   10020 1402012   33571.400            NICT
61071.000   10020 1402013   38970.400            NICT
61071.000   10020 1402014   -2408.800            NICT
61071.000   10020 1402015   69136.700            NICT
61071.000   10020 1411041  -59939.400            NICT
61071.000   10020 1411062   33517.700            NICT
61071.000   10020 1412060   60601.800            NICT
61071.000   10002 1412108  539432.500            NIST
61071.000   10002 1412014 -544831.600            NIST
61071.000   10002 1400004 -198481.600            NIST
61071.000   10002 1400222  727433.500            NIST
61071.000   10002 1400209 -450623.700            NIST
61071.000   10002 1400212  466973.700            NIST
61071.000   10002 1400207  643320.800            NIST
61071.000   10002 1412015  605716.100            NIST
61071.000   10002 1400210  175161.800            NIST
61071.000   10002 1400205  980141.100            NIST
61071.000   10002 1352792 -547979.700            NIST
61071.000   10002 1412099  254380.900            NIST
61071.000   10002 1412006   78140.000            NIST
61071.000   10002 1442021 -552136.500            NIST
61071.000   10002 1352935 -653744.400            NIST
61071.000   10002 1352579  978758.300            NIST
61071.000   10002 1402205 -256350.900            NIST
61071.000   10050 1320293  120151.300            NMIJ
61071.000   10017 1412011   47644.800            NPL 
61071.000   10017 1412050   45592.900            NPL 
61071.000   10003 1352150    8076.800            NRC 
61071.000   10003 1362225   17135.100            NRC 
61071.000   10003 1352115   19103.200            NRC 
61071.000   10003 1352148    3243.500            NRC 
61071.000   10003 1400306   91657.700            NRC 
61071.000   10003 1400307   10753.400            NRC 
61071.000   10049 1415324   -1634.200            NTSC
61071.000   10049 1415316   -5367.200            NTSC
61071.000   10049 1415085  -22382.600            NTSC
61071.000   10049 1415082   47982.400            NTSC
61071.000   10049 1414922    5240.600            NTSC
61071.000   10049 1404967    5011.600            NTSC
61071.000   10049 1354937   14416.200            NTSC
61071.000   10049 1352142   15213.700            NTSC
61071.000   10016 1354619       0.000            INXE
61071.000   10008 1352027   32802.300            OP  
61071.000   10008 1400889    4326.700            OP  
61071.000   10008 1353765   78233.900            OP  
61071.000   10008 1400810   20045.500            OP  
61071.000   10008 1400809   34503.400            OP  
61071.000   10008 1400890   28807.800            OP  
61071.000   10026 1352722   -1950.100            ORB 
61071.000   10026 1352724    9383.700            ORB 
61071.000   10026 1411030   74274.900            ORB 
61071.000   10026 1402602  339297.100            ORB 
61071.000   10026 1352723    1351.400            ORB 
61071.000   10040 1350441    -763.000            PL  
61071.000   10040 1415318   -5849.700            PL  
61071.000   10040 1415321   24794.600            PL  
61071.000   10040 1354603     120.400            PL  
61071.000   10040 1354597     237.100            PL  
61071.000   10005 1920001   41550.600            PTB 
61071.000   10005 1920002   37516.600            PTB 
61071.000   10005 1355322    8740.500            PTB 
61071.000   10005 1400510    8697.500            PTB 
61071.000   10005 1400506   32048.300            PTB 
61071.000   10005 1400508   32679.100            PTB 
61071.000   10005 1400509    9762.900            PTB 
61071.000   10005 1415245   -5231.100            PTB 
61071.000   10005 1400512    6546.900            PTB 
61071.000   10005 1415221    3540.500            PTB 
61071.000   10019 1351942   68417.800            ONRJ
61071.000   10019 1320337   50691.200            ONRJ
61071.000   10019 1354204   69913.300            ONRJ
61071.000   10019 1350147   59321.700            ONRJ
61071.000   10019 1350102   19217.100            ONRJ
61071.000   10019 1353364   38538.300            ONRJ
61071.000   10019 1351153  -11430.700            ONRJ
61071.000   10019 1401958  122418.700            ONRJ
61071.000   10014 1350583   -4611.600            ROA 
61071.000   10014 1350718   -2962.400            ROA 
61071.000   10014 1361490   86930.300            ROA 
61071.000   10014 1361488   85008.700            ROA 
61071.000   10014 1351699   54863.500            ROA 
61071.000   10014 1401436 1926688.200            ROA 
61071.000   10014 1412032 1278864.100            ROA 
61071.000   10014 1352270    7815.600            ROA 
61071.000   10062 1352932       0.000            SASO
61071.000   10062 1352931    -170.900            SASO
61071.000   10062 1351628     642.800            SASO
61071.000   10062 1350221    -433.600            SASO
61071.000   10067 1352525   -8026.800            SCL 
61071.000   10067 1352178  -19424.200            SCL 
61071.000   10067 1415314     792.600            SCL 
61071.000   10067 1353448    -270.300            SCL 
61071.000   10079 1352003   33698.300            SMD 
61071.000   10079 1352543  -25653.900            SMD 
61071.000   10079 1411049   -1964.700            SMD 
61071.000   10072 1352745  -21207.300            SP  
61071.000   10072 1352749   21202.400            SP  
61071.000   10072 1352758   -2387.700            SP  
61071.000   10072 1354707    6588.800            SP  
61071.000   10072 1362295    2222.100            SP  
61071.000   10072 1365149   53179.300            SP  
61071.000   10072 1407201    -352.200            SP  
61071.000   10072 1407223  152756.800            SP  
61071.000   10072 1407231  240406.500            SP  
61071.000   10072 1407232  388774.000            SP  
61071.000   10072 1415319   40958.600            SP  
61071.000   10038 1403809 -409110.500            SU  
61071.000   10038 1403811 -282073.400            SU  
61071.000   10038 1403812  -27336.000            SU  
61071.000   10038 1403844 -562192.400            SU  
61071.000   10038 1403853    3789.700            SU  
61071.000   10038 1403833 -397542.500            SU  
61071.000   10038 1403846   46278.200            SU  
61071.000   10038 1403814 -655644.000            SU  
61071.000   10038 1403815 -333522.900            SU  
61071.000   10038 1403834    9875.600            SU  
61071.000   10038 1403841  -40069.500            SU  
61071.000   10038 1403840    9434.600            SU  
61071.000   10038 1403845 -453534.300            SU  
61071.000   10030 1403011  140537.100            TL  
61071.000   10030 1413202  221567.300            TL  
61071.000   10030 1353942  -36033.900            TL  
61071.000   10030 1353947   54353.100            TL  
61071.000   10030 1354060  -13897.100            TL  
61071.000   10022 1320211 1999818.500            TP  
61071.000   10022 1320247  999237.900            TP  
61071.000   10022 1351227       0.000            TP  
61071.000   10022 1352179     -38.300            TP  
61071.000   10022 1352476     505.400            TP  
61071.000   10022 1353519     -70.300            TP  
61071.000   10022 1411076     366.800            TP  
61071.000   10068 1411028       0.000            UME 
61071.000   10068 1352703    2395.100            UME 
61071.000   10068 1350251    3280.000            UME 
61071.000   10068 1350872   -7889.700            UME 
61071.000   10068 1352710    2532.800            UME 
61071.000   10007 1400711 3275960.500            USNO
61071.000   10007 1400712  270943.300            USNO
61071.000   10007 1400719  453126.100            USNO
61071.000   10007 1400702  -65631.000            USNO
61071.000   10007 1400708  662079.300            USNO
61071.000   10007 1400704  112732.600            USNO
61071.000   10007 1400718 1930379.000            USNO
61071.000   10007 1400710 -775424.200            USNO
61071.000   10007 1400726 1272195.100            USNO
61071.000   10007 1400715  415596.200            USNO
61071.000   10007 1350161   81072.600            USNO
61071.000   10007 1400727 -719200.600            USNO
61071.000   10007 1400729 2205729.700            USNO
61071.000   10007 1400725 -219186.600            USNO
61071.000   10007 1400724 -813175.600            USNO
61071.000   10007 1400723 -606300.300            USNO
61071.000   10007 1400722 2703307.300            USNO
61071.000   10007 1400721  416762.200            USNO
61071.000   10007 1400720 1251244.200            USNO
61071.000   10007 1400730 2123246.700            USNO
61071.000   10007 1400731 -399759.200            USNO
61071.000   10007 1400732  742328.800            USNO
61071.000   10007 1400736 1215103.000            USNO
61071.000   10007 1400737 2445415.800            USNO
61071.000   10007 1400740 1088300.400            USNO
61071.000   10007 1400713  449976.100            USNO
61071.000   10007 1400714   93208.400            USNO
61071.000   10007 1400716  676635.300            USNO
61071.000   10007 1400738   98985.900            USNO
61071.000   10064 1355005       0.000            UZ  
61071.000   10064 1354998 4457071.000            UZ  
61071.000   10028 1353669   19450.800            VMI 
61071.000   10028 1361233   12166.600            VMI 
61071.000   10028 1353670  -23905.600            VMI 
61071.000   10024 1411040   -2544.800            VSL 
61071.000   10024 1354466    9534.700            VSL 
61071.000   10024 1355008    6733.300            VSL 
61071.000   10055 1352191     -53.500            DMDM
61071.000   10055 1362033  -53062.000            DMDM
