61053.000   10021 1352938       0.000            UAE 
61053.000   10021 1352940    -348.200            UAE 
61053.000   10046 1404601   24209.600            AOS 
61053.000   10046 1352394    -688.000            AOS 
61053.000   10031 1353842    2439.500            APL 
61053.000   10031 1403107  255221.300            APL 
61053.000   10031 1403108  426037.000            APL 
61053.000   10031 1403109  132561.500            APL 
61053.000   10031 1412174   20077.900            APL 
61053.000   10054 1362269     187.000            AUS 
61053.000   10054 1360340   12186.000            AUS 
61053.000   10054 1360654  -42136.000            AUS 
61053.000   10054 1363814    4138.000            AUS 
61053.000   10054 1364971    6864.000            AUS 
61053.000   10054 1360299   27484.000            AUS 
61053.000   10101 1355360       0.000            AZ  
61053.000   10101 1355361    -830.400            AZ  
61053.000   10075 1352685    2959.500            IMBH
61053.000   10075 1320192   -7968.200            IMBH
61053.000   10075 1320193  -37869.300            IMBH
61053.000   10071 1353447    1228.600            BIRM
61053.000   10071 1353689    9796.400            BIRM
61053.000   10071 1407107 -384524.800            BIRM
61053.000   10071 1407111    -158.200            BIRM
61053.000   10071 1407112   -6243.700            BIRM
61053.000   10071 1415303   -2851.000            BIRM
61053.000   10071 1415304   -9461.000            BIRM
61053.000   10071 1415305  -17978.800            BIRM
61053.000   10092 1363159    4794.100            ICE 
61053.000   10092 1363522    3499.600            ICE 
61053.000   10057 1352117   14033.800            CH  
61053.000   10057 1355202    -539.700            CH  
61053.000   10057 1373644    -645.300            CH  
61053.000   10057 1405701   -1615.800            CH  
61053.000   10057 1405702   23327.700            CH  
61053.000   10057 1411117    -257.700            CH  
61053.000   10073 1353612  -10458.600            CNM 
61053.000   10073 1413211    -978.100            CNM 
61053.000   10073 1413212   40862.700            CNM 
61053.000   10074 1411045    3412.700            DLR 
61053.000   10053 1350136     -83.300            DTAG
61053.000   10053 1355332   -1385.900            DTAG
61053.000   10053 1352635    2285.400            DTAG
61053.000   10025 1352025    3933.500            ESA 
61053.000   10025 1351615   -4389.800            ESA 
61053.000   10025 1352353   11096.200            ESA 
61053.000   10025 1352210   27571.000            ESA 
61053.000   10025 1402543  -27114.600            ESA 
61053.000   10025 1402541  -91950.400            ESA 
61053.000   10089 1354233       0.000            HKO 
61053.000   10089 1355122    1197.200            HKO 
61053.000   10099 1354701       0.000            IFZG
61053.000   10093 1353401       0.000            NSAI
61053.000   10044 1361167    1464.900            IFAG
61053.000   10044 1361173     629.100            IFAG
61053.000   10044 1361629    8537.500            IFAG
61053.000   10044 1361732    5935.300            IFAG
61053.000   10044 1361798    1325.700            IFAG
61053.000   10044 1404439    2192.300            IFAG
61053.000   10044 1404418   15347.500            IFAG
61053.000   10048 1404878  903250.700            NIM 
61053.000   10048 1404871 1019946.500            NIM 
61053.000   10048 1404832 1010513.200            NIM 
61053.000   10048 1404879 1865056.400            NIM 
61053.000   10048 1404880 2144305.800            NIM 
61053.000   10048 1352742  110320.600            NIM 
61053.000   10048 1404849 1414376.000            NIM 
61053.000   10048 1404856   93370.500            NIM 
61053.000   10048 1404857   25408.400            NIM 
61053.000   10048 1404821    2684.000            NIM 
61053.000   10048 1404850     564.400            NIM 
61053.000   10048 1404870    4925.300            NIM 
61053.000   10015 1362377       0.000            INTI
61053.000   10015 1363270   11816.800            INTI
61053.000   10015 1363511    5835.100            INTI
61053.000   10070 1353546    8543.200            IPQ 
61053.000   10083 1353654    9532.700            NIS 
61053.000   10083 1354391   15877.500            NIS 
61053.000   10083 1353812  -27235.300            NIS 
61053.000   10083 1352182   -4000.000            NIS 
61053.000   10011 1350219    -953.300            IT  
61053.000   10011 1352487    -295.000            IT  
61053.000   10011 1401101  218158.700            IT  
61053.000   10011 1401102  287258.100            IT  
61053.000   10011 1401103   32365.400            IT  
61053.000   10011 1401104   12532.000            IT  
61053.000   10011 1411079    -705.600            IT  
61053.000   10011 1411078    2469.900            IT  
61053.000   10011 1422012     370.500            IT  
61053.000   10035 1350832   16281.400            BSJ 
61053.000   10035 1350833    8964.300            BSJ 
61053.000   10087 1361277 -111252.000            JV  
61053.000   10087 1362617   69317.900            JV  
61053.000   10087 1415218  -42072.900            JV  
61053.000   10087 1411122   14275.100            JV  
61053.000   10056 1351783   38845.000            KRIS
61053.000   10056 1405624  155092.000            KRIS
61053.000   10056 1405625  448298.000            KRIS
61053.000   10056 1405626   14240.500            KRIS
61053.000   10027 1415201    -636.300            KZ  
61053.000   10027 1415205    1380.300            KZ  
61053.000   10027 1415266   -2198.300            KZ  
61053.000   10052 1351324  -10978.500            NPLI
61053.000   10052 1353376  -10416.200            NPLI
61053.000   10052 1353457    3296.400            NPLI
61053.000   10052 1353413   44097.900            NPLI
61053.000   10052 1353453    5014.700            NPLI
61053.000   10052 1415225  110281.300            NPLI
61053.000   10052 1415365   45939.100            NPLI
61053.000   10052 1415363    2943.900            NPLI
61053.000   10052 1415364   10921.200            NPLI
61053.000   10091 1352370   -7348.100            LRTE
61053.000   10082 1351868       0.000            LT  
61053.000   10082 1351362   -1716.900            LT  
61053.000   10094 1353471  -60847.200            LUX 
61053.000   10094 1353544  -58047.600            LUX 
61053.000   10041 1404113  322855.800            MIKE
61053.000   10041 1404108   28527.200            MIKE
61053.000   10041 1404189  187072.000            MIKE
61053.000   10041 1412084   27697.600            MIKE
61053.000   10051 1352900       0.000            MASM
61053.000   10088 1361806  -12409.700            CNMP
61053.000   10088 1361752   -6625.100            CNMP
61053.000   10088 1363162    7978.100            CNMP
61053.000   10088 1363179  -65919.900            CNMP
61053.000   10063 1360274    3029.400            MSL 
61053.000   10063 1363396   -4380.500            MSL 
61053.000   10063 1363872  111004.400            MSL 
61053.000   10081 1353476    4868.900            NIMT
61053.000   10081 1353472   45612.900            NIMT
61053.000   10081 1353470   45418.300            NIMT
61053.000   10013 1410102   -1761.700            NAO 
61053.000   10013 1350779    6782.100            NAO 
61053.000   10013 1351689      32.700            NAO 
61053.000   10013 1351214     107.500            NAO 
61053.000   10020 1350343  127261.700            NICT
61053.000   10020 1350907   36138.200            NICT
61053.000   10020 1351226  -16559.900            NICT
61053.000   10020 1351778   74828.500            NICT
61053.000   10020 1351789   -7861.900            NICT
61053.000   10020 1351866    1406.100            NICT
61053.000   10020 1351944  108650.400            NICT
61053.000   10020 1352011  108195.600            NICT
61053.000   10020 1352056  109154.700            NICT
61053.000   10020 1352113  -45687.800            NICT
61053.000   10020 1352116  -27354.500            NICT
61053.000   10020 1352570   87811.200            NICT
61053.000   10020 1352620   59727.800            NICT
61053.000   10020 1352627  -22749.900            NICT
61053.000   10020 1352628  -24496.100            NICT
61053.000   10020 1352784   43701.700            NICT
61053.000   10020 1352876  123892.500            NICT
61053.000   10020 1352903   52601.100            NICT
61053.000   10020 1353594  -15106.100            NICT
61053.000   10020 1353716  -28054.000            NICT
61053.000   10020 1353717  -49248.000            NICT
61053.000   10020 1353718  -43574.500            NICT
61053.000   10020 1353720  -53162.000            NICT
61053.000   10020 1353722  -30367.700            NICT
61053.000   10020 1353909   27136.800            NICT
61053.000   10020 1353912  -37294.600            NICT
61053.000   10020 1353916  -70214.800            NICT
61053.000   10020 1353918   38233.700            NICT
61053.000   10020 1354230   68230.000            NICT
61053.000   10020 1355334   86133.600            NICT
61053.000   10020 1402003   15621.200            NICT
61053.000   10020 1402004   -8271.700            NICT
61053.000   10020 1402012   34492.000            NICT
61053.000   10020 1402013   36925.600            NICT
61053.000   10020 1402014   -2464.200            NICT
61053.000   10020 1402015   67040.100            NICT
61053.000   10020 1411041  -57648.700            NICT
61053.000   10020 1411062   33873.700            NICT
61053.000   10020 1412060   59242.200            NICT
61053.000   10002 1412108  526275.400            NIST
61053.000   10002 1412014 -547409.700            NIST
61053.000   10002 1400004 -199915.900            NIST
61053.000   10002 1400222  726364.800            NIST
61053.000   10002 1400209 -451814.400            NIST
61053.000   10002 1400212  445391.300            NIST
61053.000   10002 1400207  630830.200            NIST
61053.000   10002 1412015  597484.700            NIST
61053.000   10002 1400210  158889.400            NIST
61053.000   10002 1400205  980473.900            NIST
61053.000   10002 1352792 -547639.200            NIST
61053.000   10002 1412099  233477.100            NIST
61053.000   10002 1412006   60114.200            NIST
61053.000   10002 1442021 -552950.900            NIST
61053.000   10002 1352935 -653286.200            NIST
61053.000   10002 1352579  978446.800            NIST
61053.000   10002 1402205 -266012.200            NIST
61053.000   10050 1320293  115965.900            NMIJ
61053.000   10017 1412011   47440.600            NPL 
61053.000   10017 1412050   45389.700            NPL 
61053.000   10003 1352150    8017.300            NRC 
61053.000   10003 1362225   17136.500            NRC 
61053.000   10003 1352115   18995.800            NRC 
61053.000   10003 1400306   91289.000            NRC 
61053.000   10003 1400307   10540.600            NRC 
61053.000   10049 1415324   -1612.300            NTSC
61053.000   10049 1415316   -5238.100            NTSC
61053.000   10049 1415085  -22152.900            NTSC
61053.000   10049 1415082   46909.400            NTSC
61053.000   10049 1414922    4981.300            NTSC
61053.000   10049 1404967    4788.800            NTSC
61053.000   10049 1354937   14380.100            NTSC
61053.000   10049 1352142   15217.200            NTSC
61053.000   10016 1354619       0.000            INXE
61053.000   10008 1352027   32538.300            OP  
61053.000   10008 1400889    3913.200            OP  
61053.000   10008 1353765   77793.700            OP  
61053.000   10008 1400810   19649.100            OP  
61053.000   10008 1400809   33937.600            OP  
61053.000   10008 1400890   28336.000            OP  
61053.000   10026 1352722   -1884.500            ORB 
61053.000   10026 1352724    9219.100            ORB 
61053.000   10026 1411030   72866.800            ORB 
61053.000   10026 1402602  330275.100            ORB 
61053.000   10026 1352723    1285.900            ORB 
61053.000   10040 1350441    -737.000            PL  
61053.000   10040 1415318     533.500            PL  
61053.000   10040 1415321   24288.500            PL  
61053.000   10040 1354603     103.400            PL  
61053.000   10040 1354597     218.300            PL  
61053.000   10005 1920001   41551.300            PTB 
61053.000   10005 1920002   37479.000            PTB 
61053.000   10005 1355322    8687.300            PTB 
61053.000   10005 1400510    8531.300            PTB 
61053.000   10005 1400506   31853.900            PTB 
61053.000   10005 1400508   32487.300            PTB 
61053.000   10005 1400509    9676.100            PTB 
61053.000   10005 1415245   -4989.600            PTB 
61053.000   10005 1400512    6375.900            PTB 
61053.000   10005 1415221    3525.200            PTB 
61053.000   10019 1351942   68075.100            ONRJ
61053.000   10019 1320337   50532.000            ONRJ
61053.000   10019 1354204   69061.300            ONRJ
61053.000   10019 1350147   59205.600            ONRJ
61053.000   10019 1350102   19054.600            ONRJ
61053.000   10019 1353364   38357.500            ONRJ
61053.000   10019 1351153  -11238.200            ONRJ
61053.000   10019 1401958  120108.100            ONRJ
61053.000   10014 1350583   -4524.400            ROA 
61053.000   10014 1350718   -3081.000            ROA 
61053.000   10014 1361490   86745.000            ROA 
61053.000   10014 1361488   84811.900            ROA 
61053.000   10014 1351699   54740.900            ROA 
61053.000   10014 1401436 1915637.500            ROA 
61053.000   10014 1412032 1267347.100            ROA 
61053.000   10014 1352270    7793.900            ROA 
61053.000   10062 1352932       0.000            SASO
61053.000   10062 1352931    -377.900            SASO
61053.000   10062 1351628     561.700            SASO
61053.000   10062 1350221    -327.700            SASO
61053.000   10067 1352525   -7861.100            SCL 
61053.000   10067 1352178  -19110.600            SCL 
61053.000   10067 1415314     609.200            SCL 
61053.000   10067 1353448    -686.700            SCL 
61053.000   10079 1352003   33581.600            SMD 
61053.000   10079 1352543  -25390.800            SMD 
61053.000   10079 1411049   -1970.100            SMD 
61053.000   10072 1352745  -20913.900            SP  
61053.000   10072 1352749   20785.900            SP  
61053.000   10072 1352758   -2375.300            SP  
61053.000   10072 1354707    6584.200            SP  
61053.000   10072 1362295    1702.800            SP  
61053.000   10072 1365149   51584.800            SP  
61053.000   10072 1407201    -902.900            SP  
61053.000   10072 1407223  151641.100            SP  
61053.000   10072 1407231  236044.200            SP  
61053.000   10072 1407232  382650.100            SP  
61053.000   10072 1415319   40467.600            SP  
61053.000   10038 1403809 -408802.500            SU  
61053.000   10038 1403811 -282075.200            SU  
61053.000   10038 1403812  -27894.000            SU  
61053.000   10038 1403844 -562576.100            SU  
61053.000   10038 1403853    3558.500            SU  
61053.000   10038 1403833 -397976.600            SU  
61053.000   10038 1403846   45788.200            SU  
61053.000   10038 1403814 -657830.300            SU  
61053.000   10038 1403815 -334025.000            SU  
61053.000   10038 1403816 -301954.300            SU  
61053.000   10038 1403834    9553.000            SU  
61053.000   10038 1403841  -40871.200            SU  
61053.000   10038 1403840    9167.100            SU  
61053.000   10038 1403845 -453394.800            SU  
61053.000   10030 1403011  130796.500            TL  
61053.000   10030 1413202  220637.600            TL  
61053.000   10030 1353942  -35598.100            TL  
61053.000   10030 1353947   53853.400            TL  
61053.000   10030 1354060  -13750.700            TL  
61053.000   10022 1320211 1999812.200            TP  
61053.000   10022 1320247  999436.700            TP  
61053.000   10022 1351227       0.000            TP  
61053.000   10022 1352179     -65.800            TP  
61053.000   10022 1352476     533.100            TP  
61053.000   10022 1353519     -43.700            TP  
61053.000   10068 1411028       0.000            UME 
61053.000   10068 1352703    2507.200            UME 
61053.000   10068 1350251    3335.700            UME 
61053.000   10068 1350872   -7606.400            UME 
61053.000   10068 1352710    2407.300            UME 
61053.000   10007 1400711 3265874.800            USNO
61053.000   10007 1400712  269815.800            USNO
61053.000   10007 1400719  449158.100            USNO
61053.000   10007 1400702  -65675.400            USNO
61053.000   10007 1400708  659726.700            USNO
61053.000   10007 1400704  111843.000            USNO
61053.000   10007 1400718 1923460.200            USNO
61053.000   10007 1400710 -766807.200            USNO
61053.000   10007 1400726 1263556.700            USNO
61053.000   10007 1400715  412394.500            USNO
61053.000   10007 1350161   81130.300            USNO
61053.000   10007 1400727 -713025.300            USNO
61053.000   10007 1400729 2192560.100            USNO
61053.000   10007 1400725 -218933.800            USNO
61053.000   10007 1400724 -811208.200            USNO
61053.000   10007 1400723 -606548.900            USNO
61053.000   10007 1400722 2706588.600            USNO
61053.000   10007 1400721  402368.900            USNO
61053.000   10007 1400720 1249665.800            USNO
61053.000   10007 1400730 2112461.800            USNO
61053.000   10007 1400731 -396659.700            USNO
61053.000   10007 1400732  735631.900            USNO
61053.000   10007 1400736 1214261.100            USNO
61053.000   10007 1400737 2440531.600            USNO
61053.000   10007 1400740 1077323.300            USNO
61053.000   10007 1400713  447374.100            USNO
61053.000   10007 1400714   92109.500            USNO
61053.000   10007 1400716  672244.200            USNO
61053.000   10007 1400738   96021.500            USNO
61053.000   10064 1355005       0.000            UZ  
61053.000   10064 1354998 3912172.600            UZ  
61053.000   10028 1353669   19044.100            VMI 
61053.000   10028 1361233   11792.500            VMI 
61053.000   10028 1353670  -23777.900            VMI 
61053.000   10024 1411040   -2433.000            VSL 
61053.000   10024 1354466    9414.000            VSL 
61053.000   10024 1355008    6609.700            VSL 
61053.000   10055 1352191     -13.600            DMDM
61053.000   10055 1362033  -52062.100            DMDM
