61195.000   10021 1352938       0.000            UAE 
61195.000   10021 1352940   -4479.700            UAE 
61195.000   10046 1404601   27567.000            AOS 
61195.000   10046 1352394   -1301.700            AOS 
61195.000   10031 1353842    2418.100            APL 
61195.000   10031 1403107  269510.600            APL 
61195.000   10031 1403108  536153.100            APL 
61195.000   10031 1403109  136207.800            APL 
61195.000   10031 1412174   34912.900            APL 
61195.000   10054 1362269     153.000            AUS 
61195.000   10054 1360340   13144.000            AUS 
61195.000   10054 1360654  -45870.000            AUS 
61195.000   10054 1363814    4748.000            AUS 
61195.000   10054 1364971    7867.000            AUS 
61195.000   10054 1360299   29074.000            AUS 
61195.000   10075 1352685    3469.100            IMBH
61195.000   10075 1320192   -8932.800            IMBH
61195.000   10075 1320193  -43346.800            IMBH
61195.000   10071 1353447     646.200            BIRM
61195.000   10071 1353689    9941.000            BIRM
61195.000   10071 1407103    -546.500            BIRM
61195.000   10071 1407107 -436658.200            BIRM
61195.000   10071 1407111   -1629.100            BIRM
61195.000   10071 1407112  -11876.300            BIRM
61195.000   10071 1415303   -5694.900            BIRM
61195.000   10071 1415304  -12817.300            BIRM
61195.000   10071 1415305  -21803.300            BIRM
61195.000   10092 1363159    3812.800            ICE 
61195.000   10092 1363522    3727.200            ICE 
61195.000   10057 1355202    -823.800            CH  
61195.000   10057 1373644   -1154.800            CH  
61195.000   10057 1405701   -2287.400            CH  
61195.000   10057 1405702   20660.500            CH  
61195.000   10057 1411117     -97.000            CH  
61195.000   10073 1353612  -15201.200            CNM 
61195.000   10073 1413211   -1002.200            CNM 
61195.000   10073 1413212   69872.200            CNM 
61195.000   10074 1411045    5463.700            DLR 
61195.000   10053 1350136     -83.300            DTAG
61195.000   10053 1355332   -1413.200            DTAG
61195.000   10053 1352635    2517.200            DTAG
61195.000   10025 1352025    4437.600            ESA 
61195.000   10025 1351615   -4824.600            ESA 
61195.000   10025 1352353   12050.300            ESA 
61195.000   10025 1352210   30514.000            ESA 
61195.000   10025 1402543  -43785.100            ESA 
61195.000   10025 1402541 -122626.600            ESA 
61195.000   10025 1411033   -2736.200            ESA 
61195.000   10089 1354233       0.000            HKO 
61195.000   10089 1355122    1368.400            HKO 
61195.000   10099 1354701       0.000            IFZG
61195.000   10093 1353401       0.000            NSAI
61195.000   10044 1361167     689.300            IFAG
61195.000   10044 1361173      97.500            IFAG
61195.000   10044 1361629   11059.600            IFAG
61195.000   10044 1361732    7721.800            IFAG
61195.000   10044 1361798     215.000            IFAG
61195.000   10044 1404439    4181.400            IFAG
61195.000   10044 1404418   15113.300            IFAG
61195.000   10048 1404878  971134.000            NIM 
61195.000   10048 1404871 1101440.700            NIM 
61195.000   10048 1404832 1117893.600            NIM 
61195.000   10048 1404879 1944890.100            NIM 
61195.000   10048 1404880 2228138.300            NIM 
61195.000   10048 1352742  114408.600            NIM 
61195.000   10048 1404849 1415283.700            NIM 
61195.000   10048 1404856   94417.500            NIM 
61195.000   10048 1404857   24784.400            NIM 
61195.000   10048 1404821    3151.200            NIM 
61195.000   10048 1404850     755.800            NIM 
61195.000   10048 1404870    5970.300            NIM 
61195.000   10015 1362377       0.000            INTI
61195.000   10015 1363270   12822.500            INTI
61195.000   10015 1363511    6340.400            INTI
61195.000   10070 1353546    8909.900            IPQ 
61195.000   10083 1353654   10189.100            NIS 
61195.000   10083 1354391   18574.300            NIS 
61195.000   10083 1353812  -30453.000            NIS 
61195.000   10083 1352182   -4494.900            NIS 
61195.000   10011 1350219   -1150.200            IT  
61195.000   10011 1352487    -711.900            IT  
61195.000   10011 1401101  291651.200            IT  
61195.000   10011 1401102  301626.000            IT  
61195.000   10011 1401103   37901.800            IT  
61195.000   10011 1401104    4694.400            IT  
61195.000   10011 1411079   -1827.200            IT  
61195.000   10011 1411078    4847.700            IT  
61195.000   10011 1422012     -20.500            IT  
61195.000   10035 1350832   18550.900            BSJ 
61195.000   10035 1350833   10319.800            BSJ 
61195.000   10087 1361277 -112729.400            JV  
61195.000   10087 1362617   71589.800            JV  
61195.000   10087 1415218  -42187.100            JV  
61195.000   10087 1411122   18398.000            JV  
61195.000   10056 1351783   41958.700            KRIS
61195.000   10056 1405624  175610.800            KRIS
61195.000   10056 1405625  508731.400            KRIS
61195.000   10056 1405626   16794.700            KRIS
61195.000   10027 1415201      -8.900            KZ  
61195.000   10027 1415205      44.700            KZ  
61195.000   10027 1415266    -108.400            KZ  
61195.000   10052 1351324  -11276.900            NPLI
61195.000   10052 1353376  -10928.500            NPLI
61195.000   10052 1353457    3527.900            NPLI
61195.000   10052 1353413   45799.500            NPLI
61195.000   10052 1353453    5389.600            NPLI
61195.000   10052 1415225  123345.300            NPLI
61195.000   10052 1415365   50639.000            NPLI
61195.000   10052 1415363    4384.100            NPLI
61195.000   10052 1415364   12562.200            NPLI
61195.000   10091 1352370  -11863.300            LRTE
61195.000   10082 1351868       0.000            LT  
61195.000   10082 1351362   -1676.000            LT  
61195.000   10094 1353471  -62256.000            LUX 
61195.000   10094 1353544  -57374.200            LUX 
61195.000   10085 1353507       0.000            NIMB
61195.000   10041 1404113  336875.300            MIKE
61195.000   10041 1404108   34540.700            MIKE
61195.000   10041 1404189  180786.100            MIKE
61195.000   10041 1412084   25973.300            MIKE
61195.000   10088 1361806  -12892.900            CNMP
61195.000   10088 1361752   -6828.400            CNMP
61195.000   10088 1363162    8949.300            CNMP
61195.000   10088 1363179  -68279.700            CNMP
61195.000   10063 1360274    3398.500            MSL 
61195.000   10063 1363396   -4294.400            MSL 
61195.000   10063 1363872  117965.000            MSL 
61195.000   10081 1353476    3166.800            NIMT
61195.000   10081 1353472   47253.200            NIMT
61195.000   10081 1353470   47875.800            NIMT
61195.000   10013 1410102    2552.800            NAO 
61195.000   10013 1350779     446.100            NAO 
61195.000   10013 1351689     348.700            NAO 
61195.000   10013 1351214     107.400            NAO 
61195.000   10020 1350343  130961.000            NICT
61195.000   10020 1350907   33962.000            NICT
61195.000   10020 1351778   76721.500            NICT
61195.000   10020 1351789   -8732.800            NICT
61195.000   10020 1351866    1383.800            NICT
61195.000   10020 1351944  110377.100            NICT
61195.000   10020 1352011  107725.600            NICT
61195.000   10020 1352056  110952.500            NICT
61195.000   10020 1352113  -46274.700            NICT
61195.000   10020 1352116  -26875.000            NICT
61195.000   10020 1352570   88961.700            NICT
61195.000   10020 1352620   61931.000            NICT
61195.000   10020 1352627  -24898.600            NICT
61195.000   10020 1352628  -26165.700            NICT
61195.000   10020 1352784   42165.800            NICT
61195.000   10020 1352876  123295.800            NICT
61195.000   10020 1352903   53323.800            NICT
61195.000   10020 1353259  -14441.200            NICT
61195.000   10020 1353594  -14256.000            NICT
61195.000   10020 1353716  -29600.400            NICT
61195.000   10020 1353717  -52352.400            NICT
61195.000   10020 1353718  -47147.600            NICT
61195.000   10020 1353720  -55307.800            NICT
61195.000   10020 1353722  -31572.900            NICT
61195.000   10020 1353909   28146.500            NICT
61195.000   10020 1353912  -40267.200            NICT
61195.000   10020 1353916  -75079.800            NICT
61195.000   10020 1353918   40661.500            NICT
61195.000   10020 1354230   69148.400            NICT
61195.000   10020 1402003   17276.600            NICT
61195.000   10020 1402004  -11565.400            NICT
61195.000   10020 1402012   27641.300            NICT
61195.000   10020 1402013   54025.200            NICT
61195.000   10020 1402014   -1643.900            NICT
61195.000   10020 1402015   84272.400            NICT
61195.000   10020 1411041  -76072.200            NICT
61195.000   10020 1411062   31029.800            NICT
61195.000   10020 1412060   70546.300            NICT
61195.000   10002 1412108  631486.400            NIST
61195.000   10002 1412014 -526634.600            NIST
61195.000   10002 1400004 -188509.700            NIST
61195.000   10002 1400222  734783.500            NIST
61195.000   10002 1400209 -441719.600            NIST
61195.000   10002 1400212  618014.300            NIST
61195.000   10002 1400207  729868.200            NIST
61195.000   10002 1412015  662927.300            NIST
61195.000   10002 1400210  288527.700            NIST
61195.000   10002 1400205  977866.200            NIST
61195.000   10002 1412099  399358.900            NIST
61195.000   10002 1412006  203721.500            NIST
61195.000   10002 1442021 -560487.700            NIST
61195.000   10002 1352935 -656704.900            NIST
61195.000   10002 1352579  981018.300            NIST
61195.000   10002 1402205 -189214.200            NIST
61195.000   10050 1320293  148878.200            NMIJ
61195.000   10017 1412011   49194.400            NPL 
61195.000   10017 1412050   48868.200            NPL 
61195.000   10003 1352150    8356.100            NRC 
61195.000   10003 1362225   16966.600            NRC 
61195.000   10003 1352115   19949.300            NRC 
61195.000   10003 1352148    3131.700            NRC 
61195.000   10003 1400306   92682.000            NRC 
61195.000   10003 1400307   12276.200            NRC 
61195.000   10049 1415324   -1579.600            NTSC
61195.000   10049 1415322    3142.800            NTSC
61195.000   10049 1415316   -6264.700            NTSC
61195.000   10049 1415085    -357.000            NTSC
61195.000   10049 1414922    7180.500            NTSC
61195.000   10049 1404967    6673.800            NTSC
61195.000   10049 1354937   14334.500            NTSC
61195.000   10049 1352142   15126.200            NTSC
61195.000   10016 1354619       0.000            INXE
61195.000   10008 1352027   34783.700            OP  
61195.000   10008 1400889    7239.700            OP  
61195.000   10008 1353765   81286.000            OP  
61195.000   10008 1400810   22848.700            OP  
61195.000   10008 1400809   38505.000            OP  
61195.000   10008 1400890   32051.800            OP  
61195.000   10026 1352722   -1936.300            ORB 
61195.000   10026 1352724   10610.200            ORB 
61195.000   10026 1411030   84147.100            ORB 
61195.000   10026 1402602  401530.000            ORB 
61195.000   10026 1352723    1914.300            ORB 
61195.000   10040 1350441    -793.700            PL  
61195.000   10040 1415318 -106162.600            PL  
61195.000   10040 1415321   28541.400            PL  
61195.000   10040 1354603     262.500            PL  
61195.000   10040 1354597     277.400            PL  
61195.000   10005 1920001   41764.700            PTB 
61195.000   10005 1920002   37739.600            PTB 
61195.000   10005 1355322    9100.300            PTB 
61195.000   10005 1400510    9755.100            PTB 
61195.000   10005 1400506   34000.400            PTB 
61195.000   10005 1400508   34609.000            PTB 
61195.000   10005 1400509   10379.600            PTB 
61195.000   10005 1415245   -6973.300            PTB 
61195.000   10005 1400512    7785.100            PTB 
61195.000   10005 1415221    3642.200            PTB 
61195.000   10019 1351942   70806.200            ONRJ
61195.000   10019 1320337   51786.500            ONRJ
61195.000   10019 1354204   75771.800            ONRJ
61195.000   10019 1350147   60075.600            ONRJ
61195.000   10019 1353364   39705.800            ONRJ
61195.000   10019 1351153  -12833.500            ONRJ
61195.000   10019 1401958  139108.400            ONRJ
61195.000   10014 1350583   -5251.400            ROA 
61195.000   10014 1350718   -2120.400            ROA 
61195.000   10014 1361490   87859.300            ROA 
61195.000   10014 1361488   86407.400            ROA 
61195.000   10014 1351699   55652.900            ROA 
61195.000   10014 1401436 2003650.200            ROA 
61195.000   10014 1412032 1359166.600            ROA 
61195.000   10014 1352270    7982.700            ROA 
61195.000   10062 1352932       0.000            SASO
61195.000   10062 1352931    1295.300            SASO
61195.000   10062 1351628    1462.800            SASO
61195.000   10062 1350221   -1176.200            SASO
61195.000   10067 1352525   -9078.800            SCL 
61195.000   10067 1352178  -21604.900            SCL 
61195.000   10067 1415314    2265.500            SCL 
61195.000   10067 1353448    2682.300            SCL 
61195.000   10079 1352003   34549.700            SMD 
61195.000   10079 1352543  -27460.500            SMD 
61195.000   10079 1411049   -1889.400            SMD 
61195.000   10072 1352745  -23166.700            SP  
61195.000   10072 1352750    1016.100            SP  
61195.000   10072 1352758   -2498.700            SP  
61195.000   10072 1354707    6499.800            SP  
61195.000   10072 1362746    1058.400            SP  
61195.000   10072 1362749   24069.600            SP  
61195.000   10072 1362956   -4725.000            SP  
61195.000   10072 1365149   64049.300            SP  
61195.000   10072 1407201    3934.200            SP  
61195.000   10072 1407231  271298.800            SP  
61195.000   10072 1407232  431637.100            SP  
61195.000   10072 1415319   44358.500            SP  
61195.000   10038 1403809 -411165.800            SU  
61195.000   10038 1403811 -281951.900            SU  
61195.000   10038 1403812  -23254.000            SU  
61195.000   10038 1403844 -559510.800            SU  
61195.000   10038 1403853    5402.200            SU  
61195.000   10038 1403833 -394466.400            SU  
61195.000   10038 1403846   49686.400            SU  
61195.000   10038 1403814 -640530.700            SU  
61195.000   10038 1403815 -329965.300            SU  
61195.000   10038 1403816 -297669.100            SU  
61195.000   10038 1403834   12190.600            SU  
61195.000   10038 1403841  -34478.400            SU  
61195.000   10038 1403840   11323.700            SU  
61195.000   10038 1403845 -454406.900            SU  
61195.000   10030 1403011  208494.400            TL  
61195.000   10030 1413202  259255.600            TL  
61195.000   10030 1353942  -38854.500            TL  
61195.000   10030 1353947   57770.000            TL  
61195.000   10030 1354060  -14857.600            TL  
61195.000   10022 1320211 1999899.400            TP  
61195.000   10022 1320247  998984.200            TP  
61195.000   10022 1351227       0.000            TP  
61195.000   10022 1352179      77.300            TP  
61195.000   10022 1352476     596.800            TP  
61195.000   10022 1353519    -120.200            TP  
61195.000   10068 1411028       0.000            UME 
61195.000   10068 1352703     118.300            UME 
61195.000   10068 1350251     240.300            UME 
61195.000   10068 1350872    -702.100            UME 
61195.000   10068 1352710     809.400            UME 
61195.000   10007 1400711 3345574.200            USNO
61195.000   10007 1400719  479330.600            USNO
61195.000   10007 1400702  -65296.100            USNO
61195.000   10007 1400708  678398.200            USNO
61195.000   10007 1400704  118923.700            USNO
61195.000   10007 1400718 1978332.600            USNO
61195.000   10007 1400710 -834662.400            USNO
61195.000   10007 1400715  437801.700            USNO
61195.000   10007 1350161   80840.900            USNO
61195.000   10007 1400727 -760946.900            USNO
61195.000   10007 1400729 2297333.400            USNO
61195.000   10007 1400725 -220859.800            USNO
61195.000   10007 1400724 -826659.900            USNO
61195.000   10007 1400723 -604300.100            USNO
61195.000   10007 1400722 2673752.500            USNO
61195.000   10007 1400721  516946.200            USNO
61195.000   10007 1400720 1262899.500            USNO
61195.000   10007 1400730 2198147.500            USNO
61195.000   10007 1400731 -421093.300            USNO
61195.000   10007 1400732  789177.400            USNO
61195.000   10007 1400736 1221683.900            USNO
61195.000   10007 1400737 2479964.100            USNO
61195.000   10007 1400740 1165236.600            USNO
61195.000   10007 1400713  468116.000            USNO
61195.000   10007 1400716  706977.600            USNO
61195.000   10007 1400733  141107.900            USNO
61195.000   10064 1355005       0.000            UZ  
61195.000   10064 1354998 4607043.100            UZ  
61195.000   10028 1353669   20339.900            VMI 
61195.000   10028 1361233   12757.200            VMI 
61195.000   10028 1353670  -26502.700            VMI 
61195.000   10024 1411040   -3244.800            VSL 
61195.000   10024 1354466   10394.300            VSL 
61195.000   10024 1355008    7708.100            VSL 
61195.000   10024 1355697    1749.700            VSL 
61195.000   10055 1352191     -66.800            DMDM
61195.000   10055 1362033  -60171.600            DMDM
