61167.000   10021 1352938       0.000            UAE 
61167.000   10021 1352940   -3711.300            UAE 
61167.000   10046 1404601   26887.800            AOS 
61167.000   10046 1352394   -1167.500            AOS 
61167.000   10031 1353842    2414.200            APL 
61167.000   10031 1403107  266633.500            APL 
61167.000   10031 1403108  514349.400            APL 
61167.000   10031 1403109  135488.400            APL 
61167.000   10031 1412174   31565.500            APL 
61167.000   10054 1362269     119.000            AUS 
61167.000   10054 1360340   12957.000            AUS 
61167.000   10054 1360654  -45114.000            AUS 
61167.000   10054 1363814    4621.000            AUS 
61167.000   10054 1364971    7658.000            AUS 
61167.000   10054 1360299   28754.000            AUS 
61167.000   10075 1352685    3378.900            IMBH
61167.000   10075 1320192   -8803.300            IMBH
61167.000   10075 1320193  -42341.700            IMBH
61167.000   10071 1353447     770.200            BIRM
61167.000   10071 1353689    9942.200            BIRM
61167.000   10071 1407107 -426281.500            BIRM
61167.000   10071 1407112  -10730.500            BIRM
61167.000   10071 1415303   -5091.500            BIRM
61167.000   10071 1415304  -11999.700            BIRM
61167.000   10071 1415305  -21019.400            BIRM
61167.000   10092 1363159    4005.600            ICE 
61167.000   10092 1363522    3670.200            ICE 
61167.000   10057 1355202    -774.100            CH  
61167.000   10057 1373644   -1046.700            CH  
61167.000   10057 1405701   -2153.100            CH  
61167.000   10057 1405702   21269.600            CH  
61167.000   10057 1411117     -71.500            CH  
61167.000   10073 1353612  -14320.200            CNM 
61167.000   10073 1413211   -1025.600            CNM 
61167.000   10073 1413212   63833.900            CNM 
61167.000   10074 1411045    5046.500            DLR 
61167.000   10053 1350136     -83.300            DTAG
61167.000   10053 1355332   -1480.500            DTAG
61167.000   10053 1352635    2591.900            DTAG
61167.000   10025 1352025    4358.400            ESA 
61167.000   10025 1351615   -4731.400            ESA 
61167.000   10025 1352353   11877.100            ESA 
61167.000   10025 1352210   29942.900            ESA 
61167.000   10025 1402543  -40259.600            ESA 
61167.000   10025 1402541 -116047.300            ESA 
61167.000   10025 1411033   -2287.200            ESA 
61167.000   10089 1354233       0.000            HKO 
61167.000   10089 1355122    1326.100            HKO 
61167.000   10099 1354701       0.000            IFZG
61167.000   10093 1353401       0.000            NSAI
61167.000   10044 1361167     878.000            IFAG
61167.000   10044 1361173     209.500            IFAG
61167.000   10044 1361629   10681.500            IFAG
61167.000   10044 1361732    7369.500            IFAG
61167.000   10044 1361798     540.000            IFAG
61167.000   10044 1404439    4394.400            IFAG
61167.000   10044 1404418   15259.200            IFAG
61167.000   10048 1404878  957661.800            NIM 
61167.000   10048 1404871 1085298.200            NIM 
61167.000   10048 1404832 1096419.600            NIM 
61167.000   10048 1404879 1929037.900            NIM 
61167.000   10048 1404880 2211484.600            NIM 
61167.000   10048 1352742  113595.300            NIM 
61167.000   10048 1404849 1415096.500            NIM 
61167.000   10048 1404856   94208.700            NIM 
61167.000   10048 1404857   24905.800            NIM 
61167.000   10048 1404821    3050.300            NIM 
61167.000   10048 1404850     710.500            NIM 
61167.000   10048 1404870    5753.800            NIM 
61167.000   10015 1362377       0.000            INTI
61167.000   10015 1363270   12658.600            INTI
61167.000   10015 1363511    6238.400            INTI
61167.000   10070 1353546    8453.600            IPQ 
61167.000   10083 1353654   10067.800            NIS 
61167.000   10083 1354391   18093.000            NIS 
61167.000   10083 1353812  -29814.400            NIS 
61167.000   10083 1352182   -4365.600            NIS 
61167.000   10011 1350219   -1124.400            IT  
61167.000   10011 1352487    -626.200            IT  
61167.000   10011 1401101  276978.000            IT  
61167.000   10011 1401102  298875.900            IT  
61167.000   10011 1401103   36777.900            IT  
61167.000   10011 1401104    6291.400            IT  
61167.000   10011 1411079   -1591.400            IT  
61167.000   10011 1411078    4337.900            IT  
61167.000   10035 1350832   18106.100            BSJ 
61167.000   10035 1350833    9988.500            BSJ 
61167.000   10087 1361277 -112427.000            JV  
61167.000   10087 1362617   71106.500            JV  
61167.000   10087 1415218  -42164.700            JV  
61167.000   10087 1411122   17538.900            JV  
61167.000   10056 1351783   41358.600            KRIS
61167.000   10056 1405624  171517.000            KRIS
61167.000   10056 1405625  496634.900            KRIS
61167.000   10056 1405626   16288.600            KRIS
61167.000   10027 1415201    -705.000            KZ  
61167.000   10027 1415205    1940.000            KZ  
61167.000   10027 1415266   -2957.100            KZ  
61167.000   10052 1351324  -11218.300            NPLI
61167.000   10052 1353376  -10852.400            NPLI
61167.000   10052 1353457    3488.800            NPLI
61167.000   10052 1353413   45466.300            NPLI
61167.000   10052 1353453    5318.200            NPLI
61167.000   10052 1415225  120671.400            NPLI
61167.000   10052 1415365   49701.300            NPLI
61167.000   10052 1415363    4092.100            NPLI
61167.000   10052 1415364   12228.000            NPLI
61167.000   10091 1352370  -10936.800            LRTE
61167.000   10082 1351868       0.000            LT  
61167.000   10082 1351362   -1664.300            LT  
61167.000   10094 1353471  -61979.000            LUX 
61167.000   10094 1353544  -57513.000            LUX 
61167.000   10085 1353507       0.000            NIMB
61167.000   10041 1404113  334106.700            MIKE
61167.000   10041 1404108   33266.000            MIKE
61167.000   10041 1404189  181707.900            MIKE
61167.000   10041 1412084   26314.700            MIKE
61167.000   10088 1361806  -12801.600            CNMP
61167.000   10088 1361752   -6801.000            CNMP
61167.000   10088 1363162    8753.200            CNMP
61167.000   10088 1363179  -67792.200            CNMP
61167.000   10063 1360274    3343.800            MSL 
61167.000   10063 1363396   -4300.500            MSL 
61167.000   10063 1363872  116612.100            MSL 
61167.000   10081 1353476    3459.000            NIMT
61167.000   10081 1353472   46936.300            NIMT
61167.000   10081 1353470   47371.500            NIMT
61167.000   10013 1410102    2140.300            NAO 
61167.000   10013 1350779     499.200            NAO 
61167.000   10013 1351689     386.600            NAO 
61167.000   10013 1351214     107.400            NAO 
61167.000   10020 1350343  130201.500            NICT
61167.000   10020 1350907   34373.200            NICT
61167.000   10020 1351226  -16877.200            NICT
61167.000   10020 1351778   76329.100            NICT
61167.000   10020 1351789   -8555.000            NICT
61167.000   10020 1351866    1366.700            NICT
61167.000   10020 1351944  110039.400            NICT
61167.000   10020 1352011  107826.500            NICT
61167.000   10020 1352056  110607.400            NICT
61167.000   10020 1352113  -46157.700            NICT
61167.000   10020 1352116  -27005.600            NICT
61167.000   10020 1352570   88756.900            NICT
61167.000   10020 1352620   61492.600            NICT
61167.000   10020 1352627  -24471.100            NICT
61167.000   10020 1352628  -25800.900            NICT
61167.000   10020 1352784   42459.000            NICT
61167.000   10020 1352876  123425.900            NICT
61167.000   10020 1352903   53176.800            NICT
61167.000   10020 1353594  -14370.000            NICT
61167.000   10020 1353716  -29290.100            NICT
61167.000   10020 1353717  -51722.500            NICT
61167.000   10020 1353718  -46400.800            NICT
61167.000   10020 1353720  -54891.600            NICT
61167.000   10020 1353722  -31328.100            NICT
61167.000   10020 1353909   27914.100            NICT
61167.000   10020 1353912  -39667.600            NICT
61167.000   10020 1353916  -74124.100            NICT
61167.000   10020 1353918   40193.900            NICT
61167.000   10020 1354230   69027.400            NICT
61167.000   10020 1402003   16936.900            NICT
61167.000   10020 1402004  -10913.300            NICT
61167.000   10020 1402012   28917.100            NICT
61167.000   10020 1402013   50477.200            NICT
61167.000   10020 1402014   -1872.100            NICT
61167.000   10020 1402015   80751.400            NICT
61167.000   10020 1411041  -72363.900            NICT
61167.000   10020 1411062   31593.300            NICT
61167.000   10020 1412060   68220.500            NICT
61167.000   10002 1412108  610484.400            NIST
61167.000   10002 1412014 -530815.800            NIST
61167.000   10002 1400004 -190776.400            NIST
61167.000   10002 1400222  733124.100            NIST
61167.000   10002 1400209 -443852.700            NIST
61167.000   10002 1400212  583564.000            NIST
61167.000   10002 1400207  710250.600            NIST
61167.000   10002 1412015  649926.100            NIST
61167.000   10002 1400210  262746.000            NIST
61167.000   10002 1400205  978376.100            NIST
61167.000   10002 1412099  366322.800            NIST
61167.000   10002 1412006  175134.500            NIST
61167.000   10002 1442021 -562154.400            NIST
61167.000   10002 1352935 -656053.600            NIST
61167.000   10002 1352579  980453.500            NIST
61167.000   10002 1402205 -204474.100            NIST
61167.000   10050 1320293  142441.300            NMIJ
61167.000   10017 1412011   48821.700            NPL 
61167.000   10017 1412050   47828.200            NPL 
61167.000   10003 1352150    8300.600            NRC 
61167.000   10003 1362225   17024.700            NRC 
61167.000   10003 1352115   19765.400            NRC 
61167.000   10003 1352148    3165.900            NRC 
61167.000   10003 1400306   92513.600            NRC 
61167.000   10003 1400307   11923.600            NRC 
61167.000   10049 1415324   -1621.900            NTSC
61167.000   10049 1415322    2905.000            NTSC
61167.000   10049 1415316   -6060.600            NTSC
61167.000   10049 1415082   53845.600            NTSC
61167.000   10049 1414922    6720.300            NTSC
61167.000   10049 1404967    6278.800            NTSC
61167.000   10049 1354937   14361.000            NTSC
61167.000   10049 1352142   15151.600            NTSC
61167.000   10016 1354619       0.000            INXE
61167.000   10008 1352027   34311.100            OP  
61167.000   10008 1400889    6576.100            OP  
61167.000   10008 1353765   80615.100            OP  
61167.000   10008 1400810   22201.100            OP  
61167.000   10008 1400809   37582.100            OP  
61167.000   10008 1400890   31318.500            OP  
61167.000   10026 1352722   -2181.300            ORB 
61167.000   10026 1352724   10339.100            ORB 
61167.000   10026 1411030   81895.200            ORB 
61167.000   10026 1402602  387469.200            ORB 
61167.000   10026 1352723    1794.100            ORB 
61167.000   10040 1350441    -791.700            PL  
61167.000   10040 1415318  -75180.900            PL  
61167.000   10040 1415321   27710.800            PL  
61167.000   10040 1354603     212.900            PL  
61167.000   10040 1354597     282.500            PL  
61167.000   10005 1920001   41676.700            PTB 
61167.000   10005 1920002   37662.600            PTB 
61167.000   10005 1355322    9027.300            PTB 
61167.000   10005 1400510    9601.800            PTB 
61167.000   10005 1400506   33490.400            PTB 
61167.000   10005 1400508   34070.400            PTB 
61167.000   10005 1400509   10238.900            PTB 
61167.000   10005 1415245   -6567.300            PTB 
61167.000   10005 1400512    7497.100            PTB 
61167.000   10005 1415221    3616.100            PTB 
61167.000   10019 1351942   70280.800            ONRJ
61167.000   10019 1320337   51539.000            ONRJ
61167.000   10019 1354204   74418.800            ONRJ
61167.000   10019 1350147   59915.500            ONRJ
61167.000   10019 1350102   20240.900            ONRJ
61167.000   10019 1353364   39448.500            ONRJ
61167.000   10019 1351153  -12510.200            ONRJ
61167.000   10019 1401958  135222.700            ONRJ
61167.000   10014 1350583   -5107.000            ROA 
61167.000   10014 1350718   -2308.300            ROA 
61167.000   10014 1361490   87691.200            ROA 
61167.000   10014 1361488   86075.500            ROA 
61167.000   10014 1351699   55467.200            ROA 
61167.000   10014 1401436 1986154.000            ROA 
61167.000   10014 1412032 1340885.500            ROA 
61167.000   10014 1352270    7968.200            ROA 
61167.000   10062 1352932       0.000            SASO
61167.000   10062 1352931     974.000            SASO
61167.000   10062 1351628    1250.000            SASO
61167.000   10062 1350221   -1009.300            SASO
61167.000   10067 1352525   -8840.800            SCL 
61167.000   10067 1352178  -21063.000            SCL 
61167.000   10067 1415314    1915.600            SCL 
61167.000   10067 1353448    2011.700            SCL 
61167.000   10079 1352003   34362.600            SMD 
61167.000   10079 1352543  -27050.900            SMD 
61167.000   10079 1411049   -1912.100            SMD 
61167.000   10072 1352745  -22749.700            SP  
61167.000   10072 1352749   23404.400            SP  
61167.000   10072 1352758   -2495.000            SP  
61167.000   10072 1354707    6537.100            SP  
61167.000   10072 1365149   61596.800            SP  
61167.000   10072 1407201    2881.200            SP  
61167.000   10072 1407231  264200.200            SP  
61167.000   10072 1407232  421858.900            SP  
61167.000   10072 1415319   43587.700            SP  
61167.000   10038 1403809 -410712.900            SU  
61167.000   10038 1403811 -281996.800            SU  
61167.000   10038 1403812  -24212.300            SU  
61167.000   10038 1403844 -560123.500            SU  
61167.000   10038 1403853    5034.200            SU  
61167.000   10038 1403833 -395174.700            SU  
61167.000   10038 1403846   48910.600            SU  
61167.000   10038 1403814 -643965.200            SU  
61167.000   10038 1403815 -330784.500            SU  
61167.000   10038 1403834   11653.200            SU  
61167.000   10038 1403841  -35751.500            SU  
61167.000   10038 1403840   10890.300            SU  
61167.000   10038 1403845 -454223.900            SU  
61167.000   10030 1403011  193015.800            TL  
61167.000   10030 1413202  254637.500            TL  
61167.000   10030 1353942  -38227.900            TL  
61167.000   10030 1353947   57016.500            TL  
61167.000   10030 1354060  -14660.800            TL  
61167.000   10022 1320211 1999894.200            TP  
61167.000   10022 1320247  998940.600            TP  
61167.000   10022 1351227       0.000            TP  
61167.000   10022 1352179     119.100            TP  
61167.000   10022 1352476     592.000            TP  
61167.000   10022 1353519     -68.200            TP  
61167.000   10068 1411028       0.000            UME 
61167.000   10068 1352703      60.500            UME 
61167.000   10068 1350251     116.200            UME 
61167.000   10068 1350872    -363.400            UME 
61167.000   10068 1352710     373.900            UME 
61167.000   10007 1400711 3329833.200            USNO
61167.000   10007 1400719  473687.700            USNO
61167.000   10007 1400702  -65377.500            USNO
61167.000   10007 1400708  674697.100            USNO
61167.000   10007 1400704  117512.200            USNO
61167.000   10007 1400718 1967458.500            USNO
61167.000   10007 1400710 -821302.900            USNO
61167.000   10007 1400726 1318758.800            USNO
61167.000   10007 1400715  432766.100            USNO
61167.000   10007 1350161   80896.800            USNO
61167.000   10007 1400727 -751640.900            USNO
61167.000   10007 1400729 2276499.000            USNO
61167.000   10007 1400725 -220487.400            USNO
61167.000   10007 1400724 -823620.800            USNO
61167.000   10007 1400723 -604792.200            USNO
61167.000   10007 1400722 2683073.900            USNO
61167.000   10007 1400721  494178.200            USNO
61167.000   10007 1400720 1260153.900            USNO
61167.000   10007 1400730 2181142.700            USNO
61167.000   10007 1400731 -416275.600            USNO
61167.000   10007 1400732  778492.000            USNO
61167.000   10007 1400736 1220080.900            USNO
61167.000   10007 1400737 2472021.500            USNO
61167.000   10007 1400740 1147662.900            USNO
61167.000   10007 1400713  463988.400            USNO
61167.000   10007 1400716  700112.900            USNO
61167.000   10007 1400733  122181.100            USNO
61167.000   10064 1355005       0.000            UZ  
61167.000   10064 1354998 5035163.500            UZ  
61167.000   10028 1353669   19686.900            VMI 
61167.000   10028 1361233   12224.900            VMI 
61167.000   10028 1353670  -26379.900            VMI 
61167.000   10024 1411040   -3083.100            VSL 
61167.000   10024 1354466   10210.000            VSL 
61167.000   10024 1355008    7490.600            VSL 
61167.000   10024 1355697    1475.400            VSL 
61167.000   10055 1352191     -66.800            DMDM
61167.000   10055 1362033  -58578.500            DMDM
