61165.000   10021 1352938       0.000            UAE 
61165.000   10021 1352940   -3658.000            UAE 
61165.000   10046 1404601   26841.200            AOS 
61165.000   10046 1352394   -1156.600            AOS 
61165.000   10031 1353842    2411.400            APL 
61165.000   10031 1403107  266428.700            APL 
61165.000   10031 1403108  512793.200            APL 
61165.000   10031 1403109  135436.500            APL 
61165.000   10031 1412174   31334.400            APL 
61165.000   10054 1362269     120.000            AUS 
61165.000   10054 1360340   12952.000            AUS 
61165.000   10054 1360654  -45060.000            AUS 
61165.000   10054 1363814    4624.000            AUS 
61165.000   10054 1364971    7651.000            AUS 
61165.000   10054 1360299   28730.000            AUS 
61165.000   10101 1355360       0.000            AZ  
61165.000   10101 1355361   -1333.400            AZ  
61165.000   10075 1352685    3369.900            IMBH
61165.000   10075 1320192   -8781.300            IMBH
61165.000   10075 1320193  -42251.000            IMBH
61165.000   10071 1353447     774.300            BIRM
61165.000   10071 1353689    9941.100            BIRM
61165.000   10071 1407107 -425542.500            BIRM
61165.000   10071 1407112  -10649.500            BIRM
61165.000   10071 1415303   -5049.500            BIRM
61165.000   10071 1415304  -11953.000            BIRM
61165.000   10071 1415305  -20964.200            BIRM
61165.000   10092 1363159    4019.400            ICE 
61165.000   10092 1363522    3667.600            ICE 
61165.000   10057 1355202    -771.100            CH  
61165.000   10057 1373644   -1040.600            CH  
61165.000   10057 1405701   -2143.500            CH  
61165.000   10057 1405702   21311.100            CH  
61165.000   10057 1411117     -69.400            CH  
61165.000   10073 1353612  -14261.300            CNM 
61165.000   10073 1413211   -1028.900            CNM 
61165.000   10073 1413212   63405.700            CNM 
61165.000   10074 1411045    5018.300            DLR 
61165.000   10053 1350136     -83.300            DTAG
61165.000   10053 1355332   -1482.400            DTAG
61165.000   10053 1352635    2594.200            DTAG
61165.000   10025 1352025    4355.400            ESA 
61165.000   10025 1351615   -4724.000            ESA 
61165.000   10025 1352353   11861.800            ESA 
61165.000   10025 1352210   29903.000            ESA 
61165.000   10025 1402543  -40011.600            ESA 
61165.000   10025 1402541 -115587.500            ESA 
61165.000   10025 1411033   -2255.400            ESA 
61165.000   10089 1354233       0.000            HKO 
61165.000   10089 1355122    1325.300            HKO 
61165.000   10099 1354701       0.000            IFZG
61165.000   10093 1353401       0.000            NSAI
61165.000   10044 1361167     884.600            IFAG
61165.000   10044 1361173     203.500            IFAG
61165.000   10044 1361629   10647.400            IFAG
61165.000   10044 1361732    7344.400            IFAG
61165.000   10044 1361798     554.900            IFAG
61165.000   10044 1404439    4399.800            IFAG
61165.000   10044 1404418   15262.100            IFAG
61165.000   10048 1404878  956701.200            NIM 
61165.000   10048 1404871 1084147.200            NIM 
61165.000   10048 1404832 1094892.000            NIM 
61165.000   10048 1404879 1927907.000            NIM 
61165.000   10048 1404880 2210297.300            NIM 
61165.000   10048 1352742  113535.100            NIM 
61165.000   10048 1404849 1415083.400            NIM 
61165.000   10048 1404856   94193.900            NIM 
61165.000   10048 1404857   24914.600            NIM 
61165.000   10048 1404821    3043.200            NIM 
61165.000   10048 1404850     707.300            NIM 
61165.000   10048 1404870    5738.500            NIM 
61165.000   10015 1362377       0.000            INTI
61165.000   10015 1363270   12656.800            INTI
61165.000   10015 1363511    6234.600            INTI
61165.000   10070 1353546    8466.200            IPQ 
61165.000   10083 1353654   10059.200            NIS 
61165.000   10083 1354391   18039.100            NIS 
61165.000   10083 1353812  -29768.300            NIS 
61165.000   10083 1352182   -4353.100            NIS 
61165.000   10011 1350219   -1118.100            IT  
61165.000   10011 1352487    -621.600            IT  
61165.000   10011 1401101  275933.600            IT  
61165.000   10011 1401102  298677.700            IT  
61165.000   10011 1401103   36698.100            IT  
61165.000   10011 1401104    6404.500            IT  
61165.000   10011 1411079   -1574.600            IT  
61165.000   10011 1411078    4302.000            IT  
61165.000   10035 1350832   18070.800            BSJ 
61165.000   10035 1350833    9973.300            BSJ 
61165.000   10087 1361277 -112408.100            JV  
61165.000   10087 1362617   71082.500            JV  
61165.000   10087 1415218  -42163.000            JV  
61165.000   10087 1411122   17478.900            JV  
61165.000   10056 1351783   41314.000            KRIS
61165.000   10056 1405624  171225.200            KRIS
61165.000   10056 1405625  495773.800            KRIS
61165.000   10056 1405626   16252.600            KRIS
61165.000   10027 1415201    -704.300            KZ  
61165.000   10027 1415205    1929.500            KZ  
61165.000   10027 1415266   -2943.200            KZ  
61165.000   10052 1351324  -11220.900            NPLI
61165.000   10052 1353376  -10846.000            NPLI
61165.000   10052 1353457    3485.900            NPLI
61165.000   10052 1353413   45442.500            NPLI
61165.000   10052 1353453    5320.100            NPLI
61165.000   10052 1415225  120481.700            NPLI
61165.000   10052 1415365   49634.500            NPLI
61165.000   10052 1415363    4071.400            NPLI
61165.000   10052 1415364   12204.300            NPLI
61165.000   10091 1352370  -10894.200            LRTE
61165.000   10082 1351868       0.000            LT  
61165.000   10082 1351362   -1680.700            LT  
61165.000   10094 1353471  -61958.600            LUX 
61165.000   10094 1353544  -57521.800            LUX 
61165.000   10085 1353507       0.000            NIMB
61165.000   10041 1404113  333908.400            MIKE
61165.000   10041 1404108   33177.100            MIKE
61165.000   10041 1404189  181778.900            MIKE
61165.000   10041 1412084   26338.700            MIKE
61165.000   10088 1361806  -12787.200            CNMP
61165.000   10088 1361752   -6780.500            CNMP
61165.000   10088 1363162    8731.500            CNMP
61165.000   10088 1363179  -67746.300            CNMP
61165.000   10063 1360274    3343.300            MSL 
61165.000   10063 1363396   -4286.600            MSL 
61165.000   10063 1363872  116515.700            MSL 
61165.000   10081 1353476    3481.500            NIMT
61165.000   10081 1353472   46919.800            NIMT
61165.000   10081 1353470   47337.500            NIMT
61165.000   10013 1410102    2120.200            NAO 
61165.000   10013 1350779     503.200            NAO 
61165.000   10013 1351689     384.700            NAO 
61165.000   10013 1351214     107.400            NAO 
61165.000   10020 1350343  130151.300            NICT
61165.000   10020 1350907   34403.700            NICT
61165.000   10020 1351226  -16871.700            NICT
61165.000   10020 1351778   76305.400            NICT
61165.000   10020 1351789   -8546.300            NICT
61165.000   10020 1351866    1369.200            NICT
61165.000   10020 1351944  110018.700            NICT
61165.000   10020 1352011  107831.700            NICT
61165.000   10020 1352056  110581.200            NICT
61165.000   10020 1352113  -46148.100            NICT
61165.000   10020 1352116  -27015.500            NICT
61165.000   10020 1352570   88741.400            NICT
61165.000   10020 1352620   61459.300            NICT
61165.000   10020 1352627  -24433.300            NICT
61165.000   10020 1352628  -25777.200            NICT
61165.000   10020 1352784   42482.300            NICT
61165.000   10020 1352876  123436.100            NICT
61165.000   10020 1352903   53167.700            NICT
61165.000   10020 1353594  -14382.200            NICT
61165.000   10020 1353716  -29271.200            NICT
61165.000   10020 1353717  -51679.800            NICT
61165.000   10020 1353718  -46342.700            NICT
61165.000   10020 1353720  -54864.300            NICT
61165.000   10020 1353722  -31313.200            NICT
61165.000   10020 1353909   27899.800            NICT
61165.000   10020 1353912  -39630.400            NICT
61165.000   10020 1353916  -74051.700            NICT
61165.000   10020 1353918   40159.200            NICT
61165.000   10020 1354230   69020.000            NICT
61165.000   10020 1402003   16913.400            NICT
61165.000   10020 1402004  -10866.600            NICT
61165.000   10020 1402012   29009.700            NICT
61165.000   10020 1402013   50227.100            NICT
61165.000   10020 1402014   -1887.000            NICT
61165.000   10020 1402015   80502.300            NICT
61165.000   10020 1411041  -72100.700            NICT
61165.000   10020 1411062   31633.700            NICT
61165.000   10020 1412060   68055.800            NICT
61165.000   10002 1412108  608989.100            NIST
61165.000   10002 1412014 -531113.100            NIST
61165.000   10002 1400004 -190937.900            NIST
61165.000   10002 1400222  733005.400            NIST
61165.000   10002 1400209 -444002.300            NIST
61165.000   10002 1400212  581110.500            NIST
61165.000   10002 1400207  708850.300            NIST
61165.000   10002 1412015  648999.000            NIST
61165.000   10002 1400210  260908.500            NIST
61165.000   10002 1400205  978412.700            NIST
61165.000   10002 1412099  363973.600            NIST
61165.000   10002 1412006  173098.000            NIST
61165.000   10002 1442021 -562267.600            NIST
61165.000   10002 1352935 -656009.200            NIST
61165.000   10002 1352579  980412.400            NIST
61165.000   10002 1402205 -205562.100            NIST
61165.000   10050 1320293  141976.500            NMIJ
61165.000   10017 1412011   48796.600            NPL 
61165.000   10017 1412050   47758.000            NPL 
61165.000   10003 1352150    8303.200            NRC 
61165.000   10003 1362225   17039.400            NRC 
61165.000   10003 1352115   19751.200            NRC 
61165.000   10003 1352148    3168.300            NRC 
61165.000   10003 1400306   92502.900            NRC 
61165.000   10003 1400307   11898.400            NRC 
61165.000   10049 1415324   -1624.400            NTSC
61165.000   10049 1415322    2888.000            NTSC
61165.000   10049 1415316   -6046.100            NTSC
61165.000   10049 1415082   53721.100            NTSC
61165.000   10049 1414922    6687.900            NTSC
61165.000   10049 1404967    6251.000            NTSC
61165.000   10049 1354937   14367.800            NTSC
61165.000   10049 1352142   15150.600            NTSC
61165.000   10016 1354619       0.000            INXE
61165.000   10008 1352027   34282.100            OP  
61165.000   10008 1400889    6529.000            OP  
61165.000   10008 1353765   80568.500            OP  
61165.000   10008 1400810   22155.300            OP  
61165.000   10008 1400809   37516.600            OP  
61165.000   10008 1400890   31266.000            OP  
61165.000   10026 1352722   -2168.900            ORB 
61165.000   10026 1352724   10323.700            ORB 
61165.000   10026 1411030   81734.800            ORB 
61165.000   10026 1402602  386464.900            ORB 
61165.000   10026 1352723    1782.300            ORB 
61165.000   10040 1350441    -795.600            PL  
61165.000   10040 1415318  -73148.800            PL  
61165.000   10040 1415321   27652.000            PL  
61165.000   10040 1354603     213.300            PL  
61165.000   10040 1354597     287.300            PL  
61165.000   10005 1920001   41671.300            PTB 
61165.000   10005 1920002   37656.000            PTB 
61165.000   10005 1355322    9024.500            PTB 
61165.000   10005 1400510    9582.700            PTB 
61165.000   10005 1400506   33455.300            PTB 
61165.000   10005 1400508   34034.400            PTB 
61165.000   10005 1400509   10228.800            PTB 
61165.000   10005 1415245   -6539.000            PTB 
61165.000   10005 1400512    7476.500            PTB 
61165.000   10005 1415221    3614.300            PTB 
61165.000   10019 1351942   70235.500            ONRJ
61165.000   10019 1320337   51519.300            ONRJ
61165.000   10019 1354204   74322.800            ONRJ
61165.000   10019 1350147   59905.100            ONRJ
61165.000   10019 1350102   19904.200            ONRJ
61165.000   10019 1353364   39423.800            ONRJ
61165.000   10019 1351153  -12487.700            ONRJ
61165.000   10019 1401958  134946.100            ONRJ
61165.000   10014 1350583   -5096.100            ROA 
61165.000   10014 1350718   -2315.100            ROA 
61165.000   10014 1361490   87678.600            ROA 
61165.000   10014 1361488   86057.700            ROA 
61165.000   10014 1351699   55449.800            ROA 
61165.000   10014 1401436 1984907.700            ROA 
61165.000   10014 1412032 1339583.700            ROA 
61165.000   10014 1352270    7963.900            ROA 
61165.000   10062 1352932       0.000            SASO
61165.000   10062 1352931     947.800            SASO
61165.000   10062 1351628    1242.000            SASO
61165.000   10062 1350221    -995.800            SASO
61165.000   10067 1352525   -8824.800            SCL 
61165.000   10067 1352178  -21028.200            SCL 
61165.000   10067 1415314    1891.700            SCL 
61165.000   10067 1353448    1963.200            SCL 
61165.000   10079 1352003   34341.100            SMD 
61165.000   10079 1352543  -27019.300            SMD 
61165.000   10079 1411049   -1913.600            SMD 
61165.000   10072 1352745  -22716.300            SP  
61165.000   10072 1352749   23359.500            SP  
61165.000   10072 1352758   -2489.100            SP  
61165.000   10072 1354707    6540.000            SP  
61165.000   10072 1365149   61421.100            SP  
61165.000   10072 1407201    2809.100            SP  
61165.000   10072 1407231  263696.100            SP  
61165.000   10072 1407232  421162.700            SP  
61165.000   10072 1415319   43532.900            SP  
61165.000   10038 1403809 -410680.200            SU  
61165.000   10038 1403811 -281999.800            SU  
61165.000   10038 1403812  -24279.900            SU  
61165.000   10038 1403844 -560167.200            SU  
61165.000   10038 1403853    5008.100            SU  
61165.000   10038 1403833 -395225.100            SU  
61165.000   10038 1403846   48855.300            SU  
61165.000   10038 1403814 -644210.000            SU  
61165.000   10038 1403815 -330842.700            SU  
61165.000   10038 1403834   11615.100            SU  
61165.000   10038 1403841  -35842.300            SU  
61165.000   10038 1403840   10860.200            SU  
61165.000   10038 1403845 -454210.500            SU  
61165.000   10030 1403011  191912.900            TL  
61165.000   10030 1413202  253440.300            TL  
61165.000   10030 1353942  -38178.300            TL  
61165.000   10030 1353947   56961.900            TL  
61165.000   10030 1354060  -14639.400            TL  
61165.000   10022 1320211 1999902.600            TP  
61165.000   10022 1320247  998942.100            TP  
61165.000   10022 1351227       0.000            TP  
61165.000   10022 1352179     127.500            TP  
61165.000   10022 1352476     602.400            TP  
61165.000   10022 1353519     -57.100            TP  
61165.000   10068 1411028       0.000            UME 
61165.000   10068 1352703      62.000            UME 
61165.000   10068 1350251     108.200            UME 
61165.000   10068 1350872    -337.600            UME 
61165.000   10068 1352710     352.900            UME 
61165.000   10007 1400711 3328709.600            USNO
61165.000   10007 1400719  473279.700            USNO
61165.000   10007 1400702  -65382.800            USNO
61165.000   10007 1400708  674433.100            USNO
61165.000   10007 1400704  117411.700            USNO
61165.000   10007 1400718 1966683.100            USNO
61165.000   10007 1400710 -820348.300            USNO
61165.000   10007 1400726 1317744.800            USNO
61165.000   10007 1400715  432407.100            USNO
61165.000   10007 1350161   80901.700            USNO
61165.000   10007 1400727 -750973.500            USNO
61165.000   10007 1400729 2275014.700            USNO
61165.000   10007 1400725 -220460.600            USNO
61165.000   10007 1400724 -823403.500            USNO
61165.000   10007 1400723 -604826.100            USNO
61165.000   10007 1400722 2683682.100            USNO
61165.000   10007 1400721  492555.500            USNO
61165.000   10007 1400720 1259960.900            USNO
61165.000   10007 1400730 2179930.200            USNO
61165.000   10007 1400731 -415931.100            USNO
61165.000   10007 1400732  777731.200            USNO
61165.000   10007 1400736 1219969.300            USNO
61165.000   10007 1400737 2471457.500            USNO
61165.000   10007 1400740 1146412.700            USNO
61165.000   10007 1400713  463693.900            USNO
61165.000   10007 1400716  699622.800            USNO
61165.000   10007 1400733  120832.700            USNO
61165.000   10064 1355005       0.000            UZ  
61165.000   10064 1354998 5044456.500            UZ  
61165.000   10028 1353669   19687.000            VMI 
61165.000   10028 1361233   12236.200            VMI 
61165.000   10028 1353670  -26322.700            VMI 
61165.000   10024 1411040   -3071.900            VSL 
61165.000   10024 1354466   10194.700            VSL 
61165.000   10024 1355008    7475.200            VSL 
61165.000   10024 1355697    1453.100            VSL 
61165.000   10055 1352191     -69.700            DMDM
61165.000   10055 1362033  -58457.400            DMDM
