61149.000   10021 1352938       0.000            UAE 
61149.000   10021 1352940   -3184.700            UAE 
61149.000   10046 1404601   26457.600            AOS 
61149.000   10046 1352394   -1080.400            AOS 
61149.000   10031 1353842    2421.000            APL 
61149.000   10031 1403107  264797.600            APL 
61149.000   10031 1403108  500353.600            APL 
61149.000   10031 1403109  135023.900            APL 
61149.000   10031 1412174   29526.800            APL 
61149.000   10054 1362269     116.000            AUS 
61149.000   10054 1360340   12847.000            AUS 
61149.000   10054 1360654  -44645.000            AUS 
61149.000   10054 1363814    4558.000            AUS 
61149.000   10054 1364971    7538.000            AUS 
61149.000   10054 1360299   28525.000            AUS 
61149.000   10101 1355360       0.000            AZ  
61149.000   10101 1355361   -1251.500            AZ  
61149.000   10075 1352685    3308.400            IMBH
61149.000   10075 1320192   -8670.100            IMBH
61149.000   10075 1320193  -41619.800            IMBH
61149.000   10071 1353447     814.500            BIRM
61149.000   10071 1353689    9931.100            BIRM
61149.000   10071 1407107 -419633.800            BIRM
61149.000   10071 1407112  -10003.400            BIRM
61149.000   10071 1415303   -4713.600            BIRM
61149.000   10071 1415304  -11578.900            BIRM
61149.000   10071 1415305  -20522.100            BIRM
61149.000   10092 1363159    4129.500            ICE 
61149.000   10092 1363522    3662.000            ICE 
61149.000   10057 1355202    -744.400            CH  
61149.000   10057 1373644    -976.400            CH  
61149.000   10057 1405701   -2067.000            CH  
61149.000   10057 1405702   21632.100            CH  
61149.000   10057 1411117     -53.000            CH  
61149.000   10073 1353612  -13748.700            CNM 
61149.000   10073 1413211   -1039.900            CNM 
61149.000   10073 1413212   60020.800            CNM 
61149.000   10074 1411045    4795.900            DLR 
61149.000   10053 1350136     -83.300            DTAG
61149.000   10053 1355332   -1568.600            DTAG
61149.000   10053 1352635    2622.400            DTAG
61149.000   10025 1352025    4298.900            ESA 
61149.000   10025 1351615   -4674.800            ESA 
61149.000   10025 1352353   11747.100            ESA 
61149.000   10025 1352210   29568.900            ESA 
61149.000   10025 1402543  -38047.800            ESA 
61149.000   10025 1402541 -111941.800            ESA 
61149.000   10025 1411033   -2001.100            ESA 
61149.000   10089 1354233       0.000            HKO 
61149.000   10089 1355122    1295.700            HKO 
61149.000   10099 1354701       0.000            IFZG
61149.000   10093 1353401       0.000            NSAI
61149.000   10044 1361167     990.500            IFAG
61149.000   10044 1361173     306.400            IFAG
61149.000   10044 1361629   10403.300            IFAG
61149.000   10044 1361732    7143.100            IFAG
61149.000   10044 1361798     731.300            IFAG
61149.000   10044 1404439    4491.900            IFAG
61149.000   10044 1404418   15327.700            IFAG
61149.000   10048 1404878  949024.300            NIM 
61149.000   10048 1404871 1074944.100            NIM 
61149.000   10048 1404832 1082693.300            NIM 
61149.000   10048 1404879 1918869.200            NIM 
61149.000   10048 1404880 2200808.300            NIM 
61149.000   10048 1352742  113097.100            NIM 
61149.000   10048 1404849 1414978.700            NIM 
61149.000   10048 1404856   94075.600            NIM 
61149.000   10048 1404857   24984.700            NIM 
61149.000   10048 1404821    2988.100            NIM 
61149.000   10048 1404850     683.600            NIM 
61149.000   10048 1404870    5617.600            NIM 
61149.000   10015 1362377       0.000            INTI
61149.000   10015 1363270   12540.100            INTI
61149.000   10015 1363511    6190.600            INTI
61149.000   10070 1353546    8466.100            IPQ 
61149.000   10083 1353654    9990.600            NIS 
61149.000   10083 1354391   17751.800            NIS 
61149.000   10083 1353812  -29380.800            NIS 
61149.000   10083 1352182   -4273.900            NIS 
61149.000   10011 1350219   -1106.400            IT  
61149.000   10011 1352487    -569.900            IT  
61149.000   10011 1401101  267592.600            IT  
61149.000   10011 1401102  297086.700            IT  
61149.000   10011 1401103   36062.400            IT  
61149.000   10011 1401104    7303.400            IT  
61149.000   10011 1411079   -1441.700            IT  
61149.000   10011 1411078    4018.200            IT  
61149.000   10035 1350832   17821.800            BSJ 
61149.000   10035 1350833    9789.600            BSJ 
61149.000   10087 1361277 -112263.400            JV  
61149.000   10087 1362617   70837.900            JV  
61149.000   10087 1415218  -42150.200            JV  
61149.000   10087 1411122   17002.200            JV  
61149.000   10056 1351783   40966.000            KRIS
61149.000   10056 1405624  168896.500            KRIS
61149.000   10056 1405625  488904.000            KRIS
61149.000   10056 1405626   15964.500            KRIS
61149.000   10027 1415201    -698.300            KZ  
61149.000   10027 1415205    1846.600            KZ  
61149.000   10027 1415266   -2830.700            KZ  
61149.000   10052 1351324  -11210.600            NPLI
61149.000   10052 1353376  -10800.000            NPLI
61149.000   10052 1353457    3444.100            NPLI
61149.000   10052 1353413   45255.600            NPLI
61149.000   10052 1353453    5286.900            NPLI
61149.000   10052 1415225  118972.800            NPLI
61149.000   10052 1415365   49100.600            NPLI
61149.000   10052 1415363    3905.500            NPLI
61149.000   10052 1415364   12014.200            NPLI
61149.000   10091 1352370  -10565.500            LRTE
61149.000   10082 1351868       0.000            LT  
61149.000   10082 1351362   -1657.100            LT  
61149.000   10094 1353471  -61789.600            LUX 
61149.000   10094 1353544  -57575.600            LUX 
61149.000   10085 1353507       0.000            NIMB
61149.000   10041 1404113  332331.400            MIKE
61149.000   10041 1404108   32490.300            MIKE
61149.000   10041 1404189  182386.900            MIKE
61149.000   10041 1412084   26542.300            MIKE
61149.000   10088 1361806  -12717.200            CNMP
61149.000   10088 1361752   -6738.100            CNMP
61149.000   10088 1363162    8627.200            CNMP
61149.000   10088 1363179  -67493.000            CNMP
61149.000   10063 1360274    3290.800            MSL 
61149.000   10063 1363396   -4275.000            MSL 
61149.000   10063 1363872  115742.400            MSL 
61149.000   10081 1353476    3654.000            NIMT
61149.000   10081 1353472   46708.700            NIMT
61149.000   10081 1353470   47039.200            NIMT
61149.000   10013 1410102    1949.600            NAO 
61149.000   10013 1350779   10457.100            NAO 
61149.000   10013 1351689    4312.600            NAO 
61149.000   10013 1351214     107.400            NAO 
61149.000   10020 1350343  129719.800            NICT
61149.000   10020 1350907   34645.100            NICT
61149.000   10020 1351226  -16836.400            NICT
61149.000   10020 1351778   76099.000            NICT
61149.000   10020 1351789   -8434.900            NICT
61149.000   10020 1351866    1392.800            NICT
61149.000   10020 1351944  109827.400            NICT
61149.000   10020 1352011  107877.100            NICT
61149.000   10020 1352056  110362.300            NICT
61149.000   10020 1352113  -46085.400            NICT
61149.000   10020 1352116  -27073.000            NICT
61149.000   10020 1352570   88606.300            NICT
61149.000   10020 1352620   61228.700            NICT
61149.000   10020 1352627  -24178.900            NICT
61149.000   10020 1352628  -25582.100            NICT
61149.000   10020 1352784   42650.500            NICT
61149.000   10020 1352876  123482.300            NICT
61149.000   10020 1352903   53090.700            NICT
61149.000   10020 1353594  -14453.600            NICT
61149.000   10020 1353716  -29110.700            NICT
61149.000   10020 1353717  -51318.400            NICT
61149.000   10020 1353718  -45930.300            NICT
61149.000   10020 1353720  -54626.600            NICT
61149.000   10020 1353722  -31177.700            NICT
61149.000   10020 1353909   27784.200            NICT
61149.000   10020 1353912  -39297.800            NICT
61149.000   10020 1353916  -73508.000            NICT
61149.000   10020 1353918   39893.400            NICT
61149.000   10020 1354230   68948.400            NICT
61149.000   10020 1402003   16724.800            NICT
61149.000   10020 1402004  -10494.300            NICT
61149.000   10020 1402012   29757.000            NICT
61149.000   10020 1402013   48242.100            NICT
61149.000   10020 1402014   -2001.200            NICT
61149.000   10020 1402015   78519.600            NICT
61149.000   10020 1411041  -69999.800            NICT
61149.000   10020 1411062   31956.200            NICT
61149.000   10020 1412060   66752.700            NICT
61149.000   10002 1412108  597050.400            NIST
61149.000   10002 1412014 -533483.400            NIST
61149.000   10002 1400004 -192229.200            NIST
61149.000   10002 1400222  732055.600            NIST
61149.000   10002 1400209 -445184.700            NIST
61149.000   10002 1400212  561517.100            NIST
61149.000   10002 1400207  697657.600            NIST
61149.000   10002 1412015  641598.100            NIST
61149.000   10002 1400210  246228.300            NIST
61149.000   10002 1400205  978705.400            NIST
61149.000   10002 1412099  345236.300            NIST
61149.000   10002 1412006  156839.700            NIST
61149.000   10002 1442021 -563140.400            NIST
61149.000   10002 1352935 -655635.500            NIST
61149.000   10002 1352579  980144.500            NIST
61149.000   10002 1402205 -214254.100            NIST
61149.000   10050 1320293  138266.900            NMIJ
61149.000   10017 1412011   48596.000            NPL 
61149.000   10017 1412050   47251.900            NPL 
61149.000   10003 1352150    8253.300            NRC 
61149.000   10003 1362225   17071.800            NRC 
61149.000   10003 1352115   19630.100            NRC 
61149.000   10003 1352148    3173.900            NRC 
61149.000   10003 1400306   92426.800            NRC 
61149.000   10003 1400307   11699.400            NRC 
61149.000   10049 1415324   -1640.600            NTSC
61149.000   10049 1415322    2754.600            NTSC
61149.000   10049 1415316   -5930.200            NTSC
61149.000   10049 1415082   52728.500            NTSC
61149.000   10049 1414922    6429.400            NTSC
61149.000   10049 1404967    6030.600            NTSC
61149.000   10049 1354937   14362.100            NTSC
61149.000   10049 1352142   15170.100            NTSC
61149.000   10016 1354619       0.000            INXE
61149.000   10008 1352027   34035.400            OP  
61149.000   10008 1400889    6150.600            OP  
61149.000   10008 1353765   80178.200            OP  
61149.000   10008 1400810   21789.900            OP  
61149.000   10008 1400809   36995.900            OP  
61149.000   10008 1400890   30846.800            OP  
61149.000   10026 1352722   -2174.500            ORB 
61149.000   10026 1352724   10154.800            ORB 
61149.000   10026 1411030   80454.900            ORB 
61149.000   10026 1402602  378431.200            ORB 
61149.000   10026 1352723    1708.400            ORB 
61149.000   10040 1350441    -799.900            PL  
61149.000   10040 1415318  -57774.700            PL  
61149.000   10040 1415321   27035.400            PL  
61149.000   10040 1354603     189.500            PL  
61149.000   10040 1354597     283.200            PL  
61149.000   10005 1920001   41627.600            PTB 
61149.000   10005 1920002   37628.000            PTB 
61149.000   10005 1355322    8972.400            PTB 
61149.000   10005 1400510    9429.900            PTB 
61149.000   10005 1400506   33182.400            PTB 
61149.000   10005 1400508   33755.400            PTB 
61149.000   10005 1400509   10148.300            PTB 
61149.000   10005 1415245   -6313.700            PTB 
61149.000   10005 1400512    7314.000            PTB 
61149.000   10005 1415221    3603.100            PTB 
61149.000   10019 1351942   69930.100            ONRJ
61149.000   10019 1320337   51374.000            ONRJ
61149.000   10019 1354204   73601.700            ONRJ
61149.000   10019 1350147   59821.800            ONRJ
61149.000   10019 1350102   19844.000            ONRJ
61149.000   10019 1353364   39279.200            ONRJ
61149.000   10019 1351153  -12300.400            ONRJ
61149.000   10019 1401958  132755.900            ONRJ
61149.000   10014 1350583   -5010.900            ROA 
61149.000   10014 1350718   -2416.800            ROA 
61149.000   10014 1361490   87551.800            ROA 
61149.000   10014 1361488   85864.500            ROA 
61149.000   10014 1351699   55353.900            ROA 
61149.000   10014 1401436 1974938.500            ROA 
61149.000   10014 1412032 1329186.700            ROA 
61149.000   10014 1352270    7962.500            ROA 
61149.000   10062 1352932       0.000            SASO
61149.000   10062 1352931     759.100            SASO
61149.000   10062 1351628    1123.700            SASO
61149.000   10062 1350221    -884.100            SASO
61149.000   10067 1352525   -8706.200            SCL 
61149.000   10067 1352178  -20755.300            SCL 
61149.000   10067 1415314    1688.700            SCL 
61149.000   10067 1353448    1567.600            SCL 
61149.000   10079 1352003   34245.200            SMD 
61149.000   10079 1352543  -26785.700            SMD 
61149.000   10079 1411049   -1923.800            SMD 
61149.000   10072 1352745  -22454.600            SP  
61149.000   10072 1352749   22997.600            SP  
61149.000   10072 1352758   -2477.900            SP  
61149.000   10072 1354707    6559.000            SP  
61149.000   10072 1362295    4555.300            SP  
61149.000   10072 1365149   60045.700            SP  
61149.000   10072 1407201    2228.300            SP  
61149.000   10072 1407223  157624.100            SP  
61149.000   10072 1407231  259677.000            SP  
61149.000   10072 1407232  415606.500            SP  
61149.000   10072 1415319   43095.400            SP  
61149.000   10038 1403809 -410418.300            SU  
61149.000   10038 1403811 -282019.700            SU  
61149.000   10038 1403812  -24817.000            SU  
61149.000   10038 1403844 -560515.500            SU  
61149.000   10038 1403853    4799.200            SU  
61149.000   10038 1403833 -395625.700            SU  
61149.000   10038 1403846   48414.100            SU  
61149.000   10038 1403814 -646165.600            SU  
61149.000   10038 1403815 -331306.300            SU  
61149.000   10038 1403834   11312.400            SU  
61149.000   10038 1403841  -36566.800            SU  
61149.000   10038 1403840   10614.300            SU  
61149.000   10038 1403845 -454102.200            SU  
61149.000   10030 1403011  183107.000            TL  
61149.000   10030 1413202  244662.600            TL  
61149.000   10030 1353942  -37827.600            TL  
61149.000   10030 1353947   56525.300            TL  
61149.000   10030 1354060  -14512.400            TL  
61149.000   10022 1320211 1999888.200            TP  
61149.000   10022 1320247  998921.000            TP  
61149.000   10022 1351227       0.000            TP  
61149.000   10022 1352179     110.000            TP  
61149.000   10022 1352476     584.600            TP  
61149.000   10068 1411028       0.000            UME 
61149.000   10068 1352703      31.600            UME 
61149.000   10068 1350251      68.400            UME 
61149.000   10068 1350872    -123.100            UME 
61149.000   10068 1352710     141.300            UME 
61149.000   10007 1400711 3319721.500            USNO
61149.000   10007 1400712  275885.700            USNO
61149.000   10007 1400719  469988.100            USNO
61149.000   10007 1400702  -65427.800            USNO
61149.000   10007 1400708  672322.500            USNO
61149.000   10007 1400704  116606.800            USNO
61149.000   10007 1400718 1960483.700            USNO
61149.000   10007 1400710 -812709.700            USNO
61149.000   10007 1400726 1309910.800            USNO
61149.000   10007 1400715  429536.200            USNO
61149.000   10007 1350161   80929.700            USNO
61149.000   10007 1400727 -745622.500            USNO
61149.000   10007 1400729 2263157.300            USNO
61149.000   10007 1400725 -220245.900            USNO
61149.000   10007 1400724 -821666.300            USNO
61149.000   10007 1400723 -605094.700            USNO
61149.000   10007 1400722 2688177.900            USNO
61149.000   10007 1400721  479582.900            USNO
61149.000   10007 1400720 1258423.300            USNO
61149.000   10007 1400730 2170239.900            USNO
61149.000   10007 1400731 -413179.100            USNO
61149.000   10007 1400732  771655.700            USNO
61149.000   10007 1400736 1219087.200            USNO
61149.000   10007 1400737 2466960.200            USNO
61149.000   10007 1400740 1136430.500            USNO
61149.000   10007 1400713  461343.000            USNO
61149.000   10007 1400714   98066.700            USNO
61149.000   10007 1400716  695703.300            USNO
61149.000   10007 1400738  112277.700            USNO
61149.000   10064 1355005       0.000            UZ  
61149.000   10064 1354998 5126896.100            UZ  
61149.000   10028 1353669   19614.900            VMI 
61149.000   10028 1361233   12179.100            VMI 
61149.000   10028 1353670  -25939.500            VMI 
61149.000   10024 1411040   -2982.400            VSL 
61149.000   10024 1354466   10078.400            VSL 
61149.000   10024 1355008    7339.900            VSL 
61149.000   10024 1355697    1301.300            VSL 
61149.000   10055 1352191     -96.800            DMDM
61149.000   10055 1362033  -57555.100            DMDM
