61105.000   10021 1352938       0.000            UAE 
61105.000   10021 1352940   -1858.100            UAE 
61105.000   10046 1404601   25420.500            AOS 
61105.000   10046 1352394    -889.300            AOS 
61105.000   10031 1353842    2396.000            APL 
61105.000   10031 1403107  260365.300            APL 
61105.000   10031 1403108  466229.000            APL 
61105.000   10031 1403109  133895.300            APL 
61105.000   10031 1412174   24911.400            APL 
61105.000   10054 1362269     100.000            AUS 
61105.000   10054 1360340   12517.000            AUS 
61105.000   10054 1360654  -43508.000            AUS 
61105.000   10054 1363814    4356.000            AUS 
61105.000   10054 1364971    7182.000            AUS 
61105.000   10054 1360299   27985.000            AUS 
61105.000   10101 1355360       0.000            AZ  
61105.000   10101 1355361   -1057.100            AZ  
61105.000   10075 1352685    3146.900            IMBH
61105.000   10075 1320192   -8262.100            IMBH
61105.000   10075 1320193  -39926.300            IMBH
61105.000   10071 1353447     991.100            BIRM
61105.000   10071 1353689    9898.800            BIRM
61105.000   10071 1407107 -403471.800            BIRM
61105.000   10071 1407112   -8261.900            BIRM
61105.000   10071 1415303   -3829.500            BIRM
61105.000   10071 1415304  -10583.500            BIRM
61105.000   10071 1415305  -19335.000            BIRM
61105.000   10092 1363159    4432.500            ICE 
61105.000   10092 1363522    3567.100            ICE 
61105.000   10057 1352117   14120.200            CH  
61105.000   10057 1355202    -637.100            CH  
61105.000   10057 1373644    -834.000            CH  
61105.000   10057 1405701   -1858.700            CH  
61105.000   10057 1405702   22451.000            CH  
61105.000   10057 1411117    -112.900            CH  
61105.000   10073 1353612  -12260.500            CNM 
61105.000   10073 1413211   -1027.600            CNM 
61105.000   10073 1413212   50982.200            CNM 
61105.000   10074 1411045    4158.200            DLR 
61105.000   10053 1350136     -83.300            DTAG
61105.000   10053 1355332   -1629.400            DTAG
61105.000   10053 1352635    2540.400            DTAG
61105.000   10025 1352025    4151.700            ESA 
61105.000   10025 1351615   -4554.100            ESA 
61105.000   10025 1352353   11443.600            ESA 
61105.000   10025 1352210   28657.700            ESA 
61105.000   10025 1402543  -32861.000            ESA 
61105.000   10025 1402541 -102378.800            ESA 
61105.000   10025 1411033   -1343.300            ESA 
61105.000   10089 1354233       0.000            HKO 
61105.000   10089 1355122    1265.700            HKO 
61105.000   10099 1354701       0.000            IFZG
61105.000   10093 1353401       0.000            NSAI
61105.000   10044 1361167    1178.300            IFAG
61105.000   10044 1361173     447.400            IFAG
61105.000   10044 1361629    9566.400            IFAG
61105.000   10044 1361732    6589.500            IFAG
61105.000   10044 1361798    1013.300            IFAG
61105.000   10044 1404439    4500.300            IFAG
61105.000   10044 1404418   15282.500            IFAG
61105.000   10048 1404878  927982.600            NIM 
61105.000   10048 1404871 1049681.600            NIM 
61105.000   10048 1404832 1049348.300            NIM 
61105.000   10048 1404879 1894106.900            NIM 
61105.000   10048 1404880 2174801.200            NIM 
61105.000   10048 1352742  111788.200            NIM 
61105.000   10048 1404849 1414696.600            NIM 
61105.000   10048 1404856   93750.900            NIM 
61105.000   10048 1404857   25177.400            NIM 
61105.000   10048 1404821    2842.900            NIM 
61105.000   10048 1404850     623.600            NIM 
61105.000   10048 1404870    5293.100            NIM 
61105.000   10015 1362377       0.000            INTI
61105.000   10015 1363270   12210.100            INTI
61105.000   10015 1363511    6022.800            INTI
61105.000   10070 1353546    8509.600            IPQ 
61105.000   10083 1353654    9800.600            NIS 
61105.000   10083 1354391   16863.400            NIS 
61105.000   10083 1353812  -28381.800            NIS 
61105.000   10083 1352182   -4109.700            NIS 
61105.000   10011 1350219   -1044.000            IT  
61105.000   10011 1352487    -432.700            IT  
61105.000   10011 1401101  244809.900            IT  
61105.000   10011 1401102  292647.700            IT  
61105.000   10011 1401103   34346.900            IT  
61105.000   10011 1401104    9738.800            IT  
61105.000   10011 1411079   -1084.000            IT  
61105.000   10011 1411078    3277.800            IT  
61105.000   10011 1422012     893.300            IT  
61105.000   10035 1350832   17085.800            BSJ 
61105.000   10035 1350833    9372.900            BSJ 
61105.000   10087 1361277 -111870.800            JV  
61105.000   10087 1362617   70169.900            JV  
61105.000   10087 1415218  -42114.800            JV  
61105.000   10087 1411122   15718.600            JV  
61105.000   10056 1351783   39987.000            KRIS
61105.000   10056 1405624  162535.500            KRIS
61105.000   10056 1405625  470161.700            KRIS
61105.000   10056 1405626   15171.500            KRIS
61105.000   10027 1415201    -667.300            KZ  
61105.000   10027 1415205    1634.000            KZ  
61105.000   10027 1415266   -2529.100            KZ  
61105.000   10052 1351324  -11089.800            NPLI
61105.000   10052 1353376  -10660.200            NPLI
61105.000   10052 1353457    3356.200            NPLI
61105.000   10052 1353413   44749.600            NPLI
61105.000   10052 1353453    5167.500            NPLI
61105.000   10052 1415225  114923.400            NPLI
61105.000   10052 1415365   47639.700            NPLI
61105.000   10052 1415363    3455.400            NPLI
61105.000   10052 1415364   11499.700            NPLI
61105.000   10091 1352370   -8473.400            LRTE
61105.000   10082 1351868       0.000            LT  
61105.000   10082 1351362   -1676.900            LT  
61105.000   10094 1353471  -61344.400            LUX 
61105.000   10094 1353544  -57770.400            LUX 
61105.000   10041 1404113  327977.800            MIKE
61105.000   10041 1404108   30782.500            MIKE
61105.000   10041 1404189  184311.200            MIKE
61105.000   10041 1412084   27094.100            MIKE
61105.000   10088 1361806  -12570.700            CNMP
61105.000   10088 1361752   -6691.400            CNMP
61105.000   10088 1363162    8320.400            CNMP
61105.000   10088 1363179  -66790.800            CNMP
61105.000   10063 1360274    3193.500            MSL 
61105.000   10063 1363396   -4341.100            MSL 
61105.000   10063 1363872  113602.100            MSL 
61105.000   10081 1353476    4189.700            NIMT
61105.000   10081 1353472   46206.100            NIMT
61105.000   10081 1353470   46316.000            NIMT
61105.000   10013 1410102   -1431.600            NAO 
61105.000   10013 1350779    6052.100            NAO 
61105.000   10013 1351689    -294.000            NAO 
61105.000   10013 1351214     107.500            NAO 
61105.000   10020 1350343  128568.500            NICT
61105.000   10020 1350907   35349.900            NICT
61105.000   10020 1351226  -16709.200            NICT
61105.000   10020 1351778   75522.600            NICT
61105.000   10020 1351789   -8177.000            NICT
61105.000   10020 1351866    1405.400            NICT
61105.000   10020 1351944  109286.300            NICT
61105.000   10020 1352011  108028.600            NICT
61105.000   10020 1352056  109833.300            NICT
61105.000   10020 1352113  -45907.000            NICT
61105.000   10020 1352116  -27251.600            NICT
61105.000   10020 1352570   88250.500            NICT
61105.000   10020 1352620   60554.700            NICT
61105.000   10020 1352627  -23503.700            NICT
61105.000   10020 1352628  -25064.300            NICT
61105.000   10020 1352784   43148.000            NICT
61105.000   10020 1352876  123659.900            NICT
61105.000   10020 1352903   52858.500            NICT
61105.000   10020 1353594  -14728.800            NICT
61105.000   10020 1353716  -28636.500            NICT
61105.000   10020 1353717  -50343.700            NICT
61105.000   10020 1353718  -44775.900            NICT
61105.000   10020 1353720  -53960.500            NICT
61105.000   10020 1353722  -30802.900            NICT
61105.000   10020 1353909   27494.400            NICT
61105.000   10020 1353912  -38374.800            NICT
61105.000   10020 1353916  -71990.900            NICT
61105.000   10020 1353918   39159.700            NICT
61105.000   10020 1354230   68641.000            NICT
61105.000   10020 1355334   85885.500            NICT
61105.000   10020 1402003   16211.600            NICT
61105.000   10020 1402004   -9470.900            NICT
61105.000   10020 1402012   31875.500            NICT
61105.000   10020 1402013   42932.300            NICT
61105.000   10020 1402014   -2260.600            NICT
61105.000   10020 1402015   73169.900            NICT
61105.000   10020 1411041  -64288.600            NICT
61105.000   10020 1411062   32840.200            NICT
61105.000   10020 1412060   63238.100            NICT
61105.000   10002 1412108  564428.700            NIST
61105.000   10002 1412014 -539926.000            NIST
61105.000   10002 1400004 -195763.900            NIST
61105.000   10002 1400222  729450.400            NIST
61105.000   10002 1400209 -448310.200            NIST
61105.000   10002 1400212  507992.300            NIST
61105.000   10002 1400207  666961.700            NIST
61105.000   10002 1412015  621308.900            NIST
61105.000   10002 1400210  206040.400            NIST
61105.000   10002 1400205  979515.000            NIST
61105.000   10002 1352792 -548621.600            NIST
61105.000   10002 1412099  293774.100            NIST
61105.000   10002 1412006  112332.600            NIST
61105.000   10002 1442021 -565269.900            NIST
61105.000   10002 1352935 -654563.900            NIST
61105.000   10002 1352579  979340.600            NIST
61105.000   10002 1402205 -238040.800            NIST
61105.000   10050 1320293  128020.700            NMIJ
61105.000   10017 1412011   48051.500            NPL 
61105.000   10017 1412050   46157.900            NPL 
61105.000   10003 1352150    8180.500            NRC 
61105.000   10003 1362225   17098.700            NRC 
61105.000   10003 1352115   19350.800            NRC 
61105.000   10003 1352148    3223.500            NRC 
61105.000   10003 1400306   92326.200            NRC 
61105.000   10003 1400307   11162.800            NRC 
61105.000   10049 1415324   -1655.100            NTSC
61105.000   10049 1415322    2399.600            NTSC
61105.000   10049 1415316   -5612.800            NTSC
61105.000   10049 1415082   50031.900            NTSC
61105.000   10049 1414922    5744.900            NTSC
61105.000   10049 1404967    5444.200            NTSC
61105.000   10049 1354937   14417.900            NTSC
61105.000   10049 1352142   15198.700            NTSC
61105.000   10016 1354619       0.000            INXE
61105.000   10008 1352027   33338.500            OP  
61105.000   10008 1400889    5116.800            OP  
61105.000   10008 1353765   79086.700            OP  
61105.000   10008 1400810   20799.900            OP  
61105.000   10008 1400809   35582.500            OP  
61105.000   10008 1400890   29697.800            OP  
61105.000   10026 1352722   -2038.300            ORB 
61105.000   10026 1352724    9712.400            ORB 
61105.000   10026 1411030   76954.100            ORB 
61105.000   10026 1402602  356348.500            ORB 
61105.000   10026 1352723    1510.600            ORB 
61105.000   10040 1350441    -775.100            PL  
61105.000   10040 1415318  -23676.800            PL  
61105.000   10040 1415321   25762.800            PL  
61105.000   10040 1354603     143.700            PL  
61105.000   10040 1354597     260.500            PL  
61105.000   10005 1920001   41584.300            PTB 
61105.000   10005 1920002   37562.000            PTB 
61105.000   10005 1355322    8833.300            PTB 
61105.000   10005 1400510    9014.000            PTB 
61105.000   10005 1400506   32500.000            PTB 
61105.000   10005 1400508   33089.800            PTB 
61105.000   10005 1400509    9929.700            PTB 
61105.000   10005 1415245   -5697.700            PTB 
61105.000   10005 1400512    6876.100            PTB 
61105.000   10005 1415221    3566.800            PTB 
61105.000   10019 1351942   69079.800            ONRJ
61105.000   10019 1320337   50985.600            ONRJ
61105.000   10019 1354204   71518.800            ONRJ
61105.000   10019 1350147   59548.400            ONRJ
61105.000   10019 1350102   19573.200            ONRJ
61105.000   10019 1353364   38854.900            ONRJ
61105.000   10019 1351153  -11788.900            ONRJ
61105.000   10019 1401958  126853.200            ONRJ
61105.000   10014 1350583   -4770.300            ROA 
61105.000   10014 1350718   -2710.700            ROA 
61105.000   10014 1361490   87237.400            ROA 
61105.000   10014 1361488   85379.900            ROA 
61105.000   10014 1351699   55086.400            ROA 
61105.000   10014 1401436 1947650.100            ROA 
61105.000   10014 1412032 1300722.300            ROA 
61105.000   10014 1352270    7862.500            ROA 
61105.000   10062 1352932       0.000            SASO
61105.000   10062 1352931     244.300            SASO
61105.000   10062 1351628     876.300            SASO
61105.000   10062 1350221    -611.100            SASO
61105.000   10067 1352525   -8302.200            SCL 
61105.000   10067 1352178  -19964.200            SCL 
61105.000   10067 1415314    1182.700            SCL 
61105.000   10067 1353448     531.800            SCL 
61105.000   10079 1352003   33938.600            SMD 
61105.000   10079 1352543  -26148.600            SMD 
61105.000   10079 1411049   -1949.000            SMD 
61105.000   10072 1352745  -21739.600            SP  
61105.000   10072 1352749   21976.000            SP  
61105.000   10072 1352758   -2433.300            SP  
61105.000   10072 1354707    6583.200            SP  
61105.000   10072 1362295    3241.500            SP  
61105.000   10072 1365149   56141.000            SP  
61105.000   10072 1407201     729.300            SP  
61105.000   10072 1407223  154873.600            SP  
61105.000   10072 1407231  248735.500            SP  
61105.000   10072 1407232  400414.700            SP  
61105.000   10072 1415319   41892.600            SP  
61105.000   10038 1403809 -409685.800            SU  
61105.000   10038 1403811 -282057.800            SU  
61105.000   10038 1403812  -26258.000            SU  
61105.000   10038 1403844 -561465.300            SU  
61105.000   10038 1403853    4228.500            SU  
61105.000   10038 1403833 -396713.600            SU  
61105.000   10038 1403846   47207.000            SU  
61105.000   10038 1403814 -651522.600            SU  
61105.000   10038 1403815 -332564.400            SU  
61105.000   10038 1403834   10494.300            SU  
61105.000   10038 1403841  -38547.900            SU  
61105.000   10038 1403840    9951.500            SU  
61105.000   10038 1403845 -453789.200            SU  
61105.000   10030 1403011  159021.700            TL  
61105.000   10030 1413202  227578.600            TL  
61105.000   10030 1353942  -36819.300            TL  
61105.000   10030 1353947   55311.800            TL  
61105.000   10030 1354060  -14164.000            TL  
61105.000   10022 1320211 1999814.700            TP  
61105.000   10022 1320247  998867.700            TP  
61105.000   10022 1351227       0.000            TP  
61105.000   10022 1352179       8.900            TP  
61105.000   10022 1352476     543.000            TP  
61105.000   10022 1353519    -136.200            TP  
61105.000   10022 1411076     157.700            TP  
61105.000   10068 1411028       0.000            UME 
61105.000   10068 1352703    2462.000            UME 
61105.000   10068 1350251    3450.400            UME 
61105.000   10068 1350872   -8193.400            UME 
61105.000   10068 1352710    3026.400            UME 
61105.000   10007 1400711 3295024.600            USNO
61105.000   10007 1400712  273067.200            USNO
61105.000   10007 1400719  460638.200            USNO
61105.000   10007 1400702  -65545.200            USNO
61105.000   10007 1400708  666534.800            USNO
61105.000   10007 1400704  114412.400            USNO
61105.000   10007 1400718 1943476.500            USNO
61105.000   10007 1400710 -791687.000            USNO
61105.000   10007 1400726 1288579.600            USNO
61105.000   10007 1400715  421660.400            USNO
61105.000   10007 1350161   80986.800            USNO
61105.000   10007 1400727 -730786.300            USNO
61105.000   10007 1400729 2230691.100            USNO
61105.000   10007 1400725 -219655.000            USNO
61105.000   10007 1400724 -816881.800            USNO
61105.000   10007 1400723 -605797.300            USNO
61105.000   10007 1400722 2697267.000            USNO
61105.000   10007 1400721  444066.200            USNO
61105.000   10007 1400720 1254306.000            USNO
61105.000   10007 1400730 2143681.700            USNO
61105.000   10007 1400731 -405610.300            USNO
61105.000   10007 1400732  755051.000            USNO
61105.000   10007 1400736 1216775.100            USNO
61105.000   10007 1400737 2454733.300            USNO
61105.000   10007 1400740 1109170.900            USNO
61105.000   10007 1400713  454912.600            USNO
61105.000   10007 1400714   95266.600            USNO
61105.000   10007 1400716  684938.900            USNO
61105.000   10007 1400738  104629.400            USNO
61105.000   10064 1355005       0.000            UZ  
61105.000   10064 1354998 5246500.800            UZ  
61105.000   10028 1353669   19967.700            VMI 
61105.000   10028 1361233   12614.100            VMI 
61105.000   10028 1353670  -24348.300            VMI 
61105.000   10024 1411040   -2739.100            VSL 
61105.000   10024 1354466    9764.700            VSL 
61105.000   10024 1355008    7001.600            VSL 
61105.000   10024 1355697     874.300            VSL 
61105.000   10055 1352191     -97.200            DMDM
61105.000   10055 1362033  -54985.000            DMDM
