61132.000   10021 1352938       0.000            UAE 
61132.000   10021 1352940   -2703.400            UAE 
61132.000   10046 1404601   26054.500            AOS 
61132.000   10046 1352394   -1007.600            AOS 
61132.000   10031 1353842    2409.000            APL 
61132.000   10031 1403107  263075.900            APL 
61132.000   10031 1403108  487156.300            APL 
61132.000   10031 1403109  134588.700            APL 
61132.000   10031 1412174   27683.900            APL 
61132.000   10054 1362269     130.000            AUS 
61132.000   10054 1360340   12753.000            AUS 
61132.000   10054 1360654  -44188.000            AUS 
61132.000   10054 1363814    4493.000            AUS 
61132.000   10054 1364971    7433.000            AUS 
61132.000   10054 1360299   28300.000            AUS 
61132.000   10101 1355360       0.000            AZ  
61132.000   10101 1355361   -1175.700            AZ  
61132.000   10075 1352685    3246.800            IMBH
61132.000   10075 1320192   -8506.500            IMBH
61132.000   10075 1320193  -40975.800            IMBH
61132.000   10071 1353447     883.900            BIRM
61132.000   10071 1353689    9921.300            BIRM
61132.000   10071 1407107 -413376.700            BIRM
61132.000   10071 1407112   -9328.800            BIRM
61132.000   10071 1415303   -4367.300            BIRM
61132.000   10071 1415304  -11190.900            BIRM
61132.000   10071 1415305  -20060.200            BIRM
61132.000   10092 1363159    4246.600            ICE 
61132.000   10092 1363522    3639.400            ICE 
61132.000   10057 1355202    -691.600            CH  
61132.000   10057 1373644    -922.100            CH  
61132.000   10057 1405701   -1985.300            CH  
61132.000   10057 1405702   21961.100            CH  
61132.000   10057 1411117     -63.100            CH  
61132.000   10073 1353612  -13174.500            CNM 
61132.000   10073 1413211   -1042.100            CNM 
61132.000   10073 1413212   56481.000            CNM 
61132.000   10074 1411045    4556.100            DLR 
61132.000   10053 1350136     -83.300            DTAG
61132.000   10053 1355332   -1643.100            DTAG
61132.000   10053 1352635    2648.700            DTAG
61132.000   10025 1352025    4244.700            ESA 
61132.000   10025 1351615   -4626.500            ESA 
61132.000   10025 1352353   11634.500            ESA 
61132.000   10025 1352210   29214.900            ESA 
61132.000   10025 1402543  -36003.000            ESA 
61132.000   10025 1402541 -108165.100            ESA 
61132.000   10025 1411033   -1742.900            ESA 
61132.000   10089 1354233       0.000            HKO 
61132.000   10089 1355122    1275.600            HKO 
61132.000   10099 1354701       0.000            IFZG
61132.000   10093 1353401       0.000            NSAI
61132.000   10044 1361167    1058.400            IFAG
61132.000   10044 1361173     364.300            IFAG
61132.000   10044 1361629   10102.200            IFAG
61132.000   10044 1361732    6929.200            IFAG
61132.000   10044 1361798     867.700            IFAG
61132.000   10044 1404439    4522.500            IFAG
61132.000   10044 1404418   15334.200            IFAG
61132.000   10048 1404878  940880.900            NIM 
61132.000   10048 1404871 1065178.100            NIM 
61132.000   10048 1404832 1069781.400            NIM 
61132.000   10048 1404879 1909273.600            NIM 
61132.000   10048 1404880 2190746.900            NIM 
61132.000   10048 1352742  112573.400            NIM 
61132.000   10048 1404849 1414868.500            NIM 
61132.000   10048 1404856   93949.700            NIM 
61132.000   10048 1404857   25059.000            NIM 
61132.000   10048 1404821    2931.000            NIM 
61132.000   10048 1404850     659.500            NIM 
61132.000   10048 1404870    5490.800            NIM 
61132.000   10015 1362377       0.000            INTI
61132.000   10015 1363270   12422.300            INTI
61132.000   10015 1363511    6136.000            INTI
61132.000   10070 1353546    8509.500            IPQ 
61132.000   10083 1353654    9917.400            NIS 
61132.000   10083 1354391   17416.500            NIS 
61132.000   10083 1353812  -29009.500            NIS 
61132.000   10083 1352182   -4180.500            NIS 
61132.000   10011 1350219   -1075.200            IT  
61132.000   10011 1352487    -499.200            IT  
61132.000   10011 1401101  258766.500            IT  
61132.000   10011 1401102  295384.900            IT  
61132.000   10011 1401103   35395.000            IT  
61132.000   10011 1401104    8251.500            IT  
61132.000   10011 1411079   -1299.600            IT  
61132.000   10011 1411078    3725.900            IT  
61132.000   10011 1422012     936.500            IT  
61132.000   10035 1350832   17559.100            BSJ 
61132.000   10035 1350833    9633.100            BSJ 
61132.000   10087 1361277 -112091.200            JV  
61132.000   10087 1362617   70592.800            JV  
61132.000   10087 1415218  -42136.500            JV  
61132.000   10087 1411122   16501.700            JV  
61132.000   10056 1351783   40595.000            KRIS
61132.000   10056 1405624  166431.500            KRIS
61132.000   10056 1405625  481636.500            KRIS
61132.000   10056 1405626   15657.000            KRIS
61132.000   10027 1415201    -691.800            KZ  
61132.000   10027 1415205    1757.600            KZ  
61132.000   10027 1415266   -2714.900            KZ  
61132.000   10052 1351324  -11163.600            NPLI
61132.000   10052 1353376  -10752.600            NPLI
61132.000   10052 1353457    3410.600            NPLI
61132.000   10052 1353413   45068.000            NPLI
61132.000   10052 1353453    5236.400            NPLI
61132.000   10052 1415225  117392.900            NPLI
61132.000   10052 1415365   48533.400            NPLI
61132.000   10052 1415363    3729.500            NPLI
61132.000   10052 1415364   11812.700            NPLI
61132.000   10091 1352370  -10195.300            LRTE
61132.000   10082 1351868       0.000            LT  
61132.000   10082 1351362   -1693.900            LT  
61132.000   10094 1353471  -61613.400            LUX 
61132.000   10094 1353544  -57646.600            LUX 
61132.000   10041 1404113  330647.500            MIKE
61132.000   10041 1404108   31803.100            MIKE
61132.000   10041 1404189  183080.200            MIKE
61132.000   10041 1412084   26750.300            MIKE
61132.000   10088 1361806  -12639.500            CNMP
61132.000   10088 1361752   -6732.400            CNMP
61132.000   10088 1363162    8514.900            CNMP
61132.000   10088 1363179  -67227.900            CNMP
61132.000   10063 1360274    3289.600            MSL 
61132.000   10063 1363396   -4320.800            MSL 
61132.000   10063 1363872  114920.000            MSL 
61132.000   10081 1353476    3880.700            NIMT
61132.000   10081 1353472   46523.700            NIMT
61132.000   10081 1353470   46759.100            NIMT
61132.000   10013 1410102    -918.800            NAO 
61132.000   10013 1350779    5621.600            NAO 
61132.000   10013 1351689    -551.700            NAO 
61132.000   10013 1351214     107.400            NAO 
61132.000   10020 1350343  129265.100            NICT
61132.000   10020 1350907   34917.000            NICT
61132.000   10020 1351226  -16780.900            NICT
61132.000   10020 1351778   75877.500            NICT
61132.000   10020 1351789   -8342.700            NICT
61132.000   10020 1351866    1390.800            NICT
61132.000   10020 1351944  109616.900            NICT
61132.000   10020 1352011  107930.000            NICT
61132.000   10020 1352056  110163.200            NICT
61132.000   10020 1352113  -46018.400            NICT
61132.000   10020 1352116  -27153.600            NICT
61132.000   10020 1352570   88462.900            NICT
61132.000   10020 1352620   60962.500            NICT
61132.000   10020 1352627  -23924.200            NICT
61132.000   10020 1352628  -25384.800            NICT
61132.000   10020 1352784   42843.700            NICT
61132.000   10020 1352876  123545.400            NICT
61132.000   10020 1352903   53003.600            NICT
61132.000   10020 1353594  -14544.400            NICT
61132.000   10020 1353716  -28937.000            NICT
61132.000   10020 1353717  -50924.300            NICT
61132.000   10020 1353718  -45471.000            NICT
61132.000   10020 1353720  -54376.900            NICT
61132.000   10020 1353722  -31046.400            NICT
61132.000   10020 1353909   27681.000            NICT
61132.000   10020 1353912  -38945.200            NICT
61132.000   10020 1353916  -72912.100            NICT
61132.000   10020 1353918   39597.900            NICT
61132.000   10020 1354230   68835.900            NICT
61132.000   10020 1402003   16526.000            NICT
61132.000   10020 1402004  -10098.300            NICT
61132.000   10020 1402012   30564.800            NICT
61132.000   10020 1402013   46164.400            NICT
61132.000   10020 1402014   -2110.400            NICT
61132.000   10020 1402015   76435.100            NICT
61132.000   10020 1411041  -67780.400            NICT
61132.000   10020 1411062   32298.600            NICT
61132.000   10020 1412060   65381.400            NICT
61132.000   10002 1412108  584411.600            NIST
61132.000   10002 1412014 -535986.400            NIST
61132.000   10002 1400004 -193597.000            NIST
61132.000   10002 1400222  731049.400            NIST
61132.000   10002 1400209 -446410.300            NIST
61132.000   10002 1400212  540778.900            NIST
61132.000   10002 1400207  685785.000            NIST
61132.000   10002 1412015  633747.200            NIST
61132.000   10002 1400210  230670.000            NIST
61132.000   10002 1400205  979018.500            NIST
61132.000   10002 1412099  325311.300            NIST
61132.000   10002 1412006  139611.700            NIST
61132.000   10002 1442021 -564016.000            NIST
61132.000   10002 1352935 -655227.100            NIST
61132.000   10002 1352579  979834.600            NIST
61132.000   10002 1402205 -223465.100            NIST
61132.000   10050 1320293  134316.800            NMIJ
61132.000   10017 1412011   48389.300            NPL 
61132.000   10017 1412050   46776.300            NPL 
61132.000   10003 1352150    8212.800            NRC 
61132.000   10003 1362225   17091.000            NRC 
61132.000   10003 1352115   19523.100            NRC 
61132.000   10003 1352148    3191.600            NRC 
61132.000   10003 1400306   92369.100            NRC 
61132.000   10003 1400307   11490.900            NRC 
61132.000   10049 1415324   -1651.500            NTSC
61132.000   10049 1415316   -5807.600            NTSC
61132.000   10049 1415082   51680.600            NTSC
61132.000   10049 1414922    6160.600            NTSC
61132.000   10049 1404967    5800.500            NTSC
61132.000   10049 1354937   14382.500            NTSC
61132.000   10049 1352142   15178.200            NTSC
61132.000   10016 1354619       0.000            INXE
61132.000   10008 1352027   33780.400            OP  
61132.000   10008 1400889    5749.800            OP  
61132.000   10008 1353765   79757.800            OP  
61132.000   10008 1400810   21405.400            OP  
61132.000   10008 1400809   36447.000            OP  
61132.000   10008 1400890   30402.500            OP  
61132.000   10026 1352722   -2128.100            ORB 
61132.000   10026 1352724    9979.300            ORB 
61132.000   10026 1411030   79101.000            ORB 
61132.000   10026 1402602  369899.500            ORB 
61132.000   10026 1352723    1642.300            ORB 
61132.000   10040 1350441    -791.400            PL  
61132.000   10040 1415318  -43164.500            PL  
61132.000   10040 1415321   26541.900            PL  
61132.000   10040 1354603     166.300            PL  
61132.000   10040 1354597     269.200            PL  
61132.000   10005 1920001   41618.600            PTB 
61132.000   10005 1920002   37596.700            PTB 
61132.000   10005 1355322    8917.700            PTB 
61132.000   10005 1400510    9268.200            PTB 
61132.000   10005 1400506   32907.400            PTB 
61132.000   10005 1400508   33479.900            PTB 
61132.000   10005 1400509   10063.100            PTB 
61132.000   10005 1415245   -6074.700            PTB 
61132.000   10005 1400512    7143.300            PTB 
61132.000   10005 1415221    3590.400            PTB 
61132.000   10019 1351942   69605.900            ONRJ
61132.000   10019 1320337   51238.000            ONRJ
61132.000   10019 1354204   72801.900            ONRJ
61132.000   10019 1350147   59713.900            ONRJ
61132.000   10019 1350102   19850.600            ONRJ
61132.000   10019 1353364   39121.800            ONRJ
61132.000   10019 1351153  -12102.600            ONRJ
61132.000   10019 1401958  130454.700            ONRJ
61132.000   10014 1350583   -4920.800            ROA 
61132.000   10014 1350718   -2532.100            ROA 
61132.000   10014 1361490   87468.800            ROA 
61132.000   10014 1361488   85646.000            ROA 
61132.000   10014 1351699   55264.700            ROA 
61132.000   10014 1401436 1964373.600            ROA 
61132.000   10014 1412032 1318168.100            ROA 
61132.000   10014 1352270    7914.200            ROA 
61132.000   10062 1352932       0.000            SASO
61132.000   10062 1352931     562.400            SASO
61132.000   10062 1351628    1030.500            SASO
61132.000   10062 1350221    -766.700            SASO
61132.000   10067 1352525   -8539.100            SCL 
61132.000   10067 1352178  -20435.600            SCL 
61132.000   10067 1415314    1503.200            SCL 
61132.000   10067 1353448    1175.500            SCL 
61132.000   10079 1352003   34109.400            SMD 
61132.000   10079 1352543  -26546.300            SMD 
61132.000   10079 1411049   -1934.100            SMD 
61132.000   10072 1352745  -22181.400            SP  
61132.000   10072 1352749   22582.300            SP  
61132.000   10072 1352758   -2463.200            SP  
61132.000   10072 1354707    6571.600            SP  
61132.000   10072 1362295    4050.400            SP  
61132.000   10072 1365149   58549.000            SP  
61132.000   10072 1407201    1632.600            SP  
61132.000   10072 1407223  156558.700            SP  
61132.000   10072 1407231  255428.000            SP  
61132.000   10072 1407232  409719.200            SP  
61132.000   10072 1415319   42629.300            SP  
61132.000   10038 1403809 -410137.200            SU  
61132.000   10038 1403811 -282038.000            SU  
61132.000   10038 1403812  -25379.900            SU  
61132.000   10038 1403844 -560883.900            SU  
61132.000   10038 1403853    4578.100            SU  
61132.000   10038 1403833 -396048.300            SU  
61132.000   10038 1403846   47946.800            SU  
61132.000   10038 1403814 -648238.900            SU  
61132.000   10038 1403815 -331795.100            SU  
61132.000   10038 1403834   10993.800            SU  
61132.000   10038 1403841  -37334.200            SU  
61132.000   10038 1403840   10356.200            SU  
61132.000   10038 1403845 -453983.600            SU  
61132.000   10030 1403011  173780.100            TL  
61132.000   10030 1413202  236841.200            TL  
61132.000   10030 1353942  -37439.700            TL  
61132.000   10030 1353947   56066.300            TL  
61132.000   10030 1354060  -14382.100            TL  
61132.000   10022 1320211 1999888.900            TP  
61132.000   10022 1320247  998918.900            TP  
61132.000   10022 1351227       0.000            TP  
61132.000   10022 1352179      81.700            TP  
61132.000   10022 1352476     592.600            TP  
61132.000   10022 1353519    -119.100            TP  
61132.000   10068 1411028       0.000            UME 
61132.000   10068 1352703     387.700            UME 
61132.000   10068 1350251     383.200            UME 
61132.000   10068 1350872     300.700            UME 
61132.000   10068 1352710     404.000            UME 
61132.000   10007 1400711 3310176.000            USNO
61132.000   10007 1400712  274788.100            USNO
61132.000   10007 1400719  466431.200            USNO
61132.000   10007 1400702  -65473.100            USNO
61132.000   10007 1400708  670083.300            USNO
61132.000   10007 1400704  115754.000            USNO
61132.000   10007 1400718 1953905.400            USNO
61132.000   10007 1400710 -804590.200            USNO
61132.000   10007 1400726 1301652.000            USNO
61132.000   10007 1400715  426490.000            USNO
61132.000   10007 1350161   80945.600            USNO
61132.000   10007 1400727 -739916.600            USNO
61132.000   10007 1400729 2250597.100            USNO
61132.000   10007 1400725 -220016.700            USNO
61132.000   10007 1400724 -819819.100            USNO
61132.000   10007 1400723 -605372.900            USNO
61132.000   10007 1400722 2692164.600            USNO
61132.000   10007 1400721  465827.100            USNO
61132.000   10007 1400720 1256812.200            USNO
61132.000   10007 1400730 2159963.300            USNO
61132.000   10007 1400731 -410254.500            USNO
61132.000   10007 1400732  765222.600            USNO
61132.000   10007 1400736 1218174.300            USNO
61132.000   10007 1400737 2462212.700            USNO
61132.000   10007 1400740 1125863.900            USNO
61132.000   10007 1400713  458852.900            USNO
61132.000   10007 1400714   96932.600            USNO
61132.000   10007 1400716  691542.100            USNO
61132.000   10007 1400738  109157.800            USNO
61132.000   10064 1355005       0.000            UZ  
61132.000   10064 1354998 5074392.100            UZ  
61132.000   10028 1353669   19624.700            VMI 
61132.000   10028 1361233   12221.100            VMI 
61132.000   10028 1353670  -25466.500            VMI 
61132.000   10024 1411040   -2888.400            VSL 
61132.000   10024 1354466    9964.200            VSL 
61132.000   10024 1355008    7207.400            VSL 
61132.000   10024 1355697    1138.200            VSL 
61132.000   10055 1352191    -106.700            DMDM
61132.000   10055 1362033  -56556.900            DMDM
