61186.000   10021 1352938       0.000            UAE 
61186.000   10021 1352940   -4231.500            UAE 
61186.000   10046 1404601   27346.900            AOS 
61186.000   10046 1352394   -1257.500            AOS 
61186.000   10031 1353842    2410.400            APL 
61186.000   10031 1403107  268582.800            APL 
61186.000   10031 1403108  529139.800            APL 
61186.000   10031 1403109  135976.700            APL 
61186.000   10031 1412174   33812.700            APL 
61186.000   10054 1362269     144.000            AUS 
61186.000   10054 1360340   13078.000            AUS 
61186.000   10054 1360654  -45624.000            AUS 
61186.000   10054 1363814    4704.000            AUS 
61186.000   10054 1364971    7792.000            AUS 
61186.000   10054 1360299   28996.000            AUS 
61186.000   10075 1352685    3440.000            IMBH
61186.000   10075 1320192   -8880.800            IMBH
61186.000   10075 1320193  -43045.600            IMBH
61186.000   10071 1353447     684.300            BIRM
61186.000   10071 1353689    9942.600            BIRM
61186.000   10071 1407103    -431.800            BIRM
61186.000   10071 1407107 -433318.400            BIRM
61186.000   10071 1407111   -1341.100            BIRM
61186.000   10071 1407112  -11505.200            BIRM
61186.000   10071 1415303   -5498.100            BIRM
61186.000   10071 1415304  -12452.600            BIRM
61186.000   10071 1415305  -21549.400            BIRM
61186.000   10092 1363159    3874.700            ICE 
61186.000   10092 1363522    3721.900            ICE 
61186.000   10057 1355202    -806.600            CH  
61186.000   10057 1373644   -1125.600            CH  
61186.000   10057 1405701   -2243.800            CH  
61186.000   10057 1405702   20863.600            CH  
61186.000   10057 1411117     -88.700            CH  
61186.000   10073 1353612  -14913.000            CNM 
61186.000   10073 1413211   -1011.800            CNM 
61186.000   10073 1413212   67916.500            CNM 
61186.000   10074 1411045    5326.300            DLR 
61186.000   10053 1350136     -83.300            DTAG
61186.000   10053 1355332   -1431.600            DTAG
61186.000   10053 1352635    2531.200            DTAG
61186.000   10025 1352025    4412.400            ESA 
61186.000   10025 1351615   -4788.700            ESA 
61186.000   10025 1352353   11987.600            ESA 
61186.000   10025 1352210   30330.900            ESA 
61186.000   10025 1402543  -42635.600            ESA 
61186.000   10025 1402541 -120480.300            ESA 
61186.000   10025 1411033   -2588.600            ESA 
61186.000   10089 1354233       0.000            HKO 
61186.000   10089 1355122    1352.400            HKO 
61186.000   10099 1354701       0.000            IFZG
61186.000   10093 1353401       0.000            NSAI
61186.000   10044 1361167     744.200            IFAG
61186.000   10044 1361173     120.100            IFAG
61186.000   10044 1361629   10944.600            IFAG
61186.000   10044 1361732    7608.600            IFAG
61186.000   10044 1361798     313.200            IFAG
61186.000   10044 1404439    4254.800            IFAG
61186.000   10044 1404418   15162.900            IFAG
61186.000   10048 1404878  966799.600            NIM 
61186.000   10048 1404871 1096248.500            NIM 
61186.000   10048 1404832 1110974.400            NIM 
61186.000   10048 1404879 1939785.900            NIM 
61186.000   10048 1404880 2222780.700            NIM 
61186.000   10048 1352742  114149.900            NIM 
61186.000   10048 1404849 1415223.200            NIM 
61186.000   10048 1404856   94350.500            NIM 
61186.000   10048 1404857   24823.400            NIM 
61186.000   10048 1404821    3118.400            NIM 
61186.000   10048 1404850     741.100            NIM 
61186.000   10048 1404870    5900.400            NIM 
61186.000   10015 1362377       0.000            INTI
61186.000   10015 1363270   12766.500            INTI
61186.000   10015 1363511    6289.800            INTI
61186.000   10070 1353546    8518.900            IPQ 
61186.000   10083 1353654   10150.300            NIS 
61186.000   10083 1354391   18433.900            NIS 
61186.000   10083 1353812  -30270.800            NIS 
61186.000   10083 1352182   -4435.400            NIS 
61186.000   10011 1350219   -1138.400            IT  
61186.000   10011 1352487    -676.900            IT  
61186.000   10011 1401101  286924.800            IT  
61186.000   10011 1401102  300746.500            IT  
61186.000   10011 1401103   37539.000            IT  
61186.000   10011 1401104    5209.600            IT  
61186.000   10011 1411079   -1751.300            IT  
61186.000   10011 1411078    4681.700            IT  
61186.000   10035 1350832   18407.400            BSJ 
61186.000   10035 1350833   10201.200            BSJ 
61186.000   10087 1361277 -112621.400            JV  
61186.000   10087 1362617   71456.000            JV  
61186.000   10087 1415218  -42179.900            JV  
61186.000   10087 1411122   18120.700            JV  
61186.000   10056 1351783   41769.500            KRIS
61186.000   10056 1405624  174292.600            KRIS
61186.000   10056 1405625  504833.700            KRIS
61186.000   10056 1405626   16632.800            KRIS
61186.000   10027 1415201      -6.000            KZ  
61186.000   10027 1415205       1.200            KZ  
61186.000   10027 1415266     -11.900            KZ  
61186.000   10052 1351324  -11255.100            NPLI
61186.000   10052 1353376  -10914.800            NPLI
61186.000   10052 1353457    3519.100            NPLI
61186.000   10052 1353413   45690.400            NPLI
61186.000   10052 1353453    5364.100            NPLI
61186.000   10052 1415225  122481.300            NPLI
61186.000   10052 1415365   50336.600            NPLI
61186.000   10052 1415363    4289.400            NPLI
61186.000   10052 1415364   12454.000            NPLI
61186.000   10091 1352370  -11633.500            LRTE
61186.000   10082 1351868       0.000            LT  
61186.000   10082 1351362   -1677.600            LT  
61186.000   10094 1353471  -62164.300            LUX 
61186.000   10094 1353544  -57416.600            LUX 
61186.000   10085 1353507       0.000            NIMB
61186.000   10041 1404113  335985.100            MIKE
61186.000   10041 1404108   34124.500            MIKE
61186.000   10041 1404189  181065.400            MIKE
61186.000   10041 1412084   26082.800            MIKE
61186.000   10063 1360274    3360.200            MSL 
61186.000   10063 1363396   -4310.200            MSL 
61186.000   10063 1363872  117528.100            MSL 
61186.000   10081 1353476    3261.700            NIMT
61186.000   10081 1353472   47154.000            NIMT
61186.000   10081 1353470   47716.400            NIMT
61186.000   10013 1410102    2387.500            NAO 
61186.000   10013 1350779     453.800            NAO 
61186.000   10013 1351689     346.100            NAO 
61186.000   10013 1351214     107.400            NAO 
61186.000   10020 1350343  130724.700            NICT
61186.000   10020 1350907   34088.600            NICT
61186.000   10020 1351778   76589.700            NICT
61186.000   10020 1351789   -8687.000            NICT
61186.000   10020 1351866    1376.400            NICT
61186.000   10020 1351944  110271.900            NICT
61186.000   10020 1352011  107755.200            NICT
61186.000   10020 1352056  110844.800            NICT
61186.000   10020 1352113  -46228.400            NICT
61186.000   10020 1352116  -26913.600            NICT
61186.000   10020 1352570   88899.300            NICT
61186.000   10020 1352620   61790.500            NICT
61186.000   10020 1352627  -24773.600            NICT
61186.000   10020 1352628  -26049.800            NICT
61186.000   10020 1352784   42261.000            NICT
61186.000   10020 1352876  123339.100            NICT
61186.000   10020 1352903   53276.800            NICT
61186.000   10020 1353259  -14372.500            NICT
61186.000   10020 1353594  -14275.000            NICT
61186.000   10020 1353716  -29498.600            NICT
61186.000   10020 1353717  -52154.100            NICT
61186.000   10020 1353718  -46898.900            NICT
61186.000   10020 1353720  -55172.100            NICT
61186.000   10020 1353722  -31498.800            NICT
61186.000   10020 1353909   28067.600            NICT
61186.000   10020 1353912  -40069.100            NICT
61186.000   10020 1353916  -74768.100            NICT
61186.000   10020 1353918   40509.300            NICT
61186.000   10020 1354230   69113.300            NICT
61186.000   10020 1402003   17167.200            NICT
61186.000   10020 1402004  -11354.800            NICT
61186.000   10020 1402012   28048.300            NICT
61186.000   10020 1402013   52876.400            NICT
61186.000   10020 1402014   -1720.000            NICT
61186.000   10020 1402015   83135.100            NICT
61186.000   10020 1411041  -74874.800            NICT
61186.000   10020 1411062   31211.500            NICT
61186.000   10020 1412060   69795.100            NICT
61186.000   10002 1412108  624722.700            NIST
61186.000   10002 1412014 -527982.900            NIST
61186.000   10002 1400004 -189239.400            NIST
61186.000   10002 1400222  734250.500            NIST
61186.000   10002 1400209 -442411.000            NIST
61186.000   10002 1400212  606916.700            NIST
61186.000   10002 1400207  723560.300            NIST
61186.000   10002 1412015  658741.100            NIST
61186.000   10002 1400210  280228.800            NIST
61186.000   10002 1400205  978030.100            NIST
61186.000   10002 1412099  388716.600            NIST
61186.000   10002 1412006  194517.700            NIST
61186.000   10002 1442021 -561038.300            NIST
61186.000   10002 1352935 -656499.000            NIST
61186.000   10002 1352579  980826.000            NIST
61186.000   10002 1402205 -194125.200            NIST
61186.000   10050 1320293  146815.800            NMIJ
61186.000   10017 1412011   49068.000            NPL 
61186.000   10017 1412050   48521.900            NPL 
61186.000   10003 1352150    8354.900            NRC 
61186.000   10003 1362225   17007.800            NRC 
61186.000   10003 1352115   19890.900            NRC 
61186.000   10003 1352148    3146.100            NRC 
61186.000   10003 1400306   92631.700            NRC 
61186.000   10003 1400307   12162.700            NRC 
61186.000   10049 1415324   -1595.100            NTSC
61186.000   10049 1415322    3065.600            NTSC
61186.000   10049 1415316   -6198.900            NTSC
61186.000   10049 1415085    -242.000            NTSC
61186.000   10049 1414922    7031.400            NTSC
61186.000   10049 1404967    6545.700            NTSC
61186.000   10049 1354937   14340.100            NTSC
61186.000   10049 1352142   15140.800            NTSC
61186.000   10016 1354619       0.000            INXE
61186.000   10008 1352027   34645.500            OP  
61186.000   10008 1400889    7026.900            OP  
61186.000   10008 1353765   81071.400            OP  
61186.000   10008 1400810   22639.000            OP  
61186.000   10008 1400809   38207.300            OP  
61186.000   10008 1400890   31816.600            OP  
61186.000   10026 1352722   -1910.700            ORB 
61186.000   10026 1352724   10522.800            ORB 
61186.000   10026 1411030   83420.600            ORB 
61186.000   10026 1402602  397008.500            ORB 
61186.000   10026 1352723    1873.000            ORB 
61186.000   10040 1350441    -787.900            PL  
61186.000   10040 1415318  -95692.400            PL  
61186.000   10040 1415321   28273.000            PL  
61186.000   10040 1354603     236.400            PL  
61186.000   10040 1354597     277.100            PL  
61186.000   10005 1920001   41740.000            PTB 
61186.000   10005 1920002   37725.900            PTB 
61186.000   10005 1355322    9075.400            PTB 
61186.000   10005 1400510    9730.700            PTB 
61186.000   10005 1400506   33832.400            PTB 
61186.000   10005 1400508   34429.000            PTB 
61186.000   10005 1400509   10334.700            PTB 
61186.000   10005 1415245   -6841.700            PTB 
61186.000   10005 1400512    7692.100            PTB 
61186.000   10005 1415221    3634.100            PTB 
61186.000   10019 1351942   70638.400            ONRJ
61186.000   10019 1320337   51702.900            ONRJ
61186.000   10019 1354204   75334.500            ONRJ
61186.000   10019 1350147   60037.300            ONRJ
61186.000   10019 1350102  154798.600            ONRJ
61186.000   10019 1353364   39622.200            ONRJ
61186.000   10019 1351153  -12725.000            ONRJ
61186.000   10019 1401958  137856.600            ONRJ
61186.000   10014 1350583   -5196.000            ROA 
61186.000   10014 1350718   -2186.100            ROA 
61186.000   10014 1361490   87812.100            ROA 
61186.000   10014 1361488   86293.000            ROA 
61186.000   10014 1351699   55599.900            ROA 
61186.000   10014 1401436 1998021.300            ROA 
61186.000   10014 1412032 1353283.400            ROA 
61186.000   10014 1352270    7982.400            ROA 
61186.000   10062 1352932       0.000            SASO
61186.000   10062 1352931    1189.700            SASO
61186.000   10062 1351628    1411.200            SASO
61186.000   10062 1350221   -1130.200            SASO
61186.000   10067 1352525   -8994.200            SCL 
61186.000   10067 1352178  -21424.900            SCL 
61186.000   10067 1415314    2155.500            SCL 
61186.000   10067 1353448    2472.400            SCL 
61186.000   10079 1352003   34496.600            SMD 
61186.000   10079 1352543  -27321.300            SMD 
61186.000   10079 1411049   -1897.000            SMD 
61186.000   10072 1352745  -23052.800            SP  
61186.000   10072 1352749   23846.900            SP  
61186.000   10072 1352758   -2503.300            SP  
61186.000   10072 1354707    6510.700            SP  
61186.000   10072 1362295    5693.600            SP  
61186.000   10072 1365149   63245.700            SP  
61186.000   10072 1407201    3585.700            SP  
61186.000   10072 1407223  159948.000            SP  
61186.000   10072 1407231  269009.300            SP  
61186.000   10072 1407232  428487.300            SP  
61186.000   10072 1415319   44109.700            SP  
61186.000   10038 1403809 -411020.800            SU  
61186.000   10038 1403811 -281967.300            SU  
61186.000   10038 1403812  -23564.200            SU  
61186.000   10038 1403844 -559708.100            SU  
61186.000   10038 1403853    5283.600            SU  
61186.000   10038 1403833 -394695.100            SU  
61186.000   10038 1403846   49436.600            SU  
61186.000   10038 1403814 -641636.200            SU  
61186.000   10038 1403815 -330229.700            SU  
61186.000   10038 1403834   12017.000            SU  
61186.000   10038 1403841  -34888.300            SU  
61186.000   10038 1403840   11185.200            SU  
61186.000   10038 1403845 -454349.000            SU  
61186.000   10030 1403011  203511.200            TL  
61186.000   10030 1413202  258255.000            TL  
61186.000   10030 1353942  -38652.400            TL  
61186.000   10030 1353947   57518.400            TL  
61186.000   10030 1354060  -14794.100            TL  
61186.000   10022 1320211 1999898.500            TP  
61186.000   10022 1320247  998975.200            TP  
61186.000   10022 1351227       0.000            TP  
61186.000   10022 1352179      92.600            TP  
61186.000   10022 1352476     584.700            TP  
61186.000   10022 1353519    -101.500            TP  
61186.000   10022 1411076    1293.900            TP  
61186.000   10068 1411028       0.000            UME 
61186.000   10068 1352703      98.700            UME 
61186.000   10068 1350251     204.400            UME 
61186.000   10068 1350872    -593.400            UME 
61186.000   10068 1352710     657.600            UME 
61186.000   10007 1400711 3340513.400            USNO
61186.000   10007 1400719  477531.300            USNO
61186.000   10007 1400702  -65322.100            USNO
61186.000   10007 1400708  677208.000            USNO
61186.000   10007 1400704  118470.500            USNO
61186.000   10007 1400718 1974834.500            USNO
61186.000   10007 1400710 -830368.500            USNO
61186.000   10007 1400726 1329410.000            USNO
61186.000   10007 1400715  436182.600            USNO
61186.000   10007 1350161   80855.600            USNO
61186.000   10007 1400727 -757963.400            USNO
61186.000   10007 1400729 2290632.100            USNO
61186.000   10007 1400725 -220740.900            USNO
61186.000   10007 1400724 -825683.800            USNO
61186.000   10007 1400723 -604460.600            USNO
61186.000   10007 1400722 2676893.400            USNO
61186.000   10007 1400721  509612.500            USNO
61186.000   10007 1400720 1262009.400            USNO
61186.000   10007 1400730 2192677.300            USNO
61186.000   10007 1400731 -419544.800            USNO
61186.000   10007 1400732  785736.700            USNO
61186.000   10007 1400736 1221161.700            USNO
61186.000   10007 1400737 2477402.500            USNO
61186.000   10007 1400740 1159574.800            USNO
61186.000   10007 1400713  466787.800            USNO
61186.000   10007 1400716  704770.800            USNO
61186.000   10007 1400733  135015.100            USNO
61186.000   10064 1355005       0.000            UZ  
61186.000   10064 1354998 4809143.600            UZ  
61186.000   10028 1353669   20188.000            VMI 
61186.000   10028 1361233   12645.900            VMI 
61186.000   10028 1353670  -26405.100            VMI 
61186.000   10024 1411040   -3192.400            VSL 
61186.000   10024 1354466   10335.500            VSL 
61186.000   10024 1355008    7645.500            VSL 
61186.000   10024 1355697    1659.200            VSL 
61186.000   10055 1352191     -66.800            DMDM
61186.000   10055 1362033  -59654.600            DMDM
