61070.000   10021 1352938       0.000            UAE 
61070.000   10021 1352940    -801.500            UAE 
61070.000   10046 1404601   24605.000            AOS 
61070.000   10046 1352394    -751.900            AOS 
61070.000   10031 1353842    2422.800            APL 
61070.000   10031 1403107  256892.300            APL 
61070.000   10031 1403108  439159.700            APL 
61070.000   10031 1403109  132995.600            APL 
61070.000   10031 1412174   21585.500            APL 
61070.000   10054 1362269     160.000            AUS 
61070.000   10054 1360340   12311.000            AUS 
61070.000   10054 1360654  -42569.000            AUS 
61070.000   10054 1363814    4234.000            AUS 
61070.000   10054 1364971    6970.000            AUS 
61070.000   10054 1360299   27673.000            AUS 
61070.000   10101 1355360       0.000            AZ  
61070.000   10101 1355361    -910.900            AZ  
61070.000   10075 1352685    3019.200            IMBH
61070.000   10075 1320192   -8036.900            IMBH
61070.000   10075 1320193  -38547.800            IMBH
61070.000   10071 1353447    1150.300            BIRM
61070.000   10071 1353689    9840.800            BIRM
61070.000   10071 1407107 -390701.300            BIRM
61070.000   10071 1407111    -212.100            BIRM
61070.000   10071 1407112   -6899.100            BIRM
61070.000   10071 1415303   -3162.800            BIRM
61070.000   10071 1415304   -9820.900            BIRM
61070.000   10071 1415305  -18416.300            BIRM
61070.000   10092 1363159    4673.600            ICE 
61070.000   10092 1363522    3512.300            ICE 
61070.000   10057 1352117   14053.800            CH  
61070.000   10057 1355202    -569.200            CH  
61070.000   10057 1373644    -707.400            CH  
61070.000   10057 1405701   -1695.100            CH  
61070.000   10057 1405702   23053.500            CH  
61070.000   10057 1411117    -213.800            CH  
61070.000   10073 1353612  -11067.000            CNM 
61070.000   10073 1413211    -999.300            CNM 
61070.000   10073 1413212   44094.400            CNM 
61070.000   10074 1411045    3642.000            DLR 
61070.000   10053 1350136     -83.300            DTAG
61070.000   10053 1355332   -1453.300            DTAG
61070.000   10053 1352635    2355.600            DTAG
61070.000   10025 1352025    4017.000            ESA 
61070.000   10025 1351615   -4439.100            ESA 
61070.000   10025 1352353   11224.500            ESA 
61070.000   10025 1352210   27933.400            ESA 
61070.000   10025 1402543  -28944.600            ESA 
61070.000   10025 1402541  -95251.700            ESA 
61070.000   10089 1354233       0.000            HKO 
61070.000   10089 1355122    1239.200            HKO 
61070.000   10099 1354701       0.000            IFZG
61070.000   10093 1353401       0.000            NSAI
61070.000   10044 1361167    1325.800            IFAG
61070.000   10044 1361173     543.400            IFAG
61070.000   10044 1361629    8864.100            IFAG
61070.000   10044 1361732    6149.100            IFAG
61070.000   10044 1361798    1222.600            IFAG
61070.000   10044 1404439    4791.700            IFAG
61070.000   10044 1404418   15229.700            IFAG
61070.000   10048 1404878  911319.500            NIM 
61070.000   10048 1404871 1029655.300            NIM 
61070.000   10048 1404832 1023122.500            NIM 
61070.000   10048 1404879 1874510.000            NIM 
61070.000   10048 1404880 2154241.700            NIM 
61070.000   10048 1352742  110800.200            NIM 
61070.000   10048 1404849 1414479.600            NIM 
61070.000   10048 1404856   93494.800            NIM 
61070.000   10048 1404857   25332.500            NIM 
61070.000   10048 1404821    2734.800            NIM 
61070.000   10048 1404850     582.700            NIM 
61070.000   10048 1404870    5043.800            NIM 
61070.000   10015 1362377       0.000            INTI
61070.000   10015 1363270   11943.700            INTI
61070.000   10015 1363511    5914.900            INTI
61070.000   10070 1353546    8543.600            IPQ 
61070.000   10083 1353654    9645.200            NIS 
61070.000   10083 1354391   16225.400            NIS 
61070.000   10083 1353812  -27580.700            NIS 
61070.000   10083 1352182   -4027.800            NIS 
61070.000   10011 1350219   -1004.600            IT  
61070.000   10011 1352487    -342.500            IT  
61070.000   10011 1401101  226837.500            IT  
61070.000   10011 1401102  289033.000            IT  
61070.000   10011 1401103   33006.400            IT  
61070.000   10011 1401104   11627.400            IT  
61070.000   10011 1411079    -825.500            IT  
61070.000   10011 1411078    2723.800            IT  
61070.000   10035 1350832   16533.500            BSJ 
61070.000   10035 1350833    9095.500            BSJ 
61070.000   10087 1361277 -111454.300            JV  
61070.000   10087 1362617   69614.900            JV  
61070.000   10087 1415218  -42086.700            JV  
61070.000   10087 1411122   14736.200            JV  
61070.000   10056 1351783   39216.600            KRIS
61070.000   10056 1405624  157516.100            KRIS
61070.000   10056 1405625  455411.000            KRIS
61070.000   10056 1405626   14543.400            KRIS
61070.000   10027 1415201    -641.300            KZ  
61070.000   10027 1415205    1461.300            KZ  
61070.000   10027 1415266   -2306.900            KZ  
61070.000   10052 1351324  -11011.200            NPLI
61070.000   10052 1353376  -10525.500            NPLI
61070.000   10052 1353457    3316.900            NPLI
61070.000   10052 1353413   44320.300            NPLI
61070.000   10052 1353453    5084.500            NPLI
61070.000   10052 1415225  111784.700            NPLI
61070.000   10052 1415365   46492.800            NPLI
61070.000   10052 1415363    3109.500            NPLI
61070.000   10052 1415364   11106.900            NPLI
61070.000   10091 1352370   -7693.600            LRTE
61070.000   10082 1351868       0.000            LT  
61070.000   10082 1351362   -1745.700            LT  
61070.000   10094 1353471  -60994.000            LUX 
61070.000   10094 1353544  -57943.300            LUX 
61070.000   10041 1404113  324538.600            MIKE
61070.000   10041 1404108   29272.500            MIKE
61070.000   10041 1404189  186131.000            MIKE
61070.000   10041 1412084   27520.200            MIKE
61070.000   10088 1361806  -12473.300            CNMP
61070.000   10088 1361752   -6649.600            CNMP
61070.000   10088 1363162    8046.300            CNMP
61070.000   10088 1363179  -66212.600            CNMP
61070.000   10063 1360274    3059.100            MSL 
61070.000   10063 1363396   -4414.500            MSL 
61070.000   10063 1363872  111830.000            MSL 
61070.000   10081 1353476    4648.700            NIMT
61070.000   10081 1353472   45810.500            NIMT
61070.000   10081 1353470   45726.400            NIMT
61070.000   10013 1410102   -1789.700            NAO 
61070.000   10013 1350779    6543.300            NAO 
61070.000   10013 1351689     -29.400            NAO 
61070.000   10013 1351214     107.500            NAO 
61070.000   10020 1350343  127691.400            NICT
61070.000   10020 1350907   35884.100            NICT
61070.000   10020 1351226  -16607.500            NICT
61070.000   10020 1351778   75042.700            NICT
61070.000   10020 1351789   -7959.000            NICT
61070.000   10020 1351866    1413.800            NICT
61070.000   10020 1351944  108853.100            NICT
61070.000   10020 1352011  108134.800            NICT
61070.000   10020 1352056  109369.000            NICT
61070.000   10020 1352113  -45759.200            NICT
61070.000   10020 1352116  -27329.200            NICT
61070.000   10020 1352570   87940.900            NICT
61070.000   10020 1352620   59997.700            NICT
61070.000   10020 1352627  -22999.500            NICT
61070.000   10020 1352628  -24692.900            NICT
61070.000   10020 1352784   43529.300            NICT
61070.000   10020 1352876  123817.100            NICT
61070.000   10020 1352903   52683.000            NICT
61070.000   10020 1353594  -14982.600            NICT
61070.000   10020 1353716  -28249.200            NICT
61070.000   10020 1353717  -49617.300            NICT
61070.000   10020 1353718  -43907.300            NICT
61070.000   10020 1353720  -53420.700            NICT
61070.000   10020 1353722  -30498.700            NICT
61070.000   10020 1353909   27245.900            NICT
61070.000   10020 1353912  -37657.500            NICT
61070.000   10020 1353916  -70814.300            NICT
61070.000   10020 1353918   38540.900            NICT
61070.000   10020 1354230   68377.900            NICT
61070.000   10020 1355334   86045.900            NICT
61070.000   10020 1402003   15809.800            NICT
61070.000   10020 1402004   -8664.300            NICT
61070.000   10020 1402012   33622.200            NICT
61070.000   10020 1402013   38855.900            NICT
61070.000   10020 1402014   -2412.200            NICT
61070.000   10020 1402015   69019.600            NICT
61070.000   10020 1411041  -59811.800            NICT
61070.000   10020 1411062   33537.500            NICT
61070.000   10020 1412060   60525.800            NICT
61070.000   10002 1412108  538700.300            NIST
61070.000   10002 1412014 -544974.700            NIST
61070.000   10002 1400004 -198561.100            NIST
61070.000   10002 1400222  727374.300            NIST
61070.000   10002 1400209 -450690.500            NIST
61070.000   10002 1400212  465772.600            NIST
61070.000   10002 1400207  642626.500            NIST
61070.000   10002 1412015  605258.600            NIST
61070.000   10002 1400210  174257.000            NIST
61070.000   10002 1400205  980159.900            NIST
61070.000   10002 1352792 -547958.200            NIST
61070.000   10002 1412099  253221.200            NIST
61070.000   10002 1412006   77137.400            NIST
61070.000   10002 1442021 -552184.000            NIST
61070.000   10002 1352935 -653719.300            NIST
61070.000   10002 1352579  978734.800            NIST
61070.000   10002 1402205 -256888.000            NIST
61070.000   10050 1320293  119917.900            NMIJ
61070.000   10017 1412011   47632.300            NPL 
61070.000   10017 1412050   45578.900            NPL 
61070.000   10003 1352150    8070.100            NRC 
61070.000   10003 1362225   17137.400            NRC 
61070.000   10003 1352115   19095.300            NRC 
61070.000   10003 1352148    3244.900            NRC 
61070.000   10003 1400306   91637.600            NRC 
61070.000   10003 1400307   10741.500            NRC 
61070.000   10049 1415324   -1633.000            NTSC
61070.000   10049 1415316   -5360.000            NTSC
61070.000   10049 1415085  -22370.000            NTSC
61070.000   10049 1415082   47922.700            NTSC
61070.000   10049 1414922    5226.000            NTSC
61070.000   10049 1404967    4999.000            NTSC
61070.000   10049 1354937   14417.600            NTSC
61070.000   10049 1352142   15212.600            NTSC
61070.000   10016 1354619       0.000            INXE
61070.000   10008 1352027   32788.600            OP  
61070.000   10008 1400889    4303.600            OP  
61070.000   10008 1353765   78211.700            OP  
61070.000   10008 1400810   20023.400            OP  
61070.000   10008 1400809   34471.700            OP  
61070.000   10008 1400890   28781.700            OP  
61070.000   10026 1352722   -1946.600            ORB 
61070.000   10026 1352724    9373.900            ORB 
61070.000   10026 1411030   74196.500            ORB 
61070.000   10026 1402602  338795.800            ORB 
61070.000   10026 1352723    1348.500            ORB 
61070.000   10040 1350441    -763.000            PL  
61070.000   10040 1415318   -5439.300            PL  
61070.000   10040 1415321   24766.400            PL  
61070.000   10040 1354603     121.700            PL  
61070.000   10040 1354597     234.000            PL  
61070.000   10005 1920001   41551.100            PTB 
61070.000   10005 1920002   37515.700            PTB 
61070.000   10005 1355322    8737.300            PTB 
61070.000   10005 1400510    8688.100            PTB 
61070.000   10005 1400506   32036.100            PTB 
61070.000   10005 1400508   32668.600            PTB 
61070.000   10005 1400509    9758.000            PTB 
61070.000   10005 1415245   -5217.600            PTB 
61070.000   10005 1400512    6537.300            PTB 
61070.000   10005 1415221    3539.700            PTB 
61070.000   10019 1351942   68397.100            ONRJ
61070.000   10019 1320337   50682.000            ONRJ
61070.000   10019 1354204   69869.800            ONRJ
61070.000   10019 1350147   59313.200            ONRJ
61070.000   10019 1350102   19209.800            ONRJ
61070.000   10019 1353364   38528.700            ONRJ
61070.000   10019 1351153  -11417.100            ONRJ
61070.000   10019 1401958  122290.200            ONRJ
61070.000   10014 1350583   -4603.500            ROA 
61070.000   10014 1350718   -2967.300            ROA 
61070.000   10014 1361490   86911.200            ROA 
61070.000   10014 1361488   85002.900            ROA 
61070.000   10014 1351699   54854.000            ROA 
61070.000   10014 1401436 1926072.700            ROA 
61070.000   10014 1412032 1278222.700            ROA 
61070.000   10014 1352270    7817.200            ROA 
61070.000   10062 1352932       0.000            SASO
61070.000   10062 1352931    -180.500            SASO
61070.000   10062 1351628     642.500            SASO
61070.000   10062 1350221    -426.400            SASO
61070.000   10067 1352525   -8018.800            SCL 
61070.000   10067 1352178  -19410.300            SCL 
61070.000   10067 1415314     780.300            SCL 
61070.000   10067 1353448    -294.100            SCL 
61070.000   10079 1352003   33690.700            SMD 
61070.000   10079 1352543  -25638.700            SMD 
61070.000   10079 1411049   -1965.000            SMD 
61070.000   10072 1352745  -21192.800            SP  
61070.000   10072 1352749   21178.000            SP  
61070.000   10072 1352758   -2386.700            SP  
61070.000   10072 1354707    6588.000            SP  
61070.000   10072 1362295    2192.400            SP  
61070.000   10072 1365149   53086.400            SP  
61070.000   10072 1407201    -383.600            SP  
61070.000   10072 1407223  152694.600            SP  
61070.000   10072 1407231  240163.000            SP  
61070.000   10072 1407232  388432.700            SP  
61070.000   10072 1415319   40931.000            SP  
61070.000   10038 1403809 -409093.600            SU  
61070.000   10038 1403811 -282073.700            SU  
61070.000   10038 1403812  -27367.200            SU  
61070.000   10038 1403844 -562213.600            SU  
61070.000   10038 1403853    3776.800            SU  
61070.000   10038 1403833 -397566.600            SU  
61070.000   10038 1403846   46251.000            SU  
61070.000   10038 1403814 -655765.000            SU  
61070.000   10038 1403815 -333550.900            SU  
61070.000   10038 1403834    9857.600            SU  
61070.000   10038 1403841  -40114.200            SU  
61070.000   10038 1403840    9419.200            SU  
61070.000   10038 1403845 -453526.600            SU  
61070.000   10030 1403011  139995.300            TL  
61070.000   10030 1413202  221481.600            TL  
61070.000   10030 1353942  -36009.300            TL  
61070.000   10030 1353947   54324.800            TL  
61070.000   10030 1354060  -13889.600            TL  
61070.000   10022 1320211 1999813.900            TP  
61070.000   10022 1320247  999246.600            TP  
61070.000   10022 1351227       0.000            TP  
61070.000   10022 1352179     -49.000            TP  
61070.000   10022 1352476     505.900            TP  
61070.000   10022 1353519     -71.500            TP  
61070.000   10022 1411076     326.900            TP  
61070.000   10068 1411028       0.000            UME 
61070.000   10068 1352703    2393.600            UME 
61070.000   10068 1350251    3270.500            UME 
61070.000   10068 1350872   -7885.600            UME 
61070.000   10068 1352710    2507.900            UME 
61070.000   10007 1400711 3275400.000            USNO
61070.000   10007 1400712  270881.000            USNO
61070.000   10007 1400719  452904.400            USNO
61070.000   10007 1400702  -65633.000            USNO
61070.000   10007 1400708  661948.400            USNO
61070.000   10007 1400704  112683.500            USNO
61070.000   10007 1400718 1929994.300            USNO
61070.000   10007 1400710 -774945.600            USNO
61070.000   10007 1400726 1271714.500            USNO
61070.000   10007 1400715  415418.200            USNO
61070.000   10007 1350161   81070.200            USNO
61070.000   10007 1400727 -718858.400            USNO
61070.000   10007 1400729 2204997.700            USNO
61070.000   10007 1400725 -219172.200            USNO
61070.000   10007 1400724 -813066.500            USNO
61070.000   10007 1400723 -606314.500            USNO
61070.000   10007 1400722 2703488.800            USNO
61070.000   10007 1400721  415960.400            USNO
61070.000   10007 1400720 1251155.400            USNO
61070.000   10007 1400730 2122646.700            USNO
61070.000   10007 1400731 -399587.000            USNO
61070.000   10007 1400732  741956.100            USNO
61070.000   10007 1400736 1215055.300            USNO
61070.000   10007 1400737 2445143.500            USNO
61070.000   10007 1400740 1087689.000            USNO
61070.000   10007 1400713  449831.100            USNO
61070.000   10007 1400714   93148.000            USNO
61070.000   10007 1400716  676390.900            USNO
61070.000   10007 1400738   98820.300            USNO
61070.000   10064 1355005       0.000            UZ  
61070.000   10064 1354998 4440259.200            UZ  
61070.000   10028 1353669   19420.000            VMI 
61070.000   10028 1361233   12138.400            VMI 
61070.000   10028 1353670  -23908.800            VMI 
61070.000   10024 1411040   -2538.800            VSL 
61070.000   10024 1354466    9529.200            VSL 
61070.000   10024 1355008    6726.200            VSL 
61070.000   10055 1352191     -49.700            DMDM
61070.000   10055 1362033  -53008.700            DMDM
