61212.000   10021 1352938       0.000            UAE 
61212.000   10021 1352940   -4982.600            UAE 
61212.000   10046 1404601   27981.500            AOS 
61212.000   10046 1352394   -1355.900            AOS 
61212.000   10031 1353842    2411.500            APL 
61212.000   10031 1403107  271276.900            APL 
61212.000   10031 1403108  549418.400            APL 
61212.000   10031 1403109  136650.800            APL 
61212.000   10031 1412174   37062.100            APL 
61212.000   10054 1362269     195.000            AUS 
61212.000   10054 1360340   13293.000            AUS 
61212.000   10054 1360654  -46269.000            AUS 
61212.000   10054 1363814    4853.000            AUS 
61212.000   10054 1364971    8024.000            AUS 
61212.000   10054 1360299   29288.000            AUS 
61212.000   10075 1352685    3524.400            IMBH
61212.000   10075 1320192   -9051.100            IMBH
61212.000   10075 1320193  -44020.600            IMBH
61212.000   10071 1353447     567.900            BIRM
61212.000   10071 1353689    9958.700            BIRM
61212.000   10071 1407103    -785.800            BIRM
61212.000   10071 1407107 -442977.400            BIRM
61212.000   10071 1407111   -2177.200            BIRM
61212.000   10071 1407112  -12581.800            BIRM
61212.000   10071 1415303   -6071.500            BIRM
61212.000   10071 1415304  -14226.700            BIRM
61212.000   10071 1415305  -22285.300            BIRM
61212.000   10092 1363159    3695.700            ICE 
61212.000   10092 1363522    3755.500            ICE 
61212.000   10057 1355202    -842.600            CH  
61212.000   10057 1373644   -1223.900            CH  
61212.000   10057 1405701   -2370.100            CH  
61212.000   10057 1405702   20267.000            CH  
61212.000   10057 1411117    -116.700            CH  
61212.000   10073 1353612  -15781.300            CNM 
61212.000   10073 1413211    -979.800            CNM 
61212.000   10073 1413212   73596.900            CNM 
61212.000   10074 1411045    5702.900            DLR 
61212.000   10053 1350136     -83.300            DTAG
61212.000   10053 1355332  511822.000            DTAG
61212.000   10053 1352635    2455.500            DTAG
61212.000   10025 1352025    4506.400            ESA 
61212.000   10025 1351615   -4886.200            ESA 
61212.000   10025 1352353   12193.500            ESA 
61212.000   10025 1352210   30886.000            ESA 
61212.000   10025 1402543  -45967.300            ESA 
61212.000   10025 1402541 -126754.700            ESA 
61212.000   10025 1411033   -3013.100            ESA 
61212.000   10089 1354233       0.000            HKO 
61212.000   10089 1355122    1392.200            HKO 
61212.000   10099 1354701       0.000            IFZG
61212.000   10093 1353401       0.000            NSAI
61212.000   10044 1361167     540.900            IFAG
61212.000   10044 1361173      27.800            IFAG
61212.000   10044 1361629   11307.800            IFAG
61212.000   10044 1361732    7935.700            IFAG
61212.000   10044 1361798      32.300            IFAG
61212.000   10044 1404439    4045.800            IFAG
61212.000   10044 1404418   15030.000            IFAG
61212.000   10048 1404878  979332.500            NIM 
61212.000   10048 1404871 1111259.500            NIM 
61212.000   10048 1404832 1131015.600            NIM 
61212.000   10048 1404879 1954563.200            NIM 
61212.000   10048 1404880 2238274.100            NIM 
61212.000   10048 1352742  114921.200            NIM 
61212.000   10048 1404849 1415399.200            NIM 
61212.000   10048 1404856   94544.400            NIM 
61212.000   10048 1404857   24711.400            NIM 
61212.000   10048 1404821    3214.400            NIM 
61212.000   10048 1404850     784.700            NIM 
61212.000   10048 1404870    6104.000            NIM 
61212.000   10015 1362377       0.000            INTI
61212.000   10015 1363270     114.100            INTI
61212.000   10015 1363511    6426.500            INTI
61212.000   10083 1353654   10262.600            NIS 
61212.000   10083 1354391   18853.600            NIS 
61212.000   10083 1353812  -30865.000            NIS 
61212.000   10083 1352182   -4539.100            NIS 
61212.000   10011 1350219   -1165.900            IT  
61212.000   10011 1352487    -773.800            IT  
61212.000   10011 1401101  300600.900            IT  
61212.000   10011 1401102  303275.900            IT  
61212.000   10011 1401103   38591.600            IT  
61212.000   10011 1401104    3712.800            IT  
61212.000   10011 1411079   -1878.000            IT  
61212.000   10011 1411078    5260.200            IT  
61212.000   10011 1422012     -50.500            IT  
61212.000   10035 1350832   18802.600            BSJ 
61212.000   10035 1350833   10467.400            BSJ 
61212.000   10087 1361277 -112908.800            JV  
61212.000   10087 1362617   71908.400            JV  
61212.000   10087 1415218  -42200.800            JV  
61212.000   10087 1411122   18927.800            JV  
61212.000   10056 1351783   42314.900            KRIS
61212.000   10056 1405624  178107.400            KRIS
61212.000   10056 1405625  516116.200            KRIS
61212.000   10056 1405626   17099.300            KRIS
61212.000   10027 1415201     -15.600            KZ  
61212.000   10027 1415205     124.700            KZ  
61212.000   10027 1415266    -294.300            KZ  
61212.000   10052 1351324  -11317.400            NPLI
61212.000   10052 1353376  -10997.200            NPLI
61212.000   10052 1353457    3538.300            NPLI
61212.000   10052 1353413   46013.000            NPLI
61212.000   10052 1353453    5434.200            NPLI
61212.000   10052 1415225  124986.100            NPLI
61212.000   10052 1415365   51211.500            NPLI
61212.000   10052 1415363    4564.800            NPLI
61212.000   10052 1415364   12768.000            NPLI
61212.000   10091 1352370  -12187.500            LRTE
61212.000   10082 1351868       0.000            LT  
61212.000   10082 1351362   -1679.900            LT  
61212.000   10094 1353471  -62433.200            LUX 
61212.000   10094 1353544  -57297.800            LUX 
61212.000   10085 1353507       0.000            NIMB
61212.000   10041 1404113  338551.800            MIKE
61212.000   10041 1404108   35341.500            MIKE
61212.000   10041 1404189  180304.100            MIKE
61212.000   10041 1412084   25774.300            MIKE
61212.000   10088 1361806  -12958.400            CNMP
61212.000   10088 1361752   -6840.200            CNMP
61212.000   10088 1363162    9080.100            CNMP
61212.000   10088 1363179  -68561.400            CNMP
61212.000   10063 1360274    3415.200            MSL 
61212.000   10063 1363396   -4322.000            MSL 
61212.000   10063 1363872  118793.400            MSL 
61212.000   10081 1353476    2952.000            NIMT
61212.000   10081 1353472   47455.800            NIMT
61212.000   10081 1353470   48168.500            NIMT
61212.000   10013 1410102    1676.100            NAO 
61212.000   10013 1350779     421.000            NAO 
61212.000   10013 1351689     317.400            NAO 
61212.000   10013 1351214     107.300            NAO 
61212.000   10020 1350343  131426.800            NICT
61212.000   10020 1350907   33698.600            NICT
61212.000   10020 1351778   76951.300            NICT
61212.000   10020 1351789   -8852.100            NICT
61212.000   10020 1351866    1380.700            NICT
61212.000   10020 1351944  110583.100            NICT
61212.000   10020 1352011  107673.300            NICT
61212.000   10020 1352056  111173.900            NICT
61212.000   10020 1352113  -46327.400            NICT
61212.000   10020 1352116  -26792.800            NICT
61212.000   10020 1352570   89058.900            NICT
61212.000   10020 1352620   62198.800            NICT
61212.000   10020 1352627  -25140.500            NICT
61212.000   10020 1352628  -26395.000            NICT
61212.000   10020 1352784   41986.500            NICT
61212.000   10020 1352876  123228.000            NICT
61212.000   10020 1352903   53413.400            NICT
61212.000   10020 1353259  -14556.300            NICT
61212.000   10020 1353594  -14204.500            NICT
61212.000   10020 1353716  -29780.500            NICT
61212.000   10020 1353717  -52752.700            NICT
61212.000   10020 1353718  -47599.900            NICT
61212.000   10020 1353720  -55563.000            NICT
61212.000   10020 1353722  -31728.100            NICT
61212.000   10020 1353909   28285.100            NICT
61212.000   10020 1353912  -40634.400            NICT
61212.000   10020 1353916  -75669.800            NICT
61212.000   10020 1353918   40908.500            NICT
61212.000   10020 1354230   69236.200            NICT
61212.000   10020 1402003   17485.400            NICT
61212.000   10020 1402004  -11963.000            NICT
61212.000   10020 1402012   26884.000            NICT
61212.000   10020 1402013   56220.400            NICT
61212.000   10020 1402014   -1489.300            NICT
61212.000   10020 1402015   86438.400            NICT
61212.000   10020 1411041  -78341.900            NICT
61212.000   10020 1411062   30686.000            NICT
61212.000   10020 1412060   71981.400            NICT
61212.000   10002 1412108  644292.600            NIST
61212.000   10002 1412014 -524077.700            NIST
61212.000   10002 1400004 -187129.100            NIST
61212.000   10002 1400222  735788.500            NIST
61212.000   10002 1400209 -440394.000            NIST
61212.000   10002 1400212  639053.500            NIST
61212.000   10002 1400207  741791.600            NIST
61212.000   10002 1412015  670845.800            NIST
61212.000   10002 1400210  304233.200            NIST
61212.000   10002 1400205  977556.900            NIST
61212.000   10002 1412099  419422.000            NIST
61212.000   10002 1412006  221142.700            NIST
61212.000   10002 1442021 -559403.000            NIST
61212.000   10002 1352935 -657098.700            NIST
61212.000   10002 1352579  981368.700            NIST
61212.000   10002 1402205 -179924.200            NIST
61212.000   10050 1320293  152780.500            NMIJ
61212.000   10017 1412011   49433.700            NPL 
61212.000   10017 1412050   49555.100            NPL 
61212.000   10003 1352150    8398.000            NRC 
61212.000   10003 1362225   16911.400            NRC 
61212.000   10003 1352115   20073.900            NRC 
61212.000   10003 1352148    3131.700            NRC 
61212.000   10003 1400306   92801.900            NRC 
61212.000   10003 1400307   12496.100            NRC 
61212.000   10049 1415325    3264.000            NTSC
61212.000   10049 1415324   -1545.200            NTSC
61212.000   10049 1415322    3290.700            NTSC
61212.000   10049 1415316   -6388.600            NTSC
61212.000   10049 1415085    -573.600            NTSC
61212.000   10049 1414922    7465.800            NTSC
61212.000   10049 1404967    6918.800            NTSC
61212.000   10049 1352142   15114.700            NTSC
61212.000   10016 1354619       0.000            INXE
61212.000   10008 1352027   35061.400            OP  
61212.000   10008 1400889    7646.100            OP  
61212.000   10008 1353765   81698.100            OP  
61212.000   10008 1400810   23247.500            OP  
61212.000   10008 1400809   39071.400            OP  
61212.000   10008 1400890   32496.900            OP  
61212.000   10026 1352722   -1975.700            ORB 
61212.000   10026 1352724   10802.200            ORB 
61212.000   10026 1411030   85523.400            ORB 
61212.000   10026 1402602  410072.100            ORB 
61212.000   10026 1352723    1997.900            ORB 
61212.000   10040 1350441    -792.200            PL  
61212.000   10040 1415318 -127267.500            PL  
61212.000   10040 1415321   29051.600            PL  
61212.000   10040 1354603     275.900            PL  
61212.000   10040 1354597     266.700            PL  
61212.000   10005 1920001   41804.800            PTB 
61212.000   10005 1920002   37771.200            PTB 
61212.000   10005 1355322    9152.200            PTB 
61212.000   10005 1400510    9801.800            PTB 
61212.000   10005 1400506   34327.200            PTB 
61212.000   10005 1400508   34965.600            PTB 
61212.000   10005 1400509   10464.600            PTB 
61212.000   10005 1415245   -7223.300            PTB 
61212.000   10005 1400512    7962.200            PTB 
61212.000   10005 1415221    3655.000            PTB 
61212.000   10019 1351942   71137.100            ONRJ
61212.000   10019 1320337   51956.300            ONRJ
61212.000   10019 1354204   76587.900            ONRJ
61212.000   10019 1350147   60199.300            ONRJ
61212.000   10019 1353364   39881.000            ONRJ
61212.000   10019 1351153  -13020.100            ONRJ
61212.000   10019 1401958  141504.300            ONRJ
61212.000   10014 1350583   -5341.900            ROA 
61212.000   10014 1350718   -2005.600            ROA 
61212.000   10014 1361490   87975.600            ROA 
61212.000   10014 1361488   86593.200            ROA 
61212.000   10014 1351699   55759.500            ROA 
61212.000   10014 1401436 2014295.500            ROA 
61212.000   10014 1412032 1370289.700            ROA 
61212.000   10014 1352270    8022.400            ROA 
61212.000   10062 1352932       0.000            SASO
61212.000   10062 1352931    1482.100            SASO
61212.000   10062 1351628    1602.800            SASO
61212.000   10062 1350221   -1282.600            SASO
61212.000   10067 1352178  -21937.600            SCL 
61212.000   10067 1415314    2481.300            SCL 
61212.000   10067 1353448    3090.300            SCL 
61212.000   10072 1352745  -23364.500            SP  
61212.000   10072 1352750    1231.200            SP  
61212.000   10072 1352758   -2505.000            SP  
61212.000   10072 1354707    6462.400            SP  
61212.000   10072 1362746    1334.500            SP  
61212.000   10072 1362749   24438.900            SP  
61212.000   10072 1362956   -5090.100            SP  
61212.000   10072 1365149   65535.100            SP  
61212.000   10072 1407201    4612.200            SP  
61212.000   10072 1407231  275643.400            SP  
61212.000   10072 1407232  437603.600            SP  
61212.000   10072 1415319   44829.100            SP  
61212.000   10038 1403809 -411437.300            SU  
61212.000   10038 1403811 -281919.700            SU  
61212.000   10038 1403812  -22662.200            SU  
61212.000   10038 1403844 -559137.400            SU  
61212.000   10038 1403853    5626.700            SU  
61212.000   10038 1403833 -394032.300            SU  
61212.000   10038 1403846   50159.100            SU  
61212.000   10038 1403814 -638438.500            SU  
61212.000   10038 1403815 -329463.500            SU  
61212.000   10038 1403816 -297124.000            SU  
61212.000   10038 1403834   12521.200            SU  
61212.000   10038 1403841  -33702.200            SU  
61212.000   10038 1403840   11584.100            SU  
61212.000   10038 1403845 -454513.900            SU  
61212.000   10030 1403011  217929.000            TL  
61212.000   10030 1413202  262441.200            TL  
61212.000   10030 1353942  -39229.000            TL  
61212.000   10030 1353947   58250.900            TL  
61212.000   10030 1354060  -14981.700            TL  
61212.000   10068 1411028       0.000            UME 
61212.000   10068 1352703     141.000            UME 
61212.000   10068 1350251     297.800            UME 
61212.000   10068 1350872    -920.400            UME 
61212.000   10068 1352710    1063.600            UME 
61212.000   10007 1400711 3355136.100            USNO
61212.000   10007 1400719  482699.700            USNO
61212.000   10007 1400702  -65245.800            USNO
61212.000   10007 1400708  680648.900            USNO
61212.000   10007 1400704  119782.400            USNO
61212.000   10007 1400718 1984946.500            USNO
61212.000   10007 1400710 -842770.200            USNO
61212.000   10007 1400715  440864.100            USNO
61212.000   10007 1350161   80795.700            USNO
61212.000   10007 1400727 -766566.600            USNO
61212.000   10007 1400725 -221082.400            USNO
61212.000   10007 1400724 -828502.400            USNO
61212.000   10007 1400723 -603991.400            USNO
61212.000   10007 1400722 2667547.000            USNO
61212.000   10007 1400721  530822.900            USNO
61212.000   10007 1400720 1264597.300            USNO
61212.000   10007 1400730 2208496.900            USNO
61212.000   10007 1400731 -424018.100            USNO
61212.000   10007 1400732  795695.500            USNO
61212.000   10007 1400736 1222689.800            USNO
61212.000   10007 1400737 2484825.800            USNO
61212.000   10007 1400740 1175966.000            USNO
61212.000   10007 1400713  470631.200            USNO
61212.000   10007 1400716  711153.300            USNO
61212.000   10007 1400733  152645.100            USNO
61212.000   10064 1355005       0.000            UZ  
61212.000   10064 1354998 3973969.800            UZ  
61212.000   10028 1353669  -11144.600            VMI 
61212.000   10028 1361233  -11191.000            VMI 
61212.000   10028 1353670  -11460.000            VMI 
61212.000   10024 1354466   10511.200            VSL 
61212.000   10024 1355008    7841.900            VSL 
61212.000   10024 1355697    1941.300            VSL 
61212.000   10055 1352191     -65.900            DMDM
61212.000   10055 1362033  -61142.400            DMDM
