61219.000   10021 1352938       0.000            UAE 
61219.000   10021 1352940   -5188.100            UAE 
61219.000   10046 1404601   28151.100            AOS 
61219.000   10046 1352394   -1386.000            AOS 
61219.000   10031 1353842    2407.400            APL 
61219.000   10031 1403107  272005.300            APL 
61219.000   10031 1403108  554883.600            APL 
61219.000   10031 1403109  136831.200            APL 
61219.000   10031 1412174   37970.000            APL 
61219.000   10054 1362269     196.000            AUS 
61219.000   10054 1360340   13321.000            AUS 
61219.000   10054 1360654  -46455.000            AUS 
61219.000   10054 1363814    4871.000            AUS 
61219.000   10054 1364971    8093.000            AUS 
61219.000   10054 1360299   29370.000            AUS 
61219.000   10075 1352685    3541.300            IMBH
61219.000   10075 1320192   -9112.400            IMBH
61219.000   10075 1320193  -44280.400            IMBH
61219.000   10071 1353447     549.100            BIRM
61219.000   10071 1353689    9980.100            BIRM
61219.000   10071 1407103    -894.900            BIRM
61219.000   10071 1407107 -445585.000            BIRM
61219.000   10071 1407111   -2407.100            BIRM
61219.000   10071 1407112  -12876.000            BIRM
61219.000   10071 1415303   -6229.700            BIRM
61219.000   10071 1415304  -15082.800            BIRM
61219.000   10071 1415305  -22486.100            BIRM
61219.000   10092 1363159    3647.500            ICE 
61219.000   10092 1363522    3774.300            ICE 
61219.000   10057 1355202    -831.800            CH  
61219.000   10057 1373644   -1258.900            CH  
61219.000   10057 1405701   -2404.200            CH  
61219.000   10057 1405702   20100.500            CH  
61219.000   10057 1411117    -120.200            CH  
61219.000   10073 1353612  -16027.500            CNM 
61219.000   10073 1413211    -970.600            CNM 
61219.000   10073 1413212   75144.100            CNM 
61219.000   10074 1411045    5813.800            DLR 
61219.000   10053 1350136     -83.300            DTAG
61219.000   10053 1355332 1958643.800            DTAG
61219.000   10053 1352635    2448.600            DTAG
61219.000   10025 1352025    4542.600            ESA 
61219.000   10025 1351615   -4898.000            ESA 
61219.000   10025 1352353   12252.800            ESA 
61219.000   10025 1352210   31039.300            ESA 
61219.000   10025 1402543  -46872.000            ESA 
61219.000   10025 1402541 -128477.000            ESA 
61219.000   10025 1411033   -3125.100            ESA 
61219.000   10089 1354233       0.000            HKO 
61219.000   10089 1355122    1397.200            HKO 
61219.000   10099 1354701       0.000            IFZG
61219.000   10093 1353401       0.000            NSAI
61219.000   10044 1361167     513.200            IFAG
61219.000   10044 1361173       9.600            IFAG
61219.000   10044 1361629   11417.700            IFAG
61219.000   10044 1361732    8023.900            IFAG
61219.000   10044 1361798     -42.400            IFAG
61219.000   10044 1404439    3996.800            IFAG
61219.000   10044 1404418   15005.200            IFAG
61219.000   10048 1404878  982713.100            NIM 
61219.000   10048 1404871 1115307.900            NIM 
61219.000   10048 1404832 1136438.300            NIM 
61219.000   10048 1404879 1958553.200            NIM 
61219.000   10048 1404880 2242456.400            NIM 
61219.000   10048 1352742  115129.900            NIM 
61219.000   10048 1404849 1415447.400            NIM 
61219.000   10048 1404856   94596.800            NIM 
61219.000   10048 1404857   24681.400            NIM 
61219.000   10048 1404821    3240.900            NIM 
61219.000   10048 1404850     797.000            NIM 
61219.000   10048 1404870    6159.800            NIM 
61219.000   10015 1362377       0.000            INTI
61219.000   10015 1363270     156.400            INTI
61219.000   10015 1363511    6448.500            INTI
61219.000   10070 1353546     -98.000            IPQ 
61219.000   10083 1353654   10304.100            NIS 
61219.000   10083 1354391   18978.200            NIS 
61219.000   10083 1353812  -31013.300            NIS 
61219.000   10083 1352182   -4589.800            NIS 
61219.000   10011 1350219   -1164.900            IT  
61219.000   10011 1352487    -797.600            IT  
61219.000   10011 1401101  304293.800            IT  
61219.000   10011 1401102  303950.900            IT  
61219.000   10011 1401103   38877.500            IT  
61219.000   10011 1401104    3306.900            IT  
61219.000   10011 1411079   -1937.700            IT  
61219.000   10011 1411078    5393.000            IT  
61219.000   10011 1422012     -62.800            IT  
61219.000   10035 1350832   18906.800            BSJ 
61219.000   10035 1350833   10555.000            BSJ 
61219.000   10087 1361277 -112972.500            JV  
61219.000   10087 1362617   72019.500            JV  
61219.000   10087 1415218  -42206.600            JV  
61219.000   10087 1411122   19148.800            JV  
61219.000   10056 1351783   42467.000            KRIS
61219.000   10056 1405624  179138.700            KRIS
61219.000   10056 1405625  519167.400            KRIS
61219.000   10056 1405626   17225.500            KRIS
61219.000   10027 1415201     -16.100            KZ  
61219.000   10027 1415205     158.500            KZ  
61219.000   10027 1415266    -370.100            KZ  
61219.000   10052 1351324  -11326.300            NPLI
61219.000   10052 1353376  -11018.200            NPLI
61219.000   10052 1353413   46107.200            NPLI
61219.000   10052 1353453    5433.500            NPLI
61219.000   10052 1415225  125668.900            NPLI
61219.000   10052 1415365   51447.700            NPLI
61219.000   10052 1415363    4640.600            NPLI
61219.000   10052 1415364   12853.800            NPLI
61219.000   10091 1352370  -12292.100            LRTE
61219.000   10082 1351868       0.000            LT  
61219.000   10082 1351362   -1687.200            LT  
61219.000   10094 1353471  -62502.900            LUX 
61219.000   10094 1353544  -57277.000            LUX 
61219.000   10085 1353507       0.000            NIMB
61219.000   10041 1404113  339245.600            MIKE
61219.000   10041 1404108   35682.900            MIKE
61219.000   10041 1404189  180125.400            MIKE
61219.000   10041 1412084   25701.200            MIKE
61219.000   10088 1361806  -12982.500            CNMP
61219.000   10088 1361752   -6857.900            CNMP
61219.000   10088 1363162    9131.100            CNMP
61219.000   10088 1363179  -68683.400            CNMP
61219.000   10063 1360274    3388.000            MSL 
61219.000   10063 1363396   -4340.800            MSL 
61219.000   10063 1363872  119136.900            MSL 
61219.000   10081 1353476    2876.900            NIMT
61219.000   10081 1353472   47522.800            NIMT
61219.000   10081 1353470   48292.400            NIMT
61219.000   10013 1410102    1684.000            NAO 
61219.000   10013 1350779     405.900            NAO 
61219.000   10013 1351689     320.600            NAO 
61219.000   10013 1351214     107.400            NAO 
61219.000   10020 1350343  131603.500            NICT
61219.000   10020 1350907   33598.000            NICT
61219.000   10020 1351778   77039.600            NICT
61219.000   10020 1351789   -8900.800            NICT
61219.000   10020 1351866    1376.600            NICT
61219.000   10020 1351944  110675.000            NICT
61219.000   10020 1352011  107647.500            NICT
61219.000   10020 1352056  111254.200            NICT
61219.000   10020 1352113  -46351.200            NICT
61219.000   10020 1352116  -26755.300            NICT
61219.000   10020 1352570   89111.400            NICT
61219.000   10020 1352620   62295.100            NICT
61219.000   10020 1352627  -25243.500            NICT
61219.000   10020 1352628  -26479.100            NICT
61219.000   10020 1352784   41904.100            NICT
61219.000   10020 1352876  123192.500            NICT
61219.000   10020 1352903   53452.000            NICT
61219.000   10020 1353259  -14600.700            NICT
61219.000   10020 1353594  -14189.600            NICT
61219.000   10020 1353716  -29856.600            NICT
61219.000   10020 1353717  -52921.500            NICT
61219.000   10020 1353718  -47775.300            NICT
61219.000   10020 1353720  -55673.000            NICT
61219.000   10020 1353722  -31782.000            NICT
61219.000   10020 1353909   28348.500            NICT
61219.000   10020 1353912  -40777.300            NICT
61219.000   10020 1353916  -75903.900            NICT
61219.000   10020 1353918   41017.400            NICT
61219.000   10020 1354230   69259.400            NICT
61219.000   10020 1402003   17572.500            NICT
61219.000   10020 1402004  -12127.100            NICT
61219.000   10020 1402012   26575.900            NICT
61219.000   10020 1402013   57134.200            NICT
61219.000   10020 1402014   -1421.900            NICT
61219.000   10020 1402015   87336.400            NICT
61219.000   10020 1411041  -79280.700            NICT
61219.000   10020 1411062   30545.500            NICT
61219.000   10020 1412060   72578.000            NICT
61219.000   10002 1412108  649577.600            NIST
61219.000   10002 1412014 -523021.800            NIST
61219.000   10002 1400004 -186559.200            NIST
61219.000   10002 1400222  736202.100            NIST
61219.000   10002 1400209 -439837.900            NIST
61219.000   10002 1400212  647735.000            NIST
61219.000   10002 1400207  746704.700            NIST
61219.000   10002 1412015  674112.800            NIST
61219.000   10002 1400210  310710.200            NIST
61219.000   10002 1400205  977430.400            NIST
61219.000   10002 1412099  427689.800            NIST
61219.000   10002 1412006  228327.400            NIST
61219.000   10002 1442021 -558941.200            NIST
61219.000   10002 1352935 -657261.300            NIST
61219.000   10002 1352579  981510.100            NIST
61219.000   10002 1402205 -176092.800            NIST
61219.000   10050 1320293  154388.900            NMIJ
61219.000   10017 1412011   49542.500            NPL 
61219.000   10017 1412050   49847.900            NPL 
61219.000   10003 1352150    8414.400            NRC 
61219.000   10003 1362225   16895.800            NRC 
61219.000   10003 1352115   20122.200            NRC 
61219.000   10003 1352148    3130.300            NRC 
61219.000   10003 1400306   92860.500            NRC 
61219.000   10003 1400307   12586.800            NRC 
61219.000   10049 1415325    3317.200            NTSC
61219.000   10049 1415324   -1529.000            NTSC
61219.000   10049 1415322    3352.500            NTSC
61219.000   10049 1415316   -6439.500            NTSC
61219.000   10049 1415085    -662.700            NTSC
61219.000   10049 1414922    7584.700            NTSC
61219.000   10049 1404967    7020.800            NTSC
61219.000   10049 1352142   15116.500            NTSC
61219.000   10016 1354619       0.000            INXE
61219.000   10008 1352027   35186.000            OP  
61219.000   10008 1400889    7813.800            OP  
61219.000   10008 1353765   81868.600            OP  
61219.000   10008 1400810   23412.400            OP  
61219.000   10008 1400809   39305.900            OP  
61219.000   10008 1400890   32679.900            OP  
61219.000   10026 1352722   -1989.700            ORB 
61219.000   10026 1352724   10877.500            ORB 
61219.000   10026 1411030   86091.300            ORB 
61219.000   10026 1402602  413592.100            ORB 
61219.000   10026 1352723    2037.300            ORB 
61219.000   10040 1350441    -799.900            PL  
61219.000   10040 1415318 -136459.400            PL  
61219.000   10040 1415321   29263.000            PL  
61219.000   10040 1354603     293.300            PL  
61219.000   10040 1354597     268.600            PL  
61219.000   10005 1920001   41824.600            PTB 
61219.000   10005 1920002   37789.600            PTB 
61219.000   10005 1355322    9179.900            PTB 
61219.000   10005 1400510    9821.500            PTB 
61219.000   10005 1400506   34461.600            PTB 
61219.000   10005 1400508   35121.100            PTB 
61219.000   10005 1400509   10499.900            PTB 
61219.000   10005 1415245   -7325.100            PTB 
61219.000   10005 1400512    8035.900            PTB 
61219.000   10005 1415221    3658.700            PTB 
61219.000   10019 1351942   71269.200            ONRJ
61219.000   10019 1320337   52023.300            ONRJ
61219.000   10019 1354204   76910.400            ONRJ
61219.000   10019 1350147   60234.500            ONRJ
61219.000   10019 1353364   39949.900            ONRJ
61219.000   10019 1351153  -13104.700            ONRJ
61219.000   10019 1401958  142493.100            ONRJ
61219.000   10014 1350583   -5385.500            ROA 
61219.000   10014 1350718   -1962.900            ROA 
61219.000   10014 1361490   88014.300            ROA 
61219.000   10014 1361488   86673.200            ROA 
61219.000   10014 1351699   55795.500            ROA 
61219.000   10014 1401436 2018683.600            ROA 
61219.000   10014 1412032 1374878.900            ROA 
61219.000   10014 1352270    8036.700            ROA 
61219.000   10062 1352932       0.000            SASO
61219.000   10062 1352931    1577.000            SASO
61219.000   10062 1351628    1679.000            SASO
61219.000   10062 1350221   -1304.200            SASO
61219.000   10067 1352178  -22088.300            SCL 
61219.000   10067 1415314    2562.100            SCL 
61219.000   10067 1353448    3248.100            SCL 
61219.000   10079 1352003   34707.500            SMD 
61219.000   10079 1352543  -27798.500            SMD 
61219.000   10079 1411049   -1868.600            SMD 
61219.000   10072 1352745  -23452.800            SP  
61219.000   10072 1352750    1321.900            SP  
61219.000   10072 1352758   -2514.100            SP  
61219.000   10072 1354707    6443.400            SP  
61219.000   10072 1362295    6649.400            SP  
61219.000   10072 1362746    1426.300            SP  
61219.000   10072 1362749   24579.700            SP  
61219.000   10072 1362956   -5240.800            SP  
61219.000   10072 1365149   66140.200            SP  
61219.000   10072 1407201    4899.700            SP  
61219.000   10072 1407223  162026.500            SP  
61219.000   10072 1407231  277438.700            SP  
61219.000   10072 1407232  440066.500            SP  
61219.000   10072 1415319   45023.100            SP  
61219.000   10038 1403809 -411548.500            SU  
61219.000   10038 1403811 -281905.100            SU  
61219.000   10038 1403812  -22416.400            SU  
61219.000   10038 1403844 -558983.400            SU  
61219.000   10038 1403853    5719.300            SU  
61219.000   10038 1403833 -393852.800            SU  
61219.000   10038 1403846   50354.300            SU  
61219.000   10038 1403814 -637575.200            SU  
61219.000   10038 1403815 -329256.000            SU  
61219.000   10038 1403816 -296897.300            SU  
61219.000   10038 1403834   12658.200            SU  
61219.000   10038 1403841  -33382.000            SU  
61219.000   10038 1403840   11691.800            SU  
61219.000   10038 1403845 -454557.100            SU  
61219.000   10030 1403011  221821.900            TL  
61219.000   10030 1413202  264237.800            TL  
61219.000   10030 1353942  -39388.800            TL  
61219.000   10030 1353947   58443.200            TL  
61219.000   10030 1354060  -15036.000            TL  
61219.000   10022 1320211 1999913.700            TP  
61219.000   10022 1320247  998997.900            TP  
61219.000   10022 1351227       0.000            TP  
61219.000   10022 1352179      97.800            TP  
61219.000   10022 1352476     597.200            TP  
61219.000   10022 1353519    -145.500            TP  
61219.000   10068 1411028       0.000            UME 
61219.000   10068 1352703     153.500            UME 
61219.000   10068 1350251     327.500            UME 
61219.000   10068 1350872   -1002.600            UME 
61219.000   10068 1352710    1165.800            UME 
61219.000   10007 1400711 3359074.800            USNO
61219.000   10007 1400719  484072.200            USNO
61219.000   10007 1400702  -65225.100            USNO
61219.000   10007 1400708  681576.800            USNO
61219.000   10007 1400704  120136.500            USNO
61219.000   10007 1400718 1987672.900            USNO
61219.000   10007 1400710 -846108.000            USNO
61219.000   10007 1400715  442126.600            USNO
61219.000   10007 1350161   80783.300            USNO
61219.000   10007 1400727 -768874.000            USNO
61219.000   10007 1400725 -221174.500            USNO
61219.000   10007 1400724 -829260.600            USNO
61219.000   10007 1400723 -603861.600            USNO
61219.000   10007 1400722 2664913.100            USNO
61219.000   10007 1400721  536543.500            USNO
61219.000   10007 1400720 1265304.700            USNO
61219.000   10007 1400730 2212764.900            USNO
61219.000   10007 1400731 -425223.000            USNO
61219.000   10007 1400732  798386.100            USNO
61219.000   10007 1400736 1223111.400            USNO
61219.000   10007 1400737 2486836.800            USNO
61219.000   10007 1400740 1180397.100            USNO
61219.000   10007 1400713  471668.300            USNO
61219.000   10007 1400716  712873.300            USNO
61219.000   10007 1400733  157406.000            USNO
61219.000   10064 1355005       0.000            UZ  
61219.000   10064 1354998 3762659.700            UZ  
61219.000   10024 1354466   10563.800            VSL 
61219.000   10024 1355008    7896.100            VSL 
61219.000   10024 1355697    2008.800            VSL 
61219.000   10055 1352191     -65.900            DMDM
61219.000   10055 1362033  -61523.800            DMDM
