61056.000   10021 1352938       0.000            UAE 
61056.000   10021 1352940    -430.700            UAE 
61056.000   10046 1404601   24280.700            AOS 
61056.000   10046 1352394    -702.500            AOS 
61056.000   10031 1353842    2428.500            APL 
61056.000   10031 1403107  255514.900            APL 
61056.000   10031 1403108  428351.100            APL 
61056.000   10031 1403109  132637.500            APL 
61056.000   10031 1412174   20338.500            APL 
61056.000   10054 1362269     185.000            AUS 
61056.000   10054 1360340   12216.000            AUS 
61056.000   10054 1360654  -42226.000            AUS 
61056.000   10054 1363814    4150.000            AUS 
61056.000   10054 1364971    6887.000            AUS 
61056.000   10054 1360299   27523.000            AUS 
61056.000   10101 1355360       0.000            AZ  
61056.000   10101 1355361    -847.900            AZ  
61056.000   10075 1352685    2969.400            IMBH
61056.000   10075 1320192   -7981.800            IMBH
61056.000   10075 1320193  -37968.500            IMBH
61056.000   10071 1353447    1215.700            BIRM
61056.000   10071 1353689    9802.400            BIRM
61056.000   10071 1407107 -385614.400            BIRM
61056.000   10071 1407111    -165.600            BIRM
61056.000   10071 1407112   -6360.500            BIRM
61056.000   10071 1415303   -2906.100            BIRM
61056.000   10071 1415304   -9525.000            BIRM
61056.000   10071 1415305  -18056.500            BIRM
61056.000   10092 1363159    4770.000            ICE 
61056.000   10092 1363522    3509.800            ICE 
61056.000   10057 1352117   14038.200            CH  
61056.000   10057 1355202    -543.800            CH  
61056.000   10057 1373644    -652.000            CH  
61056.000   10057 1405701   -1629.800            CH  
61056.000   10057 1405702   23281.200            CH  
61056.000   10057 1411117    -250.500            CH  
61056.000   10073 1353612  -10568.900            CNM 
61056.000   10073 1413211    -981.500            CNM 
61056.000   10073 1413212   41428.000            CNM 
61056.000   10074 1411045    3452.100            DLR 
61056.000   10053 1350136     -83.300            DTAG
61056.000   10053 1355332   -1391.300            DTAG
61056.000   10053 1352635    2309.600            DTAG
61056.000   10025 1352025    3949.800            ESA 
61056.000   10025 1351615   -4397.700            ESA 
61056.000   10025 1352353   11119.900            ESA 
61056.000   10025 1352210   27629.900            ESA 
61056.000   10025 1402543  -27434.000            ESA 
61056.000   10025 1402541  -92524.600            ESA 
61056.000   10089 1354233       0.000            HKO 
61056.000   10089 1355122    1207.800            HKO 
61056.000   10099 1354701       0.000            IFZG
61056.000   10093 1353401       0.000            NSAI
61056.000   10044 1361167    1438.000            IFAG
61056.000   10044 1361173     616.200            IFAG
61056.000   10044 1361629    8593.500            IFAG
61056.000   10044 1361732    5973.000            IFAG
61056.000   10044 1361798    1301.800            IFAG
61056.000   10044 1404439    2122.800            IFAG
61056.000   10044 1404418   15324.600            IFAG
61056.000   10048 1404878  904673.500            NIM 
61056.000   10048 1404871 1021658.500            NIM 
61056.000   10048 1404832 1012731.400            NIM 
61056.000   10048 1404879 1866720.600            NIM 
61056.000   10048 1404880 2146055.500            NIM 
61056.000   10048 1352742  110392.400            NIM 
61056.000   10048 1404849 1414394.300            NIM 
61056.000   10048 1404856   93392.400            NIM 
61056.000   10048 1404857   25395.100            NIM 
61056.000   10048 1404821    2692.900            NIM 
61056.000   10048 1404850     567.700            NIM 
61056.000   10048 1404870    4946.100            NIM 
61056.000   10015 1362377       0.000            INTI
61056.000   10015 1363270   11846.300            INTI
61056.000   10015 1363511    5859.800            INTI
61056.000   10070 1353546    8543.200            IPQ 
61056.000   10083 1353654    9556.000            NIS 
61056.000   10083 1354391   15944.200            NIS 
61056.000   10083 1353812  -27292.100            NIS 
61056.000   10083 1352182   -4011.000            NIS 
61056.000   10011 1350219    -962.400            IT  
61056.000   10011 1352487    -302.300            IT  
61056.000   10011 1401101  219687.800            IT  
61056.000   10011 1401102  287572.200            IT  
61056.000   10011 1401103   32478.400            IT  
61056.000   10011 1401104   12373.100            IT  
61056.000   10011 1411079    -725.800            IT  
61056.000   10011 1411078    2514.200            IT  
61056.000   10011 1422012     376.000            IT  
61056.000   10035 1350832   16339.200            BSJ 
61056.000   10035 1350833    8996.000            BSJ 
61056.000   10087 1361277 -111289.700            JV  
61056.000   10087 1362617   69371.400            JV  
61056.000   10087 1415218  -42075.300            JV  
61056.000   10087 1411122   14355.600            JV  
61056.000   10056 1351783   38907.900            KRIS
61056.000   10056 1405624  155519.000            KRIS
61056.000   10056 1405625  449550.700            KRIS
61056.000   10056 1405626   14293.500            KRIS
61056.000   10027 1415201    -637.500            KZ  
61056.000   10027 1415205    1393.800            KZ  
61056.000   10027 1415266   -2217.400            KZ  
61056.000   10052 1351324  -10979.600            NPLI
61056.000   10052 1353376  -10442.600            NPLI
61056.000   10052 1353457    3299.000            NPLI
61056.000   10052 1353413   44136.300            NPLI
61056.000   10052 1353453    5021.700            NPLI
61056.000   10052 1415225  110545.400            NPLI
61056.000   10052 1415365   46036.700            NPLI
61056.000   10052 1415363    2973.000            NPLI
61056.000   10052 1415364   10953.600            NPLI
61056.000   10091 1352370   -7380.200            LRTE
61056.000   10082 1351868       0.000            LT  
61056.000   10082 1351362   -1749.700            LT  
61056.000   10094 1353471  -60873.100            LUX 
61056.000   10094 1353544  -58027.300            LUX 
61056.000   10041 1404113  323154.800            MIKE
61056.000   10041 1404108   28657.900            MIKE
61056.000   10041 1404189  186903.500            MIKE
61056.000   10041 1412084   27668.700            MIKE
61056.000   10051 1352900       0.000            MASM
61056.000   10088 1361806  -12421.200            CNMP
61056.000   10088 1361752   -6655.600            CNMP
61056.000   10088 1363162    7987.500            CNMP
61056.000   10088 1363179  -65973.800            CNMP
61056.000   10063 1360274    3038.700            MSL 
61056.000   10063 1363396   -4386.100            MSL 
61056.000   10063 1363872  111150.000            MSL 
61056.000   10081 1353476    4834.500            NIMT
61056.000   10081 1353472   45647.300            NIMT
61056.000   10081 1353470   45480.200            NIMT
61056.000   10013 1410102   -1786.800            NAO 
61056.000   10013 1350779    6733.800            NAO 
61056.000   10013 1351689      61.000            NAO 
61056.000   10013 1351214     107.500            NAO 
61056.000   10020 1350343  127337.700            NICT
61056.000   10020 1350907   36093.000            NICT
61056.000   10020 1351226  -16571.400            NICT
61056.000   10020 1351778   74867.000            NICT
61056.000   10020 1351789   -7882.500            NICT
61056.000   10020 1351866    1408.300            NICT
61056.000   10020 1351944  108682.300            NICT
61056.000   10020 1352011  108187.800            NICT
61056.000   10020 1352056  109190.900            NICT
61056.000   10020 1352113  -45699.200            NICT
61056.000   10020 1352116  -27351.900            NICT
61056.000   10020 1352570   87838.800            NICT
61056.000   10020 1352620   59773.500            NICT
61056.000   10020 1352627  -22787.200            NICT
61056.000   10020 1352628  -24529.300            NICT
61056.000   10020 1352784   43677.400            NICT
61056.000   10020 1352876  123877.200            NICT
61056.000   10020 1352903   52612.900            NICT
61056.000   10020 1353594  -15086.700            NICT
61056.000   10020 1353716  -28088.900            NICT
61056.000   10020 1353717  -49309.500            NICT
61056.000   10020 1353718  -43632.400            NICT
61056.000   10020 1353720  -53204.700            NICT
61056.000   10020 1353722  -30394.100            NICT
61056.000   10020 1353909   27159.400            NICT
61056.000   10020 1353912  -37355.500            NICT
61056.000   10020 1353916  -70312.400            NICT
61056.000   10020 1353918   38288.800            NICT
61056.000   10020 1354230   68252.300            NICT
61056.000   10020 1355334   86116.000            NICT
61056.000   10020 1402003   15654.300            NICT
61056.000   10020 1402004   -8340.900            NICT
61056.000   10020 1402012   34337.700            NICT
61056.000   10020 1402013   37264.000            NICT
61056.000   10020 1402014   -2455.900            NICT
61056.000   10020 1402015   67387.900            NICT
61056.000   10020 1411041  -58029.400            NICT
61056.000   10020 1411062   33814.500            NICT
61056.000   10020 1412060   59466.700            NICT
61056.000   10002 1412108  528465.100            NIST
61056.000   10002 1412014 -546980.200            NIST
61056.000   10002 1400004 -199676.000            NIST
61056.000   10002 1400222  726543.100            NIST
61056.000   10002 1400209 -451616.200            NIST
61056.000   10002 1400212  448982.500            NIST
61056.000   10002 1400207  632911.100            NIST
61056.000   10002 1412015  598856.400            NIST
61056.000   10002 1400210  161598.200            NIST
61056.000   10002 1400205  980419.400            NIST
61056.000   10002 1352792 -547692.800            NIST
61056.000   10002 1412099  236952.300            NIST
61056.000   10002 1412006   63114.900            NIST
61056.000   10002 1442021 -552820.500            NIST
61056.000   10002 1352935 -653364.800            NIST
61056.000   10002 1352579  978495.300            NIST
61056.000   10002 1402205 -264402.500            NIST
61056.000   10050 1320293  116666.000            NMIJ
61056.000   10017 1412011   47474.800            NPL 
61056.000   10017 1412050   45419.100            NPL 
61056.000   10003 1352150    8018.000            NRC 
61056.000   10003 1362225   17142.800            NRC 
61056.000   10003 1352115   19011.800            NRC 
61056.000   10003 1400306   91345.400            NRC 
61056.000   10003 1400307   10576.000            NRC 
61056.000   10049 1415324   -1616.500            NTSC
61056.000   10049 1415316   -5259.700            NTSC
61056.000   10049 1415085  -22191.300            NTSC
61056.000   10049 1415082   47087.500            NTSC
61056.000   10049 1414922    5024.000            NTSC
61056.000   10049 1404967    4825.600            NTSC
61056.000   10049 1354937   14390.500            NTSC
61056.000   10049 1352142   15214.000            NTSC
61056.000   10016 1354619       0.000            INXE
61056.000   10008 1352027   32582.200            OP  
61056.000   10008 1400889    3981.600            OP  
61056.000   10008 1353765   77858.400            OP  
61056.000   10008 1400810   19714.800            OP  
61056.000   10008 1400809   34031.300            OP  
61056.000   10008 1400890   28414.500            OP  
61056.000   10026 1352722   -1900.100            ORB 
61056.000   10026 1352724    9243.900            ORB 
61056.000   10026 1411030   73101.000            ORB 
61056.000   10026 1402602  331779.000            ORB 
61056.000   10026 1352723    1296.900            ORB 
61056.000   10040 1350441    -737.900            PL  
61056.000   10040 1415318    -381.900            PL  
61056.000   10040 1415321   24372.400            PL  
61056.000   10040 1354603     108.100            PL  
61056.000   10040 1354597     224.000            PL  
61056.000   10005 1920001   41557.400            PTB 
61056.000   10005 1920002   37493.100            PTB 
61056.000   10005 1355322    8699.000            PTB 
61056.000   10005 1400510    8558.900            PTB 
61056.000   10005 1400506   31884.400            PTB 
61056.000   10005 1400508   32518.100            PTB 
61056.000   10005 1400509    9690.500            PTB 
61056.000   10005 1415245   -5029.300            PTB 
61056.000   10005 1400512    6404.200            PTB 
61056.000   10005 1415221    3527.500            PTB 
61056.000   10019 1351942   68133.500            ONRJ
61056.000   10019 1320337   50557.900            ONRJ
61056.000   10019 1354204   69196.900            ONRJ
61056.000   10019 1350147   59224.300            ONRJ
61056.000   10019 1350102   19081.700            ONRJ
61056.000   10019 1353364   38386.200            ONRJ
61056.000   10019 1351153  -11271.200            ONRJ
61056.000   10019 1401958  120488.500            ONRJ
61056.000   10014 1350583   -4540.600            ROA 
61056.000   10014 1350718   -3061.900            ROA 
61056.000   10014 1361490   86773.500            ROA 
61056.000   10014 1361488   84854.100            ROA 
61056.000   10014 1351699   54751.400            ROA 
61056.000   10014 1401436 1917476.600            ROA 
61056.000   10014 1412032 1269264.000            ROA 
61056.000   10014 1352270    7794.600            ROA 
61056.000   10062 1352932       0.000            SASO
61056.000   10062 1352931    -335.900            SASO
61056.000   10062 1351628     584.900            SASO
61056.000   10062 1350221    -332.300            SASO
61056.000   10067 1352525   -7889.000            SCL 
61056.000   10067 1352178  -19162.100            SCL 
61056.000   10067 1415314     636.900            SCL 
61056.000   10067 1353448    -617.800            SCL 
61056.000   10079 1352003   33600.600            SMD 
61056.000   10079 1352543  -25436.300            SMD 
61056.000   10079 1411049   -1969.300            SMD 
61056.000   10072 1352745  -20961.300            SP  
61056.000   10072 1352749   20860.100            SP  
61056.000   10072 1352758   -2381.800            SP  
61056.000   10072 1354707    6585.900            SP  
61056.000   10072 1362295    1786.600            SP  
61056.000   10072 1365149   51854.600            SP  
61056.000   10072 1407201    -813.900            SP  
61056.000   10072 1407223  151826.600            SP  
61056.000   10072 1407231  236768.700            SP  
61056.000   10072 1407232  383668.400            SP  
61056.000   10072 1415319   40549.000            SP  
61056.000   10038 1403809 -408854.100            SU  
61056.000   10038 1403811 -282074.800            SU  
61056.000   10038 1403812  -27801.700            SU  
61056.000   10038 1403844 -562512.300            SU  
61056.000   10038 1403853    3597.000            SU  
61056.000   10038 1403833 -397904.400            SU  
61056.000   10038 1403846   45869.600            SU  
61056.000   10038 1403814 -657468.300            SU  
61056.000   10038 1403815 -333941.700            SU  
61056.000   10038 1403834    9606.600            SU  
61056.000   10038 1403841  -40737.800            SU  
61056.000   10038 1403840    9211.100            SU  
61056.000   10038 1403845 -453418.200            SU  
61056.000   10030 1403011  132418.200            TL  
61056.000   10030 1413202  220792.300            TL  
61056.000   10030 1353942  -35667.900            TL  
61056.000   10030 1353947   53932.100            TL  
61056.000   10030 1354060  -13766.200            TL  
61056.000   10022 1320211 1999817.300            TP  
61056.000   10022 1320247  999404.900            TP  
61056.000   10022 1351227       0.000            TP  
61056.000   10022 1352179     -52.100            TP  
61056.000   10022 1352476     533.100            TP  
61056.000   10022 1353519     -49.500            TP  
61056.000   10068 1411028       0.000            UME 
61056.000   10068 1352703    2515.500            UME 
61056.000   10068 1350251    3343.100            UME 
61056.000   10068 1350872   -7625.900            UME 
61056.000   10068 1352710    2460.500            UME 
61056.000   10007 1400711 3267555.400            USNO
61056.000   10007 1400712  270002.300            USNO
61056.000   10007 1400719  449815.600            USNO
61056.000   10007 1400702  -65668.200            USNO
61056.000   10007 1400708  660118.500            USNO
61056.000   10007 1400704  111991.700            USNO
61056.000   10007 1400718 1924612.400            USNO
61056.000   10007 1400710 -768243.700            USNO
61056.000   10007 1400726 1264994.200            USNO
61056.000   10007 1400715  412927.600            USNO
61056.000   10007 1350161   81121.700            USNO
61056.000   10007 1400727 -714057.100            USNO
61056.000   10007 1400729 2194752.800            USNO
61056.000   10007 1400725 -218975.900            USNO
61056.000   10007 1400724 -811536.300            USNO
61056.000   10007 1400723 -606508.700            USNO
61056.000   10007 1400722 2706039.600            USNO
61056.000   10007 1400721  404764.500            USNO
61056.000   10007 1400720 1249926.200            USNO
61056.000   10007 1400730 2114257.500            USNO
61056.000   10007 1400731 -397176.000            USNO
61056.000   10007 1400732  736746.000            USNO
61056.000   10007 1400736 1214399.100            USNO
61056.000   10007 1400737 2441343.500            USNO
61056.000   10007 1400740 1079149.000            USNO
61056.000   10007 1400713  447806.900            USNO
61056.000   10007 1400714   92281.900            USNO
61056.000   10007 1400716  672975.800            USNO
61056.000   10007 1400738   96513.600            USNO
61056.000   10064 1355005       0.000            UZ  
61056.000   10064 1354998 4045799.900            UZ  
61056.000   10028 1353669   19088.500            VMI 
61056.000   10028 1361233   11833.900            VMI 
61056.000   10028 1353670  -23826.500            VMI 
61056.000   10024 1411040   -2450.500            VSL 
61056.000   10024 1354466    9437.900            VSL 
61056.000   10024 1355008    6633.800            VSL 
61056.000   10055 1352191     -13.600            DMDM
61056.000   10055 1362033  -52217.700            DMDM
