61083.000   10021 1352938       0.000            UAE 
61083.000   10021 1352940   -1169.700            UAE 
61083.000   10046 1404601   24905.600            AOS 
61083.000   10046 1352394    -808.800            AOS 
61083.000   10031 1353842    2423.400            APL 
61083.000   10031 1403107  258177.000            APL 
61083.000   10031 1403108  449206.200            APL 
61083.000   10031 1403109  133328.200            APL 
61083.000   10031 1412174   22785.600            APL 
61083.000   10054 1362269     125.000            AUS 
61083.000   10054 1360340   12388.000            AUS 
61083.000   10054 1360654  -42916.000            AUS 
61083.000   10054 1363814    4288.000            AUS 
61083.000   10054 1364971    7052.000            AUS 
61083.000   10054 1360299   27809.000            AUS 
61083.000   10101 1355360       0.000            AZ  
61083.000   10101 1355361    -976.200            AZ  
61083.000   10075 1352685    3064.400            IMBH
61083.000   10075 1320192   -8123.600            IMBH
61083.000   10075 1320193  -39063.600            IMBH
61083.000   10071 1353447    1087.100            BIRM
61083.000   10071 1353689    9866.200            BIRM
61083.000   10071 1407107 -395436.800            BIRM
61083.000   10071 1407111    -256.200            BIRM
61083.000   10071 1407112   -7403.500            BIRM
61083.000   10071 1415303   -3407.200            BIRM
61083.000   10071 1415304  -10101.900            BIRM
61083.000   10071 1415305  -18755.600            BIRM
61083.000   10092 1363159    4584.000            ICE 
61083.000   10092 1363522    3504.000            ICE 
61083.000   10057 1352117   14080.200            CH  
61083.000   10057 1355202    -598.300            CH  
61083.000   10057 1373644    -754.400            CH  
61083.000   10057 1405701   -1755.800            CH  
61083.000   10057 1405702   22828.300            CH  
61083.000   10057 1411117    -178.200            CH  
61083.000   10073 1353612  -11516.300            CNM 
61083.000   10073 1413211   -1011.900            CNM 
61083.000   10073 1413212   46617.700            CNM 
61083.000   10074 1411045    3826.300            DLR 
61083.000   10053 1350136     -83.300            DTAG
61083.000   10053 1355332   -1508.600            DTAG
61083.000   10053 1352635    2421.700            DTAG
61083.000   10025 1352025    4072.100            ESA 
61083.000   10025 1351615   -4484.300            ESA 
61083.000   10025 1352353   11299.300            ESA 
61083.000   10025 1352210   28201.600            ESA 
61083.000   10025 1402543  -30380.100            ESA 
61083.000   10025 1402541  -97848.900            ESA 
61083.000   10025 1411033   -1031.000            ESA 
61083.000   10089 1354233       0.000            HKO 
61083.000   10089 1355122    1247.400            HKO 
61083.000   10099 1354701       0.000            IFZG
61083.000   10093 1353401       0.000            NSAI
61083.000   10044 1361167    1286.400            IFAG
61083.000   10044 1361173     517.300            IFAG
61083.000   10044 1361629    9139.000            IFAG
61083.000   10044 1361732    6312.600            IFAG
61083.000   10044 1361798    1156.200            IFAG
61083.000   10044 1404439    4492.500            IFAG
61083.000   10044 1404418   15246.700            IFAG
61083.000   10048 1404878  917499.900            NIM 
61083.000   10048 1404871 1037087.000            NIM 
61083.000   10048 1404832 1032831.200            NIM 
61083.000   10048 1404879 1881770.000            NIM 
61083.000   10048 1404880 2161862.600            NIM 
61083.000   10048 1352742  111165.000            NIM 
61083.000   10048 1404849 1414559.600            NIM 
61083.000   10048 1404856   93589.800            NIM 
61083.000   10048 1404857   25275.000            NIM 
61083.000   10048 1404821    2774.200            NIM 
61083.000   10048 1404850     597.200            NIM 
61083.000   10048 1404870    5135.300            NIM 
61083.000   10015 1362377       0.000            INTI
61083.000   10015 1363270   12031.700            INTI
61083.000   10015 1363511    5958.500            INTI
61083.000   10070 1353546    8544.700            IPQ 
61083.000   10083 1353654    9705.500            NIS 
61083.000   10083 1354391   16462.800            NIS 
61083.000   10083 1353812  -27907.600            NIS 
61083.000   10083 1352182   -3997.800            NIS 
61083.000   10011 1350219   -1021.700            IT  
61083.000   10011 1352487    -368.900            IT  
61083.000   10011 1401101  233497.900            IT  
61083.000   10011 1401102  290384.700            IT  
61083.000   10011 1401103   33501.400            IT  
61083.000   10011 1401104   10930.500            IT  
61083.000   10011 1411079    -920.200            IT  
61083.000   10011 1411078    2925.200            IT  
61083.000   10011 1422012     855.800            IT  
61083.000   10035 1350832   16733.500            BSJ 
61083.000   10035 1350833    9216.400            BSJ 
61083.000   10087 1361277 -111616.700            JV  
61083.000   10087 1362617   69840.800            JV  
61083.000   10087 1415218  -42097.000            JV  
61083.000   10087 1411122   15097.700            JV  
61083.000   10056 1351783   39506.300            KRIS
61083.000   10056 1405624  159376.400            KRIS
61083.000   10056 1405625  460873.400            KRIS
61083.000   10056 1405626   14776.300            KRIS
61083.000   10027 1415201    -647.100            KZ  
61083.000   10027 1415205    1528.100            KZ  
61083.000   10027 1415266   -2386.200            KZ  
61083.000   10052 1351324  -11054.000            NPLI
61083.000   10052 1353376  -10578.300            NPLI
61083.000   10052 1353457    3319.300            NPLI
61083.000   10052 1353413   44469.400            NPLI
61083.000   10052 1353453    5116.600            NPLI
61083.000   10052 1415225  112944.200            NPLI
61083.000   10052 1415365   46917.300            NPLI
61083.000   10052 1415363    3237.100            NPLI
61083.000   10052 1415364   11251.400            NPLI
61083.000   10091 1352370   -7936.400            LRTE
61083.000   10082 1351868       0.000            LT  
61083.000   10082 1351362   -1683.800            LT  
61083.000   10094 1353471  -61119.900            LUX 
61083.000   10094 1353544  -57879.900            LUX 
61083.000   10041 1404113  325819.300            MIKE
61083.000   10041 1404108   29844.000            MIKE
61083.000   10041 1404189  185429.900            MIKE
61083.000   10041 1412084   27373.600            MIKE
61083.000   10088 1361806  -12485.500            CNMP
61083.000   10088 1361752   -6652.000            CNMP
61083.000   10088 1363162    8142.700            CNMP
61083.000   10088 1363179  -66404.100            CNMP
61083.000   10063 1360274    3124.700            MSL 
61083.000   10063 1363396   -4394.900            MSL 
61083.000   10063 1363872  112489.300            MSL 
61083.000   10081 1353476    4495.600            NIMT
61083.000   10081 1353472   45979.500            NIMT
61083.000   10081 1353470   45961.800            NIMT
61083.000   10013 1410102   -1703.200            NAO 
61083.000   10013 1350779    6370.600            NAO 
61083.000   10013 1351689    -111.200            NAO 
61083.000   10013 1351214     107.500            NAO 
61083.000   10020 1350343  128024.000            NICT
61083.000   10020 1350907   35697.600            NICT
61083.000   10020 1351226  -16631.900            NICT
61083.000   10020 1351778   75223.900            NICT
61083.000   10020 1351789   -8035.700            NICT
61083.000   10020 1351866    1411.700            NICT
61083.000   10020 1351944  109017.500            NICT
61083.000   10020 1352011  108095.400            NICT
61083.000   10020 1352056  109539.600            NICT
61083.000   10020 1352113  -45813.000            NICT
61083.000   10020 1352116  -27314.600            NICT
61083.000   10020 1352570   88071.800            NICT
61083.000   10020 1352620   60198.200            NICT
61083.000   10020 1352627  -23178.600            NICT
61083.000   10020 1352628  -24832.500            NICT
61083.000   10020 1352784   43384.400            NICT
61083.000   10020 1352876  123749.900            NICT
61083.000   10020 1352903   52748.000            NICT
61083.000   10020 1353594  -14887.900            NICT
61083.000   10020 1353716  -28387.600            NICT
61083.000   10020 1353717  -49888.200            NICT
61083.000   10020 1353718  -44185.000            NICT
61083.000   10020 1353720  -53624.600            NICT
61083.000   10020 1353722  -30614.000            NICT
61083.000   10020 1353909   27330.200            NICT
61083.000   10020 1353912  -37913.500            NICT
61083.000   10020 1353916  -71244.400            NICT
61083.000   10020 1353918   38776.000            NICT
61083.000   10020 1354230   68483.900            NICT
61083.000   10020 1355334   85989.500            NICT
61083.000   10020 1402003   15958.900            NICT
61083.000   10020 1402004   -8962.100            NICT
61083.000   10020 1402012   32968.200            NICT
61083.000   10020 1402013   40355.900            NICT
61083.000   10020 1402014   -2360.900            NICT
61083.000   10020 1402015   70551.200            NICT
61083.000   10020 1411041  -61469.000            NICT
61083.000   10020 1411062   33280.500            NICT
61083.000   10020 1412060   61525.600            NICT
61083.000   10002 1412108  548231.500            NIST
61083.000   10002 1412014 -543108.600            NIST
61083.000   10002 1400004 -197524.700            NIST
61083.000   10002 1400222  728144.700            NIST
61083.000   10002 1400209 -449815.000            NIST
61083.000   10002 1400212  481405.500            NIST
61083.000   10002 1400207  651656.000            NIST
61083.000   10002 1412015  611211.100            NIST
61083.000   10002 1400210  186033.800            NIST
61083.000   10002 1400205  979918.200            NIST
61083.000   10002 1352792 -548216.600            NIST
61083.000   10002 1412099  268279.500            NIST
61083.000   10002 1412006   90182.900            NIST
61083.000   10002 1352935 -654038.000            NIST
61083.000   10002 1352579  978947.700            NIST
61083.000   10002 1402205 -249899.500            NIST
61083.000   10050 1320293  122920.300            NMIJ
61083.000   10017 1412011   47785.800            NPL 
61083.000   10017 1412050   45764.900            NPL 
61083.000   10003 1352150    8120.300            NRC 
61083.000   10003 1362225   17131.000            NRC 
61083.000   10003 1352115   19190.200            NRC 
61083.000   10003 1352148    3235.000            NRC 
61083.000   10003 1400306   91901.800            NRC 
61083.000   10003 1400307   10897.600            NRC 
61083.000   10049 1415324   -1644.900            NTSC
61083.000   10049 1415316   -5454.000            NTSC
61083.000   10049 1415085  -22535.900            NTSC
61083.000   10049 1415082   48702.300            NTSC
61083.000   10049 1414922    5416.600            NTSC
61083.000   10049 1404967    5162.200            NTSC
61083.000   10049 1354937   14434.500            NTSC
61083.000   10049 1352142   15223.300            NTSC
61083.000   10016 1354619       0.000            INXE
61083.000   10008 1352027   33003.000            OP  
61083.000   10008 1400889    4604.100            OP  
61083.000   10008 1353765   78525.900            OP  
61083.000   10008 1400810   20310.600            OP  
61083.000   10008 1400809   34883.400            OP  
61083.000   10008 1400890   29123.300            OP  
61083.000   10026 1352722   -1984.300            ORB 
61083.000   10026 1352724    9499.200            ORB 
61083.000   10026 1411030   75218.400            ORB 
61083.000   10026 1402602  345313.900            ORB 
61083.000   10026 1352723    1401.000            ORB 
61083.000   10040 1350441    -776.000            PL  
61083.000   10040 1415318  -11279.100            PL  
61083.000   10040 1415321   25134.800            PL  
61083.000   10040 1354603     132.400            PL  
61083.000   10040 1354597     246.500            PL  
61083.000   10005 1920001   41563.100            PTB 
61083.000   10005 1920002   37532.400            PTB 
61083.000   10005 1355322    8772.100            PTB 
61083.000   10005 1400510    8808.500            PTB 
61083.000   10005 1400506   32200.500            PTB 
61083.000   10005 1400508   32812.900            PTB 
61083.000   10005 1400509    9821.100            PTB 
61083.000   10005 1415245   -5394.000            PTB 
61083.000   10005 1400512    6661.900            PTB 
61083.000   10005 1415221    3548.300            PTB 
61083.000   10019 1351942   68645.300            ONRJ
61083.000   10019 1320337   50797.300            ONRJ
61083.000   10019 1354204   70484.200            ONRJ
61083.000   10019 1350147   59413.700            ONRJ
61083.000   10019 1350102   19321.700            ONRJ
61083.000   10019 1353364   38662.100            ONRJ
61083.000   10019 1351153  -11559.900            ONRJ
61083.000   10019 1401958  123971.100            ONRJ
61083.000   10014 1350583   -4662.400            ROA 
61083.000   10014 1350718   -2862.800            ROA 
61083.000   10014 1361490   87051.000            ROA 
61083.000   10014 1361488   85113.800            ROA 
61083.000   10014 1351699   54941.100            ROA 
61083.000   10014 1401436 1934079.300            ROA 
61083.000   10014 1412032 1286566.800            ROA 
61083.000   10014 1352270    7837.000            ROA 
61083.000   10062 1352932       0.000            SASO
61083.000   10062 1352931     -23.900            SASO
61083.000   10062 1351628     715.900            SASO
61083.000   10062 1350221    -508.100            SASO
61083.000   10067 1352525   -8111.400            SCL 
61083.000   10067 1352178  -19608.400            SCL 
61083.000   10067 1415314     933.400            SCL 
61083.000   10067 1353448      14.500            SCL 
61083.000   10079 1352003   33769.100            SMD 
61083.000   10079 1352543  -25828.800            SMD 
61083.000   10079 1411049   -1960.100            SMD 
61083.000   10072 1352745  -21394.200            SP  
61083.000   10072 1352749   21490.700            SP  
61083.000   10072 1352758   -2394.100            SP  
61083.000   10072 1354707    6588.400            SP  
61083.000   10072 1362295    2587.700            SP  
61083.000   10072 1365149   54228.100            SP  
61083.000   10072 1407201      25.800            SP  
61083.000   10072 1407223  153500.600            SP  
61083.000   10072 1407231  243330.300            SP  
61083.000   10072 1407232  392870.000            SP  
61083.000   10072 1415319   41286.900            SP  
61083.000   10038 1403809 -409314.600            SU  
61083.000   10038 1403811 -282069.400            SU  
61083.000   10038 1403812  -26959.000            SU  
61083.000   10038 1403844 -561936.400            SU  
61083.000   10038 1403853    3944.400            SU  
61083.000   10038 1403833 -397251.000            SU  
61083.000   10038 1403846   46605.800            SU  
61083.000   10038 1403814 -654191.200            SU  
61083.000   10038 1403815 -333186.100            SU  
61083.000   10038 1403834   10092.600            SU  
61083.000   10038 1403841  -39533.400            SU  
61083.000   10038 1403840    9615.600            SU  
61083.000   10038 1403845 -453625.500            SU  
61083.000   10030 1403011  147046.600            TL  
61083.000   10030 1413202  222999.000            TL  
61083.000   10030 1353942  -36316.900            TL  
61083.000   10030 1353947   54688.500            TL  
61083.000   10030 1354060  -13996.700            TL  
61083.000   10022 1320211 1999822.900            TP  
61083.000   10022 1320247  999102.900            TP  
61083.000   10022 1351227       0.000            TP  
61083.000   10022 1352179     -29.200            TP  
61083.000   10022 1352476     528.200            TP  
61083.000   10022 1353519     -85.600            TP  
61083.000   10068 1411028       0.000            UME 
61083.000   10068 1352703    2430.400            UME 
61083.000   10068 1350251    3335.200            UME 
61083.000   10068 1350872   -7994.000            UME 
61083.000   10068 1352710    2718.400            UME 
61083.000   10007 1400711 3282686.600            USNO
61083.000   10007 1400712  271689.800            USNO
61083.000   10007 1400719  455790.400            USNO
61083.000   10007 1400702  -65599.200            USNO
61083.000   10007 1400708  663650.000            USNO
61083.000   10007 1400704  113323.700            USNO
61083.000   10007 1400718 1934997.300            USNO
61083.000   10007 1400710 -781166.000            USNO
61083.000   10007 1400726 1277967.700            USNO
61083.000   10007 1400715  417734.000            USNO
61083.000   10007 1350161   81049.400            USNO
61083.000   10007 1400727 -723300.300            USNO
61083.000   10007 1400729 2214521.900            USNO
61083.000   10007 1400725 -219353.400            USNO
61083.000   10007 1400724 -814483.900            USNO
61083.000   10007 1400723 -606127.300            USNO
61083.000   10007 1400722 2701139.700            USNO
61083.000   10007 1400721  426389.100            USNO
61083.000   10007 1400720 1252312.700            USNO
61083.000   10007 1400730 2130450.000            USNO
61083.000   10007 1400731 -401825.300            USNO
61083.000   10007 1400732  746807.900            USNO
61083.000   10007 1400736 1215681.200            USNO
61083.000   10007 1400737 2448690.400            USNO
61083.000   10007 1400740 1095647.900            USNO
61083.000   10007 1400713  451714.200            USNO
61083.000   10007 1400714   93908.900            USNO
61083.000   10007 1400716  679564.500            USNO
61083.000   10007 1400738  100973.700            USNO
61083.000   10064 1355005       0.000            UZ  
61083.000   10064 1354998 4711480.800            UZ  
61083.000   10028 1353669   19795.100            VMI 
61083.000   10028 1361233   12446.500            VMI 
61083.000   10028 1353670  -23911.200            VMI 
61083.000   10024 1411040   -2615.900            VSL 
61083.000   10024 1354466    9621.200            VSL 
61083.000   10024 1355008    6828.000            VSL 
61083.000   10024 1355697     658.200            VSL 
61083.000   10055 1352191     -97.200            DMDM
61083.000   10055 1362033  -53781.000            DMDM
