61094.000   10021 1352938       0.000            UAE 
61094.000   10021 1352940   -1520.800            UAE 
61094.000   10046 1404601   25161.400            AOS 
61094.000   10046 1352394    -853.000            AOS 
61094.000   10031 1353842    2419.600            APL 
61094.000   10031 1403107  259268.900            APL 
61094.000   10031 1403108  457714.700            APL 
61094.000   10031 1403109  133611.900            APL 
61094.000   10031 1412174   23834.300            APL 
61094.000   10054 1362269     102.000            AUS 
61094.000   10054 1360340   12449.000            AUS 
61094.000   10054 1360654  -43219.000            AUS 
61094.000   10054 1363814    4315.000            AUS 
61094.000   10054 1364971    7124.000            AUS 
61094.000   10054 1360299   27882.000            AUS 
61094.000   10101 1355360       0.000            AZ  
61094.000   10101 1355361   -1013.200            AZ  
61094.000   10075 1352685    3104.000            IMBH
61094.000   10075 1320192   -8173.400            IMBH
61094.000   10075 1320193  -39551.300            IMBH
61094.000   10071 1353447    1039.400            BIRM
61094.000   10071 1353689    9882.800            BIRM
61094.000   10071 1407107 -399450.500            BIRM
61094.000   10071 1407111    -301.800            BIRM
61094.000   10071 1407112   -7831.700            BIRM
61094.000   10071 1415303   -3616.900            BIRM
61094.000   10071 1415304  -10341.600            BIRM
61094.000   10071 1415305  -19044.500            BIRM
61094.000   10092 1363159    4508.200            ICE 
61094.000   10092 1363522    3544.300            ICE 
61094.000   10057 1352117   14076.500            CH  
61094.000   10057 1355202    -619.800            CH  
61094.000   10057 1373644    -792.200            CH  
61094.000   10057 1405701   -1807.200            CH  
61094.000   10057 1405702   22637.100            CH  
61094.000   10057 1411117    -145.800            CH  
61094.000   10073 1353612  -11887.400            CNM 
61094.000   10073 1413211   -1020.200            CNM 
61094.000   10073 1413212   48785.800            CNM 
61094.000   10074 1411045    3991.200            DLR 
61094.000   10053 1350136     -83.300            DTAG
61094.000   10053 1355332   -1579.000            DTAG
61094.000   10053 1352635    2465.400            DTAG
61094.000   10025 1352025    4106.100            ESA 
61094.000   10025 1351615   -4527.500            ESA 
61094.000   10025 1352353   11378.600            ESA 
61094.000   10025 1352210   28433.400            ESA 
61094.000   10025 1402543  -31612.300            ESA 
61094.000   10025 1402541 -100094.300            ESA 
61094.000   10025 1411033   -1186.400            ESA 
61094.000   10089 1354233       0.000            HKO 
61094.000   10089 1355122    1270.100            HKO 
61094.000   10099 1354701       0.000            IFZG
61094.000   10093 1353401       0.000            NSAI
61094.000   10044 1361167    1274.300            IFAG
61094.000   10044 1361173     499.300            IFAG
61094.000   10044 1361629    9362.100            IFAG
61094.000   10044 1361732    6451.000            IFAG
61094.000   10044 1361798    1095.500            IFAG
61094.000   10044 1404439    4502.200            IFAG
61094.000   10044 1404418   15275.000            IFAG
61094.000   10048 1404878  922738.000            NIM 
61094.000   10048 1404871 1043381.600            NIM 
61094.000   10048 1404832 1041080.300            NIM 
61094.000   10048 1404879 1887934.700            NIM 
61094.000   10048 1404880 2168327.000            NIM 
61094.000   10048 1352742  111484.700            NIM 
61094.000   10048 1404849 1414627.700            NIM 
61094.000   10048 1404856   93670.200            NIM 
61094.000   10048 1404857   25226.100            NIM 
61094.000   10048 1404821    2808.200            NIM 
61094.000   10048 1404850     610.000            NIM 
61094.000   10048 1404870    5213.800            NIM 
61094.000   10015 1362377       0.000            INTI
61094.000   10015 1363270   12115.100            INTI
61094.000   10015 1363511    5991.700            INTI
61094.000   10083 1353654    9753.000            NIS 
61094.000   10083 1354391   16653.900            NIS 
61094.000   10083 1353812  -28139.500            NIS 
61094.000   10083 1352182   -4051.200            NIS 
61094.000   10011 1350219   -1036.600            IT  
61094.000   10011 1352487    -397.100            IT  
61094.000   10011 1401101  239145.600            IT  
61094.000   10011 1401102  291522.200            IT  
61094.000   10011 1401103   33923.200            IT  
61094.000   10011 1401104   10337.100            IT  
61094.000   10011 1411079   -1000.400            IT  
61094.000   10011 1411078    3099.700            IT  
61094.000   10011 1422012     873.300            IT  
61094.000   10035 1350832   16901.300            BSJ 
61094.000   10035 1350833    9287.400            BSJ 
61094.000   10087 1361277 -111776.600            JV  
61094.000   10087 1362617   70018.700            JV  
61094.000   10087 1415218  -42105.900            JV  
61094.000   10087 1411122   15404.600            JV  
61094.000   10056 1351783   39740.500            KRIS
61094.000   10056 1405624  160954.300            KRIS
61094.000   10056 1405625  465510.600            KRIS
61094.000   10056 1405626   14973.200            KRIS
61094.000   10027 1415201    -656.900            KZ  
61094.000   10027 1415205    1580.300            KZ  
61094.000   10027 1415266   -2457.900            KZ  
61094.000   10052 1351324  -11065.500            NPLI
61094.000   10052 1353376  -10619.600            NPLI
61094.000   10052 1353457    3344.800            NPLI
61094.000   10052 1353413   44610.700            NPLI
61094.000   10052 1353453    5132.200            NPLI
61094.000   10052 1415225  113931.000            NPLI
61094.000   10052 1415365   47277.900            NPLI
61094.000   10052 1415363    3345.600            NPLI
61094.000   10052 1415364   11374.900            NPLI
61094.000   10091 1352370   -8246.000            LRTE
61094.000   10082 1351868       0.000            LT  
61094.000   10082 1351362   -1662.600            LT  
61094.000   10094 1353471  -61218.600            LUX 
61094.000   10094 1353544  -57801.600            LUX 
61094.000   10041 1404113  326895.000            MIKE
61094.000   10041 1404108   30309.000            MIKE
61094.000   10041 1404189  184855.600            MIKE
61094.000   10041 1412084   27232.200            MIKE
61094.000   10088 1361806  -12534.600            CNMP
61094.000   10088 1361752   -6682.200            CNMP
61094.000   10088 1363162    8236.900            CNMP
61094.000   10088 1363179  -66599.900            CNMP
61094.000   10063 1360274    3163.200            MSL 
61094.000   10063 1363396   -4361.900            MSL 
61094.000   10063 1363872  113047.200            MSL 
61094.000   10081 1353476    4343.500            NIMT
61094.000   10081 1353472   46084.700            NIMT
61094.000   10081 1353470   46137.100            NIMT
61094.000   10013 1410102   -1579.000            NAO 
61094.000   10013 1350779    6228.900            NAO 
61094.000   10013 1351689    -195.200            NAO 
61094.000   10013 1351214     107.500            NAO 
61094.000   10020 1350343  128284.000            NICT
61094.000   10020 1350907   35530.300            NICT
61094.000   10020 1351226  -16669.900            NICT
61094.000   10020 1351778   75380.700            NICT
61094.000   10020 1351789   -8108.100            NICT
61094.000   10020 1351866    1406.700            NICT
61094.000   10020 1351944  109148.300            NICT
61094.000   10020 1352011  108060.000            NICT
61094.000   10020 1352056  109686.500            NICT
61094.000   10020 1352113  -45857.900            NICT
61094.000   10020 1352116  -27290.600            NICT
61094.000   10020 1352570   88155.900            NICT
61094.000   10020 1352620   60381.400            NICT
61094.000   10020 1352627  -23342.900            NICT
61094.000   10020 1352628  -24946.900            NICT
61094.000   10020 1352784   43266.700            NICT
61094.000   10020 1352876  123704.900            NICT
61094.000   10020 1352903   52804.300            NICT
61094.000   10020 1353594  -14799.700            NICT
61094.000   10020 1353716  -28511.700            NICT
61094.000   10020 1353717  -50123.100            NICT
61094.000   10020 1353718  -44477.800            NICT
61094.000   10020 1353720  -53789.000            NICT
61094.000   10020 1353722  -30705.400            NICT
61094.000   10020 1353909   27407.800            NICT
61094.000   10020 1353912  -38142.000            NICT
61094.000   10020 1353916  -71611.600            NICT
61094.000   10020 1353918   38971.600            NICT
61094.000   10020 1354230   68563.300            NICT
61094.000   10020 1355334   85935.900            NICT
61094.000   10020 1402003   16084.600            NICT
61094.000   10020 1402004   -9216.300            NICT
61094.000   10020 1402012   32419.100            NICT
61094.000   10020 1402013   41637.800            NICT
61094.000   10020 1402014   -2313.500            NICT
61094.000   10020 1402015   71855.800            NICT
61094.000   10020 1411041  -62876.400            NICT
61094.000   10020 1411062   33060.100            NICT
61094.000   10020 1412060   62378.800            NICT
61094.000   10002 1412108  556320.700            NIST
61094.000   10002 1412014 -541521.500            NIST
61094.000   10002 1400004 -196645.400            NIST
61094.000   10002 1400222  728797.600            NIST
61094.000   10002 1400209 -449068.600            NIST
61094.000   10002 1400212  494683.800            NIST
61094.000   10002 1400207  659304.600            NIST
61094.000   10002 1412015  616255.700            NIST
61094.000   10002 1400210  196030.700            NIST
61094.000   10002 1400205  979715.900            NIST
61094.000   10002 1352792 -548412.700            NIST
61094.000   10002 1412099  281023.500            NIST
61094.000   10002 1412006  101248.300            NIST
61094.000   10002 1352935 -654295.700            NIST
61094.000   10002 1352579  979149.100            NIST
61094.000   10002 1402205 -243974.800            NIST
61094.000   10050 1320293  125457.500            NMIJ
61094.000   10017 1412011   47916.400            NPL 
61094.000   10017 1412050   45951.500            NPL 
61094.000   10003 1352150    8136.500            NRC 
61094.000   10003 1362225   17126.600            NRC 
61094.000   10003 1352115   19267.600            NRC 
61094.000   10003 1352148    3233.600            NRC 
61094.000   10003 1400306   92133.300            NRC 
61094.000   10003 1400307   11030.000            NRC 
61094.000   10049 1415324   -1651.600            NTSC
61094.000   10049 1415316   -5533.400            NTSC
61094.000   10049 1415085  -22676.100            NTSC
61094.000   10049 1415082   49365.600            NTSC
61094.000   10049 1414922    5580.000            NTSC
61094.000   10049 1404967    5302.200            NTSC
61094.000   10049 1354937   14429.500            NTSC
61094.000   10049 1352142   15211.100            NTSC
61094.000   10016 1354619       0.000            INXE
61094.000   10008 1352027   33164.300            OP  
61094.000   10008 1400889    4860.700            OP  
61094.000   10008 1353765   78802.800            OP  
61094.000   10008 1400810   20554.900            OP  
61094.000   10008 1400809   35233.000            OP  
61094.000   10008 1400890   29410.600            OP  
61094.000   10026 1352722   -2006.200            ORB 
61094.000   10026 1352724    9605.600            ORB 
61094.000   10026 1411030   76085.500            ORB 
61094.000   10026 1402602  350831.100            ORB 
61094.000   10026 1352723    1452.900            ORB 
61094.000   10040 1350441    -769.100            PL  
61094.000   10040 1415318  -17078.600            PL  
61094.000   10040 1415321   25448.500            PL  
61094.000   10040 1354603     142.300            PL  
61094.000   10040 1354597     262.800            PL  
61094.000   10005 1920001   41573.000            PTB 
61094.000   10005 1920002   37544.000            PTB 
61094.000   10005 1355322    8804.000            PTB 
61094.000   10005 1400510    8910.900            PTB 
61094.000   10005 1400506   32345.400            PTB 
61094.000   10005 1400508   32946.400            PTB 
61094.000   10005 1400509    9875.100            PTB 
61094.000   10005 1415245   -5545.600            PTB 
61094.000   10005 1400512    6768.500            PTB 
61094.000   10005 1415221    3557.400            PTB 
61094.000   10019 1351942   68856.700            ONRJ
61094.000   10019 1320337   50889.300            ONRJ
61094.000   10019 1354204   70988.200            ONRJ
61094.000   10019 1350147   59465.200            ONRJ
61094.000   10019 1350102   19426.300            ONRJ
61094.000   10019 1353364   38764.100            ONRJ
61094.000   10019 1351153  -11685.200            ONRJ
61094.000   10019 1401958  125401.800            ONRJ
61094.000   10014 1350583   -4720.900            ROA 
61094.000   10014 1350718   -2786.400            ROA 
61094.000   10014 1361490   87170.400            ROA 
61094.000   10014 1361488   85260.800            ROA 
61094.000   10014 1351699   55005.700            ROA 
61094.000   10014 1401436 1940859.300            ROA 
61094.000   10014 1412032 1293637.400            ROA 
61094.000   10014 1352270    7853.500            ROA 
61094.000   10062 1352932       0.000            SASO
61094.000   10062 1352931     114.800            SASO
61094.000   10062 1351628     808.200            SASO
61094.000   10062 1350221    -547.700            SASO
61094.000   10067 1352525   -8200.300            SCL 
61094.000   10067 1352178  -19780.500            SCL 
61094.000   10067 1415314    1061.900            SCL 
61094.000   10067 1353448     276.600            SCL 
61094.000   10079 1352003   33845.800            SMD 
61094.000   10079 1352543  -25980.900            SMD 
61094.000   10079 1411049   -1954.800            SMD 
61094.000   10072 1352745  -21561.600            SP  
61094.000   10072 1352749   21732.000            SP  
61094.000   10072 1352758   -2408.100            SP  
61094.000   10072 1354707    6588.400            SP  
61094.000   10072 1362295    2907.100            SP  
61094.000   10072 1365149   55170.800            SP  
61094.000   10072 1407201     380.600            SP  
61094.000   10072 1407223  154185.100            SP  
61094.000   10072 1407231  246025.600            SP  
61094.000   10072 1407232  396636.000            SP  
61094.000   10072 1415319   41589.000            SP  
61094.000   10038 1403809 -409500.700            SU  
61094.000   10038 1403811 -282064.500            SU  
61094.000   10038 1403812  -26610.100            SU  
61094.000   10038 1403844 -561701.000            SU  
61094.000   10038 1403853    4086.300            SU  
61094.000   10038 1403833 -396982.800            SU  
61094.000   10038 1403846   46906.200            SU  
61094.000   10038 1403814 -652857.900            SU  
61094.000   10038 1403815 -332875.900            SU  
61094.000   10038 1403834   10292.700            SU  
61094.000   10038 1403841  -39041.100            SU  
61094.000   10038 1403840    9783.300            SU  
61094.000   10038 1403845 -453708.000            SU  
61094.000   10030 1403011  153026.600            TL  
61094.000   10030 1413202  224959.300            TL  
61094.000   10030 1353942  -36565.600            TL  
61094.000   10030 1353947   55006.800            TL  
61094.000   10030 1354060  -14075.600            TL  
61094.000   10022 1320211 1999813.200            TP  
61094.000   10022 1320247  998979.800            TP  
61094.000   10022 1351227       0.000            TP  
61094.000   10022 1352179       2.300            TP  
61094.000   10022 1352476     525.400            TP  
61094.000   10022 1353519    -109.400            TP  
61094.000   10022 1411076      76.600            TP  
61094.000   10068 1411028       0.000            UME 
61094.000   10068 1352703    2445.100            UME 
61094.000   10068 1350251    3395.300            UME 
61094.000   10068 1350872   -8086.300            UME 
61094.000   10068 1352710    2872.000            UME 
61094.000   10007 1400711 3288855.200            USNO
61094.000   10007 1400712  272373.500            USNO
61094.000   10007 1400719  458226.700            USNO
61094.000   10007 1400702  -65572.000            USNO
61094.000   10007 1400708  665092.400            USNO
61094.000   10007 1400704  113868.300            USNO
61094.000   10007 1400718 1939235.900            USNO
61094.000   10007 1400710 -786426.000            USNO
61094.000   10007 1400726 1283269.700            USNO
61094.000   10007 1400715  419697.100            USNO
61094.000   10007 1350161   81031.000            USNO
61094.000   10007 1400727 -727046.800            USNO
61094.000   10007 1400729 2222597.700            USNO
61094.000   10007 1400725 -219504.300            USNO
61094.000   10007 1400724 -815682.400            USNO
61094.000   10007 1400723 -605963.600            USNO
61094.000   10007 1400722 2699181.700            USNO
61094.000   10007 1400721  435225.200            USNO
61094.000   10007 1400720 1253304.400            USNO
61094.000   10007 1400730 2137062.800            USNO
61094.000   10007 1400731 -403716.900            USNO
61094.000   10007 1400732  750925.000            USNO
61094.000   10007 1400736 1216223.900            USNO
61094.000   10007 1400737 2451707.300            USNO
61094.000   10007 1400740 1102402.200            USNO
61094.000   10007 1400713  453313.200            USNO
61094.000   10007 1400714   94582.600            USNO
61094.000   10007 1400716  682252.200            USNO
61094.000   10007 1400738  102801.800            USNO
61094.000   10064 1355005       0.000            UZ  
61094.000   10064 1354998 5089667.500            UZ  
61094.000   10028 1353669   19986.800            VMI 
61094.000   10028 1361233   12642.200            VMI 
61094.000   10028 1353670  -24018.500            VMI 
61094.000   10024 1411040   -2677.800            VSL 
61094.000   10024 1354466    9694.900            VSL 
61094.000   10024 1355008    6911.200            VSL 
61094.000   10024 1355697     761.400            VSL 
61094.000   10055 1352191     -97.200            DMDM
61094.000   10055 1362033  -54398.100            DMDM
