61204.000   10021 1352938       0.000            UAE 
61204.000   10021 1352940   -4747.200            UAE 
61204.000   10046 1404601   27786.200            AOS 
61204.000   10046 1352394   -1323.100            AOS 
61204.000   10031 1353842    2415.700            APL 
61204.000   10031 1403107  270443.500            APL 
61204.000   10031 1403108  543173.500            APL 
61204.000   10031 1403109  136442.300            APL 
61204.000   10031 1412174   36040.100            APL 
61204.000   10054 1362269     182.000            AUS 
61204.000   10054 1360340   13244.000            AUS 
61204.000   10054 1360654  -46072.000            AUS 
61204.000   10054 1363814    4819.000            AUS 
61204.000   10054 1364971    7956.000            AUS 
61204.000   10054 1360299   29190.000            AUS 
61204.000   10101 1355360       0.000            AZ  
61204.000   10101 1355361     -61.200            AZ  
61204.000   10075 1352685    3503.400            IMBH
61204.000   10075 1320192   -8986.200            IMBH
61204.000   10075 1320193  -43709.600            IMBH
61204.000   10071 1353447     601.600            BIRM
61204.000   10071 1353689    9945.600            BIRM
61204.000   10071 1407103    -668.900            BIRM
61204.000   10071 1407107 -440001.500            BIRM
61204.000   10071 1407111   -1917.700            BIRM
61204.000   10071 1407112  -12248.500            BIRM
61204.000   10071 1415303   -5893.200            BIRM
61204.000   10071 1415304  -13446.600            BIRM
61204.000   10071 1415305  -22057.600            BIRM
61204.000   10092 1363159    3750.800            ICE 
61204.000   10092 1363522    3753.900            ICE 
61204.000   10057 1355202    -847.500            CH  
61204.000   10057 1373644   -1188.500            CH  
61204.000   10057 1405701   -2331.200            CH  
61204.000   10057 1405702   20454.200            CH  
61204.000   10057 1411117    -108.500            CH  
61204.000   10073 1353612  -15498.100            CNM 
61204.000   10073 1413211    -989.800            CNM 
61204.000   10073 1413212   71838.100            CNM 
61204.000   10074 1411045    5614.400            DLR 
61204.000   10053 1350136     -83.300            DTAG
61204.000   10053 1355332   -1401.600            DTAG
61204.000   10053 1352635    2482.800            DTAG
61204.000   10025 1352025    4472.300            ESA 
61204.000   10025 1351615   -4857.000            ESA 
61204.000   10025 1352353   12125.400            ESA 
61204.000   10025 1352210   30711.200            ESA 
61204.000   10025 1402543  -44939.900            ESA 
61204.000   10025 1402541 -124799.500            ESA 
61204.000   10025 1411033   -2884.100            ESA 
61204.000   10089 1354233       0.000            HKO 
61204.000   10089 1355122    1378.900            HKO 
61204.000   10099 1354701       0.000            IFZG
61204.000   10093 1353401       0.000            NSAI
61204.000   10044 1361167     623.200            IFAG
61204.000   10044 1361173      49.800            IFAG
61204.000   10044 1361629   11187.900            IFAG
61204.000   10044 1361732    7835.000            IFAG
61204.000   10044 1361798     114.200            IFAG
61204.000   10044 1404439    4106.200            IFAG
61204.000   10044 1404418   15065.700            IFAG
61204.000   10048 1404878  975472.400            NIM 
61204.000   10048 1404871 1106636.800            NIM 
61204.000   10048 1404832 1124831.800            NIM 
61204.000   10048 1404879 1950006.400            NIM 
61204.000   10048 1404880 2233500.100            NIM 
61204.000   10048 1352742  114663.900            NIM 
61204.000   10048 1404849 1415344.700            NIM 
61204.000   10048 1404856   94484.600            NIM 
61204.000   10048 1404857   24745.800            NIM 
61204.000   10048 1404821    3184.500            NIM 
61204.000   10048 1404850     771.100            NIM 
61204.000   10048 1404870    6041.000            NIM 
61204.000   10015 1362377       0.000            INTI
61204.000   10015 1363270      42.800            INTI
61204.000   10015 1363511    6389.100            INTI
61204.000   10070 1353546    9306.400            IPQ 
61204.000   10083 1353654   10228.000            NIS 
61204.000   10083 1354391   18716.900            NIS 
61204.000   10083 1353812  -30674.500            NIS 
61204.000   10083 1352182   -4518.700            NIS 
61204.000   10011 1350219   -1160.800            IT  
61204.000   10011 1352487    -740.300            IT  
61204.000   10011 1401101  296386.500            IT  
61204.000   10011 1401102  302501.400            IT  
61204.000   10011 1401103   38266.100            IT  
61204.000   10011 1401104    4175.700            IT  
61204.000   10011 1411079   -1904.100            IT  
61204.000   10011 1411078    5015.300            IT  
61204.000   10011 1422012     -36.200            IT  
61204.000   10035 1350832   18687.600            BSJ 
61204.000   10035 1350833   10387.700            BSJ 
61204.000   10087 1361277 -112821.100            JV  
61204.000   10087 1362617   71749.500            JV  
61204.000   10087 1415218  -42194.500            JV  
61204.000   10087 1411122   18678.700            JV  
61204.000   10056 1351783   42144.900            KRIS
61204.000   10056 1405624  176931.500            KRIS
61204.000   10056 1405625  512637.200            KRIS
61204.000   10056 1405626   16956.400            KRIS
61204.000   10027 1415201     -14.300            KZ  
61204.000   10027 1415205      85.600            KZ  
61204.000   10027 1415266    -207.700            KZ  
61204.000   10052 1351324  -11295.700            NPLI
61204.000   10052 1353376  -10964.700            NPLI
61204.000   10052 1353457    3528.800            NPLI
61204.000   10052 1353413   45909.300            NPLI
61204.000   10052 1353453    5414.500            NPLI
61204.000   10052 1415225  124213.100            NPLI
61204.000   10052 1415365   50941.900            NPLI
61204.000   10052 1415363    4479.600            NPLI
61204.000   10052 1415364   12671.000            NPLI
61204.000   10091 1352370  -12068.600            LRTE
61204.000   10082 1351868       0.000            LT  
61204.000   10082 1351362   -1673.700            LT  
61204.000   10094 1353471  -62351.500            LUX 
61204.000   10094 1353544  -57332.800            LUX 
61204.000   10085 1353507       0.000            NIMB
61204.000   10041 1404113  337762.900            MIKE
61204.000   10041 1404108   34962.100            MIKE
61204.000   10041 1404189  180523.100            MIKE
61204.000   10041 1412084   25867.000            MIKE
61204.000   10088 1361806  -12914.300            CNMP
61204.000   10088 1361752   -6837.100            CNMP
61204.000   10088 1363162    9035.500            CNMP
61204.000   10088 1363179  -68406.500            CNMP
61204.000   10063 1360274    3395.200            MSL 
61204.000   10063 1363396   -4309.000            MSL 
61204.000   10063 1363872  118402.800            MSL 
61204.000   10081 1353476    3055.000            NIMT
61204.000   10081 1353472   47353.200            NIMT
61204.000   10081 1353470   48025.800            NIMT
61204.000   10013 1410102    1660.900            NAO 
61204.000   10013 1350779     429.900            NAO 
61204.000   10013 1351689     341.500            NAO 
61204.000   10013 1351214     107.400            NAO 
61204.000   10020 1350343  131213.000            NICT
61204.000   10020 1350907   33823.500            NICT
61204.000   10020 1351778   76846.100            NICT
61204.000   10020 1351789   -8800.600            NICT
61204.000   10020 1351866    1379.100            NICT
61204.000   10020 1351944  110488.700            NICT
61204.000   10020 1352011  107695.400            NICT
61204.000   10020 1352056  111073.300            NICT
61204.000   10020 1352113  -46299.700            NICT
61204.000   10020 1352116  -26830.200            NICT
61204.000   10020 1352570   89007.700            NICT
61204.000   10020 1352620   62070.500            NICT
61204.000   10020 1352627  -25031.600            NICT
61204.000   10020 1352628  -26292.600            NICT
61204.000   10020 1352784   42072.100            NICT
61204.000   10020 1352876  123258.200            NICT
61204.000   10020 1352903   53370.300            NICT
61204.000   10020 1353259  -14503.600            NICT
61204.000   10020 1353594  -14228.500            NICT
61204.000   10020 1353716  -29694.800            NICT
61204.000   10020 1353717  -52559.800            NICT
61204.000   10020 1353718  -47386.700            NICT
61204.000   10020 1353720  -55435.400            NICT
61204.000   10020 1353722  -31660.500            NICT
61204.000   10020 1353909   28208.300            NICT
61204.000   10020 1353912  -40459.600            NICT
61204.000   10020 1353916  -75394.400            NICT
61204.000   10020 1353918   40792.500            NICT
61204.000   10020 1354230   69191.300            NICT
61204.000   10020 1402003   17386.500            NICT
61204.000   10020 1402004  -11776.100            NICT
61204.000   10020 1402012   27238.400            NICT
61204.000   10020 1402013   55183.300            NICT
61204.000   10020 1402014   -1564.100            NICT
61204.000   10020 1402015   85416.200            NICT
61204.000   10020 1411041  -77272.900            NICT
61204.000   10020 1411062   30847.700            NICT
61204.000   10020 1412060   71302.900            NICT
61204.000   10002 1412108  638261.200            NIST
61204.000   10002 1412014 -525282.300            NIST
61204.000   10002 1400004 -187779.400            NIST
61204.000   10002 1400222  735315.700            NIST
61204.000   10002 1400209 -441024.900            NIST
61204.000   10002 1400212  629147.400            NIST
61204.000   10002 1400207  736179.000            NIST
61204.000   10002 1412015  667115.900            NIST
61204.000   10002 1400210  296838.300            NIST
61204.000   10002 1400205  977702.500            NIST
61204.000   10002 1412099  409983.300            NIST
61204.000   10002 1412006  212940.200            NIST
61204.000   10002 1442021 -559919.600            NIST
61204.000   10002 1352935 -656909.400            NIST
61204.000   10002 1352579  981206.900            NIST
61204.000   10002 1402205 -184298.500            NIST
61204.000   10050 1320293  150946.800            NMIJ
61204.000   10017 1412011   49316.900            NPL 
61204.000   10017 1412050   49223.900            NPL 
61204.000   10003 1352150    8387.200            NRC 
61204.000   10003 1362225   16919.700            NRC 
61204.000   10003 1352115   20020.000            NRC 
61204.000   10003 1352148    3135.400            NRC 
61204.000   10003 1400306   92741.100            NRC 
61204.000   10003 1400307   12391.800            NRC 
61204.000   10049 1415324   -1562.200            NTSC
61204.000   10049 1415322    3220.800            NTSC
61204.000   10049 1415316   -6330.100            NTSC
61204.000   10049 1415085    -471.600            NTSC
61204.000   10049 1414922    7331.100            NTSC
61204.000   10049 1404967    6803.100            NTSC
61204.000   10049 1354937   14333.400            NTSC
61204.000   10049 1352142   15116.500            NTSC
61204.000   10016 1354619       0.000            INXE
61204.000   10008 1352027   34928.300            OP  
61204.000   10008 1400889    7454.700            OP  
61204.000   10008 1353765   81500.200            OP  
61204.000   10008 1400810   23059.500            OP  
61204.000   10008 1400809   38804.800            OP  
61204.000   10008 1400890   32287.700            OP  
61204.000   10026 1352722   -1954.100            ORB 
61204.000   10026 1352724   10713.800            ORB 
61204.000   10026 1411030   84874.700            ORB 
61204.000   10026 1402602  406051.000            ORB 
61204.000   10026 1352723    1954.100            ORB 
61204.000   10040 1350441    -784.100            PL  
61204.000   10040 1415318 -117121.600            PL  
61204.000   10040 1415321   28810.900            PL  
61204.000   10040 1354603     264.700            PL  
61204.000   10040 1354597     268.800            PL  
61204.000   10005 1920001   41789.300            PTB 
61204.000   10005 1920002   37757.300            PTB 
61204.000   10005 1355322    9128.400            PTB 
61204.000   10005 1400510    9779.600            PTB 
61204.000   10005 1400506   34171.900            PTB 
61204.000   10005 1400508   34794.900            PTB 
61204.000   10005 1400509   10424.400            PTB 
61204.000   10005 1415245   -7105.000            PTB 
61204.000   10005 1400512    7878.500            PTB 
61204.000   10005 1415221    3649.900            PTB 
61204.000   10019 1351942   70987.100            ONRJ
61204.000   10019 1320337   51878.800            ONRJ
61204.000   10019 1354204   76210.300            ONRJ
61204.000   10019 1350147   60138.000            ONRJ
61204.000   10019 1353364   39801.000            ONRJ
61204.000   10019 1351153  -12925.200            ONRJ
61204.000   10019 1401958  140377.000            ONRJ
61204.000   10014 1350583   -5299.600            ROA 
61204.000   10014 1350718   -2058.500            ROA 
61204.000   10014 1361490   87926.000            ROA 
61204.000   10014 1361488   86511.000            ROA 
61204.000   10014 1351699   55707.300            ROA 
61204.000   10014 1401436 2009283.900            ROA 
61204.000   10014 1412032 1365050.700            ROA 
61204.000   10014 1352270    7997.100            ROA 
61204.000   10062 1352932       0.000            SASO
61204.000   10062 1352931    1391.700            SASO
61204.000   10062 1351628    1520.900            SASO
61204.000   10062 1350221   -1224.500            SASO
61204.000   10067 1352178  -21778.400            SCL 
61204.000   10067 1415314    2375.000            SCL 
61204.000   10067 1353448    2902.500            SCL 
61204.000   10072 1352745  -23274.200            SP  
61204.000   10072 1352750    1133.400            SP  
61204.000   10072 1352758   -2505.500            SP  
61204.000   10072 1354707    6481.100            SP  
61204.000   10072 1362295    6237.900            SP  
61204.000   10072 1362746    1205.900            SP  
61204.000   10072 1362749   24267.400            SP  
61204.000   10072 1362956   -4920.400            SP  
61204.000   10072 1365149   64849.500            SP  
61204.000   10072 1407201    4288.100            SP  
61204.000   10072 1407223  161084.100            SP  
61204.000   10072 1407231  273596.200            SP  
61204.000   10072 1407232  434793.400            SP  
61204.000   10072 1415319   44607.500            SP  
61204.000   10038 1403809 -411309.700            SU  
61204.000   10038 1403811 -281935.100            SU  
61204.000   10038 1403812  -22941.500            SU  
61204.000   10038 1403844 -559313.300            SU  
61204.000   10038 1403853    5521.000            SU  
61204.000   10038 1403833 -394237.100            SU  
61204.000   10038 1403846   49936.600            SU  
61204.000   10038 1403814 -639423.900            SU  
61204.000   10038 1403815 -329700.100            SU  
61204.000   10038 1403816 -297381.600            SU  
61204.000   10038 1403834   12365.500            SU  
61204.000   10038 1403841  -34067.800            SU  
61204.000   10038 1403840   11463.100            SU  
61204.000   10038 1403845 -454464.000            SU  
61204.000   10030 1403011  213484.900            TL  
61204.000   10030 1413202  260729.800            TL  
61204.000   10030 1353942  -39053.700            TL  
61204.000   10030 1353947   58026.100            TL  
61204.000   10030 1354060  -14925.300            TL  
61204.000   10022 1320211 1999886.000            TP  
61204.000   10022 1320247  998979.000            TP  
61204.000   10022 1351227       0.000            TP  
61204.000   10022 1352179      70.400            TP  
61204.000   10022 1352476     609.900            TP  
61204.000   10022 1353519    -142.200            TP  
61204.000   10068 1411028       0.000            UME 
61204.000   10068 1352703     125.900            UME 
61204.000   10068 1350251     262.600            UME 
61204.000   10068 1350872    -824.700            UME 
61204.000   10068 1352710     941.500            UME 
61204.000   10007 1400711 3350635.700            USNO
61204.000   10007 1400719  481119.100            USNO
61204.000   10007 1400702  -65270.100            USNO
61204.000   10007 1400708  679588.800            USNO
61204.000   10007 1400704  119378.000            USNO
61204.000   10007 1400718 1981832.900            USNO
61204.000   10007 1400710 -838955.600            USNO
61204.000   10007 1400715  439422.300            USNO
61204.000   10007 1350161   80812.500            USNO
61204.000   10007 1400727 -763925.500            USNO
61204.000   10007 1400729 2304043.400            USNO
61204.000   10007 1400725 -220977.900            USNO
61204.000   10007 1400724 -827635.300            USNO
61204.000   10007 1400723 -604137.500            USNO
61204.000   10007 1400722 2670504.800            USNO
61204.000   10007 1400721  524288.800            USNO
61204.000   10007 1400720 1263795.400            USNO
61204.000   10007 1400730 2203623.700            USNO
61204.000   10007 1400731 -422640.900            USNO
61204.000   10007 1400732  792625.000            USNO
61204.000   10007 1400736 1222213.000            USNO
61204.000   10007 1400737 2482534.100            USNO
61204.000   10007 1400740 1170912.900            USNO
61204.000   10007 1400713  469447.300            USNO
61204.000   10007 1400716  709188.100            USNO
61204.000   10007 1400733  147212.000            USNO
61204.000   10064 1355005       0.000            UZ  
61204.000   10064 1354998 4296253.800            UZ  
61204.000   10028 1353669  -11242.100            VMI 
61204.000   10028 1361233  -11256.200            VMI 
61204.000   10028 1353670  -11334.900            VMI 
61204.000   10024 1411040   -3295.800            VSL 
61204.000   10024 1354466   10461.600            VSL 
61204.000   10024 1355008    7777.200            VSL 
61204.000   10024 1355697    1850.700            VSL 
61204.000   10055 1352191     -65.900            DMDM
61204.000   10055 1362033  -60685.100            DMDM
