61114.000   10021 1352938       0.000            UAE 
61114.000   10021 1352940   -2135.100            UAE 
61114.000   10046 1404601   25632.100            AOS 
61114.000   10046 1352394    -930.900            AOS 
61114.000   10031 1353842    2395.900            APL 
61114.000   10031 1403107  261265.300            APL 
61114.000   10031 1403108  473200.100            APL 
61114.000   10031 1403109  134127.100            APL 
61114.000   10031 1412174   25814.900            APL 
61114.000   10054 1362269     104.000            AUS 
61114.000   10054 1360340   12584.000            AUS 
61114.000   10054 1360654  -43741.000            AUS 
61114.000   10054 1363814    4393.000            AUS 
61114.000   10054 1364971    7278.000            AUS 
61114.000   10054 1360299   28098.000            AUS 
61114.000   10101 1355360       0.000            AZ  
61114.000   10101 1355361   -1093.600            AZ  
61114.000   10075 1352685    3178.800            IMBH
61114.000   10075 1320192   -8347.300            IMBH
61114.000   10075 1320193  -40278.000            IMBH
61114.000   10071 1353447     958.200            BIRM
61114.000   10071 1353689    9905.300            BIRM
61114.000   10071 1407107 -406769.700            BIRM
61114.000   10071 1407112   -8616.700            BIRM
61114.000   10071 1415303   -4007.500            BIRM
61114.000   10071 1415304  -10784.800            BIRM
61114.000   10071 1415305  -19575.800            BIRM
61114.000   10092 1363159    4370.500            ICE 
61114.000   10092 1363522    3591.300            ICE 
61114.000   10057 1352117   14127.700            CH  
61114.000   10057 1355202    -653.900            CH  
61114.000   10057 1373644    -866.400            CH  
61114.000   10057 1405701   -1900.600            CH  
61114.000   10057 1405702   22292.700            CH  
61114.000   10057 1411117     -88.700            CH  
61114.000   10073 1353612  -12563.000            CNM 
61114.000   10073 1413211   -1032.900            CNM 
61114.000   10073 1413212   52798.200            CNM 
61114.000   10074 1411045    4293.700            DLR 
61114.000   10053 1350136     -83.300            DTAG
61114.000   10053 1355332   -1646.100            DTAG
61114.000   10053 1352635    2602.400            DTAG
61114.000   10025 1352025    4183.200            ESA 
61114.000   10025 1351615   -4579.400            ESA 
61114.000   10025 1352353   11507.200            ESA 
61114.000   10025 1352210   28836.200            ESA 
61114.000   10025 1402543  -33897.300            ESA 
61114.000   10025 1402541 -104280.600            ESA 
61114.000   10025 1411033   -1475.200            ESA 
61114.000   10089 1354233       0.000            HKO 
61114.000   10089 1355122    1276.500            HKO 
61114.000   10099 1354701       0.000            IFZG
61114.000   10093 1353401       0.000            NSAI
61114.000   10044 1361167    1154.200            IFAG
61114.000   10044 1361173     430.200            IFAG
61114.000   10044 1361629    9743.100            IFAG
61114.000   10044 1361732    6702.700            IFAG
61114.000   10044 1361798     958.500            IFAG
61114.000   10044 1404439    4511.900            IFAG
61114.000   10044 1404418   15302.400            IFAG
61114.000   10048 1404878  932277.700            NIM 
61114.000   10048 1404871 1054840.300            NIM 
61114.000   10048 1404832 1056140.700            NIM 
61114.000   10048 1404879 1899153.700            NIM 
61114.000   10048 1404880 2180111.800            NIM 
61114.000   10048 1352742  112069.100            NIM 
61114.000   10048 1404849 1414753.100            NIM 
61114.000   10048 1404856   93817.000            NIM 
61114.000   10048 1404857   25137.800            NIM 
61114.000   10048 1404821    2871.700            NIM 
61114.000   10048 1404850     635.000            NIM 
61114.000   10048 1404870    5358.300            NIM 
61114.000   10015 1362377       0.000            INTI
61114.000   10015 1363270   12270.500            INTI
61114.000   10015 1363511    6060.900            INTI
61114.000   10070 1353546    8509.600            IPQ 
61114.000   10083 1353654    9839.500            NIS 
61114.000   10083 1354391   17042.700            NIS 
61114.000   10083 1353812  -28603.700            NIS 
61114.000   10083 1352182   -4130.200            NIS 
61114.000   10011 1350219   -1055.900            IT  
61114.000   10011 1352487    -471.200            IT  
61114.000   10011 1401101  249454.500            IT  
61114.000   10011 1401102  293563.800            IT  
61114.000   10011 1401103   34695.400            IT  
61114.000   10011 1401104    9246.300            IT  
61114.000   10011 1411079   -1154.100            IT  
61114.000   10011 1411078    3426.000            IT  
61114.000   10011 1422012     908.400            IT  
61114.000   10035 1350832   17242.900            BSJ 
61114.000   10035 1350833    9456.000            BSJ 
61114.000   10087 1361277 -111951.200            JV  
61114.000   10087 1362617   70319.500            JV  
61114.000   10087 1415218  -42122.000            JV  
61114.000   10087 1411122   15976.900            JV  
61114.000   10056 1351783   40187.200            KRIS
61114.000   10056 1405624  163831.800            KRIS
61114.000   10056 1405625  473977.300            KRIS
61114.000   10056 1405626   15333.900            KRIS
61114.000   10027 1415201    -678.200            KZ  
61114.000   10027 1415205    1673.300            KZ  
61114.000   10027 1415266   -2592.300            KZ  
61114.000   10052 1351324  -11125.200            NPLI
61114.000   10052 1353376  -10691.400            NPLI
61114.000   10052 1353457    3373.400            NPLI
61114.000   10052 1353413   44851.200            NPLI
61114.000   10052 1353453    5191.900            NPLI
61114.000   10052 1415225  115741.300            NPLI
61114.000   10052 1415365   47936.700            NPLI
61114.000   10052 1415363    3546.200            NPLI
61114.000   10052 1415364   11603.300            NPLI
61114.000   10091 1352370   -9777.600            LRTE
61114.000   10082 1351868       0.000            LT  
61114.000   10082 1351362   -1705.100            LT  
61114.000   10094 1353471  -61437.600            LUX 
61114.000   10094 1353544  -57725.500            LUX 
61114.000   10041 1404113  328866.700            MIKE
61114.000   10041 1404108   31132.100            MIKE
61114.000   10041 1404189  183884.000            MIKE
61114.000   10041 1412084   26981.500            MIKE
61114.000   10088 1361806  -12596.000            CNMP
61114.000   10088 1361752   -6706.900            CNMP
61114.000   10088 1363162    8390.400            CNMP
61114.000   10088 1363179  -66953.500            CNMP
61114.000   10063 1360274    3243.500            MSL 
61114.000   10063 1363396   -4337.400            MSL 
61114.000   10063 1363872  114045.400            MSL 
61114.000   10081 1353476    4069.000            NIMT
61114.000   10081 1353472   46309.300            NIMT
61114.000   10081 1353470   46446.900            NIMT
61114.000   10013 1410102   -1292.500            NAO 
61114.000   10013 1350779    5901.400            NAO 
61114.000   10013 1351689    -386.700            NAO 
61114.000   10013 1351214     107.500            NAO 
61114.000   10020 1350343  128781.600            NICT
61114.000   10020 1350907   35206.600            NICT
61114.000   10020 1351226  -16736.500            NICT
61114.000   10020 1351778   75645.300            NICT
61114.000   10020 1351789   -8226.000            NICT
61114.000   10020 1351866    1400.000            NICT
61114.000   10020 1351944  109389.800            NICT
61114.000   10020 1352011  107987.300            NICT
61114.000   10020 1352056  109943.600            NICT
61114.000   10020 1352113  -45945.500            NICT
61114.000   10020 1352116  -27217.900            NICT
61114.000   10020 1352570   88329.000            NICT
61114.000   10020 1352620   60702.000            NICT
61114.000   10020 1352627  -23628.900            NICT
61114.000   10020 1352628  -25157.800            NICT
61114.000   10020 1352784   43060.800            NICT
61114.000   10020 1352876  123622.000            NICT
61114.000   10020 1352903   52907.400            NICT
61114.000   10020 1353594  -14657.600            NICT
61114.000   10020 1353716  -28739.900            NICT
61114.000   10020 1353717  -50538.500            NICT
61114.000   10020 1353718  -45018.100            NICT
61114.000   10020 1353720  -54101.500            NICT
61114.000   10020 1353722  -30892.200            NICT
61114.000   10020 1353909   27556.900            NICT
61114.000   10020 1353912  -38561.300            NICT
61114.000   10020 1353916  -72297.400            NICT
61114.000   10020 1353918   39315.200            NICT
61114.000   10020 1354230   68702.900            NICT
61114.000   10020 1355334   85839.600            NICT
61114.000   10020 1402003   16316.400            NICT
61114.000   10020 1402004   -9679.500            NICT
61114.000   10020 1402012   31435.000            NICT
61114.000   10020 1402013   44001.100            NICT
61114.000   10020 1402014   -2213.400            NICT
61114.000   10020 1402015   74252.100            NICT
61114.000   10020 1411041  -65447.100            NICT
61114.000   10020 1411062   32659.800            NICT
61114.000   10020 1412060   63948.500            NICT
61114.000   10002 1412108  571077.400            NIST
61114.000   10002 1412014 -538616.600            NIST
61114.000   10002 1400004 -195042.200            NIST
61114.000   10002 1400222  729982.600            NIST
61114.000   10002 1400209 -447682.700            NIST
61114.000   10002 1400212  518904.000            NIST
61114.000   10002 1400207  673231.300            NIST
61114.000   10002 1412015  625448.100            NIST
61114.000   10002 1400210  214241.200            NIST
61114.000   10002 1400205  979349.200            NIST
61114.000   10002 1412099  304262.500            NIST
61114.000   10002 1412006  121414.300            NIST
61114.000   10002 1442021 -564868.900            NIST
61114.000   10002 1352935 -654782.900            NIST
61114.000   10002 1352579  979502.300            NIST
61114.000   10002 1402205 -233180.800            NIST
61114.000   10050 1320293  130119.700            NMIJ
61114.000   10017 1412011   48165.900            NPL 
61114.000   10017 1412050   46344.100            NPL 
61114.000   10003 1352150    8194.400            NRC 
61114.000   10003 1362225   17094.600            NRC 
61114.000   10003 1352115   19410.700            NRC 
61114.000   10003 1352148    3218.000            NRC 
61114.000   10003 1400306   92333.900            NRC 
61114.000   10003 1400307   11271.800            NRC 
61114.000   10049 1415324   -1656.100            NTSC
61114.000   10049 1415322    2470.400            NTSC
61114.000   10049 1415316   -5678.100            NTSC
61114.000   10049 1415082   50579.100            NTSC
61114.000   10049 1414922    5881.700            NTSC
61114.000   10049 1404967    5561.400            NTSC
61114.000   10049 1354937   14403.400            NTSC
61114.000   10049 1352142   15199.000            NTSC
61114.000   10016 1354619       0.000            INXE
61114.000   10008 1352027   33487.800            OP  
61114.000   10008 1400889    5327.300            OP  
61114.000   10008 1353765   79303.700            OP  
61114.000   10008 1400810   21000.600            OP  
61114.000   10008 1400809   35869.300            OP  
61114.000   10008 1400890   29932.100            OP  
61114.000   10026 1352722   -2067.400            ORB 
61114.000   10026 1352724    9804.300            ORB 
61114.000   10026 1411030   77668.000            ORB 
61114.000   10026 1402602  360864.900            ORB 
61114.000   10026 1352723    1550.500            ORB 
61114.000   10040 1350441    -788.300            PL  
61114.000   10040 1415318  -29663.600            PL  
61114.000   10040 1415321   26021.300            PL  
61114.000   10040 1354603     147.100            PL  
61114.000   10040 1354597     257.100            PL  
61114.000   10005 1920001   41584.100            PTB 
61114.000   10005 1920002   37571.300            PTB 
61114.000   10005 1355322    8866.500            PTB 
61114.000   10005 1400510    9098.300            PTB 
61114.000   10005 1400506   32631.800            PTB 
61114.000   10005 1400508   33213.500            PTB 
61114.000   10005 1400509    9973.900            PTB 
61114.000   10005 1415245   -5822.900            PTB 
61114.000   10005 1400512    6964.500            PTB 
61114.000   10005 1415221    3574.000            PTB 
61114.000   10019 1351942   69249.300            ONRJ
61114.000   10019 1320337   51064.200            ONRJ
61114.000   10019 1354204   71943.800            ONRJ
61114.000   10019 1350147   59604.600            ONRJ
61114.000   10019 1350102   19666.700            ONRJ
61114.000   10019 1353364   38941.000            ONRJ
61114.000   10019 1351153  -11899.900            ONRJ
61114.000   10019 1401958  128045.400            ONRJ
61114.000   10014 1350583   -4811.300            ROA 
61114.000   10014 1350718   -2660.600            ROA 
61114.000   10014 1361490   87297.800            ROA 
61114.000   10014 1361488   85466.500            ROA 
61114.000   10014 1351699   55160.200            ROA 
61114.000   10014 1401436 1953215.600            ROA 
61114.000   10014 1412032 1306528.600            ROA 
61114.000   10014 1352270    7883.500            ROA 
61114.000   10062 1352932       0.000            SASO
61114.000   10062 1352931     353.900            SASO
61114.000   10062 1351628     919.400            SASO
61114.000   10062 1350221    -648.600            SASO
61114.000   10067 1352525   -8382.600            SCL 
61114.000   10067 1352178  -20123.500            SCL 
61114.000   10067 1415314    1286.100            SCL 
61114.000   10067 1353448     740.400            SCL 
61114.000   10079 1352003   33992.200            SMD 
61114.000   10079 1352543  -26272.100            SMD 
61114.000   10079 1411049   -1944.200            SMD 
61114.000   10072 1352745  -21892.600            SP  
61114.000   10072 1352749   22174.000            SP  
61114.000   10072 1352758   -2445.900            SP  
61114.000   10072 1354707    6575.300            SP  
61114.000   10072 1362295    3504.500            SP  
61114.000   10072 1365149   56937.900            SP  
61114.000   10072 1407201    1022.800            SP  
61114.000   10072 1407223  155434.400            SP  
61114.000   10072 1407231  250957.800            SP  
61114.000   10072 1407232  403509.700            SP  
61114.000   10072 1415319   42138.000            SP  
61114.000   10038 1403809 -409836.900            SU  
61114.000   10038 1403811 -282051.900            SU  
61114.000   10038 1403812  -25967.500            SU  
61114.000   10038 1403844 -561271.800            SU  
61114.000   10038 1403853    4344.900            SU  
61114.000   10038 1403833 -396492.500            SU  
61114.000   10038 1403846   47453.400            SU  
61114.000   10038 1403814 -650429.200            SU  
61114.000   10038 1403815 -332309.000            SU  
61114.000   10038 1403834   10660.000            SU  
61114.000   10038 1403841  -38143.800            SU  
61114.000   10038 1403840   10083.600            SU  
61114.000   10038 1403845 -453854.600            SU  
61114.000   10030 1403011  163934.900            TL  
61114.000   10030 1413202  230247.700            TL  
61114.000   10030 1353942  -37026.200            TL  
61114.000   10030 1353947   55576.400            TL  
61114.000   10030 1354060  -14234.500            TL  
61114.000   10022 1320211 1999836.900            TP  
61114.000   10022 1320247  998884.100            TP  
61114.000   10022 1351227       0.000            TP  
61114.000   10022 1352179      27.400            TP  
61114.000   10022 1352476     562.500            TP  
61114.000   10068 1411028       0.000            UME 
61114.000   10068 1352703    2466.200            UME 
61114.000   10068 1350251    3493.700            UME 
61114.000   10068 1350872   -8291.900            UME 
61114.000   10068 1352710    3152.400            UME 
61114.000   10007 1400711 3300074.300            USNO
61114.000   10007 1400712  273639.300            USNO
61114.000   10007 1400719  462589.300            USNO
61114.000   10007 1400702  -65519.400            USNO
61114.000   10007 1400708  667716.800            USNO
61114.000   10007 1400704  114859.100            USNO
61114.000   10007 1400718 1946949.900            USNO
61114.000   10007 1400710 -795989.500            USNO
61114.000   10007 1400726 1292930.600            USNO
61114.000   10007 1400715  423268.900            USNO
61114.000   10007 1350161   80967.500            USNO
61114.000   10007 1400727 -733837.200            USNO
61114.000   10007 1400729 2237316.300            USNO
61114.000   10007 1400725 -219776.700            USNO
61114.000   10007 1400724 -817861.400            USNO
61114.000   10007 1400723 -605658.200            USNO
61114.000   10007 1400722 2695666.800            USNO
61114.000   10007 1400721  451311.500            USNO
61114.000   10007 1400720 1255134.000            USNO
61114.000   10007 1400730 2149103.400            USNO
61114.000   10007 1400731 -407159.200            USNO
61114.000   10007 1400732  758434.900            USNO
61114.000   10007 1400736 1217233.900            USNO
61114.000   10007 1400737 2457218.700            USNO
61114.000   10007 1400740 1114722.900            USNO
61114.000   10007 1400713  456224.800            USNO
61114.000   10007 1400714   95785.800            USNO
61114.000   10007 1400716  687139.300            USNO
61114.000   10007 1400738  106131.400            USNO
61114.000   10064 1355005       0.000            UZ  
61114.000   10064 1354998 5273803.800            UZ  
61114.000   10028 1353669   19813.100            VMI 
61114.000   10028 1361233   12449.800            VMI 
61114.000   10028 1353670  -24750.600            VMI 
61114.000   10024 1411040   -2788.100            VSL 
61114.000   10024 1354466    9829.100            VSL 
61114.000   10024 1355008    7070.900            VSL 
61114.000   10024 1355697     962.700            VSL 
61114.000   10055 1352191    -102.500            DMDM
61114.000   10055 1362033  -55504.300            DMDM
