61148.000   10021 1352938       0.000            UAE 
61148.000   10021 1352940   -3155.300            UAE 
61148.000   10046 1404601   26433.900            AOS 
61148.000   10046 1352394   -1076.300            AOS 
61148.000   10031 1353842    2421.300            APL 
61148.000   10031 1403107  264695.900            APL 
61148.000   10031 1403108  499576.600            APL 
61148.000   10031 1403109  134998.300            APL 
61148.000   10031 1412174   29416.300            APL 
61148.000   10054 1362269     114.000            AUS 
61148.000   10054 1360340   12844.000            AUS 
61148.000   10054 1360654  -44616.000            AUS 
61148.000   10054 1363814    4552.000            AUS 
61148.000   10054 1364971    7529.000            AUS 
61148.000   10054 1360299   28514.000            AUS 
61148.000   10101 1355360       0.000            AZ  
61148.000   10101 1355361   -1246.400            AZ  
61148.000   10075 1352685    3304.800            IMBH
61148.000   10075 1320192   -8659.600            IMBH
61148.000   10075 1320193  -41566.300            IMBH
61148.000   10071 1353447     819.800            BIRM
61148.000   10071 1353689    9932.400            BIRM
61148.000   10071 1407107 -419265.000            BIRM
61148.000   10071 1407112   -9963.300            BIRM
61148.000   10071 1415303   -4692.900            BIRM
61148.000   10071 1415304  -11555.800            BIRM
61148.000   10071 1415305  -20494.500            BIRM
61148.000   10092 1363159    4136.400            ICE 
61148.000   10092 1363522    3660.500            ICE 
61148.000   10057 1355202    -740.800            CH  
61148.000   10057 1373644    -972.900            CH  
61148.000   10057 1405701   -2062.200            CH  
61148.000   10057 1405702   21651.800            CH  
61148.000   10057 1411117     -53.100            CH  
61148.000   10073 1353612  -13714.300            CNM 
61148.000   10073 1413211   -1040.000            CNM 
61148.000   10073 1413212   59811.600            CNM 
61148.000   10074 1411045    4781.700            DLR 
61148.000   10053 1350136     -83.300            DTAG
61148.000   10053 1355332   -1570.400            DTAG
61148.000   10053 1352635    2619.700            DTAG
61148.000   10025 1352025    4291.400            ESA 
61148.000   10025 1351615   -4670.800            ESA 
61148.000   10025 1352353   11740.100            ESA 
61148.000   10025 1352210   29548.400            ESA 
61148.000   10025 1402543  -37926.600            ESA 
61148.000   10025 1402541 -111716.400            ESA 
61148.000   10025 1411033   -1985.400            ESA 
61148.000   10089 1354233       0.000            HKO 
61148.000   10089 1355122    1296.000            HKO 
61148.000   10099 1354701       0.000            IFZG
61148.000   10093 1353401       0.000            NSAI
61148.000   10044 1361167     985.100            IFAG
61148.000   10044 1361173     314.200            IFAG
61148.000   10044 1361629   10390.100            IFAG
61148.000   10044 1361732    7130.500            IFAG
61148.000   10044 1361798     748.000            IFAG
61148.000   10044 1404439    4498.500            IFAG
61148.000   10044 1404418   15332.100            IFAG
61148.000   10048 1404878  948545.000            NIM 
61148.000   10048 1404871 1074368.900            NIM 
61148.000   10048 1404832 1081932.900            NIM 
61148.000   10048 1404879 1918303.900            NIM 
61148.000   10048 1404880 2200215.900            NIM 
61148.000   10048 1352742  113068.700            NIM 
61148.000   10048 1404849 1414972.200            NIM 
61148.000   10048 1404856   94068.100            NIM 
61148.000   10048 1404857   24989.000            NIM 
61148.000   10048 1404821    2984.500            NIM 
61148.000   10048 1404850     682.000            NIM 
61148.000   10048 1404870    5610.000            NIM 
61148.000   10015 1362377       0.000            INTI
61148.000   10015 1363270   12546.700            INTI
61148.000   10015 1363511    6194.800            INTI
61148.000   10070 1353546    8466.100            IPQ 
61148.000   10083 1353654    9986.300            NIS 
61148.000   10083 1354391   17731.400            NIS 
61148.000   10083 1353812  -29358.200            NIS 
61148.000   10083 1352182   -4258.100            NIS 
61148.000   10011 1350219   -1104.700            IT  
61148.000   10011 1352487    -565.700            IT  
61148.000   10011 1401101  267072.500            IT  
61148.000   10011 1401102  296986.900            IT  
61148.000   10011 1401103   36022.800            IT  
61148.000   10011 1401104    7359.300            IT  
61148.000   10011 1411079   -1433.400            IT  
61148.000   10011 1411078    4000.700            IT  
61148.000   10035 1350832   17805.900            BSJ 
61148.000   10035 1350833    9778.200            BSJ 
61148.000   10087 1361277 -112256.500            JV  
61148.000   10087 1362617   70818.600            JV  
61148.000   10087 1415218  -42149.300            JV  
61148.000   10087 1411122   16972.700            JV  
61148.000   10056 1351783   40940.700            KRIS
61148.000   10056 1405624  168751.300            KRIS
61148.000   10056 1405625  488475.700            KRIS
61148.000   10056 1405626   15946.500            KRIS
61148.000   10027 1415201    -697.800            KZ  
61148.000   10027 1415205    1841.600            KZ  
61148.000   10027 1415266   -2823.600            KZ  
61148.000   10052 1351324  -11215.100            NPLI
61148.000   10052 1353376  -10794.000            NPLI
61148.000   10052 1353457    3439.100            NPLI
61148.000   10052 1353413   45245.300            NPLI
61148.000   10052 1353453    5281.600            NPLI
61148.000   10052 1415225  118878.900            NPLI
61148.000   10052 1415365   49067.300            NPLI
61148.000   10052 1415363    3895.100            NPLI
61148.000   10052 1415364   12002.200            NPLI
61148.000   10091 1352370  -10544.500            LRTE
61148.000   10082 1351868       0.000            LT  
61148.000   10082 1351362   -1659.700            LT  
61148.000   10094 1353471  -61778.800            LUX 
61148.000   10094 1353544  -57581.900            LUX 
61148.000   10085 1353507       0.000            NIMB
61148.000   10041 1404113  332232.800            MIKE
61148.000   10041 1404108   32448.200            MIKE
61148.000   10041 1404189  182426.600            MIKE
61148.000   10041 1412084   26554.500            MIKE
61148.000   10088 1361806  -12702.900            CNMP
61148.000   10088 1361752   -6735.800            CNMP
61148.000   10088 1363162    8633.000            CNMP
61148.000   10088 1363179  -67478.300            CNMP
61148.000   10063 1360274    3298.600            MSL 
61148.000   10063 1363396   -4274.500            MSL 
61148.000   10063 1363872  115694.000            MSL 
61148.000   10081 1353476    3664.300            NIMT
61148.000   10081 1353472   46692.500            NIMT
61148.000   10081 1353470   47017.600            NIMT
61148.000   10013 1410102    1937.100            NAO 
61148.000   10013 1350779   10453.300            NAO 
61148.000   10013 1351689    4298.200            NAO 
61148.000   10013 1351214     107.400            NAO 
61148.000   10020 1350343  129697.700            NICT
61148.000   10020 1350907   34661.300            NICT
61148.000   10020 1351226  -16831.100            NICT
61148.000   10020 1351778   76088.800            NICT
61148.000   10020 1351789   -8429.000            NICT
61148.000   10020 1351866    1389.100            NICT
61148.000   10020 1351944  109812.900            NICT
61148.000   10020 1352011  107879.000            NICT
61148.000   10020 1352056  110346.500            NICT
61148.000   10020 1352113  -46079.200            NICT
61148.000   10020 1352116  -27079.200            NICT
61148.000   10020 1352570   88599.200            NICT
61148.000   10020 1352620   61210.700            NICT
61148.000   10020 1352627  -24165.000            NICT
61148.000   10020 1352628  -25572.500            NICT
61148.000   10020 1352784   42658.500            NICT
61148.000   10020 1352876  123488.100            NICT
61148.000   10020 1352903   53084.500            NICT
61148.000   10020 1353594  -14463.900            NICT
61148.000   10020 1353716  -29100.400            NICT
61148.000   10020 1353717  -51292.100            NICT
61148.000   10020 1353718  -45906.100            NICT
61148.000   10020 1353720  -54611.700            NICT
61148.000   10020 1353722  -31167.900            NICT
61148.000   10020 1353909   27776.300            NICT
61148.000   10020 1353912  -39277.900            NICT
61148.000   10020 1353916  -73472.900            NICT
61148.000   10020 1353918   39876.800            NICT
61148.000   10020 1354230   68940.900            NICT
61148.000   10020 1402003   16713.000            NICT
61148.000   10020 1402004  -10471.100            NICT
61148.000   10020 1402012   29804.000            NICT
61148.000   10020 1402013   48119.000            NICT
61148.000   10020 1402014   -2008.100            NICT
61148.000   10020 1402015   78396.200            NICT
61148.000   10020 1411041  -69869.000            NICT
61148.000   10020 1411062   31976.200            NICT
61148.000   10020 1412060   66670.900            NICT
61148.000   10002 1412108  596305.600            NIST
61148.000   10002 1412014 -533631.000            NIST
61148.000   10002 1400004 -192309.700            NIST
61148.000   10002 1400222  731996.300            NIST
61148.000   10002 1400209 -445257.400            NIST
61148.000   10002 1400212  560294.400            NIST
61148.000   10002 1400207  696958.500            NIST
61148.000   10002 1412015  641136.300            NIST
61148.000   10002 1400210  245311.800            NIST
61148.000   10002 1400205  978723.800            NIST
61148.000   10002 1412099  344065.300            NIST
61148.000   10002 1412006  155825.200            NIST
61148.000   10002 1442021 -563193.400            NIST
61148.000   10002 1352935 -655609.000            NIST
61148.000   10002 1352579  980132.700            NIST
61148.000   10002 1402205 -214797.100            NIST
61148.000   10050 1320293  138034.800            NMIJ
61148.000   10017 1412011   48583.400            NPL 
61148.000   10017 1412050   47221.400            NPL 
61148.000   10003 1352150    8259.400            NRC 
61148.000   10003 1362225   17068.300            NRC 
61148.000   10003 1352115   19625.600            NRC 
61148.000   10003 1352148    3175.700            NRC 
61148.000   10003 1400306   92422.900            NRC 
61148.000   10003 1400307   11687.000            NRC 
61148.000   10049 1415324   -1641.400            NTSC
61148.000   10049 1415322    2746.300            NTSC
61148.000   10049 1415316   -5923.000            NTSC
61148.000   10049 1415082   52666.600            NTSC
61148.000   10049 1414922    6413.500            NTSC
61148.000   10049 1404967    6016.900            NTSC
61148.000   10049 1354937   14361.000            NTSC
61148.000   10049 1352142   15171.100            NTSC
61148.000   10016 1354619       0.000            INXE
61148.000   10008 1352027   34022.000            OP  
61148.000   10008 1400889    6126.700            OP  
61148.000   10008 1353765   80156.300            OP  
61148.000   10008 1400810   21767.100            OP  
61148.000   10008 1400809   36963.300            OP  
61148.000   10008 1400890   30820.500            OP  
61148.000   10026 1352722   -2177.200            ORB 
61148.000   10026 1352724   10145.100            ORB 
61148.000   10026 1411030   80375.000            ORB 
61148.000   10026 1402602  377929.200            ORB 
61148.000   10026 1352723    1705.400            ORB 
61148.000   10040 1350441    -797.100            PL  
61148.000   10040 1415318  -56865.500            PL  
61148.000   10040 1415321   27006.400            PL  
61148.000   10040 1354603     183.700            PL  
61148.000   10040 1354597     281.100            PL  
61148.000   10005 1920001   41628.200            PTB 
61148.000   10005 1920002   37624.500            PTB 
61148.000   10005 1355322    8969.800            PTB 
61148.000   10005 1400510    9420.400            PTB 
61148.000   10005 1400506   33165.800            PTB 
61148.000   10005 1400508   33738.300            PTB 
61148.000   10005 1400509   10143.300            PTB 
61148.000   10005 1415245   -6299.800            PTB 
61148.000   10005 1400512    7303.900            PTB 
61148.000   10005 1415221    3602.200            PTB 
61148.000   10019 1351942   69909.900            ONRJ
61148.000   10019 1320337   51360.800            ONRJ
61148.000   10019 1354204   73547.000            ONRJ
61148.000   10019 1350147   59812.200            ONRJ
61148.000   10019 1350102   19836.200            ONRJ
61148.000   10019 1353364   39267.300            ONRJ
61148.000   10019 1351153  -12290.100            ONRJ
61148.000   10019 1401958  132615.700            ONRJ
61148.000   10014 1350583   -5004.000            ROA 
61148.000   10014 1350718   -2429.600            ROA 
61148.000   10014 1361490   87550.500            ROA 
61148.000   10014 1361488   85856.100            ROA 
61148.000   10014 1351699   55349.600            ROA 
61148.000   10014 1401436 1974316.000            ROA 
61148.000   10014 1412032 1328537.800            ROA 
61148.000   10014 1352270    7958.500            ROA 
61148.000   10062 1352932       0.000            SASO
61148.000   10062 1352931     750.500            SASO
61148.000   10062 1351628    1130.200            SASO
61148.000   10062 1350221    -872.800            SASO
61148.000   10067 1352525   -8694.200            SCL 
61148.000   10067 1352178  -20733.100            SCL 
61148.000   10067 1415314    1678.600            SCL 
61148.000   10067 1353448    1544.400            SCL 
61148.000   10079 1352003   34236.000            SMD 
61148.000   10079 1352543  -26773.500            SMD 
61148.000   10079 1411049   -1924.400            SMD 
61148.000   10072 1352745  -22439.100            SP  
61148.000   10072 1352749   22973.700            SP  
61148.000   10072 1352758   -2474.000            SP  
61148.000   10072 1354707    6561.800            SP  
61148.000   10072 1362295    4526.900            SP  
61148.000   10072 1365149   59960.500            SP  
61148.000   10072 1407201    2192.700            SP  
61148.000   10072 1407223  157561.700            SP  
61148.000   10072 1407231  259426.500            SP  
61148.000   10072 1407232  415259.800            SP  
61148.000   10072 1415319   43068.100            SP  
61148.000   10038 1403809 -410401.900            SU  
61148.000   10038 1403811 -282020.900            SU  
61148.000   10038 1403812  -24850.300            SU  
61148.000   10038 1403844 -560537.200            SU  
61148.000   10038 1403853    4786.100            SU  
61148.000   10038 1403833 -395650.900            SU  
61148.000   10038 1403846   48386.500            SU  
61148.000   10038 1403814 -646287.800            SU  
61148.000   10038 1403815 -331335.100            SU  
61148.000   10038 1403834   11293.600            SU  
61148.000   10038 1403841  -36612.000            SU  
61148.000   10038 1403840   10598.600            SU  
61148.000   10038 1403845 -454095.200            SU  
61148.000   10030 1403011  182557.600            TL  
61148.000   10030 1413202  244161.400            TL  
61148.000   10030 1353942  -37806.200            TL  
61148.000   10030 1353947   56497.100            TL  
61148.000   10030 1354060  -14501.700            TL  
61148.000   10022 1320211 1999891.400            TP  
61148.000   10022 1320247  998921.900            TP  
61148.000   10022 1351227       0.000            TP  
61148.000   10022 1352179     111.800            TP  
61148.000   10022 1352476     584.800            TP  
61148.000   10068 1411028       0.000            UME 
61148.000   10068 1352703      30.100            UME 
61148.000   10068 1350251      67.000            UME 
61148.000   10068 1350872    -108.600            UME 
61148.000   10068 1352710     127.800            UME 
61148.000   10007 1400711 3319159.900            USNO
61148.000   10007 1400712  275821.500            USNO
61148.000   10007 1400719  469780.600            USNO
61148.000   10007 1400702  -65430.900            USNO
61148.000   10007 1400708  672190.500            USNO
61148.000   10007 1400704  116556.600            USNO
61148.000   10007 1400718 1960096.400            USNO
61148.000   10007 1400710 -812232.300            USNO
61148.000   10007 1400726 1309424.500            USNO
61148.000   10007 1400715  429356.900            USNO
61148.000   10007 1350161   80932.700            USNO
61148.000   10007 1400727 -745287.600            USNO
61148.000   10007 1400729 2262417.600            USNO
61148.000   10007 1400725 -220232.200            USNO
61148.000   10007 1400724 -821557.800            USNO
61148.000   10007 1400723 -605111.300            USNO
61148.000   10007 1400722 2688435.000            USNO
61148.000   10007 1400721  478772.600            USNO
61148.000   10007 1400720 1258327.800            USNO
61148.000   10007 1400730 2169634.800            USNO
61148.000   10007 1400731 -413007.100            USNO
61148.000   10007 1400732  771276.800            USNO
61148.000   10007 1400736 1219032.700            USNO
61148.000   10007 1400737 2466680.100            USNO
61148.000   10007 1400740 1135807.800            USNO
61148.000   10007 1400713  461196.300            USNO
61148.000   10007 1400714   97999.100            USNO
61148.000   10007 1400716  695458.400            USNO
61148.000   10007 1400738  112082.700            USNO
61148.000   10064 1355005       0.000            UZ  
61148.000   10064 1354998 5142332.100            UZ  
61148.000   10028 1353669   19614.900            VMI 
61148.000   10028 1361233   12171.000            VMI 
61148.000   10028 1353670  -25917.500            VMI 
61148.000   10024 1411040   -2976.900            VSL 
61148.000   10024 1354466   10071.700            VSL 
61148.000   10024 1355008    7330.800            VSL 
61148.000   10024 1355697    1290.800            VSL 
61148.000   10055 1352191     -97.700            DMDM
61148.000   10055 1362033  -57496.300            DMDM
