61207.000   10021 1352938       0.000            UAE 
61207.000   10021 1352940   -4832.100            UAE 
61207.000   10046 1404601   27859.300            AOS 
61207.000   10046 1352394   -1333.700            AOS 
61207.000   10031 1353842    2414.500            APL 
61207.000   10031 1403107  270756.400            APL 
61207.000   10031 1403108  545515.200            APL 
61207.000   10031 1403109  136520.800            APL 
61207.000   10031 1412174   36421.400            APL 
61207.000   10054 1362269     189.000            AUS 
61207.000   10054 1360340   13265.000            AUS 
61207.000   10054 1360654  -46150.000            AUS 
61207.000   10054 1363814    4813.000            AUS 
61207.000   10054 1364971    7985.000            AUS 
61207.000   10054 1360299   29220.000            AUS 
61207.000   10101 1355360       0.000            AZ  
61207.000   10101 1355361   12796.000            AZ  
61207.000   10075 1352685    3512.300            IMBH
61207.000   10075 1320192   -9014.100            IMBH
61207.000   10075 1320193  -43815.300            IMBH
61207.000   10071 1353447     587.300            BIRM
61207.000   10071 1353689    9952.400            BIRM
61207.000   10071 1407103    -712.200            BIRM
61207.000   10071 1407107 -441117.200            BIRM
61207.000   10071 1407111   -2015.100            BIRM
61207.000   10071 1407112  -12373.300            BIRM
61207.000   10071 1415303   -5960.000            BIRM
61207.000   10071 1415304  -13715.100            BIRM
61207.000   10071 1415305  -22143.000            BIRM
61207.000   10092 1363159    3730.100            ICE 
61207.000   10092 1363522    3754.600            ICE 
61207.000   10057 1355202    -847.300            CH  
61207.000   10057 1373644   -1203.600            CH  
61207.000   10057 1405701   -2345.800            CH  
61207.000   10057 1405702   20384.300            CH  
61207.000   10057 1411117    -112.200            CH  
61207.000   10073 1353612  -15601.000            CNM 
61207.000   10073 1413211    -986.200            CNM 
61207.000   10073 1413212   72496.200            CNM 
61207.000   10074 1411045    5661.100            DLR 
61207.000   10053 1350136     -83.300            DTAG
61207.000   10053 1355332   -1404.800            DTAG
61207.000   10053 1352635    2465.300            DTAG
61207.000   10025 1352025    4486.200            ESA 
61207.000   10025 1351615   -4869.500            ESA 
61207.000   10025 1352353   12146.000            ESA 
61207.000   10025 1352210   30772.400            ESA 
61207.000   10025 1402543  -45325.100            ESA 
61207.000   10025 1402541 -125532.100            ESA 
61207.000   10025 1411033   -2933.200            ESA 
61207.000   10089 1354233       0.000            HKO 
61207.000   10089 1355122    1381.700            HKO 
61207.000   10099 1354701       0.000            IFZG
61207.000   10093 1353401       0.000            NSAI
61207.000   10044 1361167     585.000            IFAG
61207.000   10044 1361173      44.600            IFAG
61207.000   10044 1361629   11238.200            IFAG
61207.000   10044 1361732    7872.700            IFAG
61207.000   10044 1361798      84.300            IFAG
61207.000   10044 1404439    4088.700            IFAG
61207.000   10044 1404418   15057.000            IFAG
61207.000   10048 1404878  976919.900            NIM 
61207.000   10048 1404871 1108370.100            NIM 
61207.000   10048 1404832 1127148.900            NIM 
61207.000   10048 1404879 1951714.800            NIM 
61207.000   10048 1404880 2235289.700            NIM 
61207.000   10048 1352742  114762.500            NIM 
61207.000   10048 1404849 1415365.200            NIM 
61207.000   10048 1404856   94507.000            NIM 
61207.000   10048 1404857   24733.000            NIM 
61207.000   10048 1404821    3195.700            NIM 
61207.000   10048 1404850     776.200            NIM 
61207.000   10048 1404870    6064.600            NIM 
61207.000   10015 1362377       0.000            INTI
61207.000   10015 1363270      87.400            INTI
61207.000   10015 1363511    6421.200            INTI
61207.000   10070 1353546    9438.600            IPQ 
61207.000   10083 1353654   10241.000            NIS 
61207.000   10083 1354391   18772.800            NIS 
61207.000   10083 1353812  -30743.500            NIS 
61207.000   10083 1352182   -4537.000            NIS 
61207.000   10011 1350219   -1160.000            IT  
61207.000   10011 1352487    -760.500            IT  
61207.000   10011 1401101  297965.900            IT  
61207.000   10011 1401102  302792.400            IT  
61207.000   10011 1401103   38388.000            IT  
61207.000   10011 1401104    4002.100            IT  
61207.000   10011 1411079   -1930.000            IT  
61207.000   10011 1411078    5071.500            IT  
61207.000   10011 1422012     -41.800            IT  
61207.000   10035 1350832   18728.200            BSJ 
61207.000   10035 1350833   10412.100            BSJ 
61207.000   10087 1361277 -112849.700            JV  
61207.000   10087 1362617   71804.900            JV  
61207.000   10087 1415218  -42196.800            JV  
61207.000   10087 1411122   18772.000            JV  
61207.000   10056 1351783   42205.700            KRIS
61207.000   10056 1405624  177372.200            KRIS
61207.000   10056 1405625  513940.900            KRIS
61207.000   10056 1405626   17010.100            KRIS
61207.000   10027 1415201     -14.900            KZ  
61207.000   10027 1415205     100.100            KZ  
61207.000   10027 1415266    -240.500            KZ  
61207.000   10052 1351324  -11293.700            NPLI
61207.000   10052 1353376  -10979.200            NPLI
61207.000   10052 1353457    3536.600            NPLI
61207.000   10052 1353413   45946.600            NPLI
61207.000   10052 1353453    5426.000            NPLI
61207.000   10052 1415225  124503.300            NPLI
61207.000   10052 1415365   51042.900            NPLI
61207.000   10052 1415363    4511.500            NPLI
61207.000   10052 1415364   12707.400            NPLI
61207.000   10091 1352370  -12115.900            LRTE
61207.000   10082 1351868       0.000            LT  
61207.000   10082 1351362   -1682.200            LT  
61207.000   10094 1353471  -62382.400            LUX 
61207.000   10094 1353544  -57317.200            LUX 
61207.000   10085 1353507       0.000            NIMB
61207.000   10041 1404113  338058.200            MIKE
61207.000   10041 1404108   35102.900            MIKE
61207.000   10041 1404189  180439.100            MIKE
61207.000   10041 1412084   25831.200            MIKE
61207.000   10088 1361806  -12943.800            CNMP
61207.000   10088 1361752   -6853.900            CNMP
61207.000   10088 1363162    9027.500            CNMP
61207.000   10088 1363179  -68476.500            CNMP
61207.000   10063 1360274    3385.700            MSL 
61207.000   10063 1363396   -4315.100            MSL 
61207.000   10063 1363872  118548.700            MSL 
61207.000   10081 1353476    3020.600            NIMT
61207.000   10081 1353472   47387.800            NIMT
61207.000   10081 1353470   48075.000            NIMT
61207.000   10013 1410102    1663.500            NAO 
61207.000   10013 1350779     427.600            NAO 
61207.000   10013 1351689     333.400            NAO 
61207.000   10013 1351214     107.300            NAO 
61207.000   10020 1350343  131298.200            NICT
61207.000   10020 1350907   33779.900            NICT
61207.000   10020 1351778   76896.900            NICT
61207.000   10020 1351789   -8819.600            NICT
61207.000   10020 1351866    1375.700            NICT
61207.000   10020 1351944  110522.900            NICT
61207.000   10020 1352011  107685.000            NICT
61207.000   10020 1352056  111105.400            NICT
61207.000   10020 1352113  -46307.200            NICT
61207.000   10020 1352116  -26817.500            NICT
61207.000   10020 1352570   89035.000            NICT
61207.000   10020 1352620   62118.300            NICT
61207.000   10020 1352627  -25076.500            NICT
61207.000   10020 1352628  -26329.200            NICT
61207.000   10020 1352784   42041.500            NICT
61207.000   10020 1352876  123249.800            NICT
61207.000   10020 1352903   53388.100            NICT
61207.000   10020 1353259  -14522.600            NICT
61207.000   10020 1353594  -14214.600            NICT
61207.000   10020 1353716  -29728.400            NICT
61207.000   10020 1353717  -52628.200            NICT
61207.000   10020 1353718  -47471.200            NICT
61207.000   10020 1353720  -55489.400            NICT
61207.000   10020 1353722  -31687.000            NICT
61207.000   10020 1353909   28238.300            NICT
61207.000   10020 1353912  -40529.100            NICT
61207.000   10020 1353916  -75501.700            NICT
61207.000   10020 1353918   40833.700            NICT
61207.000   10020 1354230   69204.000            NICT
61207.000   10020 1402003   17423.500            NICT
61207.000   10020 1402004  -11846.100            NICT
61207.000   10020 1402012   27105.200            NICT
61207.000   10020 1402013   55571.600            NICT
61207.000   10020 1402014   -1536.400            NICT
61207.000   10020 1402015   85799.000            NICT
61207.000   10020 1411041  -77673.400            NICT
61207.000   10020 1411062   30786.700            NICT
61207.000   10020 1412060   71557.000            NICT
61207.000   10002 1412108  640521.700            NIST
61207.000   10002 1412014 -524831.300            NIST
61207.000   10002 1400004 -187536.000            NIST
61207.000   10002 1400222  735493.000            NIST
61207.000   10002 1400209 -440789.900            NIST
61207.000   10002 1400212  632859.900            NIST
61207.000   10002 1400207  738283.700            NIST
61207.000   10002 1412015  668513.600            NIST
61207.000   10002 1400210  299609.900            NIST
61207.000   10002 1400205  977647.800            NIST
61207.000   10002 1412099  413522.200            NIST
61207.000   10002 1412006  216014.700            NIST
61207.000   10002 1442021 -559727.600            NIST
61207.000   10002 1352935 -656982.300            NIST
61207.000   10002 1352579  981271.300            NIST
61207.000   10002 1402205 -182658.700            NIST
61207.000   10050 1320293  151633.300            NMIJ
61207.000   10017 1412011   49360.000            NPL 
61207.000   10017 1412050   49347.900            NPL 
61207.000   10003 1352150    8401.400            NRC 
61207.000   10003 1362225   16914.700            NRC 
61207.000   10003 1352115   20040.900            NRC 
61207.000   10003 1352148    3133.300            NRC 
61207.000   10003 1400306   92762.900            NRC 
61207.000   10003 1400307   12430.900            NRC 
61207.000   10049 1415325    3226.600            NTSC
61207.000   10049 1415324   -1556.000            NTSC
61207.000   10049 1415322    3246.900            NTSC
61207.000   10049 1415316   -6352.100            NTSC
61207.000   10049 1415085    -509.900            NTSC
61207.000   10049 1414922    7381.500            NTSC
61207.000   10049 1404967    6846.200            NTSC
61207.000   10049 1352142   15118.200            NTSC
61207.000   10016 1354619       0.000            INXE
61207.000   10008 1352027   34977.300            OP  
61207.000   10008 1400889    7526.400            OP  
61207.000   10008 1353765   81578.000            OP  
61207.000   10008 1400810   23129.900            OP  
61207.000   10008 1400809   38904.600            OP  
61207.000   10008 1400890   32366.000            OP  
61207.000   10026 1352722   -1964.900            ORB 
61207.000   10026 1352724   10745.800            ORB 
61207.000   10026 1411030   85117.900            ORB 
61207.000   10026 1402602  407558.800            ORB 
61207.000   10026 1352723    1969.100            ORB 
61207.000   10040 1350441    -786.300            PL  
61207.000   10040 1415318 -120883.600            PL  
61207.000   10040 1415321   28901.000            PL  
61207.000   10040 1354603     268.200            PL  
61207.000   10040 1354597     264.200            PL  
61207.000   10005 1920001   41789.000            PTB 
61207.000   10005 1920002   37758.000            PTB 
61207.000   10005 1355322    9135.600            PTB 
61207.000   10005 1400510    9788.000            PTB 
61207.000   10005 1400506   34230.000            PTB 
61207.000   10005 1400508   34857.900            PTB 
61207.000   10005 1400509   10439.500            PTB 
61207.000   10005 1415245   -7149.300            PTB 
61207.000   10005 1400512    7909.900            PTB 
61207.000   10005 1415221    3651.900            PTB 
61207.000   10019 1351942   71044.100            ONRJ
61207.000   10019 1320337   51910.300            ONRJ
61207.000   10019 1354204   76345.800            ONRJ
61207.000   10019 1350147   60162.400            ONRJ
61207.000   10019 1353364   39827.800            ONRJ
61207.000   10019 1351153  -12964.300            ONRJ
61207.000   10019 1401958  140798.900            ONRJ
61207.000   10014 1350583   -5311.600            ROA 
61207.000   10014 1350718   -2039.800            ROA 
61207.000   10014 1361490   87936.100            ROA 
61207.000   10014 1361488   86543.400            ROA 
61207.000   10014 1351699   55724.300            ROA 
61207.000   10014 1401436 2011161.800            ROA 
61207.000   10014 1412032 1367013.700            ROA 
61207.000   10014 1352270    8007.200            ROA 
61207.000   10062 1352932       0.000            SASO
61207.000   10062 1352931    1427.000            SASO
61207.000   10062 1351628    1573.300            SASO
61207.000   10062 1350221   -1248.900            SASO
61207.000   10067 1352178  -21840.400            SCL 
61207.000   10067 1415314    2417.900            SCL 
61207.000   10067 1353448    2977.000            SCL 
61207.000   10072 1352745  -23307.300            SP  
61207.000   10072 1352750    1169.300            SP  
61207.000   10072 1352758   -2503.700            SP  
61207.000   10072 1354707    6472.900            SP  
61207.000   10072 1362295    6319.600            SP  
61207.000   10072 1362746    1249.200            SP  
61207.000   10072 1362749   24332.500            SP  
61207.000   10072 1362956   -4976.700            SP  
61207.000   10072 1365149   65102.700            SP  
61207.000   10072 1407201    4409.100            SP  
61207.000   10072 1407223  161273.500            SP  
61207.000   10072 1407231  274362.800            SP  
61207.000   10072 1407232  435846.500            SP  
61207.000   10072 1415319   44690.600            SP  
61207.000   10038 1403809 -411357.600            SU  
61207.000   10038 1403811 -281929.400            SU  
61207.000   10038 1403812  -22837.000            SU  
61207.000   10038 1403844 -559247.400            SU  
61207.000   10038 1403853    5560.700            SU  
61207.000   10038 1403833 -394160.400            SU  
61207.000   10038 1403846   50020.000            SU  
61207.000   10038 1403814 -639054.500            SU  
61207.000   10038 1403815 -329611.400            SU  
61207.000   10038 1403816 -297285.200            SU  
61207.000   10038 1403834   12423.900            SU  
61207.000   10038 1403841  -33930.600            SU  
61207.000   10038 1403840   11505.900            SU  
61207.000   10038 1403845 -454482.700            SU  
61207.000   10030 1403011  215150.300            TL  
61207.000   10030 1413202  261329.700            TL  
61207.000   10030 1353942  -39120.100            TL  
61207.000   10030 1353947   58107.500            TL  
61207.000   10030 1354060  -14942.800            TL  
61207.000   10022 1320211 1999893.300            TP  
61207.000   10022 1320247  998985.600            TP  
61207.000   10022 1351227       0.000            TP  
61207.000   10022 1352179      75.000            TP  
61207.000   10022 1352476     599.000            TP  
61207.000   10022 1353519    -131.700            TP  
61207.000   10068 1411028       0.000            UME 
61207.000   10068 1352703     126.600            UME 
61207.000   10068 1350251     279.600            UME 
61207.000   10068 1350872    -864.300            UME 
61207.000   10068 1352710     992.100            UME 
61207.000   10007 1400711 3352323.400            USNO
61207.000   10007 1400719  481713.000            USNO
61207.000   10007 1400702  -65261.300            USNO
61207.000   10007 1400708  679986.100            USNO
61207.000   10007 1400704  119529.700            USNO
61207.000   10007 1400718 1983000.300            USNO
61207.000   10007 1400710 -840386.200            USNO
61207.000   10007 1400715  439963.000            USNO
61207.000   10007 1350161   80807.200            USNO
61207.000   10007 1400727 -764916.400            USNO
61207.000   10007 1400729 2306282.400            USNO
61207.000   10007 1400725 -221017.000            USNO
61207.000   10007 1400724 -827960.500            USNO
61207.000   10007 1400723 -604082.700            USNO
61207.000   10007 1400722 2669402.600            USNO
61207.000   10007 1400721  526738.500            USNO
61207.000   10007 1400720 1264095.600            USNO
61207.000   10007 1400730 2205450.400            USNO
61207.000   10007 1400731 -423156.900            USNO
61207.000   10007 1400732  793775.600            USNO
61207.000   10007 1400736 1222391.100            USNO
61207.000   10007 1400737 2483392.600            USNO
61207.000   10007 1400740 1172806.700            USNO
61207.000   10007 1400713  469890.900            USNO
61207.000   10007 1400716  709925.000            USNO
61207.000   10007 1400733  149248.100            USNO
61207.000   10064 1355005       0.000            UZ  
61207.000   10064 1354998 4152684.800            UZ  
61207.000   10028 1353669  -11187.400            VMI 
61207.000   10028 1361233  -11214.900            VMI 
61207.000   10028 1353670  -11363.900            VMI 
61207.000   10024 1411040   -3313.000            VSL 
61207.000   10024 1354466   10480.200            VSL 
61207.000   10024 1355008    7801.400            VSL 
61207.000   10024 1355697    1882.500            VSL 
61207.000   10055 1352191     -65.900            DMDM
61207.000   10055 1362033  -60861.400            DMDM
