61127.000   10021 1352938       0.000            UAE 
61127.000   10021 1352940   -2540.900            UAE 
61127.000   10046 1404601   25936.400            AOS 
61127.000   10046 1352394    -977.700            AOS 
61127.000   10031 1353842    2406.300            APL 
61127.000   10031 1403107  262571.800            APL 
61127.000   10031 1403108  483277.700            APL 
61127.000   10031 1403109  134460.400            APL 
61127.000   10031 1412174   27156.300            APL 
61127.000   10054 1362269     122.000            AUS 
61127.000   10054 1360340   12699.000            AUS 
61127.000   10054 1360654  -44080.000            AUS 
61127.000   10054 1363814    4454.000            AUS 
61127.000   10054 1364971    7374.000            AUS 
61127.000   10054 1360299   28210.000            AUS 
61127.000   10101 1355360       0.000            AZ  
61127.000   10101 1355361   -1155.100            AZ  
61127.000   10075 1352685    3227.900            IMBH
61127.000   10075 1320192   -8439.700            IMBH
61127.000   10075 1320193  -40770.200            IMBH
61127.000   10071 1353447     906.300            BIRM
61127.000   10071 1353689    9921.100            BIRM
61127.000   10071 1407107 -411539.700            BIRM
61127.000   10071 1407112   -9130.900            BIRM
61127.000   10071 1415303   -4266.700            BIRM
61127.000   10071 1415304  -11077.700            BIRM
61127.000   10071 1415305  -19925.300            BIRM
61127.000   10092 1363159    4281.000            ICE 
61127.000   10092 1363522    3611.000            ICE 
61127.000   10057 1355202    -683.800            CH  
61127.000   10057 1373644    -905.700            CH  
61127.000   10057 1405701   -1961.100            CH  
61127.000   10057 1405702   22054.600            CH  
61127.000   10057 1411117     -68.000            CH  
61127.000   10073 1353612  -13012.900            CNM 
61127.000   10073 1413211   -1040.200            CNM 
61127.000   10073 1413212   55451.200            CNM 
61127.000   10074 1411045    4484.600            DLR 
61127.000   10053 1350136     -83.300            DTAG
61127.000   10053 1355332   -1674.300            DTAG
61127.000   10053 1352635    2655.700            DTAG
61127.000   10025 1352025    4228.500            ESA 
61127.000   10025 1351615   -4610.900            ESA 
61127.000   10025 1352353   11603.400            ESA 
61127.000   10025 1352210   29110.000            ESA 
61127.000   10025 1402543  -35413.400            ESA 
61127.000   10025 1402541 -107074.300            ESA 
61127.000   10025 1411033   -1668.100            ESA 
61127.000   10089 1354233       0.000            HKO 
61127.000   10089 1355122    1272.600            HKO 
61127.000   10099 1354701       0.000            IFZG
61127.000   10093 1353401       0.000            NSAI
61127.000   10044 1361167    1083.400            IFAG
61127.000   10044 1361173     385.800            IFAG
61127.000   10044 1361629   10001.700            IFAG
61127.000   10044 1361732    6866.300            IFAG
61127.000   10044 1361798     890.200            IFAG
61127.000   10044 1404439    4518.700            IFAG
61127.000   10044 1404418   15324.800            IFAG
61127.000   10048 1404878  938488.800            NIM 
61127.000   10048 1404871 1062308.500            NIM 
61127.000   10048 1404832 1065989.500            NIM 
61127.000   10048 1404879 1906456.800            NIM 
61127.000   10048 1404880 2187791.400            NIM 
61127.000   10048 1352742  112437.700            NIM 
61127.000   10048 1404849 1414836.300            NIM 
61127.000   10048 1404856   93912.700            NIM 
61127.000   10048 1404857   25080.900            NIM 
61127.000   10048 1404821    2914.200            NIM 
61127.000   10048 1404850     652.300            NIM 
61127.000   10048 1404870    5453.700            NIM 
61127.000   10015 1362377       0.000            INTI
61127.000   10015 1363270   12377.700            INTI
61127.000   10015 1363511    6109.600            INTI
61127.000   10070 1353546    8509.500            IPQ 
61127.000   10083 1353654    9895.600            NIS 
61127.000   10083 1354391   17319.800            NIS 
61127.000   10083 1353812  -28905.200            NIS 
61127.000   10083 1352182   -4157.700            NIS 
61127.000   10011 1350219   -1064.200            IT  
61127.000   10011 1352487    -488.400            IT  
61127.000   10011 1401101  256176.400            IT  
61127.000   10011 1401102  294881.000            IT  
61127.000   10011 1401103   35200.000            IT  
61127.000   10011 1401104    8528.800            IT  
61127.000   10011 1411079   -1258.900            IT  
61127.000   10011 1411078    3641.900            IT  
61127.000   10011 1422012     928.600            IT  
61127.000   10035 1350832   17483.400            BSJ 
61127.000   10035 1350833    9586.000            BSJ 
61127.000   10087 1361277 -112059.000            JV  
61127.000   10087 1362617   70520.300            JV  
61127.000   10087 1415218  -42132.500            JV  
61127.000   10087 1411122   16355.800            JV  
61127.000   10056 1351783   40473.600            KRIS
61127.000   10056 1405624  165708.400            KRIS
61127.000   10056 1405625  479505.300            KRIS
61127.000   10056 1405626   15566.800            KRIS
61127.000   10027 1415201    -689.100            KZ  
61127.000   10027 1415205    1733.400            KZ  
61127.000   10027 1415266   -2680.300            KZ  
61127.000   10052 1351324  -11145.400            NPLI
61127.000   10052 1353376  -10743.300            NPLI
61127.000   10052 1353457    3395.100            NPLI
61127.000   10052 1353413   45010.200            NPLI
61127.000   10052 1353453    5220.900            NPLI
61127.000   10052 1415225  116931.800            NPLI
61127.000   10052 1415365   48367.100            NPLI
61127.000   10052 1415363    3678.300            NPLI
61127.000   10052 1415364   11754.200            NPLI
61127.000   10091 1352370  -10088.800            LRTE
61127.000   10082 1351868       0.000            LT  
61127.000   10082 1351362   -1709.000            LT  
61127.000   10094 1353471  -61568.700            LUX 
61127.000   10094 1353544  -57678.600            LUX 
61127.000   10041 1404113  330150.700            MIKE
61127.000   10041 1404108   31602.000            MIKE
61127.000   10041 1404189  183295.300            MIKE
61127.000   10041 1412084   26812.900            MIKE
61127.000   10088 1361806  -12641.600            CNMP
61127.000   10088 1361752   -6749.300            CNMP
61127.000   10088 1363162    8466.700            CNMP
61127.000   10088 1363179  -67160.000            CNMP
61127.000   10063 1360274    3272.300            MSL 
61127.000   10063 1363396   -4313.100            MSL 
61127.000   10063 1363872  114683.700            MSL 
61127.000   10081 1353476    3931.900            NIMT
61127.000   10081 1353472   46466.800            NIMT
61127.000   10081 1353470   46669.800            NIMT
61127.000   10013 1410102   -1037.900            NAO 
61127.000   10013 1350779    5700.200            NAO 
61127.000   10013 1351689    -501.900            NAO 
61127.000   10013 1351214     107.500            NAO 
61127.000   10020 1350343  129137.000            NICT
61127.000   10020 1350907   34996.000            NICT
61127.000   10020 1351226  -16773.500            NICT
61127.000   10020 1351778   75807.900            NICT
61127.000   10020 1351789   -8308.700            NICT
61127.000   10020 1351866    1392.300            NICT
61127.000   10020 1351944  109558.100            NICT
61127.000   10020 1352011  107943.000            NICT
61127.000   10020 1352056  110103.300            NICT
61127.000   10020 1352113  -46000.000            NICT
61127.000   10020 1352116  -27175.600            NICT
61127.000   10020 1352570   88424.700            NICT
61127.000   10020 1352620   60891.800            NICT
61127.000   10020 1352627  -23835.800            NICT
61127.000   10020 1352628  -25323.200            NICT
61127.000   10020 1352784   42901.700            NICT
61127.000   10020 1352876  123566.700            NICT
61127.000   10020 1352903   52979.200            NICT
61127.000   10020 1353594  -14573.900            NICT
61127.000   10020 1353716  -28879.400            NICT
61127.000   10020 1353717  -50817.700            NICT
61127.000   10020 1353718  -45334.600            NICT
61127.000   10020 1353720  -54306.100            NICT
61127.000   10020 1353722  -31002.600            NICT
61127.000   10020 1353909   27639.400            NICT
61127.000   10020 1353912  -38836.200            NICT
61127.000   10020 1353916  -72743.000            NICT
61127.000   10020 1353918   39521.900            NICT
61127.000   10020 1354230   68804.800            NICT
61127.000   10020 1402003   16467.800            NICT
61127.000   10020 1402004   -9981.800            NICT
61127.000   10020 1402012   30805.100            NICT
61127.000   10020 1402013   45559.900            NICT
61127.000   10020 1402014   -2140.200            NICT
61127.000   10020 1402015   75826.300            NICT
61127.000   10020 1411041  -67130.000            NICT
61127.000   10020 1411062   32399.000            NICT
61127.000   10020 1412060   64981.700            NICT
61127.000   10002 1412108  580703.300            NIST
61127.000   10002 1412014 -536719.600            NIST
61127.000   10002 1400004 -193998.900            NIST
61127.000   10002 1400222  730753.200            NIST
61127.000   10002 1400209 -446767.700            NIST
61127.000   10002 1400212  534695.800            NIST
61127.000   10002 1400207  682296.300            NIST
61127.000   10002 1412015  631441.100            NIST
61127.000   10002 1400210  226102.700            NIST
61127.000   10002 1400205  979110.500            NIST
61127.000   10002 1412099  319454.400            NIST
61127.000   10002 1412006  134552.700            NIST
61127.000   10002 1442021 -564260.200            NIST
61127.000   10002 1352935 -655104.800            NIST
61127.000   10002 1352579  979759.200            NIST
61127.000   10002 1402205 -226155.700            NIST
61127.000   10050 1320293  133152.200            NMIJ
61127.000   10017 1412011   48326.400            NPL 
61127.000   10017 1412050   46646.500            NPL 
61127.000   10003 1352150    8218.400            NRC 
61127.000   10003 1362225   17107.900            NRC 
61127.000   10003 1352115   19493.700            NRC 
61127.000   10003 1352148    3197.100            NRC 
61127.000   10003 1400306   92357.400            NRC 
61127.000   10003 1400307   11429.800            NRC 
61127.000   10049 1415324   -1653.500            NTSC
61127.000   10049 1415322    2574.600            NTSC
61127.000   10049 1415316   -5771.700            NTSC
61127.000   10049 1415082   51373.700            NTSC
61127.000   10049 1414922    6082.400            NTSC
61127.000   10049 1404967    5733.600            NTSC
61127.000   10049 1354937   14383.400            NTSC
61127.000   10049 1352142   15180.700            NTSC
61127.000   10016 1354619       0.000            INXE
61127.000   10008 1352027   33703.700            OP  
61127.000   10008 1400889    5632.400            OP  
61127.000   10008 1353765   79634.500            OP  
61127.000   10008 1400810   21292.600            OP  
61127.000   10008 1400809   36286.300            OP  
61127.000   10008 1400890   30271.400            OP  
61127.000   10026 1352722   -2111.900            ORB 
61127.000   10026 1352724    9931.500            ORB 
61127.000   10026 1411030   78702.700            ORB 
61127.000   10026 1402602  367389.400            ORB 
61127.000   10026 1352723    1617.800            ORB 
61127.000   10040 1350441    -787.200            PL  
61127.000   10040 1415318  -39213.300            PL  
61127.000   10040 1415321   26397.000            PL  
61127.000   10040 1354603     162.300            PL  
61127.000   10040 1354597     254.800            PL  
61127.000   10005 1920001   41604.500            PTB 
61127.000   10005 1920002   37590.300            PTB 
61127.000   10005 1355322    8907.400            PTB 
61127.000   10005 1400510    9220.900            PTB 
61127.000   10005 1400506   32829.400            PTB 
61127.000   10005 1400508   33403.600            PTB 
61127.000   10005 1400509   10038.300            PTB 
61127.000   10005 1415245   -6004.800            PTB 
61127.000   10005 1400512    7093.300            PTB 
61127.000   10005 1415221    3587.000            PTB 
61127.000   10019 1351942   69507.300            ONRJ
61127.000   10019 1320337   51195.700            ONRJ
61127.000   10019 1354204   72567.300            ONRJ
61127.000   10019 1350147   59673.500            ONRJ
61127.000   10019 1350102   19770.300            ONRJ
61127.000   10019 1353364   39071.400            ONRJ
61127.000   10019 1351153  -12040.100            ONRJ
61127.000   10019 1401958  129784.900            ONRJ
61127.000   10014 1350583   -4889.800            ROA 
61127.000   10014 1350718   -2562.400            ROA 
61127.000   10014 1361490   87431.400            ROA 
61127.000   10014 1361488   85598.000            ROA 
61127.000   10014 1351699   55235.700            ROA 
61127.000   10014 1401436 1961271.000            ROA 
61127.000   10014 1412032 1314933.100            ROA 
61127.000   10014 1352270    7910.500            ROA 
61127.000   10062 1352932       0.000            SASO
61127.000   10062 1352931     506.900            SASO
61127.000   10062 1351628    1000.000            SASO
61127.000   10062 1350221    -733.200            SASO
61127.000   10067 1352525   -8504.200            SCL 
61127.000   10067 1352178  -20361.700            SCL 
61127.000   10067 1415314    1434.900            SCL 
61127.000   10067 1353448    1054.100            SCL 
61127.000   10079 1352003   34078.800            SMD 
61127.000   10079 1352543  -26470.200            SMD 
61127.000   10079 1411049   -1936.900            SMD 
61127.000   10072 1352745  -22095.900            SP  
61127.000   10072 1352749   22459.100            SP  
61127.000   10072 1352758   -2460.800            SP  
61127.000   10072 1354707    6570.100            SP  
61127.000   10072 1362295    3891.800            SP  
61127.000   10072 1365149   58102.900            SP  
61127.000   10072 1407201    1460.200            SP  
61127.000   10072 1407223  156246.300            SP  
61127.000   10072 1407231  254183.300            SP  
61127.000   10072 1407232  407991.900            SP  
61127.000   10072 1415319   42492.400            SP  
61127.000   10038 1403809 -410054.100            SU  
61127.000   10038 1403811 -282042.200            SU  
61127.000   10038 1403812  -25544.000            SU  
61127.000   10038 1403844 -560991.900            SU  
61127.000   10038 1403853    4513.100            SU  
61127.000   10038 1403833 -396172.100            SU  
61127.000   10038 1403846   47809.800            SU  
61127.000   10038 1403814 -648847.900            SU  
61127.000   10038 1403815 -331938.200            SU  
61127.000   10038 1403834   10900.700            SU  
61127.000   10038 1403841  -37559.400            SU  
61127.000   10038 1403840   10279.400            SU  
61127.000   10038 1403845 -453948.200            SU  
61127.000   10030 1403011  171042.700            TL  
61127.000   10030 1413202  234843.600            TL  
61127.000   10030 1353942  -37321.300            TL  
61127.000   10030 1353947   55927.600            TL  
61127.000   10030 1354060  -14340.000            TL  
61127.000   10022 1320211 1999877.400            TP  
61127.000   10022 1320247  998910.800            TP  
61127.000   10022 1351227       0.000            TP  
61127.000   10022 1352179      64.000            TP  
61127.000   10022 1352476     590.300            TP  
61127.000   10022 1353519    -122.000            TP  
61127.000   10068 1411028       0.000            UME 
61127.000   10068 1352703    2486.600            UME 
61127.000   10068 1350251    3568.300            UME 
61127.000   10068 1350872   -8438.600            UME 
61127.000   10068 1352710    3338.900            UME 
61127.000   10007 1400711 3307369.800            USNO
61127.000   10007 1400712  274469.000            USNO
61127.000   10007 1400719  465372.000            USNO
61127.000   10007 1400702  -65486.100            USNO
61127.000   10007 1400708  669425.700            USNO
61127.000   10007 1400704  115505.900            USNO
61127.000   10007 1400718 1951972.200            USNO
61127.000   10007 1400710 -802201.200            USNO
61127.000   10007 1400726 1299227.000            USNO
61127.000   10007 1400715  425595.000            USNO
61127.000   10007 1350161   80954.600            USNO
61127.000   10007 1400727 -738231.100            USNO
61127.000   10007 1400729 2246905.800            USNO
61127.000   10007 1400725 -219949.900            USNO
61127.000   10007 1400724 -819275.300            USNO
61127.000   10007 1400723 -605453.200            USNO
61127.000   10007 1400722 2693196.000            USNO
61127.000   10007 1400721  461790.500            USNO
61127.000   10007 1400720 1256342.900            USNO
61127.000   10007 1400730 2156944.800            USNO
61127.000   10007 1400731 -409394.400            USNO
61127.000   10007 1400732  763334.700            USNO
61127.000   10007 1400736 1217910.300            USNO
61127.000   10007 1400737 2460822.400            USNO
61127.000   10007 1400740 1122764.400            USNO
61127.000   10007 1400713  458122.500            USNO
61127.000   10007 1400714   96611.000            USNO
61127.000   10007 1400716  690319.300            USNO
61127.000   10007 1400738  108309.800            USNO
61127.000   10064 1355005       0.000            UZ  
61127.000   10064 1354998 5104059.200            UZ  
61127.000   10028 1353669   19670.600            VMI 
61127.000   10028 1361233   12276.200            VMI 
61127.000   10028 1353670  -25275.400            VMI 
61127.000   10024 1411040   -2860.200            VSL 
61127.000   10024 1354466    9928.500            VSL 
61127.000   10024 1355008    7166.200            VSL 
61127.000   10024 1355697    1091.700            VSL 
61127.000   10055 1352191    -106.700            DMDM
61127.000   10055 1362033  -56262.900            DMDM
