61098.000   10021 1352938       0.000            UAE 
61098.000   10021 1352940   -1640.300            UAE 
61098.000   10046 1404601   25255.300            AOS 
61098.000   10046 1352394    -871.900            AOS 
61098.000   10031 1353842    2407.100            APL 
61098.000   10031 1403107  259667.000            APL 
61098.000   10031 1403108  460810.200            APL 
61098.000   10031 1403109  133715.000            APL 
61098.000   10031 1412174   24222.600            APL 
61098.000   10054 1362269     100.000            AUS 
61098.000   10054 1360340   12490.000            AUS 
61098.000   10054 1360654  -43321.000            AUS 
61098.000   10054 1363814    4342.000            AUS 
61098.000   10054 1364971    7155.000            AUS 
61098.000   10054 1360299   27934.000            AUS 
61098.000   10101 1355360       0.000            AZ  
61098.000   10101 1355361   -1030.200            AZ  
61098.000   10075 1352685    3119.300            IMBH
61098.000   10075 1320192   -8206.900            IMBH
61098.000   10075 1320193  -39696.900            IMBH
61098.000   10071 1353447    1021.900            BIRM
61098.000   10071 1353689    9886.500            BIRM
61098.000   10071 1407107 -400911.800            BIRM
61098.000   10071 1407112   -7987.900            BIRM
61098.000   10071 1415303   -3693.800            BIRM
61098.000   10071 1415304  -10428.900            BIRM
61098.000   10071 1415305  -19149.800            BIRM
61098.000   10092 1363159    4480.700            ICE 
61098.000   10092 1363522    3557.300            ICE 
61098.000   10057 1352117   14089.500            CH  
61098.000   10057 1355202    -628.600            CH  
61098.000   10057 1373644    -808.700            CH  
61098.000   10057 1405701   -1825.900            CH  
61098.000   10057 1405702   22570.100            CH  
61098.000   10057 1411117    -133.900            CH  
61098.000   10073 1353612  -12028.600            CNM 
61098.000   10073 1413211   -1023.100            CNM 
61098.000   10073 1413212   49581.100            CNM 
61098.000   10074 1411045    4052.300            DLR 
61098.000   10053 1350136     -83.300            DTAG
61098.000   10053 1355332   -1597.800            DTAG
61098.000   10053 1352635    2491.600            DTAG
61098.000   10025 1352025    4119.400            ESA 
61098.000   10025 1351615   -4535.900            ESA 
61098.000   10025 1352353   11410.000            ESA 
61098.000   10025 1352210   28517.300            ESA 
61098.000   10025 1402543  -32063.500            ESA 
61098.000   10025 1402541 -100917.800            ESA 
61098.000   10025 1411033   -1242.600            ESA 
61098.000   10089 1354233       0.000            HKO 
61098.000   10089 1355122    1259.900            HKO 
61098.000   10099 1354701       0.000            IFZG
61098.000   10093 1353401       0.000            NSAI
61098.000   10044 1361167    1220.500            IFAG
61098.000   10044 1361173     464.700            IFAG
61098.000   10044 1361629    9424.400            IFAG
61098.000   10044 1361732    6501.300            IFAG
61098.000   10044 1361798    1051.500            IFAG
61098.000   10044 1404439    4486.100            IFAG
61098.000   10044 1404418   15261.700            IFAG
61098.000   10048 1404878  924644.500            NIM 
61098.000   10048 1404871 1045671.000            NIM 
61098.000   10048 1404832 1044084.100            NIM 
61098.000   10048 1404879 1890175.900            NIM 
61098.000   10048 1404880 2170678.000            NIM 
61098.000   10048 1352742  111601.600            NIM 
61098.000   10048 1404849 1414652.800            NIM 
61098.000   10048 1404856   93699.500            NIM 
61098.000   10048 1404857   25208.400            NIM 
61098.000   10048 1404821    2821.000            NIM 
61098.000   10048 1404850     615.000            NIM 
61098.000   10048 1404870    5242.800            NIM 
61098.000   10015 1362377       0.000            INTI
61098.000   10015 1363270   12142.800            INTI
61098.000   10015 1363511    5997.700            INTI
61098.000   10070 1353546    8534.400            IPQ 
61098.000   10083 1353654    9770.500            NIS 
61098.000   10083 1354391   16721.100            NIS 
61098.000   10083 1353812  -28237.700            NIS 
61098.000   10083 1352182   -4095.000            NIS 
61098.000   10011 1350219   -1041.200            IT  
61098.000   10011 1352487    -403.100            IT  
61098.000   10011 1401101  241203.600            IT  
61098.000   10011 1401102  291932.600            IT  
61098.000   10011 1401103   34077.100            IT  
61098.000   10011 1401104   10120.200            IT  
61098.000   10011 1411079   -1030.200            IT  
61098.000   10011 1411078    3164.200            IT  
61098.000   10011 1422012     880.500            IT  
61098.000   10035 1350832   16967.300            BSJ 
61098.000   10035 1350833    9324.400            BSJ 
61098.000   10087 1361277 -111797.600            JV  
61098.000   10087 1362617   70059.900            JV  
61098.000   10087 1415218  -42109.100            JV  
61098.000   10087 1411122   15517.800            JV  
61098.000   10056 1351783   39829.300            KRIS
61098.000   10056 1405624  161529.000            KRIS
61098.000   10056 1405625  467200.500            KRIS
61098.000   10056 1405626   15045.400            KRIS
61098.000   10027 1415201    -660.500            KZ  
61098.000   10027 1415205    1599.700            KZ  
61098.000   10027 1415266   -2483.600            KZ  
61098.000   10052 1351324  -11057.200            NPLI
61098.000   10052 1353376  -10639.200            NPLI
61098.000   10052 1353457    3345.600            NPLI
61098.000   10052 1353413   44668.400            NPLI
61098.000   10052 1353453    5139.300            NPLI
61098.000   10052 1415225  114291.100            NPLI
61098.000   10052 1415365   47409.300            NPLI
61098.000   10052 1415363    3385.400            NPLI
61098.000   10052 1415364   11420.000            NPLI
61098.000   10091 1352370   -8336.500            LRTE
61098.000   10082 1351868       0.000            LT  
61098.000   10082 1351362   -1657.800            LT  
61098.000   10094 1353471  -61270.500            LUX 
61098.000   10094 1353544  -57802.100            LUX 
61098.000   10041 1404113  327287.400            MIKE
61098.000   10041 1404108   30479.600            MIKE
61098.000   10041 1404189  184654.300            MIKE
61098.000   10041 1412084   27181.600            MIKE
61098.000   10088 1361806  -12553.400            CNMP
61098.000   10088 1361752   -6668.900            CNMP
61098.000   10088 1363162    8283.800            CNMP
61098.000   10088 1363179  -66666.300            CNMP
61098.000   10063 1360274    3197.000            MSL 
61098.000   10063 1363396   -4341.200            MSL 
61098.000   10063 1363872  113250.000            MSL 
61098.000   10081 1353476    4290.900            NIMT
61098.000   10081 1353472   46125.400            NIMT
61098.000   10081 1353470   46186.800            NIMT
61098.000   10013 1410102   -1523.600            NAO 
61098.000   10013 1350779    6168.400            NAO 
61098.000   10013 1351689    -216.500            NAO 
61098.000   10013 1351214     107.500            NAO 
61098.000   10020 1350343  128384.600            NICT
61098.000   10020 1350907   35464.800            NICT
61098.000   10020 1351226  -16682.600            NICT
61098.000   10020 1351778   75434.200            NICT
61098.000   10020 1351789   -8139.200            NICT
61098.000   10020 1351866    1410.000            NICT
61098.000   10020 1351944  109195.300            NICT
61098.000   10020 1352011  108047.400            NICT
61098.000   10020 1352056  109744.000            NICT
61098.000   10020 1352113  -45875.000            NICT
61098.000   10020 1352116  -27278.300            NICT
61098.000   10020 1352570   88194.200            NICT
61098.000   10020 1352620   60446.800            NICT
61098.000   10020 1352627  -23405.000            NICT
61098.000   10020 1352628  -24988.600            NICT
61098.000   10020 1352784   43226.000            NICT
61098.000   10020 1352876  123685.400            NICT
61098.000   10020 1352903   52826.200            NICT
61098.000   10020 1353594  -14772.000            NICT
61098.000   10020 1353716  -28556.700            NICT
61098.000   10020 1353717  -50206.300            NICT
61098.000   10020 1353718  -44585.500            NICT
61098.000   10020 1353720  -53845.300            NICT
61098.000   10020 1353722  -30746.500            NICT
61098.000   10020 1353909   27447.500            NICT
61098.000   10020 1353912  -38229.000            NICT
61098.000   10020 1353916  -71749.400            NICT
61098.000   10020 1353918   39037.700            NICT
61098.000   10020 1354230   68596.100            NICT
61098.000   10020 1355334   85915.900            NICT
61098.000   10020 1402003   16130.400            NICT
61098.000   10020 1402004   -9309.100            NICT
61098.000   10020 1402012   32220.700            NICT
61098.000   10020 1402013   42106.900            NICT
61098.000   10020 1402014   -2295.000            NICT
61098.000   10020 1402015   72332.400            NICT
61098.000   10020 1411041  -63389.100            NICT
61098.000   10020 1411062   32980.000            NICT
61098.000   10020 1412060   62690.400            NICT
61098.000   10002 1412108  559266.900            NIST
61098.000   10002 1412014 -540941.500            NIST
61098.000   10002 1400004 -196324.600            NIST
61098.000   10002 1400222  729035.100            NIST
61098.000   10002 1400209 -448794.300            NIST
61098.000   10002 1400212  499519.800            NIST
61098.000   10002 1400207  662088.500            NIST
61098.000   10002 1412015  618092.800            NIST
61098.000   10002 1400210  199669.000            NIST
61098.000   10002 1400205  979643.300            NIST
61098.000   10002 1352792 -548518.000            NIST
61098.000   10002 1412099  285658.500            NIST
61098.000   10002 1412006  105276.900            NIST
61098.000   10002 1352935 -654390.300            NIST
61098.000   10002 1352579  979236.300            NIST
61098.000   10002 1402205 -241817.400            NIST
61098.000   10050 1320293  126384.300            NMIJ
61098.000   10017 1412011   47965.300            NPL 
61098.000   10017 1412050   46024.700            NPL 
61098.000   10003 1352150    8164.600            NRC 
61098.000   10003 1362225   17111.800            NRC 
61098.000   10003 1352115   19296.900            NRC 
61098.000   10003 1352148    3233.800            NRC 
61098.000   10003 1400306   92219.800            NRC 
61098.000   10003 1400307   11078.200            NRC 
61098.000   10049 1415324   -1653.300            NTSC
61098.000   10049 1415316   -5562.200            NTSC
61098.000   10049 1415085  -22727.000            NTSC
61098.000   10049 1415082   49607.500            NTSC
61098.000   10049 1414922    5639.800            NTSC
61098.000   10049 1404967    5353.600            NTSC
61098.000   10049 1354937   14422.600            NTSC
61098.000   10049 1352142   15212.900            NTSC
61098.000   10016 1354619       0.000            INXE
61098.000   10008 1352027   33230.300            OP  
61098.000   10008 1400889    4953.700            OP  
61098.000   10008 1353765   78906.400            OP  
61098.000   10008 1400810   20644.100            OP  
61098.000   10008 1400809   35359.800            OP  
61098.000   10008 1400890   29515.000            OP  
61098.000   10026 1352722   -2014.600            ORB 
61098.000   10026 1352724    9647.000            ORB 
61098.000   10026 1411030   76401.200            ORB 
61098.000   10026 1402602  352837.600            ORB 
61098.000   10026 1352723    1478.100            ORB 
61098.000   10040 1350441    -766.800            PL  
61098.000   10040 1415318  -19385.700            PL  
61098.000   10040 1415321   25562.700            PL  
61098.000   10040 1354603     141.400            PL  
61098.000   10040 1354597     259.400            PL  
61098.000   10005 1920001   41576.500            PTB 
61098.000   10005 1920002   37561.200            PTB 
61098.000   10005 1355322    8814.900            PTB 
61098.000   10005 1400510    8948.200            PTB 
61098.000   10005 1400506   32400.100            PTB 
61098.000   10005 1400508   32997.100            PTB 
61098.000   10005 1400509    9895.000            PTB 
61098.000   10005 1415245   -5601.200            PTB 
61098.000   10005 1400512    6807.400            PTB 
61098.000   10005 1415221    3561.000            PTB 
61098.000   10019 1351942   68940.000            ONRJ
61098.000   10019 1320337   50927.500            ONRJ
61098.000   10019 1354204   71187.200            ONRJ
61098.000   10019 1350147   59494.700            ONRJ
61098.000   10019 1350102   19485.000            ONRJ
61098.000   10019 1353364   38804.800            ONRJ
61098.000   10019 1351153  -11725.000            ONRJ
61098.000   10019 1401958  125930.100            ONRJ
61098.000   10014 1350583   -4737.600            ROA 
61098.000   10014 1350718   -2762.900            ROA 
61098.000   10014 1361490   87218.700            ROA 
61098.000   10014 1361488   85301.600            ROA 
61098.000   10014 1351699   55032.500            ROA 
61098.000   10014 1401436 1943328.000            ROA 
61098.000   10014 1412032 1296212.700            ROA 
61098.000   10014 1352270    7857.600            ROA 
61098.000   10062 1352932       0.000            SASO
61098.000   10062 1352931     151.700            SASO
61098.000   10062 1351628     813.400            SASO
61098.000   10062 1350221    -584.700            SASO
61098.000   10067 1352525   -8236.400            SCL 
61098.000   10067 1352178  -19842.800            SCL 
61098.000   10067 1415314    1109.200            SCL 
61098.000   10067 1353448     369.800            SCL 
61098.000   10079 1352003   33881.800            SMD 
61098.000   10079 1352543  -26038.300            SMD 
61098.000   10079 1411049   -1952.700            SMD 
61098.000   10072 1352745  -21624.600            SP  
61098.000   10072 1352749   21812.100            SP  
61098.000   10072 1352758   -2418.800            SP  
61098.000   10072 1354707    6589.000            SP  
61098.000   10072 1362295    3014.800            SP  
61098.000   10072 1365149   55529.000            SP  
61098.000   10072 1407201     502.000            SP  
61098.000   10072 1407223  154436.500            SP  
61098.000   10072 1407231  247010.800            SP  
61098.000   10072 1407232  398010.100            SP  
61098.000   10072 1415319   41700.800            SP  
61098.000   10038 1403809 -409568.200            SU  
61098.000   10038 1403811 -282062.400            SU  
61098.000   10038 1403812  -26482.400            SU  
61098.000   10038 1403844 -561615.400            SU  
61098.000   10038 1403853    4137.800            SU  
61098.000   10038 1403833 -396885.200            SU  
61098.000   10038 1403846   47015.500            SU  
61098.000   10038 1403814 -652372.700            SU  
61098.000   10038 1403815 -332762.900            SU  
61098.000   10038 1403834   10365.700            SU  
61098.000   10038 1403841  -38862.000            SU  
61098.000   10038 1403840    9844.300            SU  
61098.000   10038 1403845 -453737.600            SU  
61098.000   10030 1403011  155205.200            TL  
61098.000   10030 1413202  225828.500            TL  
61098.000   10030 1353942  -36659.900            TL  
61098.000   10030 1353947   55115.200            TL  
61098.000   10030 1354060  -14110.100            TL  
61098.000   10022 1320211 1999811.100            TP  
61098.000   10022 1320247  998928.700            TP  
61098.000   10022 1351227       0.000            TP  
61098.000   10022 1352179      10.200            TP  
61098.000   10022 1352476     517.800            TP  
61098.000   10022 1353519    -128.900            TP  
61098.000   10022 1411076      99.500            TP  
61098.000   10068 1411028       0.000            UME 
61098.000   10068 1352703    2446.600            UME 
61098.000   10068 1350251    3420.500            UME 
61098.000   10068 1350872   -8125.500            UME 
61098.000   10068 1352710    2928.100            UME 
61098.000   10007 1400711 3291098.900            USNO
61098.000   10007 1400712  272623.600            USNO
61098.000   10007 1400719  459107.000            USNO
61098.000   10007 1400702  -65562.400            USNO
61098.000   10007 1400708  665617.100            USNO
61098.000   10007 1400704  114066.500            USNO
61098.000   10007 1400718 1940777.800            USNO
61098.000   10007 1400710 -788339.100            USNO
61098.000   10007 1400726 1285199.500            USNO
61098.000   10007 1400715  420411.100            USNO
61098.000   10007 1350161   81019.600            USNO
61098.000   10007 1400727 -728408.200            USNO
61098.000   10007 1400729 2225539.000            USNO
61098.000   10007 1400725 -219559.100            USNO
61098.000   10007 1400724 -816118.600            USNO
61098.000   10007 1400723 -605903.600            USNO
61098.000   10007 1400722 2698484.500            USNO
61098.000   10007 1400721  438440.400            USNO
61098.000   10007 1400720 1253667.100            USNO
61098.000   10007 1400730 2139468.800            USNO
61098.000   10007 1400731 -404404.900            USNO
61098.000   10007 1400732  752424.500            USNO
61098.000   10007 1400736 1216423.400            USNO
61098.000   10007 1400737 2452806.800            USNO
61098.000   10007 1400740 1104861.400            USNO
61098.000   10007 1400713  453894.400            USNO
61098.000   10007 1400714   94836.000            USNO
61098.000   10007 1400716  683229.000            USNO
61098.000   10007 1400738  103465.800            USNO
61098.000   10064 1355005       0.000            UZ  
61098.000   10064 1354998 5154346.800            UZ  
61098.000   10028 1353669   20014.500            VMI 
61098.000   10028 1361233   12678.000            VMI 
61098.000   10028 1353670  -24101.200            VMI 
61098.000   10024 1411040   -2700.100            VSL 
61098.000   10024 1354466    9724.300            VSL 
61098.000   10024 1355008    6946.300            VSL 
61098.000   10024 1355697     804.400            VSL 
61098.000   10055 1352191     -97.200            DMDM
61098.000   10055 1362033  -54624.400            DMDM
