61054.000   10021 1352938       0.000            UAE 
61054.000   10021 1352940    -375.200            UAE 
61054.000   10046 1404601   24234.700            AOS 
61054.000   10046 1352394    -693.400            AOS 
61054.000   10031 1353842    2433.600            APL 
61054.000   10031 1403107  255319.000            APL 
61054.000   10031 1403108  426808.100            APL 
61054.000   10031 1403109  132586.900            APL 
61054.000   10031 1412174   20164.500            APL 
61054.000   10054 1362269     187.000            AUS 
61054.000   10054 1360340   12196.000            AUS 
61054.000   10054 1360654  -42166.000            AUS 
61054.000   10054 1363814    4141.000            AUS 
61054.000   10054 1364971    6874.000            AUS 
61054.000   10054 1360299   27494.000            AUS 
61054.000   10101 1355360       0.000            AZ  
61054.000   10101 1355361    -836.500            AZ  
61054.000   10075 1352685    2962.900            IMBH
61054.000   10075 1320192   -7964.200            IMBH
61054.000   10075 1320193  -37900.300            IMBH
61054.000   10071 1353447    1225.200            BIRM
61054.000   10071 1353689    9796.700            BIRM
61054.000   10071 1407107 -384888.000            BIRM
61054.000   10071 1407111    -160.900            BIRM
61054.000   10071 1407112   -6282.700            BIRM
61054.000   10071 1415303   -2869.200            BIRM
61054.000   10071 1415304   -9482.300            BIRM
61054.000   10071 1415305  -18004.700            BIRM
61054.000   10092 1363159    4785.900            ICE 
61054.000   10092 1363522    3504.300            ICE 
61054.000   10057 1352117   14033.600            CH  
61054.000   10057 1355202    -538.700            CH  
61054.000   10057 1373644    -647.300            CH  
61054.000   10057 1405701   -1620.400            CH  
61054.000   10057 1405702   23312.300            CH  
61054.000   10057 1411117    -255.200            CH  
61054.000   10073 1353612  -10496.000            CNM 
61054.000   10073 1413211    -979.100            CNM 
61054.000   10073 1413212   41051.000            CNM 
61054.000   10074 1411045    3425.700            DLR 
61054.000   10053 1350136     -83.300            DTAG
61054.000   10053 1355332   -1388.900            DTAG
61054.000   10053 1352635    2291.700            DTAG
61054.000   10025 1352025    3937.600            ESA 
61054.000   10025 1351615   -4393.000            ESA 
61054.000   10025 1352353   11106.000            ESA 
61054.000   10025 1352210   27587.500            ESA 
61054.000   10025 1402543  -27221.000            ESA 
61054.000   10025 1402541  -92141.400            ESA 
61054.000   10089 1354233       0.000            HKO 
61054.000   10089 1355122    1196.900            HKO 
61054.000   10099 1354701       0.000            IFZG
61054.000   10093 1353401       0.000            NSAI
61054.000   10044 1361167    1454.400            IFAG
61054.000   10044 1361173     627.300            IFAG
61054.000   10044 1361629    8557.700            IFAG
61054.000   10044 1361732    5947.900            IFAG
61054.000   10044 1361798    1316.700            IFAG
61054.000   10044 1404439    2170.500            IFAG
61054.000   10044 1404418   15341.200            IFAG
61054.000   10048 1404878  903725.200            NIM 
61054.000   10048 1404871 1020517.300            NIM 
61054.000   10048 1404832 1011252.700            NIM 
61054.000   10048 1404879 1865610.900            NIM 
61054.000   10048 1404880 2144889.000            NIM 
61054.000   10048 1352742  110343.700            NIM 
61054.000   10048 1404849 1414382.100            NIM 
61054.000   10048 1404856   93377.800            NIM 
61054.000   10048 1404857   25404.000            NIM 
61054.000   10048 1404821    2687.000            NIM 
61054.000   10048 1404850     565.600            NIM 
61054.000   10048 1404870    4932.200            NIM 
61054.000   10015 1362377       0.000            INTI
61054.000   10015 1363270   11831.000            INTI
61054.000   10015 1363511    5850.700            INTI
61054.000   10070 1353546    8543.300            IPQ 
61054.000   10083 1353654    9540.500            NIS 
61054.000   10083 1354391   15895.200            NIS 
61054.000   10083 1353812  -27251.800            NIS 
61054.000   10083 1352182   -4018.900            NIS 
61054.000   10011 1350219    -956.700            IT  
61054.000   10011 1352487    -297.700            IT  
61054.000   10011 1401101  218668.300            IT  
61054.000   10011 1401102  287363.000            IT  
61054.000   10011 1401103   32403.100            IT  
61054.000   10011 1401104   12479.100            IT  
61054.000   10011 1411079    -712.300            IT  
61054.000   10011 1411078    2484.700            IT  
61054.000   10011 1422012     372.200            IT  
61054.000   10035 1350832   16308.200            BSJ 
61054.000   10035 1350833    8978.000            BSJ 
61054.000   10087 1361277 -111258.200            JV  
61054.000   10087 1362617   69342.400            JV  
61054.000   10087 1415218  -42073.800            JV  
61054.000   10087 1411122   14302.200            JV  
61054.000   10056 1351783   38866.100            KRIS
61054.000   10056 1405624  155234.300            KRIS
61054.000   10056 1405625  448715.400            KRIS
61054.000   10056 1405626   14257.900            KRIS
61054.000   10027 1415201    -636.700            KZ  
61054.000   10027 1415205    1384.800            KZ  
61054.000   10027 1415266   -2204.800            KZ  
61054.000   10052 1351324  -10980.000            NPLI
61054.000   10052 1353376  -10427.600            NPLI
61054.000   10052 1353457    3295.900            NPLI
61054.000   10052 1353413   44110.100            NPLI
61054.000   10052 1353453    5014.300            NPLI
61054.000   10052 1415225  110369.200            NPLI
61054.000   10052 1415365   45971.600            NPLI
61054.000   10052 1415363    2953.600            NPLI
61054.000   10052 1415364   10932.000            NPLI
61054.000   10091 1352370   -7348.100            LRTE
61054.000   10082 1351868       0.000            LT  
61054.000   10082 1351362   -1718.300            LT  
61054.000   10094 1353471  -60855.800            LUX 
61054.000   10094 1353544  -58042.900            LUX 
61054.000   10041 1404113  322955.500            MIKE
61054.000   10041 1404108   28570.700            MIKE
61054.000   10041 1404189  187015.700            MIKE
61054.000   10041 1412084   27688.100            MIKE
61054.000   10051 1352900       0.000            MASM
61054.000   10088 1361806  -12420.100            CNMP
61054.000   10088 1361752   -6635.400            CNMP
61054.000   10088 1363162    7977.800            CNMP
61054.000   10088 1363179  -65939.300            CNMP
61054.000   10063 1360274    3027.900            MSL 
61054.000   10063 1363396   -4385.600            MSL 
61054.000   10063 1363872  111052.900            MSL 
61054.000   10081 1353476    4855.600            NIMT
61054.000   10081 1353472   45613.600            NIMT
61054.000   10081 1353470   45436.600            NIMT
61054.000   10013 1410102   -1772.300            NAO 
61054.000   10013 1350779    6767.800            NAO 
61054.000   10013 1351689      14.700            NAO 
61054.000   10013 1351214     107.500            NAO 
61054.000   10020 1350343  127284.100            NICT
61054.000   10020 1350907   36125.000            NICT
61054.000   10020 1351226  -16564.400            NICT
61054.000   10020 1351778   74837.300            NICT
61054.000   10020 1351789   -7868.900            NICT
61054.000   10020 1351866    1407.200            NICT
61054.000   10020 1351944  108664.400            NICT
61054.000   10020 1352011  108193.100            NICT
61054.000   10020 1352056  109164.100            NICT
61054.000   10020 1352113  -45690.300            NICT
61054.000   10020 1352116  -27352.500            NICT
61054.000   10020 1352570   87817.500            NICT
61054.000   10020 1352620   59744.000            NICT
61054.000   10020 1352627  -22761.800            NICT
61054.000   10020 1352628  -24509.300            NICT
61054.000   10020 1352784   43695.600            NICT
61054.000   10020 1352876  123886.000            NICT
61054.000   10020 1352903   52606.500            NICT
61054.000   10020 1353594  -15098.600            NICT
61054.000   10020 1353716  -28068.200            NICT
61054.000   10020 1353717  -49270.400            NICT
61054.000   10020 1353718  -43597.100            NICT
61054.000   10020 1353720  -53179.100            NICT
61054.000   10020 1353722  -30374.200            NICT
61054.000   10020 1353909   27144.500            NICT
61054.000   10020 1353912  -37314.500            NICT
61054.000   10020 1353916  -70242.600            NICT
61054.000   10020 1353918   38255.000            NICT
61054.000   10020 1354230   68237.800            NICT
61054.000   10020 1355334   86128.500            NICT
61054.000   10020 1402003   15632.200            NICT
61054.000   10020 1402004   -8294.800            NICT
61054.000   10020 1402012   34440.500            NICT
61054.000   10020 1402013   37038.300            NICT
61054.000   10020 1402014   -2461.500            NICT
61054.000   10020 1402015   67155.900            NICT
61054.000   10020 1411041  -57775.700            NICT
61054.000   10020 1411062   33853.900            NICT
61054.000   10020 1412060   59317.400            NICT
61054.000   10002 1412108  527005.200            NIST
61054.000   10002 1412014 -547266.600            NIST
61054.000   10002 1400004 -199835.900            NIST
61054.000   10002 1400222  726424.400            NIST
61054.000   10002 1400209 -451748.200            NIST
61054.000   10002 1400212  446588.100            NIST
61054.000   10002 1400207  631523.700            NIST
61054.000   10002 1412015  597941.800            NIST
61054.000   10002 1400210  159792.100            NIST
61054.000   10002 1400205  980455.800            NIST
61054.000   10002 1352792 -547656.500            NIST
61054.000   10002 1412099  234635.300            NIST
61054.000   10002 1412006   61114.200            NIST
61054.000   10002 1442021 -552907.700            NIST
61054.000   10002 1352935 -653314.200            NIST
61054.000   10002 1352579  978459.200            NIST
61054.000   10002 1402205 -265475.700            NIST
61054.000   10050 1320293  116200.400            NMIJ
61054.000   10017 1412011   47452.200            NPL 
61054.000   10017 1412050   45399.900            NPL 
61054.000   10003 1352150    8020.000            NRC 
61054.000   10003 1362225   17138.100            NRC 
61054.000   10003 1352115   19000.300            NRC 
61054.000   10003 1400306   91307.700            NRC 
61054.000   10003 1400307   10552.400            NRC 
61054.000   10049 1415324   -1613.800            NTSC
61054.000   10049 1415316   -5245.300            NTSC
61054.000   10049 1415085  -22165.800            NTSC
61054.000   10049 1415082   46968.700            NTSC
61054.000   10049 1414922    4995.400            NTSC
61054.000   10049 1404967    4801.000            NTSC
61054.000   10049 1354937   14383.800            NTSC
61054.000   10049 1352142   15216.900            NTSC
61054.000   10016 1354619       0.000            INXE
61054.000   10008 1352027   32553.700            OP  
61054.000   10008 1400889    3935.800            OP  
61054.000   10008 1353765   77815.100            OP  
61054.000   10008 1400810   19670.900            OP  
61054.000   10008 1400809   33968.800            OP  
61054.000   10008 1400890   28361.900            OP  
61054.000   10026 1352722   -1890.800            ORB 
61054.000   10026 1352724    9227.500            ORB 
61054.000   10026 1411030   72944.900            ORB 
61054.000   10026 1402602  330776.300            ORB 
61054.000   10026 1352723    1288.200            ORB 
61054.000   10040 1350441    -737.100            PL  
61054.000   10040 1415318     235.100            PL  
61054.000   10040 1415321   24316.400            PL  
61054.000   10040 1354603     107.200            PL  
61054.000   10040 1354597     222.600            PL  
61054.000   10005 1920001   41554.300            PTB 
61054.000   10005 1920002   37483.300            PTB 
61054.000   10005 1355322    8690.800            PTB 
61054.000   10005 1400510    8540.400            PTB 
61054.000   10005 1400506   31863.900            PTB 
61054.000   10005 1400508   32497.900            PTB 
61054.000   10005 1400509    9680.900            PTB 
61054.000   10005 1415245   -5002.900            PTB 
61054.000   10005 1400512    6385.300            PTB 
61054.000   10005 1415221    3526.000            PTB 
61054.000   10019 1351942   68092.500            ONRJ
61054.000   10019 1320337   50540.600            ONRJ
61054.000   10019 1354204   69106.200            ONRJ
61054.000   10019 1350147   59211.300            ONRJ
61054.000   10019 1350102   19062.600            ONRJ
61054.000   10019 1353364   38362.900            ONRJ
61054.000   10019 1351153  -11249.700            ONRJ
61054.000   10019 1401958  120233.500            ONRJ
61054.000   10014 1350583   -4528.700            ROA 
61054.000   10014 1350718   -3072.100            ROA 
61054.000   10014 1361490   86762.600            ROA 
61054.000   10014 1361488   84816.600            ROA 
61054.000   10014 1351699   54745.500            ROA 
61054.000   10014 1401436 1916251.000            ROA 
61054.000   10014 1412032 1267985.900            ROA 
61054.000   10014 1352270    7795.400            ROA 
61054.000   10062 1352932       0.000            SASO
61054.000   10062 1352931    -360.400            SASO
61054.000   10062 1351628     566.400            SASO
61054.000   10062 1350221    -328.700            SASO
61054.000   10067 1352525   -7868.800            SCL 
61054.000   10067 1352178  -19128.300            SCL 
61054.000   10067 1415314     619.600            SCL 
61054.000   10067 1353448    -663.600            SCL 
61054.000   10079 1352003   33586.200            SMD 
61054.000   10079 1352543  -25407.100            SMD 
61054.000   10079 1411049   -1969.900            SMD 
61054.000   10072 1352745  -20932.300            SP  
61054.000   10072 1352749   20812.500            SP  
61054.000   10072 1352758   -2377.600            SP  
61054.000   10072 1354707    6584.300            SP  
61054.000   10072 1362295    1729.500            SP  
61054.000   10072 1365149   51676.500            SP  
61054.000   10072 1407201    -873.500            SP  
61054.000   10072 1407223  151702.900            SP  
61054.000   10072 1407231  236285.700            SP  
61054.000   10072 1407232  382989.500            SP  
61054.000   10072 1415319   40494.700            SP  
61054.000   10038 1403809 -408819.700            SU  
61054.000   10038 1403811 -282075.100            SU  
61054.000   10038 1403812  -27863.300            SU  
61054.000   10038 1403844 -562554.800            SU  
61054.000   10038 1403853    3571.400            SU  
61054.000   10038 1403833 -397952.600            SU  
61054.000   10038 1403846   45815.300            SU  
61054.000   10038 1403814 -657709.700            SU  
61054.000   10038 1403815 -333997.300            SU  
61054.000   10038 1403816 -301922.300            SU  
61054.000   10038 1403834    9570.900            SU  
61054.000   10038 1403841  -40826.700            SU  
61054.000   10038 1403840    9181.500            SU  
61054.000   10038 1403845 -453402.600            SU  
61054.000   10030 1403011  131337.100            TL  
61054.000   10030 1413202  220775.500            TL  
61054.000   10030 1353942  -35621.300            TL  
61054.000   10030 1353947   53877.100            TL  
61054.000   10030 1354060  -13753.600            TL  
61054.000   10022 1320211 1999811.300            TP  
61054.000   10022 1320247  999424.200            TP  
61054.000   10022 1351227       0.000            TP  
61054.000   10022 1352179     -63.700            TP  
61054.000   10022 1352476     528.000            TP  
61054.000   10022 1353519     -47.700            TP  
61054.000   10068 1411028       0.000            UME 
61054.000   10068 1352703    2506.700            UME 
61054.000   10068 1350251    3335.700            UME 
61054.000   10068 1350872   -7617.700            UME 
61054.000   10068 1352710    2418.000            UME 
61054.000   10007 1400711 3266434.700            USNO
61054.000   10007 1400712  269878.000            USNO
61054.000   10007 1400719  449377.000            USNO
61054.000   10007 1400702  -65674.000            USNO
61054.000   10007 1400708  659857.000            USNO
61054.000   10007 1400704  111892.300            USNO
61054.000   10007 1400718 1923844.000            USNO
61054.000   10007 1400710 -767286.200            USNO
61054.000   10007 1400726 1264035.500            USNO
61054.000   10007 1400715  412571.900            USNO
61054.000   10007 1350161   81125.500            USNO
61054.000   10007 1400727 -713369.900            USNO
61054.000   10007 1400729 2193290.800            USNO
61054.000   10007 1400725 -218948.300            USNO
61054.000   10007 1400724 -811317.800            USNO
61054.000   10007 1400723 -606535.800            USNO
61054.000   10007 1400722 2706405.100            USNO
61054.000   10007 1400721  403166.900            USNO
61054.000   10007 1400720 1249752.300            USNO
61054.000   10007 1400730 2113059.800            USNO
61054.000   10007 1400731 -396831.800            USNO
61054.000   10007 1400732  736003.000            USNO
61054.000   10007 1400736 1214306.700            USNO
61054.000   10007 1400737 2440801.800            USNO
61054.000   10007 1400740 1077931.500            USNO
61054.000   10007 1400713  447518.700            USNO
61054.000   10007 1400714   92168.600            USNO
61054.000   10007 1400716  672488.300            USNO
61054.000   10007 1400738   96185.800            USNO
61054.000   10064 1355005       0.000            UZ  
61054.000   10064 1354998 3960393.400            UZ  
61054.000   10028 1353669   19058.900            VMI 
61054.000   10028 1361233   11811.700            VMI 
61054.000   10028 1353670  -23799.200            VMI 
61054.000   10024 1411040   -2438.800            VSL 
61054.000   10024 1354466    9421.000            VSL 
61054.000   10024 1355008    6617.600            VSL 
61054.000   10055 1352191     -13.600            DMDM
61054.000   10055 1362033  -52114.200            DMDM
