61183.000   10021 1352938       0.000            UAE 
61183.000   10021 1352940   -4154.400            UAE 
61183.000   10046 1404601   27274.200            AOS 
61183.000   10046 1352394   -1237.900            AOS 
61183.000   10031 1353842    2413.600            APL 
61183.000   10031 1403107  268274.100            APL 
61183.000   10031 1403108  526803.600            APL 
61183.000   10031 1403109  135899.800            APL 
61183.000   10031 1412174   33451.300            APL 
61183.000   10054 1362269     139.000            AUS 
61183.000   10054 1360340   13065.000            AUS 
61183.000   10054 1360654  -45527.000            AUS 
61183.000   10054 1363814    4709.000            AUS 
61183.000   10054 1364971    7776.000            AUS 
61183.000   10054 1360299   28965.000            AUS 
61183.000   10101 1355360       0.000            AZ  
61183.000   10101 1355361   -1405.300            AZ  
61183.000   10075 1352685    3429.200            IMBH
61183.000   10075 1320192   -8860.300            IMBH
61183.000   10075 1320193  -42946.900            IMBH
61183.000   10071 1353447     699.200            BIRM
61183.000   10071 1353689    9946.400            BIRM
61183.000   10071 1407103    -394.500            BIRM
61183.000   10071 1407107 -432206.000            BIRM
61183.000   10071 1407111   -1246.100            BIRM
61183.000   10071 1407112  -11381.700            BIRM
61183.000   10071 1415303   -5432.400            BIRM
61183.000   10071 1415304  -12379.400            BIRM
61183.000   10071 1415305  -21464.700            BIRM
61183.000   10092 1363159    3895.400            ICE 
61183.000   10092 1363522    3714.100            ICE 
61183.000   10057 1355202    -803.200            CH  
61183.000   10057 1373644   -1106.400            CH  
61183.000   10057 1405701   -2229.500            CH  
61183.000   10057 1405702   20929.100            CH  
61183.000   10057 1411117     -86.100            CH  
61183.000   10073 1353612  -14819.500            CNM 
61183.000   10073 1413211   -1014.600            CNM 
61183.000   10073 1413212   67267.000            CNM 
61183.000   10074 1411045    5280.700            DLR 
61183.000   10053 1350136     -83.300            DTAG
61183.000   10053 1355332   -1435.800            DTAG
61183.000   10053 1352635    2541.200            DTAG
61183.000   10025 1352025    4402.400            ESA 
61183.000   10025 1351615   -4777.200            ESA 
61183.000   10025 1352353   11965.000            ESA 
61183.000   10025 1352210   30266.200            ESA 
61183.000   10025 1402543  -42256.500            ESA 
61183.000   10025 1402541 -119771.400            ESA 
61183.000   10025 1411033   -2540.500            ESA 
61183.000   10089 1354233       0.000            HKO 
61183.000   10089 1355122    1344.400            HKO 
61183.000   10099 1354701       0.000            IFZG
61183.000   10093 1353401       0.000            NSAI
61183.000   10044 1361167     773.500            IFAG
61183.000   10044 1361173     128.600            IFAG
61183.000   10044 1361629   10905.400            IFAG
61183.000   10044 1361732    7570.800            IFAG
61183.000   10044 1361798     349.000            IFAG
61183.000   10044 1404439    4278.600            IFAG
61183.000   10044 1404418   15179.300            IFAG
61183.000   10048 1404878  965355.300            NIM 
61183.000   10048 1404871 1094518.300            NIM 
61183.000   10048 1404832 1108671.800            NIM 
61183.000   10048 1404879 1938088.400            NIM 
61183.000   10048 1404880 2220995.300            NIM 
61183.000   10048 1352742  114067.100            NIM 
61183.000   10048 1404849 1415203.100            NIM 
61183.000   10048 1404856   94328.100            NIM 
61183.000   10048 1404857   24836.300            NIM 
61183.000   10048 1404821    3107.500            NIM 
61183.000   10048 1404850     736.100            NIM 
61183.000   10048 1404870    5876.900            NIM 
61183.000   10015 1362377       0.000            INTI
61183.000   10015 1363270   12764.100            INTI
61183.000   10015 1363511    6291.800            INTI
61183.000   10083 1353654   10137.400            NIS 
61183.000   10083 1354391   18393.300            NIS 
61183.000   10083 1353812  -30195.100            NIS 
61183.000   10083 1352182   -4430.000            NIS 
61183.000   10011 1350219   -1137.900            IT  
61183.000   10011 1352487    -674.400            IT  
61183.000   10011 1401101  285351.400            IT  
61183.000   10011 1401102  300453.100            IT  
61183.000   10011 1401103   37418.300            IT  
61183.000   10011 1401104    5380.800            IT  
61183.000   10011 1411079   -1726.400            IT  
61183.000   10011 1411078    4626.700            IT  
61183.000   10035 1350832   18366.400            BSJ 
61183.000   10035 1350833   10186.600            BSJ 
61183.000   10087 1361277 -112587.900            JV  
61183.000   10087 1362617   71398.700            JV  
61183.000   10087 1415218  -42177.500            JV  
61183.000   10087 1411122   18027.700            JV  
61183.000   10056 1351783   41704.500            KRIS
61183.000   10056 1405624  173854.000            KRIS
61183.000   10056 1405625  503536.800            KRIS
61183.000   10056 1405626   16578.500            KRIS
61183.000   10052 1351324  -11250.700            NPLI
61183.000   10052 1353376  -10900.600            NPLI
61183.000   10052 1353457    3510.600            NPLI
61183.000   10052 1353413   45663.300            NPLI
61183.000   10052 1353453    5353.900            NPLI
61183.000   10052 1415225  122194.800            NPLI
61183.000   10052 1415365   50235.900            NPLI
61183.000   10052 1415363    4257.900            NPLI
61183.000   10052 1415364   12418.000            NPLI
61183.000   10091 1352370  -11567.600            LRTE
61183.000   10082 1351868       0.000            LT  
61183.000   10082 1351362   -1687.400            LT  
61183.000   10094 1353471  -62136.500            LUX 
61183.000   10094 1353544  -57439.800            LUX 
61183.000   10085 1353507       0.000            NIMB
61183.000   10041 1404113  335688.200            MIKE
61183.000   10041 1404108   33987.100            MIKE
61183.000   10041 1404189  181162.100            MIKE
61183.000   10041 1412084   26119.700            MIKE
61183.000   10088 1361806  -12833.000            CNMP
61183.000   10088 1361752   -6813.000            CNMP
61183.000   10088 1363162    8870.800            CNMP
61183.000   10088 1363179  -68057.600            CNMP
61183.000   10063 1360274    3362.100            MSL 
61183.000   10063 1363396   -4299.600            MSL 
61183.000   10063 1363872  117383.500            MSL 
61183.000   10081 1353476    3293.300            NIMT
61183.000   10081 1353472   47126.200            NIMT
61183.000   10081 1353470   47667.800            NIMT
61183.000   10013 1410102    2345.400            NAO 
61183.000   10013 1350779     463.500            NAO 
61183.000   10013 1351689     353.500            NAO 
61183.000   10013 1351214     107.400            NAO 
61183.000   10020 1350343  130636.000            NICT
61183.000   10020 1350907   34136.600            NICT
61183.000   10020 1351778   76555.700            NICT
61183.000   10020 1351789   -8664.600            NICT
61183.000   10020 1351866    1368.900            NICT
61183.000   10020 1351944  110234.400            NICT
61183.000   10020 1352011  107767.700            NICT
61183.000   10020 1352056  110806.900            NICT
61183.000   10020 1352113  -46220.300            NICT
61183.000   10020 1352116  -26932.900            NICT
61183.000   10020 1352570   88878.200            NICT
61183.000   10020 1352620   61742.300            NICT
61183.000   10020 1352627  -24720.700            NICT
61183.000   10020 1352628  -26019.400            NICT
61183.000   10020 1352784   42285.700            NICT
61183.000   10020 1352876  123350.700            NICT
61183.000   10020 1352903   53257.400            NICT
61183.000   10020 1353259  -14353.500            NICT
61183.000   10020 1353594  -14285.500            NICT
61183.000   10020 1353716  -29466.800            NICT
61183.000   10020 1353717  -52094.900            NICT
61183.000   10020 1353718  -46823.000            NICT
61183.000   10020 1353720  -55129.300            NICT
61183.000   10020 1353722  -31475.500            NICT
61183.000   10020 1353909   28043.400            NICT
61183.000   10020 1353912  -40010.000            NICT
61183.000   10020 1353916  -74665.200            NICT
61183.000   10020 1353918   40456.700            NICT
61183.000   10020 1354230   69107.800            NICT
61183.000   10020 1402003   17130.300            NICT
61183.000   10020 1402004  -11285.500            NICT
61183.000   10020 1402012   28183.900            NICT
61183.000   10020 1402013   52494.600            NICT
61183.000   10020 1402014   -1745.500            NICT
61183.000   10020 1402015   82756.500            NICT
61183.000   10020 1411041  -74478.100            NICT
61183.000   10020 1411062   31271.300            NICT
61183.000   10020 1412060   69542.900            NICT
61183.000   10002 1412108  622470.700            NIST
61183.000   10002 1412014 -528431.400            NIST
61183.000   10002 1400004 -189482.000            NIST
61183.000   10002 1400222  734072.700            NIST
61183.000   10002 1400209 -442641.800            NIST
61183.000   10002 1400212  603223.900            NIST
61183.000   10002 1400207  721458.400            NIST
61183.000   10002 1412015  657347.500            NIST
61183.000   10002 1400210  277465.100            NIST
61183.000   10002 1400205  978084.500            NIST
61183.000   10002 1412099  385174.200            NIST
61183.000   10002 1412006  191453.000            NIST
61183.000   10002 1442021 -561218.100            NIST
61183.000   10002 1352935 -656426.200            NIST
61183.000   10002 1352579  980771.000            NIST
61183.000   10002 1402205 -195761.100            NIST
61183.000   10050 1320293  146129.200            NMIJ
61183.000   10017 1412011   49025.600            NPL 
61183.000   10017 1412050   48406.600            NPL 
61183.000   10003 1352150    8344.300            NRC 
61183.000   10003 1362225   17014.600            NRC 
61183.000   10003 1352115   19871.500            NRC 
61183.000   10003 1352148    3154.900            NRC 
61183.000   10003 1400306   92612.500            NRC 
61183.000   10003 1400307   12125.000            NRC 
61183.000   10049 1415324   -1599.700            NTSC
61183.000   10049 1415322    3040.200            NTSC
61183.000   10049 1415316   -6177.000            NTSC
61183.000   10049 1415082   54844.500            NTSC
61183.000   10049 1414922    6982.200            NTSC
61183.000   10049 1404967    6503.500            NTSC
61183.000   10049 1354937   14336.800            NTSC
61183.000   10049 1352142   15144.000            NTSC
61183.000   10016 1354619       0.000            INXE
61183.000   10008 1352027   34593.600            OP  
61183.000   10008 1400889    6955.800            OP  
61183.000   10008 1353765   81000.000            OP  
61183.000   10008 1400810   22569.500            OP  
61183.000   10008 1400809   38108.700            OP  
61183.000   10008 1400890   31737.800            OP  
61183.000   10026 1352723    1859.100            ORB 
61183.000   10026 1352724   10489.900            ORB 
61183.000   10026 1411030   83178.800            ORB 
61183.000   10026 1402602  395501.300            ORB 
61183.000   10040 1350441    -790.200            PL  
61183.000   10040 1415318  -92311.600            PL  
61183.000   10040 1415321   28183.900            PL  
61183.000   10040 1354603     236.400            PL  
61183.000   10040 1354597     281.900            PL  
61183.000   10005 1920001   41731.200            PTB 
61183.000   10005 1920002   37717.100            PTB 
61183.000   10005 1355322    9072.000            PTB 
61183.000   10005 1400510    9722.500            PTB 
61183.000   10005 1400506   33776.900            PTB 
61183.000   10005 1400508   34370.000            PTB 
61183.000   10005 1400509   10319.500            PTB 
61183.000   10005 1415245   -6798.200            PTB 
61183.000   10005 1400512    7661.000            PTB 
61183.000   10005 1415221    3631.900            PTB 
61183.000   10019 1351942   70577.500            ONRJ
61183.000   10019 1320337   51675.200            ONRJ
61183.000   10019 1354204   75191.400            ONRJ
61183.000   10019 1350147   60019.700            ONRJ
61183.000   10019 1350102   70970.800            ONRJ
61183.000   10019 1353364   39594.100            ONRJ
61183.000   10019 1351153  -12693.400            ONRJ
61183.000   10019 1401958  137436.900            ONRJ
61183.000   10014 1350583   -5180.800            ROA 
61183.000   10014 1350718   -2209.100            ROA 
61183.000   10014 1361490   87775.100            ROA 
61183.000   10014 1361488   86267.600            ROA 
61183.000   10014 1351699   55582.300            ROA 
61183.000   10014 1401436 1996145.600            ROA 
61183.000   10014 1412032 1351324.000            ROA 
61183.000   10014 1352270    7979.500            ROA 
61183.000   10062 1352932       0.000            SASO
61183.000   10062 1352931    1155.700            SASO
61183.000   10062 1351628    1392.100            SASO
61183.000   10062 1350221   -1108.500            SASO
61183.000   10067 1352525   -8971.900            SCL 
61183.000   10067 1352178  -21368.500            SCL 
61183.000   10067 1415314    2114.500            SCL 
61183.000   10067 1353448    2397.000            SCL 
61183.000   10079 1352003   34482.100            SMD 
61183.000   10079 1352543  -27281.300            SMD 
61183.000   10079 1411049   -1899.600            SMD 
61183.000   10072 1352745  -23006.300            SP  
61183.000   10072 1352749   23760.000            SP  
61183.000   10072 1352758   -2503.100            SP  
61183.000   10072 1354707    6516.100            SP  
61183.000   10072 1362295    5593.100            SP  
61183.000   10072 1365149   62993.100            SP  
61183.000   10072 1407201    3471.700            SP  
61183.000   10072 1407223  159759.100            SP  
61183.000   10072 1407231  268247.900            SP  
61183.000   10072 1407232  427438.800            SP  
61183.000   10072 1415319   44027.100            SP  
61183.000   10038 1403809 -410972.400            SU  
61183.000   10038 1403811 -281971.900            SU  
61183.000   10038 1403812  -23667.100            SU  
61183.000   10038 1403844 -559773.800            SU  
61183.000   10038 1403853    5244.100            SU  
61183.000   10038 1403833 -394771.100            SU  
61183.000   10038 1403846   49353.500            SU  
61183.000   10038 1403814 -642004.200            SU  
61183.000   10038 1403815 -330317.700            SU  
61183.000   10038 1403834   11959.400            SU  
61183.000   10038 1403841  -35024.700            SU  
61183.000   10038 1403840   11139.900            SU  
61183.000   10038 1403845 -454329.500            SU  
61183.000   10030 1403011  201851.900            TL  
61183.000   10030 1413202  258032.800            TL  
61183.000   10030 1353942  -38582.900            TL  
61183.000   10030 1353947   57436.300            TL  
61183.000   10030 1354060  -14765.500            TL  
61183.000   10022 1320211 1999893.100            TP  
61183.000   10022 1320247  998970.200            TP  
61183.000   10022 1351227       0.000            TP  
61183.000   10022 1352179      85.700            TP  
61183.000   10022 1352476     582.800            TP  
61183.000   10022 1353519    -100.200            TP  
61183.000   10068 1411028       0.000            UME 
61183.000   10068 1352703      80.000            UME 
61183.000   10068 1350251     193.900            UME 
61183.000   10068 1350872    -566.100            UME 
61183.000   10068 1352710     608.800            UME 
61183.000   10007 1400711 3338826.400            USNO
61183.000   10007 1400719  476928.700            USNO
61183.000   10007 1400702  -65331.200            USNO
61183.000   10007 1400708  676811.100            USNO
61183.000   10007 1400704  118319.000            USNO
61183.000   10007 1400718 1973668.800            USNO
61183.000   10007 1400710 -828937.300            USNO
61183.000   10007 1400726 1327863.500            USNO
61183.000   10007 1400715  435642.300            USNO
61183.000   10007 1350161   80866.500            USNO
61183.000   10007 1400727 -756967.900            USNO
61183.000   10007 1400729 2288398.700            USNO
61183.000   10007 1400725 -220701.000            USNO
61183.000   10007 1400724 -825356.900            USNO
61183.000   10007 1400723 -604514.100            USNO
61183.000   10007 1400722 2677912.800            USNO
61183.000   10007 1400721  507172.800            USNO
61183.000   10007 1400720 1261713.800            USNO
61183.000   10007 1400730 2190855.000            USNO
61183.000   10007 1400731 -419028.700            USNO
61183.000   10007 1400732  784590.700            USNO
61183.000   10007 1400736 1220988.900            USNO
61183.000   10007 1400737 2476550.200            USNO
61183.000   10007 1400740 1157689.900            USNO
61183.000   10007 1400713  466344.900            USNO
61183.000   10007 1400716  704034.800            USNO
61183.000   10007 1400733  132985.700            USNO
61183.000   10064 1355005       0.000            UZ  
61183.000   10064 1354998 4822166.800            UZ  
61183.000   10028 1353669   19686.800            VMI 
61183.000   10028 1361233   12175.100            VMI 
61183.000   10028 1353670  -26813.500            VMI 
61183.000   10024 1411040   -3174.000            VSL 
61183.000   10024 1354466   10323.100            VSL 
61183.000   10024 1355008    7616.200            VSL 
61183.000   10024 1355697    1631.900            VSL 
61183.000   10055 1352191     -66.800            DMDM
61183.000   10055 1362033  -59482.500            DMDM
