61057.000   10021 1352938       0.000            UAE 
61057.000   10021 1352940    -458.100            UAE 
61057.000   10046 1404601   24303.900            AOS 
61057.000   10046 1352394    -707.400            AOS 
61057.000   10031 1353842    2428.200            APL 
61057.000   10031 1403107  255613.000            APL 
61057.000   10031 1403108  429122.800            APL 
61057.000   10031 1403109  132663.000            APL 
61057.000   10031 1412174   20426.000            APL 
61057.000   10054 1362269     183.000            AUS 
61057.000   10054 1360340   12227.000            AUS 
61057.000   10054 1360654  -42256.000            AUS 
61057.000   10054 1363814    4162.000            AUS 
61057.000   10054 1364971    6894.000            AUS 
61057.000   10054 1360299   27530.000            AUS 
61057.000   10101 1355360       0.000            AZ  
61057.000   10101 1355361    -853.300            AZ  
61057.000   10075 1352685    2972.500            IMBH
61057.000   10075 1320192   -7985.300            IMBH
61057.000   10075 1320193  -38002.900            IMBH
61057.000   10071 1353447    1210.400            BIRM
61057.000   10071 1353689    9804.700            BIRM
61057.000   10071 1407107 -385977.600            BIRM
61057.000   10071 1407111    -169.200            BIRM
61057.000   10071 1407112   -6399.100            BIRM
61057.000   10071 1415303   -2924.500            BIRM
61057.000   10071 1415304   -9546.200            BIRM
61057.000   10071 1415305  -18082.300            BIRM
61057.000   10092 1363159    4763.100            ICE 
61057.000   10092 1363522    3509.100            ICE 
61057.000   10057 1352117   14033.500            CH  
61057.000   10057 1355202    -544.600            CH  
61057.000   10057 1373644    -658.500            CH  
61057.000   10057 1405701   -1634.400            CH  
61057.000   10057 1405702   23265.800            CH  
61057.000   10057 1411117    -248.000            CH  
61057.000   10073 1353612  -10604.000            CNM 
61057.000   10073 1413211    -982.700            CNM 
61057.000   10073 1413212   41617.100            CNM 
61057.000   10074 1411045    3466.100            DLR 
61057.000   10053 1350136     -83.300            DTAG
61057.000   10053 1355332   -1397.400            DTAG
61057.000   10053 1352635    2313.900            DTAG
61057.000   10025 1352025    3953.000            ESA 
61057.000   10025 1351615   -4397.600            ESA 
61057.000   10025 1352353   11130.500            ESA 
61057.000   10025 1352210   27649.000            ESA 
61057.000   10025 1402543  -27540.800            ESA 
61057.000   10025 1402541  -92716.500            ESA 
61057.000   10089 1354233       0.000            HKO 
61057.000   10089 1355122    1209.900            HKO 
61057.000   10099 1354701       0.000            IFZG
61057.000   10093 1353401       0.000            NSAI
61057.000   10044 1361167    1422.000            IFAG
61057.000   10044 1361173     609.900            IFAG
61057.000   10044 1361629    8611.600            IFAG
61057.000   10044 1361732    5985.600            IFAG
61057.000   10044 1361798    1298.100            IFAG
61057.000   10044 1404439    2098.100            IFAG
61057.000   10044 1404418   15315.700            IFAG
61057.000   10048 1404878  905148.100            NIM 
61057.000   10048 1404871 1022229.600            NIM 
61057.000   10048 1404832 1013471.400            NIM 
61057.000   10048 1404879 1867275.600            NIM 
61057.000   10048 1404880 2146638.900            NIM 
61057.000   10048 1352742  110421.700            NIM 
61057.000   10048 1404849 1414400.300            NIM 
61057.000   10048 1404856   93399.600            NIM 
61057.000   10048 1404857   25390.500            NIM 
61057.000   10048 1404821    2695.900            NIM 
61057.000   10048 1404850     568.800            NIM 
61057.000   10048 1404870    4953.100            NIM 
61057.000   10015 1362377       0.000            INTI
61057.000   10015 1363270   11852.400            INTI
61057.000   10015 1363511    5868.600            INTI
61057.000   10070 1353546    8543.100            IPQ 
61057.000   10083 1353654    9563.700            NIS 
61057.000   10083 1354391   15965.000            NIS 
61057.000   10083 1353812  -27314.100            NIS 
61057.000   10083 1352182   -4005.800            NIS 
61057.000   10011 1350219    -966.300            IT  
61057.000   10011 1352487    -302.600            IT  
61057.000   10011 1401101  220197.700            IT  
61057.000   10011 1401102  287676.600            IT  
61057.000   10011 1401103   32516.100            IT  
61057.000   10011 1401104   12320.100            IT  
61057.000   10011 1411079    -732.600            IT  
61057.000   10011 1411078    2529.100            IT  
61057.000   10011 1422012     377.700            IT  
61057.000   10035 1350832   16352.600            BSJ 
61057.000   10035 1350833    8999.400            BSJ 
61057.000   10087 1361277 -111307.400            JV  
61057.000   10087 1362617   69389.200            JV  
61057.000   10087 1415218  -42076.100            JV  
61057.000   10087 1411122   14382.100            JV  
61057.000   10056 1351783   38930.000            KRIS
61057.000   10056 1405624  155661.400            KRIS
61057.000   10056 1405625  449968.500            KRIS
61057.000   10056 1405626   14311.400            KRIS
61057.000   10027 1415201    -637.900            KZ  
61057.000   10027 1415205    1398.300            KZ  
61057.000   10027 1415266   -2224.000            KZ  
61057.000   10052 1351324  -10977.600            NPLI
61057.000   10052 1353376  -10446.300            NPLI
61057.000   10052 1353457    3302.400            NPLI
61057.000   10052 1353413   44150.100            NPLI
61057.000   10052 1353453    5027.500            NPLI
61057.000   10052 1415225  110633.600            NPLI
61057.000   10052 1415365   46069.200            NPLI
61057.000   10052 1415363    2982.800            NPLI
61057.000   10052 1415364   10964.500            NPLI
61057.000   10091 1352370   -7427.500            LRTE
61057.000   10082 1351868       0.000            LT  
61057.000   10082 1351362   -1754.100            LT  
61057.000   10094 1353471  -60881.700            LUX 
61057.000   10094 1353544  -58020.200            LUX 
61057.000   10041 1404113  323254.300            MIKE
61057.000   10041 1404108   28701.800            MIKE
61057.000   10041 1404189  186847.800            MIKE
61057.000   10041 1412084   27658.600            MIKE
61057.000   10051 1352900       0.000            MASM
61057.000   10088 1361806  -12425.400            CNMP
61057.000   10088 1361752   -6645.500            CNMP
61057.000   10088 1363162    7987.400            CNMP
61057.000   10088 1363179  -65989.000            CNMP
61057.000   10063 1360274    3045.700            MSL 
61057.000   10063 1363396   -4385.700            MSL 
61057.000   10063 1363872  111198.600            MSL 
61057.000   10081 1353476    4819.300            NIMT
61057.000   10081 1353472   45654.100            NIMT
61057.000   10081 1353470   45494.600            NIMT
61057.000   10013 1410102   -1790.200            NAO 
61057.000   10013 1350779    6717.100            NAO 
61057.000   10013 1351689      55.500            NAO 
61057.000   10013 1351214     107.500            NAO 
61057.000   10020 1350343  127367.100            NICT
61057.000   10020 1350907   36078.800            NICT
61057.000   10020 1351226  -16573.600            NICT
61057.000   10020 1351778   74876.600            NICT
61057.000   10020 1351789   -7888.900            NICT
61057.000   10020 1351866    1410.600            NICT
61057.000   10020 1351944  108695.800            NICT
61057.000   10020 1352011  108184.900            NICT
61057.000   10020 1352056  109200.300            NICT
61057.000   10020 1352113  -45703.400            NICT
61057.000   10020 1352116  -27345.600            NICT
61057.000   10020 1352570   87847.600            NICT
61057.000   10020 1352620   59794.700            NICT
61057.000   10020 1352627  -22805.700            NICT
61057.000   10020 1352628  -24542.700            NICT
61057.000   10020 1352784   43665.100            NICT
61057.000   10020 1352876  123871.400            NICT
61057.000   10020 1352903   52617.100            NICT
61057.000   10020 1353594  -15082.900            NICT
61057.000   10020 1353716  -28101.400            NICT
61057.000   10020 1353717  -49329.700            NICT
61057.000   10020 1353718  -43651.900            NICT
61057.000   10020 1353720  -53218.500            NICT
61057.000   10020 1353722  -30404.500            NICT
61057.000   10020 1353909   27168.200            NICT
61057.000   10020 1353912  -37375.700            NICT
61057.000   10020 1353916  -70346.900            NICT
61057.000   10020 1353918   38309.200            NICT
61057.000   10020 1354230   68262.100            NICT
61057.000   10020 1355334   86111.200            NICT
61057.000   10020 1402003   15665.300            NICT
61057.000   10020 1402004   -8364.000            NICT
61057.000   10020 1402012   34286.300            NICT
61057.000   10020 1402013   37377.000            NICT
61057.000   10020 1402014   -2453.100            NICT
61057.000   10020 1402015   67503.900            NICT
61057.000   10020 1411041  -58156.500            NICT
61057.000   10020 1411062   33794.600            NICT
61057.000   10020 1412060   59543.100            NICT
61057.000   10002 1412108  529195.400            NIST
61057.000   10002 1412014 -546836.900            NIST
61057.000   10002 1400004 -199596.200            NIST
61057.000   10002 1400222  726602.500            NIST
61057.000   10002 1400209 -451550.400            NIST
61057.000   10002 1400212  450180.000            NIST
61057.000   10002 1400207  633605.100            NIST
61057.000   10002 1412015  599313.500            NIST
61057.000   10002 1400210  162501.700            NIST
61057.000   10002 1400205  980401.200            NIST
61057.000   10002 1352792 -547712.300            NIST
61057.000   10002 1412099  238112.400            NIST
61057.000   10002 1412006   64115.700            NIST
61057.000   10002 1442021 -552776.600            NIST
61057.000   10002 1352935 -653389.700            NIST
61057.000   10002 1352579  978521.200            NIST
61057.000   10002 1402205 -263865.900            NIST
61057.000   10050 1320293  116897.400            NMIJ
61057.000   10017 1412011   47486.000            NPL 
61057.000   10017 1412050   45429.800            NPL 
61057.000   10003 1352150    8027.600            NRC 
61057.000   10003 1362225   17137.200            NRC 
61057.000   10003 1352115   19017.900            NRC 
61057.000   10003 1400306   91364.300            NRC 
61057.000   10003 1400307   10587.900            NRC 
61057.000   10049 1415324   -1617.900            NTSC
61057.000   10049 1415316   -5266.900            NTSC
61057.000   10049 1415085  -22204.100            NTSC
61057.000   10049 1415082   47147.100            NTSC
61057.000   10049 1414922    5038.200            NTSC
61057.000   10049 1404967    4837.900            NTSC
61057.000   10049 1354937   14391.400            NTSC
61057.000   10049 1352142   15215.400            NTSC
61057.000   10016 1354619       0.000            INXE
61057.000   10008 1352027   32597.400            OP  
61057.000   10008 1400889    4004.300            OP  
61057.000   10008 1353765   77881.800            OP  
61057.000   10008 1400810   19736.700            OP  
61057.000   10008 1400809   34062.600            OP  
61057.000   10008 1400890   28440.500            OP  
61057.000   10026 1352722   -1905.200            ORB 
61057.000   10026 1352724    9255.400            ORB 
61057.000   10026 1411030   73179.100            ORB 
61057.000   10026 1402602  332280.200            ORB 
61057.000   10026 1352723    1300.300            ORB 
61057.000   10040 1350441    -741.300            PL  
61057.000   10040 1415318    -700.400            PL  
61057.000   10040 1415321   24400.500            PL  
61057.000   10040 1354603     110.900            PL  
61057.000   10040 1354597     224.200            PL  
61057.000   10005 1920001   41556.300            PTB 
61057.000   10005 1920002   37496.400            PTB 
61057.000   10005 1355322    8701.600            PTB 
61057.000   10005 1400510    8568.100            PTB 
61057.000   10005 1400506   31894.900            PTB 
61057.000   10005 1400508   32527.800            PTB 
61057.000   10005 1400509    9695.400            PTB 
61057.000   10005 1415245   -5042.900            PTB 
61057.000   10005 1400512    6413.700            PTB 
61057.000   10005 1415221    3528.300            PTB 
61057.000   10019 1351942   68151.500            ONRJ
61057.000   10019 1320337   50565.400            ONRJ
61057.000   10019 1354204   69248.400            ONRJ
61057.000   10019 1350147   59233.100            ONRJ
61057.000   10019 1350102   19093.800            ONRJ
61057.000   10019 1353364   38400.200            ONRJ
61057.000   10019 1351153  -11281.400            ONRJ
61057.000   10019 1401958  120616.700            ONRJ
61057.000   10014 1350583   -4544.600            ROA 
61057.000   10014 1350718   -3057.700            ROA 
61057.000   10014 1361490   86784.600            ROA 
61057.000   10014 1361488   84866.900            ROA 
61057.000   10014 1351699   54760.300            ROA 
61057.000   10014 1401436 1918089.900            ROA 
61057.000   10014 1412032 1269902.800            ROA 
61057.000   10014 1352270    7791.800            ROA 
61057.000   10062 1352932       0.000            SASO
61057.000   10062 1352931    -323.700            SASO
61057.000   10062 1351628     598.000            SASO
61057.000   10062 1350221    -335.200            SASO
61057.000   10067 1352525   -7899.300            SCL 
61057.000   10067 1352178  -19179.200            SCL 
61057.000   10067 1415314     646.800            SCL 
61057.000   10067 1353448    -594.900            SCL 
61057.000   10079 1352003   33611.600            SMD 
61057.000   10079 1352543  -25450.300            SMD 
61057.000   10079 1411049   -1969.000            SMD 
61057.000   10072 1352745  -20979.400            SP  
61057.000   10072 1352749   20884.000            SP  
61057.000   10072 1352758   -2385.100            SP  
61057.000   10072 1354707    6587.200            SP  
61057.000   10072 1362295    1813.800            SP  
61057.000   10072 1365149   51947.200            SP  
61057.000   10072 1407201    -783.900            SP  
61057.000   10072 1407223  151888.800            SP  
61057.000   10072 1407231  237010.300            SP  
61057.000   10072 1407232  384008.100            SP  
61057.000   10072 1415319   40576.100            SP  
61057.000   10038 1403809 -408871.200            SU  
61057.000   10038 1403811 -282074.600            SU  
61057.000   10038 1403812  -27770.600            SU  
61057.000   10038 1403844 -562491.000            SU  
61057.000   10038 1403853    3609.900            SU  
61057.000   10038 1403833 -397880.400            SU  
61057.000   10038 1403846   45896.900            SU  
61057.000   10038 1403814 -657347.400            SU  
61057.000   10038 1403815 -333913.800            SU  
61057.000   10038 1403834    9624.500            SU  
61057.000   10038 1403841  -40693.300            SU  
61057.000   10038 1403840    9226.500            SU  
61057.000   10038 1403845 -453426.000            SU  
61057.000   10030 1403011  132958.900            TL  
61057.000   10030 1413202  220807.700            TL  
61057.000   10030 1353942  -35694.100            TL  
61057.000   10030 1353947   53963.000            TL  
61057.000   10030 1354060  -13770.300            TL  
61057.000   10022 1320211 1999812.900            TP  
61057.000   10022 1320247  999389.200            TP  
61057.000   10022 1351227       0.000            TP  
61057.000   10022 1352179     -62.400            TP  
61057.000   10022 1352476     521.800            TP  
61057.000   10022 1353519     -50.900            TP  
61057.000   10068 1411028       0.000            UME 
61057.000   10068 1352703    2513.400            UME 
61057.000   10068 1350251    3344.900            UME 
61057.000   10068 1350872   -7638.100            UME 
61057.000   10068 1352710    2474.000            UME 
61057.000   10007 1400711 3268115.600            USNO
61057.000   10007 1400712  270065.000            USNO
61057.000   10007 1400719  450034.900            USNO
61057.000   10007 1400702  -65665.600            USNO
61057.000   10007 1400708  660249.100            USNO
61057.000   10007 1400704  112040.900            USNO
61057.000   10007 1400718 1924996.500            USNO
61057.000   10007 1400710 -768722.600            USNO
61057.000   10007 1400726 1265473.900            USNO
61057.000   10007 1400715  413105.400            USNO
61057.000   10007 1350161   81118.000            USNO
61057.000   10007 1400727 -714400.900            USNO
61057.000   10007 1400729 2195483.900            USNO
61057.000   10007 1400725 -218989.800            USNO
61057.000   10007 1400724 -811645.700            USNO
61057.000   10007 1400723 -606495.200            USNO
61057.000   10007 1400722 2705856.800            USNO
61057.000   10007 1400721  405563.200            USNO
61057.000   10007 1400720 1250013.400            USNO
61057.000   10007 1400730 2114856.200            USNO
61057.000   10007 1400731 -397348.400            USNO
61057.000   10007 1400732  737117.700            USNO
61057.000   10007 1400736 1214445.500            USNO
61057.000   10007 1400737 2441614.200            USNO
61057.000   10007 1400740 1079758.100            USNO
61057.000   10007 1400713  447951.700            USNO
61057.000   10007 1400714   92340.900            USNO
61057.000   10007 1400716  673219.900            USNO
61057.000   10007 1400738   96678.000            USNO
61057.000   10064 1355005       0.000            UZ  
61057.000   10064 1354998 4095705.900            UZ  
61057.000   10028 1353669   19103.400            VMI 
61057.000   10028 1361233   11846.600            VMI 
61057.000   10028 1353670  -23839.900            VMI 
61057.000   10024 1411040   -2456.700            VSL 
61057.000   10024 1354466    9442.600            VSL 
61057.000   10024 1355008    6640.500            VSL 
61057.000   10055 1352191     -13.600            DMDM
61057.000   10055 1362033  -52272.100            DMDM
