61085.000   10046 1404601   24952.100            AOS 
61085.000   10046 1352394    -818.900            AOS 
61085.000   10031 1353842    2421.100            APL 
61085.000   10031 1403107  258375.300            APL 
61085.000   10031 1403108  450752.800            APL 
61085.000   10031 1403109  133379.900            APL 
61085.000   10031 1412174   22974.200            APL 
61085.000   10054 1362269     119.000            AUS 
61085.000   10054 1360340   12392.000            AUS 
61085.000   10054 1360654  -42977.000            AUS 
61085.000   10054 1363814    4288.000            AUS 
61085.000   10054 1364971    7060.000            AUS 
61085.000   10054 1360299   27815.000            AUS 
61085.000   10101 1355360       0.000            AZ  
61085.000   10101 1355361    -983.500            AZ  
61085.000   10075 1352685    3073.200            IMBH
61085.000   10075 1320192   -8137.000            IMBH
61085.000   10075 1320193  -39144.400            IMBH
61085.000   10071 1353447    1080.800            BIRM
61085.000   10071 1353689    9871.200            BIRM
61085.000   10071 1407107 -396166.000            BIRM
61085.000   10071 1407111    -263.700            BIRM
61085.000   10071 1407112   -7481.300            BIRM
61085.000   10071 1415303   -3445.200            BIRM
61085.000   10071 1415304  -10145.300            BIRM
61085.000   10071 1415305  -18807.900            BIRM
61085.000   10092 1363159    4570.300            ICE 
61085.000   10092 1363522    3517.600            ICE 
61085.000   10057 1352117   14088.400            CH  
61085.000   10057 1355202    -601.300            CH  
61085.000   10057 1373644    -761.500            CH  
61085.000   10057 1405701   -1765.100            CH  
61085.000   10057 1405702   22792.900            CH  
61085.000   10057 1411117    -172.400            CH  
61085.000   10073 1353612  -11583.400            CNM 
61085.000   10073 1413211   -1013.700            CNM 
61085.000   10073 1413212   47009.500            CNM 
61085.000   10074 1411045    3855.800            DLR 
61085.000   10053 1350136     -83.300            DTAG
61085.000   10053 1355332   -1517.100            DTAG
61085.000   10053 1352635    2432.500            DTAG
61085.000   10025 1352025    4075.600            ESA 
61085.000   10025 1351615   -4489.800            ESA 
61085.000   10025 1352353   11317.200            ESA 
61085.000   10025 1352210   28245.400            ESA 
61085.000   10025 1402543  -30602.900            ESA 
61085.000   10025 1402541  -98254.500            ESA 
61085.000   10025 1411033   -1058.800            ESA 
61085.000   10089 1354233       0.000            HKO 
61085.000   10089 1355122    1252.500            HKO 
61085.000   10099 1354701       0.000            IFZG
61085.000   10093 1353401       0.000            NSAI
61085.000   10044 1361167    1300.100            IFAG
61085.000   10044 1361173     517.100            IFAG
61085.000   10044 1361629    9188.900            IFAG
61085.000   10044 1361732    6337.800            IFAG
61085.000   10044 1361798    1151.200            IFAG
61085.000   10044 1404439    4488.800            IFAG
61085.000   10044 1404418   15257.700            IFAG
61085.000   10048 1404878  918451.300            NIM 
61085.000   10048 1404871 1038230.800            NIM 
61085.000   10048 1404832 1034328.600            NIM 
61085.000   10048 1404879 1882889.500            NIM 
61085.000   10048 1404880 2163036.400            NIM 
61085.000   10048 1352742  111207.800            NIM 
61085.000   10048 1404849 1414571.900            NIM 
61085.000   10048 1404856   93604.400            NIM 
61085.000   10048 1404857   25266.000            NIM 
61085.000   10048 1404821    2780.400            NIM 
61085.000   10048 1404850     599.500            NIM 
61085.000   10048 1404870    5149.600            NIM 
61085.000   10015 1362377       0.000            INTI
61085.000   10015 1363270   12051.400            INTI
61085.000   10015 1363511    5960.500            INTI
61085.000   10070 1353546    8545.100            IPQ 
61085.000   10083 1353654    9714.200            NIS 
61085.000   10083 1354391   16493.700            NIS 
61085.000   10083 1353812  -27958.100            NIS 
61085.000   10083 1352182   -4012.700            NIS 
61085.000   10011 1350219   -1024.400            IT  
61085.000   10011 1352487    -376.600            IT  
61085.000   10011 1401101  234524.300            IT  
61085.000   10011 1401102  290592.700            IT  
61085.000   10011 1401103   33578.000            IT  
61085.000   10011 1401104   10822.700            IT  
61085.000   10011 1411079    -935.200            IT  
61085.000   10011 1411078    2956.700            IT  
61085.000   10011 1422012     858.600            IT  
61085.000   10035 1350832   16758.100            BSJ 
61085.000   10035 1350833    9222.000            BSJ 
61085.000   10087 1361277 -111654.500            JV  
61085.000   10087 1362617   69869.900            JV  
61085.000   10087 1415218  -42098.600            JV  
61085.000   10087 1411122   15153.200            JV  
61085.000   10056 1351783   39549.500            KRIS
61085.000   10056 1405624  159663.100            KRIS
61085.000   10056 1405625  461715.500            KRIS
61085.000   10056 1405626   14812.200            KRIS
61085.000   10027 1415201    -648.800            KZ  
61085.000   10027 1415205    1537.500            KZ  
61085.000   10027 1415266   -2399.000            KZ  
61085.000   10052 1351324  -11050.700            NPLI
61085.000   10052 1353376  -10588.500            NPLI
61085.000   10052 1353457    3330.300            NPLI
61085.000   10052 1353413   44496.800            NPLI
61085.000   10052 1353453    5118.200            NPLI
61085.000   10052 1415225  113123.200            NPLI
61085.000   10052 1415365   46982.700            NPLI
61085.000   10052 1415363    3256.800            NPLI
61085.000   10052 1415364   11273.800            NPLI
61085.000   10091 1352370   -8019.600            LRTE
61085.000   10082 1351868       0.000            LT  
61085.000   10082 1351362   -1669.200            LT  
61085.000   10094 1353471  -61139.800            LUX 
61085.000   10094 1353544  -57871.100            LUX 
61085.000   10041 1404113  326014.400            MIKE
61085.000   10041 1404108   29929.400            MIKE
61085.000   10041 1404189  185323.700            MIKE
61085.000   10041 1412084   27347.900            MIKE
61085.000   10088 1361806  -12488.200            CNMP
61085.000   10088 1361752   -6652.800            CNMP
61085.000   10088 1363162    8160.300            CNMP
61085.000   10088 1363179  -66431.100            CNMP
61085.000   10063 1360274    3132.000            MSL 
61085.000   10063 1363396   -4383.000            MSL 
61085.000   10063 1363872  112590.800            MSL 
61085.000   10081 1353476    4460.700            NIMT
61085.000   10081 1353472   46000.500            NIMT
61085.000   10081 1353470   45992.100            NIMT
61085.000   10013 1410102   -1682.600            NAO 
61085.000   10013 1350779    6346.900            NAO 
61085.000   10013 1351689    -123.900            NAO 
61085.000   10013 1351214     107.500            NAO 
61085.000   10020 1350343  128069.000            NICT
61085.000   10020 1350907   35666.900            NICT
61085.000   10020 1351226  -16642.500            NICT
61085.000   10020 1351778   75252.900            NICT
61085.000   10020 1351789   -8050.000            NICT
61085.000   10020 1351866    1414.000            NICT
61085.000   10020 1351944  109040.800            NICT
61085.000   10020 1352011  108091.900            NICT
61085.000   10020 1352056  109566.800            NICT
61085.000   10020 1352113  -45820.000            NICT
61085.000   10020 1352116  -27313.300            NICT
61085.000   10020 1352570   88085.100            NICT
61085.000   10020 1352620   60228.000            NICT
61085.000   10020 1352627  -23204.800            NICT
61085.000   10020 1352628  -24854.500            NICT
61085.000   10020 1352784   43362.400            NICT
61085.000   10020 1352876  123741.000            NICT
61085.000   10020 1352903   52759.300            NICT
61085.000   10020 1353594  -14868.900            NICT
61085.000   10020 1353716  -28409.200            NICT
61085.000   10020 1353717  -49932.200            NICT
61085.000   10020 1353718  -44239.900            NICT
61085.000   10020 1353720  -53659.000            NICT
61085.000   10020 1353722  -30634.700            NICT
61085.000   10020 1353909   27345.100            NICT
61085.000   10020 1353912  -37954.900            NICT
61085.000   10020 1353916  -71310.700            NICT
61085.000   10020 1353918   38809.900            NICT
61085.000   10020 1354230   68502.200            NICT
61085.000   10020 1355334   85980.900            NICT
61085.000   10020 1402003   15981.700            NICT
61085.000   10020 1402004   -9008.300            NICT
61085.000   10020 1402012   32868.100            NICT
61085.000   10020 1402013   40588.100            NICT
61085.000   10020 1402014   -2352.600            NICT
61085.000   10020 1402015   70787.800            NICT
61085.000   10020 1411041  -61724.300            NICT
61085.000   10020 1411062   33240.500            NICT
61085.000   10020 1412060   61679.900            NICT
61085.000   10002 1412108  549700.400            NIST
61085.000   10002 1412014 -542820.700            NIST
61085.000   10002 1400004 -197365.400            NIST
61085.000   10002 1400222  728263.400            NIST
61085.000   10002 1400209 -449678.900            NIST
61085.000   10002 1400212  483815.500            NIST
61085.000   10002 1400207  653046.200            NIST
61085.000   10002 1412015  612127.700            NIST
61085.000   10002 1400210  187848.900            NIST
61085.000   10002 1400205  979881.500            NIST
61085.000   10002 1352792 -548255.900            NIST
61085.000   10002 1412099  270595.300            NIST
61085.000   10002 1412006   92192.600            NIST
61085.000   10002 1352935 -654087.500            NIST
61085.000   10002 1352579  978982.600            NIST
61085.000   10002 1402205 -248822.900            NIST
61085.000   10050 1320293  123380.500            NMIJ
61085.000   10017 1412011   47809.800            NPL 
61085.000   10017 1412050   45797.800            NPL 
61085.000   10003 1352150    8124.100            NRC 
61085.000   10003 1362225   17136.800            NRC 
61085.000   10003 1352115   19202.800            NRC 
61085.000   10003 1352148    3232.900            NRC 
61085.000   10003 1400306   91944.000            NRC 
61085.000   10003 1400307   10921.700            NRC 
61085.000   10049 1415324   -1646.500            NTSC
61085.000   10049 1415316   -5468.400            NTSC
61085.000   10049 1415085  -22561.500            NTSC
61085.000   10049 1415082   48822.700            NTSC
61085.000   10049 1414922    5446.100            NTSC
61085.000   10049 1404967    5187.600            NTSC
61085.000   10049 1354937   14431.900            NTSC
61085.000   10049 1352142   15221.600            NTSC
61085.000   10016 1354619       0.000            INXE
61085.000   10008 1352027   33034.600            OP  
61085.000   10008 1400889    4650.600            OP  
61085.000   10008 1353765   78574.700            OP  
61085.000   10008 1400810   20354.900            OP  
61085.000   10008 1400809   34947.000            OP  
61085.000   10008 1400890   29175.700            OP  
61085.000   10026 1352722   -1989.700            ORB 
61085.000   10026 1352724    9518.800            ORB 
61085.000   10026 1411030   75375.800            ORB 
61085.000   10026 1402602  346316.700            ORB 
61085.000   10026 1352723    1409.200            ORB 
61085.000   10040 1350441    -775.300            PL  
61085.000   10040 1415318  -12274.600            PL  
61085.000   10040 1415321   25191.700            PL  
61085.000   10040 1354603     135.100            PL  
61085.000   10040 1354597     244.900            PL  
61085.000   10005 1920001   41570.000            PTB 
61085.000   10005 1920002   37535.400            PTB 
61085.000   10005 1355322    8781.900            PTB 
61085.000   10005 1400510    8827.100            PTB 
61085.000   10005 1400506   32226.600            PTB 
61085.000   10005 1400508   32836.700            PTB 
61085.000   10005 1400509    9830.900            PTB 
61085.000   10005 1415245   -5421.300            PTB 
61085.000   10005 1400512    6681.200            PTB 
61085.000   10005 1415221    3550.100            PTB 
61085.000   10019 1351942   68690.000            ONRJ
61085.000   10019 1320337   50813.600            ONRJ
61085.000   10019 1354204   70578.100            ONRJ
61085.000   10019 1350147   59425.000            ONRJ
61085.000   10019 1350102   19335.100            ONRJ
61085.000   10019 1353364   38682.300            ONRJ
61085.000   10019 1351153  -11581.100            ONRJ
61085.000   10019 1401958  124230.400            ONRJ
61085.000   10014 1350583   -4674.300            ROA 
61085.000   10014 1350718   -2846.300            ROA 
61085.000   10014 1361490   87066.800            ROA 
61085.000   10014 1361488   85134.100            ROA 
61085.000   10014 1351699   54957.300            ROA 
61085.000   10014 1401436 1935311.300            ROA 
61085.000   10014 1412032 1287850.400            ROA 
61085.000   10014 1352270    7839.100            ROA 
61085.000   10062 1352932       0.000            SASO
61085.000   10062 1352931       4.100            SASO
61085.000   10062 1351628     740.800            SASO
61085.000   10062 1350221    -509.300            SASO
61085.000   10067 1352525   -8128.600            SCL 
61085.000   10067 1352178  -19642.200            SCL 
61085.000   10067 1415314     954.600            SCL 
61085.000   10067 1353448      62.300            SCL 
61085.000   10079 1352003   33786.700            SMD 
61085.000   10079 1352543  -25854.400            SMD 
61085.000   10079 1411049   -1959.100            SMD 
61085.000   10072 1352745  -21425.700            SP  
61085.000   10072 1352749   21532.800            SP  
61085.000   10072 1352758   -2398.300            SP  
61085.000   10072 1354707    6582.300            SP  
61085.000   10072 1362295    2635.600            SP  
61085.000   10072 1365149   54394.900            SP  
61085.000   10072 1407201      89.600            SP  
61085.000   10072 1407223  153624.600            SP  
61085.000   10072 1407231  243819.300            SP  
61085.000   10072 1407232  393553.700            SP  
61085.000   10072 1415319   41341.400            SP  
61085.000   10038 1403809 -409348.500            SU  
61085.000   10038 1403811 -282068.700            SU  
61085.000   10038 1403812  -26895.700            SU  
61085.000   10038 1403844 -561893.500            SU  
61085.000   10038 1403802    -465.500            SU  
61085.000   10038 1403853    3970.200            SU  
61085.000   10038 1403833 -397202.300            SU  
61085.000   10038 1403846   46660.400            SU  
61085.000   10038 1403814 -653948.800            SU  
61085.000   10038 1403815 -333129.700            SU  
61085.000   10038 1403834   10128.900            SU  
61085.000   10038 1403841  -39443.900            SU  
61085.000   10038 1403845 -453640.600            SU  
61085.000   10030 1403011  148133.200            TL  
61085.000   10030 1413202  223310.600            TL  
61085.000   10030 1353942  -36356.700            TL  
61085.000   10030 1353947   54750.000            TL  
61085.000   10030 1354060  -14009.000            TL  
61085.000   10022 1320211 1999819.700            TP  
61085.000   10022 1320247  999079.000            TP  
61085.000   10022 1351227       0.000            TP  
61085.000   10022 1352179     -22.600            TP  
61085.000   10022 1352476     525.100            TP  
61085.000   10022 1353519     -91.200            TP  
61085.000   10068 1411028       0.000            UME 
61085.000   10068 1352703    2427.100            UME 
61085.000   10068 1350251    3341.800            UME 
61085.000   10068 1350872   -8017.200            UME 
61085.000   10068 1352710    2737.000            UME 
61085.000   10007 1400711 3283808.200            USNO
61085.000   10007 1400712  271815.700            USNO
61085.000   10007 1400719  456234.700            USNO
61085.000   10007 1400702  -65594.000            USNO
61085.000   10007 1400708  663912.400            USNO
61085.000   10007 1400704  113422.400            USNO
61085.000   10007 1400718 1935767.800            USNO
61085.000   10007 1400710 -782122.100            USNO
61085.000   10007 1400726 1278931.400            USNO
61085.000   10007 1400715  418090.900            USNO
61085.000   10007 1350161   81046.100            USNO
61085.000   10007 1400727 -723981.700            USNO
61085.000   10007 1400729 2215989.300            USNO
61085.000   10007 1400725 -219380.800            USNO
61085.000   10007 1400724 -814701.900            USNO
61085.000   10007 1400723 -606097.800            USNO
61085.000   10007 1400722 2700780.700            USNO
61085.000   10007 1400721  427995.200            USNO
61085.000   10007 1400720 1252492.300            USNO
61085.000   10007 1400730 2131651.800            USNO
61085.000   10007 1400731 -402168.900            USNO
61085.000   10007 1400732  747555.600            USNO
61085.000   10007 1400736 1215779.300            USNO
61085.000   10007 1400737 2449237.600            USNO
61085.000   10007 1400740 1096875.200            USNO
61085.000   10007 1400713  452004.500            USNO
61085.000   10007 1400714   94026.900            USNO
61085.000   10007 1400716  680053.000            USNO
61085.000   10007 1400738  101305.500            USNO
61085.000   10064 1355005       0.000            UZ  
61085.000   10064 1354998 4770011.200            UZ  
61085.000   10028 1353669   19840.700            VMI 
61085.000   10028 1361233   12501.200            VMI 
61085.000   10028 1353670  -23914.900            VMI 
61085.000   10024 1411040   -2627.300            VSL 
61085.000   10024 1354466    9636.500            VSL 
61085.000   10024 1355008    6842.300            VSL 
61085.000   10024 1355697     676.500            VSL 
61085.000   10055 1352191     -97.200            DMDM
61085.000   10055 1362033  -53886.300            DMDM
