61159.000   10021 1352938       0.000            UAE 
61159.000   10021 1352940   -3478.500            UAE 
61159.000   10046 1404601   26695.800            AOS 
61159.000   10046 1352394   -1120.900            AOS 
61159.000   10031 1353842    2413.700            APL 
61159.000   10031 1403107  265816.500            APL 
61159.000   10031 1403108  508126.500            APL 
61159.000   10031 1403109  135281.700            APL 
61159.000   10031 1412174   30648.600            APL 
61159.000   10054 1362269     122.000            AUS 
61159.000   10054 1360340   12916.000            AUS 
61159.000   10054 1360654  -44883.000            AUS 
61159.000   10054 1363814    4627.000            AUS 
61159.000   10054 1364971    7626.000            AUS 
61159.000   10054 1360299   28667.000            AUS 
61159.000   10101 1355360       0.000            AZ  
61159.000   10101 1355361   -1304.300            AZ  
61159.000   10075 1352685    3345.800            IMBH
61159.000   10075 1320192   -8767.300            IMBH
61159.000   10075 1320193  -42024.300            IMBH
61159.000   10071 1353447     792.300            BIRM
61159.000   10071 1353689    9943.900            BIRM
61159.000   10071 1407107 -423324.700            BIRM
61159.000   10071 1407112  -10406.000            BIRM
61159.000   10071 1415303   -4922.600            BIRM
61159.000   10071 1415304  -11811.800            BIRM
61159.000   10071 1415305  -20797.700            BIRM
61159.000   10092 1363159    4060.700            ICE 
61159.000   10092 1363522    3665.400            ICE 
61159.000   10057 1355202    -760.300            CH  
61159.000   10057 1373644   -1013.600            CH  
61159.000   10057 1405701   -2114.900            CH  
61159.000   10057 1405702   21433.100            CH  
61159.000   10057 1411117     -62.200            CH  
61159.000   10073 1353612  -14073.800            CNM 
61159.000   10073 1413211   -1035.800            CNM 
61159.000   10073 1413212   62129.400            CNM 
61159.000   10074 1411045    4934.800            DLR 
61159.000   10053 1350136     -83.300            DTAG
61159.000   10053 1355332   -1517.200            DTAG
61159.000   10053 1352635    2609.500            DTAG
61159.000   10025 1352025    4333.800            ESA 
61159.000   10025 1351615   -4707.200            ESA 
61159.000   10025 1352353   11818.200            ESA 
61159.000   10025 1352210   29786.300            ESA 
61159.000   10025 1402543  -39270.400            ESA 
61159.000   10025 1402541 -114210.100            ESA 
61159.000   10025 1411033   -2159.300            ESA 
61159.000   10089 1354233       0.000            HKO 
61159.000   10089 1355122    1303.100            HKO 
61159.000   10099 1354701       0.000            IFZG
61159.000   10093 1353401       0.000            NSAI
61159.000   10044 1361167     958.000            IFAG
61159.000   10044 1361173     256.600            IFAG
61159.000   10044 1361629   10566.500            IFAG
61159.000   10044 1361732    7268.800            IFAG
61159.000   10044 1361798     632.100            IFAG
61159.000   10044 1404439    4442.500            IFAG
61159.000   10044 1404418   15294.200            IFAG
61159.000   10048 1404878  953821.200            NIM 
61159.000   10048 1404871 1080694.800            NIM 
61159.000   10048 1404832 1090311.400            NIM 
61159.000   10048 1404879 1924516.800            NIM 
61159.000   10048 1404880 2206737.300            NIM 
61159.000   10048 1352742  113377.700            NIM 
61159.000   10048 1404849 1415044.100            NIM 
61159.000   10048 1404856   94149.600            NIM 
61159.000   10048 1404857   24940.900            NIM 
61159.000   10048 1404821    3022.400            NIM 
61159.000   10048 1404850     698.300            NIM 
61159.000   10048 1404870    5693.100            NIM 
61159.000   10015 1362377       0.000            INTI
61159.000   10015 1363270   12620.500            INTI
61159.000   10015 1363511    6219.300            INTI
61159.000   10070 1353546    8466.100            IPQ 
61159.000   10083 1353654   10033.800            NIS 
61159.000   10083 1354391   17921.900            NIS 
61159.000   10083 1353812  -29627.900            NIS 
61159.000   10083 1352182   -4338.700            NIS 
61159.000   10011 1350219   -1112.700            IT  
61159.000   10011 1352487    -596.400            IT  
61159.000   10011 1401101  272801.400            IT  
61159.000   10011 1401102  298083.000            IT  
61159.000   10011 1401103   36459.200            IT  
61159.000   10011 1401104    6743.100            IT  
61159.000   10011 1411079   -1525.000            IT  
61159.000   10011 1411078    4195.000            IT  
61159.000   10035 1350832   17987.000            BSJ 
61159.000   10035 1350833    9902.500            BSJ 
61159.000   10087 1361277 -112352.900            JV  
61159.000   10087 1362617   70998.900            JV  
61159.000   10087 1415218  -42158.200            JV  
61159.000   10087 1411122   17300.900            JV  
61159.000   10056 1351783   41180.500            KRIS
61159.000   10056 1405624  170350.600            KRIS
61159.000   10056 1405625  493193.800            KRIS
61159.000   10056 1405626   16144.900            KRIS
61159.000   10027 1415201    -702.400            KZ  
61159.000   10027 1415205    1898.700            KZ  
61159.000   10027 1415266   -2901.000            KZ  
61159.000   10052 1351324  -11215.000            NPLI
61159.000   10052 1353376  -10825.400            NPLI
61159.000   10052 1353457    3466.700            NPLI
61159.000   10052 1353413   45379.800            NPLI
61159.000   10052 1353453    5304.800            NPLI
61159.000   10052 1415225  119914.100            NPLI
61159.000   10052 1415365   49434.500            NPLI
61159.000   10052 1415363    4009.300            NPLI
61159.000   10052 1415364   12133.300            NPLI
61159.000   10091 1352370  -10761.400            LRTE
61159.000   10082 1351868       0.000            LT  
61159.000   10082 1351362   -1687.800            LT  
61159.000   10094 1353471  -61896.800            LUX 
61159.000   10094 1353544  -57543.200            LUX 
61159.000   10085 1353507       0.000            NIMB
61159.000   10041 1404113  333317.400            MIKE
61159.000   10041 1404108   32915.900            MIKE
61159.000   10041 1404189  182000.900            MIKE
61159.000   10041 1412084   26414.900            MIKE
61159.000   10088 1361806  -12755.600            CNMP
61159.000   10088 1361752   -6740.400            CNMP
61159.000   10088 1363162    8696.100            CNMP
61159.000   10088 1363179  -67636.100            CNMP
61159.000   10063 1360274    3327.300            MSL 
61159.000   10063 1363396   -4261.000            MSL 
61159.000   10063 1363872  116226.200            MSL 
61159.000   10081 1353476    3546.500            NIMT
61159.000   10081 1353472   46838.500            NIMT
61159.000   10081 1353470   47225.900            NIMT
61159.000   10013 1410102    2059.000            NAO 
61159.000   10013 1350779     495.600            NAO 
61159.000   10013 1351689     390.500            NAO 
61159.000   10013 1351214     107.400            NAO 
61159.000   10020 1350343  129989.000            NICT
61159.000   10020 1350907   34495.200            NICT
61159.000   10020 1351226  -16848.900            NICT
61159.000   10020 1351778   76218.400            NICT
61159.000   10020 1351789   -8502.300            NICT
61159.000   10020 1351866    1375.300            NICT
61159.000   10020 1351944  109950.700            NICT
61159.000   10020 1352011  107848.100            NICT
61159.000   10020 1352056  110498.700            NICT
61159.000   10020 1352113  -46125.700            NICT
61159.000   10020 1352116  -27038.500            NICT
61159.000   10020 1352570   88693.900            NICT
61159.000   10020 1352620   61373.200            NICT
61159.000   10020 1352627  -24340.200            NICT
61159.000   10020 1352628  -25707.900            NICT
61159.000   10020 1352784   42547.800            NICT
61159.000   10020 1352876  123455.900            NICT
61159.000   10020 1352903   53141.800            NICT
61159.000   10020 1353594  -14412.500            NICT
61159.000   10020 1353716  -29209.100            NICT
61159.000   10020 1353717  -51542.400            NICT
61159.000   10020 1353718  -46182.200            NICT
61159.000   10020 1353720  -54772.700            NICT
61159.000   10020 1353722  -31254.300            NICT
61159.000   10020 1353909   27857.400            NICT
61159.000   10020 1353912  -39506.700            NICT
61159.000   10020 1353916  -73844.900            NICT
61159.000   10020 1353918   40059.600            NICT
61159.000   10020 1354230   68998.100            NICT
61159.000   10020 1402003   16842.600            NICT
61159.000   10020 1402004  -10726.800            NICT
61159.000   10020 1402012   29288.700            NICT
61159.000   10020 1402013   49479.600            NICT
61159.000   10020 1402014   -1930.900            NICT
61159.000   10020 1402015   79756.600            NICT
61159.000   10020 1411041  -71311.100            NICT
61159.000   10020 1411062   31755.000            NICT
61159.000   10020 1412060   67565.300            NICT
61159.000   10002 1412108  604506.900            NIST
61159.000   10002 1412014 -532003.500            NIST
61159.000   10002 1400004 -191422.700            NIST
61159.000   10002 1400222  732648.900            NIST
61159.000   10002 1400209 -444450.100            NIST
61159.000   10002 1400212  573756.800            NIST
61159.000   10002 1400207  704650.700            NIST
61159.000   10002 1412015  646220.700            NIST
61159.000   10002 1400210  255400.400            NIST
61159.000   10002 1400205  978522.200            NIST
61159.000   10002 1412099  356946.100            NIST
61159.000   10002 1412006  166994.900            NIST
61159.000   10002 1442021 -562600.600            NIST
61159.000   10002 1352935 -655871.100            NIST
61159.000   10002 1352579  980319.500            NIST
61159.000   10002 1402205 -208823.800            NIST
61159.000   10050 1320293  140582.700            NMIJ
61159.000   10017 1412011   48721.400            NPL 
61159.000   10017 1412050   47561.100            NPL 
61159.000   10003 1352150    8295.400            NRC 
61159.000   10003 1362225   17052.300            NRC 
61159.000   10003 1352115   19704.500            NRC 
61159.000   10003 1352148    3170.300            NRC 
61159.000   10003 1400306   92470.500            NRC 
61159.000   10003 1400307   11822.800            NRC 
61159.000   10049 1415324   -1631.100            NTSC
61159.000   10049 1415322    2837.700            NTSC
61159.000   10049 1415316   -6002.600            NTSC
61159.000   10049 1415082   53348.100            NTSC
61159.000   10049 1414922    6590.500            NTSC
61159.000   10049 1404967    6167.900            NTSC
61159.000   10049 1354937   14373.400            NTSC
61159.000   10049 1352142   15163.600            NTSC
61159.000   10016 1354619       0.000            INXE
61159.000   10008 1352027   34188.700            OP  
61159.000   10008 1400889    6387.100            OP  
61159.000   10008 1353765   80427.900            OP  
61159.000   10008 1400810   22017.900            OP  
61159.000   10008 1400809   37320.800            OP  
61159.000   10008 1400890   31108.700            OP  
61159.000   10026 1352722   -2180.300            ORB 
61159.000   10026 1352724   10262.900            ORB 
61159.000   10026 1411030   81254.200            ORB 
61159.000   10026 1402602  383451.600            ORB 
61159.000   10026 1352723    1748.500            ORB 
61159.000   10040 1350441    -802.000            PL  
61159.000   10040 1415318  -67201.500            PL  
61159.000   10040 1415321   27327.900            PL  
61159.000   10040 1354603     202.900            PL  
61159.000   10040 1354597     279.800            PL  
61159.000   10005 1920001   41656.000            PTB 
61159.000   10005 1920002   37641.600            PTB 
61159.000   10005 1355322    9007.400            PTB 
61159.000   10005 1400510    9525.200            PTB 
61159.000   10005 1400506   33351.300            PTB 
61159.000   10005 1400508   33927.200            PTB 
61159.000   10005 1400509   10198.300            PTB 
61159.000   10005 1415245   -6454.600            PTB 
61159.000   10005 1400512    7415.400            PTB 
61159.000   10005 1415221    3610.500            PTB 
61159.000   10019 1351942   70130.100            ONRJ
61159.000   10019 1320337   51463.500            ONRJ
61159.000   10019 1354204   74058.300            ONRJ
61159.000   10019 1350147   59882.100            ONRJ
61159.000   10019 1350102   20153.000            ONRJ
61159.000   10019 1353364   39376.500            ONRJ
61159.000   10019 1351153  -12413.600            ONRJ
61159.000   10019 1401958  134125.800            ONRJ
61159.000   10014 1350583   -5060.700            ROA 
61159.000   10014 1350718   -2353.200            ROA 
61159.000   10014 1361490   87621.600            ROA 
61159.000   10014 1361488   85989.000            ROA 
61159.000   10014 1351699   55412.800            ROA 
61159.000   10014 1401436 1981166.400            ROA 
61159.000   10014 1412032 1335683.500            ROA 
61159.000   10014 1352270    7965.700            ROA 
61159.000   10062 1352932       0.000            SASO
61159.000   10062 1352931     878.400            SASO
61159.000   10062 1351628    1203.700            SASO
61159.000   10062 1350221    -956.600            SASO
61159.000   10067 1352525   -8775.300            SCL 
61159.000   10067 1352178  -20915.800            SCL 
61159.000   10067 1415314    1820.600            SCL 
61159.000   10067 1353448    1817.400            SCL 
61159.000   10079 1352003   34304.500            SMD 
61159.000   10079 1352543  -26929.000            SMD 
61159.000   10079 1411049   -1917.700            SMD 
61159.000   10072 1352745  -22615.700            SP  
61159.000   10072 1352749   23231.100            SP  
61159.000   10072 1352758   -2480.100            SP  
61159.000   10072 1354707    6546.300            SP  
61159.000   10072 1362295    4860.800            SP  
61159.000   10072 1365149   60902.800            SP  
61159.000   10072 1407201    2592.100            SP  
61159.000   10072 1407223  158251.000            SP  
61159.000   10072 1407231  262186.200            SP  
61159.000   10072 1407232  419076.500            SP  
61159.000   10072 1415319   43368.600            SP  
61159.000   10038 1403809 -410582.400            SU  
61159.000   10038 1403811 -282008.400            SU  
61159.000   10038 1403812  -24482.200            SU  
61159.000   10038 1403844 -560298.000            SU  
61159.000   10038 1403853    4929.700            SU  
61159.000   10038 1403833 -395375.700            SU  
61159.000   10038 1403846   48689.600            SU  
61159.000   10038 1403814 -644944.000            SU  
61159.000   10038 1403815 -331016.900            SU  
61159.000   10038 1403834   11501.200            SU  
61159.000   10038 1403841  -36114.300            SU  
61159.000   10038 1403840   10769.500            SU  
61159.000   10038 1403845 -454170.200            SU  
61159.000   10030 1403011  188607.100            TL  
61159.000   10030 1413202  249975.800            TL  
61159.000   10030 1353942  -38043.100            TL  
61159.000   10030 1353947   56798.400            TL  
61159.000   10030 1354060  -14584.700            TL  
61159.000   10022 1320211 1999903.400            TP  
61159.000   10022 1320247  998932.300            TP  
61159.000   10022 1351227       0.000            TP  
61159.000   10022 1352179     117.400            TP  
61159.000   10022 1352476     602.500            TP  
61159.000   10022 1353519     -57.000            TP  
61159.000   10022 1411076     836.600            TP  
61159.000   10068 1411028       0.000            UME 
61159.000   10068 1352703      54.700            UME 
61159.000   10068 1350251      94.200            UME 
61159.000   10068 1350872    -249.900            UME 
61159.000   10068 1352710     268.200            UME 
61159.000   10007 1400711 3325339.000            USNO
61159.000   10007 1400712  276587.600            USNO
61159.000   10007 1400719  472051.400            USNO
61159.000   10007 1400702  -65399.900            USNO
61159.000   10007 1400708  673641.500            USNO
61159.000   10007 1400704  117110.000            USNO
61159.000   10007 1400718 1964357.700            USNO
61159.000   10007 1400710 -817483.900            USNO
61159.000   10007 1400726 1314779.200            USNO
61159.000   10007 1400715  431330.600            USNO
61159.000   10007 1350161   80906.800            USNO
61159.000   10007 1400727 -748968.800            USNO
61159.000   10007 1400729 2270564.600            USNO
61159.000   10007 1400725 -220380.000            USNO
61159.000   10007 1400724 -822752.000            USNO
61159.000   10007 1400723 -604927.000            USNO
61159.000   10007 1400722 2685448.200            USNO
61159.000   10007 1400721  487687.300            USNO
61159.000   10007 1400720 1259382.800            USNO
61159.000   10007 1400730 2176294.400            USNO
61159.000   10007 1400731 -414898.700            USNO
61159.000   10007 1400732  775450.800            USNO
61159.000   10007 1400736 1219636.400            USNO
61159.000   10007 1400737 2469768.100            USNO
61159.000   10007 1400740 1142665.500            USNO
61159.000   10007 1400713  462811.700            USNO
61159.000   10007 1400714   98689.600            USNO
61159.000   10007 1400716  698153.200            USNO
61159.000   10007 1400738  114062.200            USNO
61159.000   10064 1355005       0.000            UZ  
61159.000   10064 1354998 5033556.000            UZ  
61159.000   10028 1353669   19614.900            VMI 
61159.000   10028 1361233   12180.300            VMI 
61159.000   10028 1353670  -26222.700            VMI 
61159.000   10024 1411040   -3038.200            VSL 
61159.000   10024 1354466   10146.800            VSL 
61159.000   10024 1355008    7421.000            VSL 
61159.000   10024 1355697    1395.300            VSL 
61159.000   10055 1352191     -81.100            DMDM
61159.000   10055 1362033  -58112.900            DMDM
