61182.000   10021 1352938       0.000            UAE 
61182.000   10021 1352940   -4127.300            UAE 
61182.000   10046 1404601   27250.100            AOS 
61182.000   10046 1352394   -1236.600            AOS 
61182.000   10031 1353842    2412.800            APL 
61182.000   10031 1403107  268171.300            APL 
61182.000   10031 1403108  526025.000            APL 
61182.000   10031 1403109  135874.200            APL 
61182.000   10031 1412174   33331.500            APL 
61182.000   10054 1362269     137.000            AUS 
61182.000   10054 1360340   13057.000            AUS 
61182.000   10054 1360654  -45492.000            AUS 
61182.000   10054 1363814    4707.000            AUS 
61182.000   10054 1364971    7761.000            AUS 
61182.000   10054 1360299   28950.000            AUS 
61182.000   10101 1355360       0.000            AZ  
61182.000   10101 1355361   -1397.800            AZ  
61182.000   10075 1352685    3424.800            IMBH
61182.000   10075 1320192   -8857.100            IMBH
61182.000   10075 1320193  -42901.900            IMBH
61182.000   10071 1353447     703.200            BIRM
61182.000   10071 1353689    9947.100            BIRM
61182.000   10071 1407103    -382.600            BIRM
61182.000   10071 1407107 -431834.900            BIRM
61182.000   10071 1407111   -1214.300            BIRM
61182.000   10071 1407112  -11340.600            BIRM
61182.000   10071 1415303   -5410.600            BIRM
61182.000   10071 1415304  -12355.000            BIRM
61182.000   10071 1415305  -21436.400            BIRM
61182.000   10092 1363159    3902.300            ICE 
61182.000   10092 1363522    3716.500            ICE 
61182.000   10057 1355202    -802.000            CH  
61182.000   10057 1373644   -1102.100            CH  
61182.000   10057 1405701   -2224.700            CH  
61182.000   10057 1405702   20950.800            CH  
61182.000   10057 1411117     -85.600            CH  
61182.000   10073 1353612  -14786.300            CNM 
61182.000   10073 1413211   -1015.500            CNM 
61182.000   10073 1413212   67050.900            CNM 
61182.000   10074 1411045    5265.400            DLR 
61182.000   10053 1350136     -83.300            DTAG
61182.000   10053 1355332   -1438.700            DTAG
61182.000   10053 1352635    2542.500            DTAG
61182.000   10025 1352025    4398.900            ESA 
61182.000   10025 1351615   -4776.300            ESA 
61182.000   10025 1352353   11960.200            ESA 
61182.000   10025 1352210   30249.200            ESA 
61182.000   10025 1402543  -42130.800            ESA 
61182.000   10025 1402541 -119536.000            ESA 
61182.000   10025 1411033   -2524.800            ESA 
61182.000   10089 1354233       0.000            HKO 
61182.000   10089 1355122    1343.700            HKO 
61182.000   10099 1354701       0.000            IFZG
61182.000   10093 1353401       0.000            NSAI
61182.000   10044 1361167     780.900            IFAG
61182.000   10044 1361173     132.600            IFAG
61182.000   10044 1361629   10888.800            IFAG
61182.000   10044 1361732    7558.200            IFAG
61182.000   10044 1361798     358.500            IFAG
61182.000   10044 1404439    4283.100            IFAG
61182.000   10044 1404418   15181.500            IFAG
61182.000   10048 1404878  964874.000            NIM 
61182.000   10048 1404871 1093941.700            NIM 
61182.000   10048 1404832 1107904.800            NIM 
61182.000   10048 1404879 1937522.600            NIM 
61182.000   10048 1404880 2220400.200            NIM 
61182.000   10048 1352742  114038.300            NIM 
61182.000   10048 1404849 1415196.300            NIM 
61182.000   10048 1404856   94320.700            NIM 
61182.000   10048 1404857   24840.600            NIM 
61182.000   10048 1404821    3103.900            NIM 
61182.000   10048 1404850     734.600            NIM 
61182.000   10048 1404870    5869.200            NIM 
61182.000   10015 1362377       0.000            INTI
61182.000   10015 1363270   12758.000            INTI
61182.000   10015 1363511    6297.100            INTI
61182.000   10070 1353546    8342.600            IPQ 
61182.000   10083 1353654   10133.000            NIS 
61182.000   10083 1354391   18377.000            NIS 
61182.000   10083 1353812  -30174.700            NIS 
61182.000   10083 1352182   -4430.000            NIS 
61182.000   10011 1350219   -1134.800            IT  
61182.000   10011 1352487    -668.100            IT  
61182.000   10011 1401101  284827.600            IT  
61182.000   10011 1401102  300355.200            IT  
61182.000   10011 1401103   37378.200            IT  
61182.000   10011 1401104    5437.900            IT  
61182.000   10011 1411079   -1718.100            IT  
61182.000   10011 1411078    4608.500            IT  
61182.000   10035 1350832   18353.600            BSJ 
61182.000   10035 1350833   10180.200            BSJ 
61182.000   10087 1361277 -112583.100            JV  
61182.000   10087 1362617   71378.000            JV  
61182.000   10087 1415218  -42176.700            JV  
61182.000   10087 1411122   17996.500            JV  
61182.000   10056 1351783   41688.000            KRIS
61182.000   10056 1405624  173707.800            KRIS
61182.000   10056 1405625  503104.700            KRIS
61182.000   10056 1405626   16560.600            KRIS
61182.000   10052 1351324  -11243.400            NPLI
61182.000   10052 1353376  -10893.100            NPLI
61182.000   10052 1353457    3510.200            NPLI
61182.000   10052 1353413   45649.500            NPLI
61182.000   10052 1353453    5354.100            NPLI
61182.000   10052 1415225  122099.400            NPLI
61182.000   10052 1415365   50202.400            NPLI
61182.000   10052 1415363    4247.600            NPLI
61182.000   10052 1415364   12406.000            NPLI
61182.000   10091 1352370  -11552.000            LRTE
61182.000   10082 1351868       0.000            LT  
61182.000   10082 1351362   -1694.300            LT  
61182.000   10094 1353471  -62127.100            LUX 
61182.000   10094 1353544  -57446.000            LUX 
61182.000   10085 1353507       0.000            NIMB
61182.000   10041 1404113  335589.200            MIKE
61182.000   10041 1404108   33941.500            MIKE
61182.000   10041 1404189  181194.800            MIKE
61182.000   10041 1412084   26132.200            MIKE
61182.000   10088 1361806  -12827.500            CNMP
61182.000   10088 1361752   -6819.700            CNMP
61182.000   10088 1363162    8859.000            CNMP
61182.000   10088 1363179  -68040.900            CNMP
61182.000   10063 1360274    3361.500            MSL 
61182.000   10063 1363396   -4296.100            MSL 
61182.000   10063 1363872  117335.300            MSL 
61182.000   10081 1353476    3303.800            NIMT
61182.000   10081 1353472   47106.900            NIMT
61182.000   10081 1353470   47645.900            NIMT
61182.000   10013 1410102    2331.200            NAO 
61182.000   10013 1350779     463.300            NAO 
61182.000   10013 1351689     353.000            NAO 
61182.000   10013 1351214     107.400            NAO 
61182.000   10020 1350343  130609.900            NICT
61182.000   10020 1350907   34150.800            NICT
61182.000   10020 1351778   76536.100            NICT
61182.000   10020 1351789   -8658.900            NICT
61182.000   10020 1351866    1370.500            NICT
61182.000   10020 1351944  110221.700            NICT
61182.000   10020 1352011  107773.400            NICT
61182.000   10020 1352056  110790.400            NICT
61182.000   10020 1352113  -46217.300            NICT
61182.000   10020 1352116  -26934.300            NICT
61182.000   10020 1352570   88876.000            NICT
61182.000   10020 1352620   61728.300            NICT
61182.000   10020 1352627  -24710.000            NICT
61182.000   10020 1352628  -26003.600            NICT
61182.000   10020 1352784   42297.400            NICT
61182.000   10020 1352876  123355.400            NICT
61182.000   10020 1352903   53251.500            NICT
61182.000   10020 1353259  -14347.600            NICT
61182.000   10020 1353594  -14290.500            NICT
61182.000   10020 1353716  -29456.100            NICT
61182.000   10020 1353717  -52069.600            NICT
61182.000   10020 1353718  -46795.800            NICT
61182.000   10020 1353720  -55115.100            NICT
61182.000   10020 1353722  -31466.900            NICT
61182.000   10020 1353909   28036.200            NICT
61182.000   10020 1353912  -39990.400            NICT
61182.000   10020 1353916  -74637.000            NICT
61182.000   10020 1353918   40442.200            NICT
61182.000   10020 1354230   69100.600            NICT
61182.000   10020 1402003   17117.900            NICT
61182.000   10020 1402004  -11262.500            NICT
61182.000   10020 1402012   28229.100            NICT
61182.000   10020 1402013   52367.400            NICT
61182.000   10020 1402014   -1753.900            NICT
61182.000   10020 1402015   82630.300            NICT
61182.000   10020 1411041  -74345.900            NICT
61182.000   10020 1411062   31291.200            NICT
61182.000   10020 1412060   69459.700            NICT
61182.000   10002 1412108  621720.400            NIST
61182.000   10002 1412014 -528580.700            NIST
61182.000   10002 1400004 -189563.000            NIST
61182.000   10002 1400222  734013.400            NIST
61182.000   10002 1400209 -442718.500            NIST
61182.000   10002 1400212  601993.300            NIST
61182.000   10002 1400207  720757.800            NIST
61182.000   10002 1412015  656883.500            NIST
61182.000   10002 1400210  276544.200            NIST
61182.000   10002 1400205  978102.800            NIST
61182.000   10002 1412099  383994.200            NIST
61182.000   10002 1412006  190431.700            NIST
61182.000   10002 1442021 -561277.700            NIST
61182.000   10002 1352935 -656405.100            NIST
61182.000   10002 1352579  980755.700            NIST
61182.000   10002 1402205 -196306.100            NIST
61182.000   10050 1320293  145901.600            NMIJ
61182.000   10017 1412011   49012.100            NPL 
61182.000   10017 1412050   48368.500            NPL 
61182.000   10003 1352150    8344.800            NRC 
61182.000   10003 1362225   17003.400            NRC 
61182.000   10003 1352115   19865.000            NRC 
61182.000   10003 1352148    3153.300            NRC 
61182.000   10003 1400306   92605.800            NRC 
61182.000   10003 1400307   12112.400            NRC 
61182.000   10049 1415324   -1601.300            NTSC
61182.000   10049 1415322    3031.700            NTSC
61182.000   10049 1415316   -6169.600            NTSC
61182.000   10049 1415082   54781.900            NTSC
61182.000   10049 1414922    6965.700            NTSC
61182.000   10049 1404967    6489.400            NTSC
61182.000   10049 1354937   14334.500            NTSC
61182.000   10049 1352142   15142.200            NTSC
61182.000   10016 1354619       0.000            INXE
61182.000   10008 1352027   34573.400            OP  
61182.000   10008 1400889    6931.900            OP  
61182.000   10008 1353765   80980.900            OP  
61182.000   10008 1400810   22546.300            OP  
61182.000   10008 1400809   38075.700            OP  
61182.000   10008 1400890   31711.600            OP  
61182.000   10026 1352723    1853.200            ORB 
61182.000   10026 1352724   10479.500            ORB 
61182.000   10026 1411030   83098.200            ORB 
61182.000   10026 1402602  394999.000            ORB 
61182.000   10040 1350441    -791.000            PL  
61182.000   10040 1415318  -91196.400            PL  
61182.000   10040 1415321   28154.200            PL  
61182.000   10040 1354603     233.100            PL  
61182.000   10040 1354597     283.600            PL  
61182.000   10005 1920001   41725.900            PTB 
61182.000   10005 1920002   37711.700            PTB 
61182.000   10005 1355322    9068.300            PTB 
61182.000   10005 1400510    9719.800            PTB 
61182.000   10005 1400506   33758.700            PTB 
61182.000   10005 1400508   34350.900            PTB 
61182.000   10005 1400509   10314.500            PTB 
61182.000   10005 1415245   -6783.500            PTB 
61182.000   10005 1400512    7650.700            PTB 
61182.000   10005 1415221    3631.200            PTB 
61182.000   10019 1351942   70558.200            ONRJ
61182.000   10019 1320337   51664.400            ONRJ
61182.000   10019 1354204   75143.700            ONRJ
61182.000   10019 1350147   60011.900            ONRJ
61182.000   10019 1350102   48237.000            ONRJ
61182.000   10019 1353364   39585.300            ONRJ
61182.000   10019 1351153  -12685.500            ONRJ
61182.000   10019 1401958  137296.600            ONRJ
61182.000   10014 1350583   -5174.000            ROA 
61182.000   10014 1350718   -2215.500            ROA 
61182.000   10014 1361490   87756.300            ROA 
61182.000   10014 1361488   86259.900            ROA 
61182.000   10014 1351699   55572.800            ROA 
61182.000   10014 1401436 1995520.400            ROA 
61182.000   10014 1412032 1350670.600            ROA 
61182.000   10014 1352270    7982.400            ROA 
61182.000   10062 1352932       0.000            SASO
61182.000   10062 1352931    1143.400            SASO
61182.000   10062 1351628    1380.500            SASO
61182.000   10062 1350221   -1103.000            SASO
61182.000   10067 1352525   -8964.900            SCL 
61182.000   10067 1352178  -21350.000            SCL 
61182.000   10067 1415314    2100.700            SCL 
61182.000   10067 1353448    2371.800            SCL 
61182.000   10079 1352003   34479.200            SMD 
61182.000   10079 1352543  -27264.900            SMD 
61182.000   10079 1411049   -1900.400            SMD 
61182.000   10072 1352745  -22994.000            SP  
61182.000   10072 1352749   23743.200            SP  
61182.000   10072 1352758   -2504.300            SP  
61182.000   10072 1354707    6519.100            SP  
61182.000   10072 1362295    5570.800            SP  
61182.000   10072 1365149   62906.400            SP  
61182.000   10072 1407201    3433.800            SP  
61182.000   10072 1407223  159696.200            SP  
61182.000   10072 1407231  267993.900            SP  
61182.000   10072 1407232  427089.200            SP  
61182.000   10072 1415319   43999.500            SP  
61182.000   10038 1403809 -410956.200            SU  
61182.000   10038 1403811 -281973.500            SU  
61182.000   10038 1403812  -23701.500            SU  
61182.000   10038 1403844 -559795.700            SU  
61182.000   10038 1403853    5230.900            SU  
61182.000   10038 1403833 -394796.400            SU  
61182.000   10038 1403846   49325.800            SU  
61182.000   10038 1403814 -642127.100            SU  
61182.000   10038 1403815 -330346.800            SU  
61182.000   10038 1403834   11940.200            SU  
61182.000   10038 1403841  -35070.100            SU  
61182.000   10038 1403840   11124.200            SU  
61182.000   10038 1403845 -454322.900            SU  
61182.000   10030 1403011  201299.000            TL  
61182.000   10030 1413202  257969.900            TL  
61182.000   10030 1353942  -38556.500            TL  
61182.000   10030 1353947   57407.200            TL  
61182.000   10030 1354060  -14758.700            TL  
61182.000   10022 1320211 1999888.000            TP  
61182.000   10022 1320247  998965.000            TP  
61182.000   10022 1351227       0.000            TP  
61182.000   10022 1352179      86.700            TP  
61182.000   10022 1352476     580.100            TP  
61182.000   10022 1353519    -103.900            TP  
61182.000   10068 1411028       0.000            UME 
61182.000   10068 1352703      78.700            UME 
61182.000   10068 1350251     186.600            UME 
61182.000   10068 1350872    -553.400            UME 
61182.000   10068 1352710     596.200            UME 
61182.000   10007 1400711 3338264.100            USNO
61182.000   10007 1400719  476727.700            USNO
61182.000   10007 1400702  -65333.600            USNO
61182.000   10007 1400708  676679.000            USNO
61182.000   10007 1400704  118268.600            USNO
61182.000   10007 1400718 1973280.300            USNO
61182.000   10007 1400710 -828460.100            USNO
61182.000   10007 1400726 1327347.400            USNO
61182.000   10007 1400715  435462.300            USNO
61182.000   10007 1350161   80870.400            USNO
61182.000   10007 1400727 -756635.500            USNO
61182.000   10007 1400729 2287654.300            USNO
61182.000   10007 1400725 -220687.600            USNO
61182.000   10007 1400724 -825248.500            USNO
61182.000   10007 1400723 -604531.800            USNO
61182.000   10007 1400722 2678249.300            USNO
61182.000   10007 1400721  506359.900            USNO
61182.000   10007 1400720 1261615.500            USNO
61182.000   10007 1400730 2190247.600            USNO
61182.000   10007 1400731 -418856.700            USNO
61182.000   10007 1400732  784208.900            USNO
61182.000   10007 1400736 1220931.400            USNO
61182.000   10007 1400737 2476266.400            USNO
61182.000   10007 1400740 1157061.900            USNO
61182.000   10007 1400713  466197.900            USNO
61182.000   10007 1400716  703790.100            USNO
61182.000   10007 1400733  132310.000            USNO
61182.000   10064 1355005       0.000            UZ  
61182.000   10064 1354998 4822074.100            UZ  
61182.000   10028 1353669   19686.800            VMI 
61182.000   10028 1361233   12180.400            VMI 
61182.000   10028 1353670  -26785.500            VMI 
61182.000   10024 1411040   -3167.800            VSL 
61182.000   10024 1354466   10318.200            VSL 
61182.000   10024 1355008    7607.600            VSL 
61182.000   10024 1355697    1621.700            VSL 
61182.000   10055 1352191     -66.800            DMDM
61182.000   10055 1362033  -59435.400            DMDM
