61067.000   10021 1352938       0.000            UAE 
61067.000   10021 1352940    -725.900            UAE 
61067.000   10046 1404601   24535.300            AOS 
61067.000   10046 1352394    -736.100            AOS 
61067.000   10031 1353842    2424.800            APL 
61067.000   10031 1403107  256596.500            APL 
61067.000   10031 1403108  436842.700            APL 
61067.000   10031 1403109  132918.500            APL 
61067.000   10031 1412174   21314.200            APL 
61067.000   10054 1362269     164.000            AUS 
61067.000   10054 1360340   12292.000            AUS 
61067.000   10054 1360654  -42503.000            AUS 
61067.000   10054 1363814    4214.000            AUS 
61067.000   10054 1364971    6952.000            AUS 
61067.000   10054 1360299   27626.000            AUS 
61067.000   10101 1355360       0.000            AZ  
61067.000   10101 1355361    -896.500            AZ  
61067.000   10075 1352685    3008.400            IMBH
61067.000   10075 1320192   -8024.900            IMBH
61067.000   10075 1320193  -38441.000            IMBH
61067.000   10071 1353447    1166.500            BIRM
61067.000   10071 1353689    9835.100            BIRM
61067.000   10071 1407107 -389609.300            BIRM
61067.000   10071 1407111    -203.200            BIRM
61067.000   10071 1407112   -6782.600            BIRM
61067.000   10071 1415303   -3106.600            BIRM
61067.000   10071 1415304   -9756.300            BIRM
61067.000   10071 1415305  -18338.100            BIRM
61067.000   10092 1363159    4694.200            ICE 
61067.000   10092 1363522    3498.800            ICE 
61067.000   10057 1352117   14076.700            CH  
61067.000   10057 1355202    -561.300            CH  
61067.000   10057 1373644    -696.000            CH  
61067.000   10057 1405701   -1681.100            CH  
61067.000   10057 1405702   23103.500            CH  
61067.000   10057 1411117    -221.800            CH  
61067.000   10073 1353612  -10959.900            CNM 
61067.000   10073 1413211    -995.800            CNM 
61067.000   10073 1413212   43518.700            CNM 
61067.000   10074 1411045    3601.400            DLR 
61067.000   10053 1350136     -83.300            DTAG
61067.000   10053 1355332   -1436.900            DTAG
61067.000   10053 1352635    2352.300            DTAG
61067.000   10025 1352025    4000.800            ESA 
61067.000   10025 1351615   -4430.800            ESA 
61067.000   10025 1352353   11201.500            ESA 
61067.000   10025 1352210   27865.300            ESA 
61067.000   10025 1402543  -28617.900            ESA 
61067.000   10025 1402541  -94661.200            ESA 
61067.000   10089 1354233       0.000            HKO 
61067.000   10089 1355122    1241.300            HKO 
61067.000   10099 1354701       0.000            IFZG
61067.000   10093 1353401       0.000            NSAI
61067.000   10044 1361167    1370.800            IFAG
61067.000   10044 1361173     554.900            IFAG
61067.000   10044 1361629    8804.700            IFAG
61067.000   10044 1361732    6111.400            IFAG
61067.000   10044 1361798    1241.300            IFAG
61067.000   10044 1404439    1864.700            IFAG
61067.000   10044 1404418   15241.700            IFAG
61067.000   10048 1404878  909894.400            NIM 
61067.000   10048 1404871 1027940.900            NIM 
61067.000   10048 1404832 1020889.900            NIM 
61067.000   10048 1404879 1872838.500            NIM 
61067.000   10048 1404880 2152485.300            NIM 
61067.000   10048 1352742  110711.600            NIM 
61067.000   10048 1404849 1414461.200            NIM 
61067.000   10048 1404856   93472.900            NIM 
61067.000   10048 1404857   25345.800            NIM 
61067.000   10048 1404821    2725.700            NIM 
61067.000   10048 1404850     579.400            NIM 
61067.000   10048 1404870    5022.800            NIM 
61067.000   10015 1362377       0.000            INTI
61067.000   10015 1363270   11913.100            INTI
61067.000   10015 1363511    5905.900            INTI
61067.000   10070 1353546    8543.400            IPQ 
61067.000   10083 1353654    9627.000            NIS 
61067.000   10083 1354391   16158.600            NIS 
61067.000   10083 1353812  -27520.200            NIS 
61067.000   10083 1352182   -4020.000            NIS 
61067.000   10011 1350219    -993.500            IT  
61067.000   10011 1352487    -333.600            IT  
61067.000   10011 1401101  225303.400            IT  
61067.000   10011 1401102  288720.000            IT  
61067.000   10011 1401103   32892.900            IT  
61067.000   10011 1401104   11787.600            IT  
61067.000   10011 1411079    -804.100            IT  
61067.000   10011 1411078    2678.300            IT  
61067.000   10035 1350832   16505.100            BSJ 
61067.000   10035 1350833    9072.100            BSJ 
61067.000   10087 1361277 -111427.600            JV  
61067.000   10087 1362617   69563.200            JV  
61067.000   10087 1415218  -42084.200            JV  
61067.000   10087 1411122   14653.600            JV  
61067.000   10056 1351783   39155.000            KRIS
61067.000   10056 1405624  157087.600            KRIS
61067.000   10056 1405625  454153.500            KRIS
61067.000   10056 1405626   14490.100            KRIS
61067.000   10027 1415201    -640.800            KZ  
61067.000   10027 1415205    1445.700            KZ  
61067.000   10027 1415266   -2288.800            KZ  
61067.000   10052 1351324  -11002.100            NPLI
61067.000   10052 1353376  -10510.400            NPLI
61067.000   10052 1353457    3315.600            NPLI
61067.000   10052 1353413   44286.100            NPLI
61067.000   10052 1353453    5066.900            NPLI
61067.000   10052 1415225  111518.400            NPLI
61067.000   10052 1415365   46394.900            NPLI
61067.000   10052 1415363    3080.300            NPLI
61067.000   10052 1415364   11074.000            NPLI
61067.000   10091 1352370   -7661.400            LRTE
61067.000   10082 1351868       0.000            LT  
61067.000   10082 1351362   -1765.300            LT  
61067.000   10094 1353471  -60968.100            LUX 
61067.000   10094 1353544  -57962.100            LUX 
61067.000   10041 1404113  324242.100            MIKE
61067.000   10041 1404108   29139.700            MIKE
61067.000   10041 1404189  186293.900            MIKE
61067.000   10041 1412084   27552.700            MIKE
61067.000   10088 1361806  -12450.200            CNMP
61067.000   10088 1361752   -6642.900            CNMP
61067.000   10088 1363162    8043.100            CNMP
61067.000   10088 1363179  -66162.400            CNMP
61067.000   10063 1360274    3054.500            MSL 
61067.000   10063 1363396   -4421.100            MSL 
61067.000   10063 1363872  111684.200            MSL 
61067.000   10081 1353476    4684.700            NIMT
61067.000   10081 1353472   45766.700            NIMT
61067.000   10081 1353470   45668.800            NIMT
61067.000   10013 1410102   -1799.100            NAO 
61067.000   10013 1350779    6581.600            NAO 
61067.000   10013 1351689     -10.800            NAO 
61067.000   10013 1351214     107.500            NAO 
61067.000   10020 1350343  127616.600            NICT
61067.000   10020 1350907   35929.200            NICT
61067.000   10020 1351226  -16601.900            NICT
61067.000   10020 1351778   75009.500            NICT
61067.000   10020 1351789   -7942.700            NICT
61067.000   10020 1351866    1419.600            NICT
61067.000   10020 1351944  108819.100            NICT
61067.000   10020 1352011  108146.900            NICT
61067.000   10020 1352056  109322.600            NICT
61067.000   10020 1352113  -45742.800            NICT
61067.000   10020 1352116  -27333.400            NICT
61067.000   10020 1352570   87917.500            NICT
61067.000   10020 1352620   59948.500            NICT
61067.000   10020 1352627  -22955.000            NICT
61067.000   10020 1352628  -24658.800            NICT
61067.000   10020 1352784   43562.900            NICT
61067.000   10020 1352876  123831.300            NICT
61067.000   10020 1352903   52668.900            NICT
61067.000   10020 1353594  -15002.700            NICT
61067.000   10020 1353716  -28214.700            NICT
61067.000   10020 1353717  -49550.200            NICT
61067.000   10020 1353718  -43844.300            NICT
61067.000   10020 1353720  -53371.100            NICT
61067.000   10020 1353722  -30471.500            NICT
61067.000   10020 1353909   27228.500            NICT
61067.000   10020 1353912  -37588.600            NICT
61067.000   10020 1353916  -70705.500            NICT
61067.000   10020 1353918   38493.100            NICT
61067.000   10020 1354230   68352.700            NICT
61067.000   10020 1355334   86064.600            NICT
61067.000   10020 1402003   15776.400            NICT
61067.000   10020 1402004   -8595.000            NICT
61067.000   10020 1402012   33774.800            NICT
61067.000   10020 1402013   38513.000            NICT
61067.000   10020 1402014   -2422.300            NICT
61067.000   10020 1402015   68668.700            NICT
61067.000   10020 1411041  -59429.300            NICT
61067.000   10020 1411062   33596.700            NICT
61067.000   10020 1412060   60297.600            NICT
61067.000   10002 1412108  536505.000            NIST
61067.000   10002 1412014 -545404.100            NIST
61067.000   10002 1400004 -198799.900            NIST
61067.000   10002 1400222  727196.200            NIST
61067.000   10002 1400209 -450890.100            NIST
61067.000   10002 1400212  462170.300            NIST
61067.000   10002 1400207  640544.200            NIST
61067.000   10002 1412015  603886.300            NIST
61067.000   10002 1400210  171542.800            NIST
61067.000   10002 1400205  980215.700            NIST
61067.000   10002 1352792 -547896.900            NIST
61067.000   10002 1412099  249736.600            NIST
61067.000   10002 1412006   74130.300            NIST
61067.000   10002 1442021 -552324.700            NIST
61067.000   10002 1352935 -653645.100            NIST
61067.000   10002 1352579  978683.700            NIST
61067.000   10002 1402205 -258499.000            NIST
61067.000   10050 1320293  119221.000            NMIJ
61067.000   10017 1412011   47596.900            NPL 
61067.000   10017 1412050   45539.300            NPL 
61067.000   10003 1352150    8063.800            NRC 
61067.000   10003 1362225   17138.500            NRC 
61067.000   10003 1352115   19079.400            NRC 
61067.000   10003 1352148    3250.900            NRC 
61067.000   10003 1400306   91579.000            NRC 
61067.000   10003 1400307   10706.000            NRC 
61067.000   10049 1415324   -1630.000            NTSC
61067.000   10049 1415316   -5338.500            NTSC
61067.000   10049 1415085  -22331.800            NTSC
61067.000   10049 1415082   47743.200            NTSC
61067.000   10049 1414922    5182.500            NTSC
61067.000   10049 1404967    4961.600            NTSC
61067.000   10049 1354937   14414.700            NTSC
61067.000   10049 1352142   15214.400            NTSC
61067.000   10016 1354619       0.000            INXE
61067.000   10008 1352027   32738.600            OP  
61067.000   10008 1400889    4234.200            OP  
61067.000   10008 1353765   78137.400            OP  
61067.000   10008 1400810   19956.800            OP  
61067.000   10008 1400809   34376.800            OP  
61067.000   10008 1400890   28703.200            OP  
61067.000   10026 1352722   -1929.000            ORB 
61067.000   10026 1352724    9345.300            ORB 
61067.000   10026 1411030   73961.200            ORB 
61067.000   10026 1402602  337292.200            ORB 
61067.000   10026 1352723    1337.200            ORB 
61067.000   10040 1350441    -763.700            PL  
61067.000   10040 1415318   -4247.200            PL  
61067.000   10040 1415321   24681.600            PL  
61067.000   10040 1354603     118.600            PL  
61067.000   10040 1354597     228.100            PL  
61067.000   10005 1920001   41551.200            PTB 
61067.000   10005 1920002   37506.900            PTB 
61067.000   10005 1355322    8727.500            PTB 
61067.000   10005 1400510    8660.400            PTB 
61067.000   10005 1400506   32002.500            PTB 
61067.000   10005 1400508   32634.800            PTB 
61067.000   10005 1400509    9743.600            PTB 
61067.000   10005 1415245   -5177.600            PTB 
61067.000   10005 1400512    6508.800            PTB 
61067.000   10005 1415221    3537.200            PTB 
61067.000   10019 1351942   68328.200            ONRJ
61067.000   10019 1320337   50644.500            ONRJ
61067.000   10019 1354204   69719.700            ONRJ
61067.000   10019 1350147   59292.600            ONRJ
61067.000   10019 1350102   19176.500            ONRJ
61067.000   10019 1353364   38490.100            ONRJ
61067.000   10019 1351153  -11399.100            ONRJ
61067.000   10019 1401958  121892.800            ONRJ
61067.000   10014 1350583   -4591.200            ROA 
61067.000   10014 1350718   -2987.000            ROA 
61067.000   10014 1361490   86886.500            ROA 
61067.000   10014 1361488   84973.200            ROA 
61067.000   10014 1351699   54831.900            ROA 
61067.000   10014 1401436 1924228.200            ROA 
61067.000   10014 1412032 1276300.400            ROA 
61067.000   10014 1352270    7805.600            ROA 
61067.000   10062 1352932       0.000            SASO
61067.000   10062 1352931    -217.200            SASO
61067.000   10062 1351628     632.900            SASO
61067.000   10062 1350221    -412.500            SASO
61067.000   10067 1352525   -7994.500            SCL 
61067.000   10067 1352178  -19363.300            SCL 
61067.000   10067 1415314     746.200            SCL 
61067.000   10067 1353448    -364.400            SCL 
61067.000   10079 1352003   33674.200            SMD 
61067.000   10079 1352543  -25592.900            SMD 
61067.000   10079 1411049   -1966.000            SMD 
61067.000   10072 1352745  -21141.400            SP  
61067.000   10072 1352749   21117.000            SP  
61067.000   10072 1352758   -2386.400            SP  
61067.000   10072 1354707    6586.400            SP  
61067.000   10072 1362295    2105.200            SP  
61067.000   10072 1365149   52839.500            SP  
61067.000   10072 1407201    -477.000            SP  
61067.000   10072 1407223  152508.200            SP  
61067.000   10072 1407231  239433.400            SP  
61067.000   10072 1407232  387410.500            SP  
61067.000   10072 1415319   40848.500            SP  
61067.000   10038 1403809 -409042.300            SU  
61067.000   10038 1403811 -282074.500            SU  
61067.000   10038 1403812  -27460.900            SU  
61067.000   10038 1403844 -562277.600            SU  
61067.000   10038 1403853    3738.100            SU  
61067.000   10038 1403833 -397639.300            SU  
61067.000   10038 1403846   46169.200            SU  
61067.000   10038 1403814 -656127.800            SU  
61067.000   10038 1403815 -333635.000            SU  
61067.000   10038 1403834    9803.500            SU  
61067.000   10038 1403841  -40247.800            SU  
61067.000   10038 1403840    9376.100            SU  
61067.000   10038 1403845 -453503.400            SU  
61067.000   10030 1403011  138370.400            TL  
61067.000   10030 1413202  221250.200            TL  
61067.000   10030 1353942  -35941.800            TL  
61067.000   10030 1353947   54239.500            TL  
61067.000   10030 1354060  -13863.500            TL  
61067.000   10022 1320211 1999816.500            TP  
61067.000   10022 1320247  999283.400            TP  
61067.000   10022 1351227       0.000            TP  
61067.000   10022 1352179     -47.000            TP  
61067.000   10022 1352476     507.100            TP  
61067.000   10022 1353519     -66.000            TP  
61067.000   10022 1411076     219.200            TP  
61067.000   10068 1411028       0.000            UME 
61067.000   10068 1352703    2395.200            UME 
61067.000   10068 1350251    3251.100            UME 
61067.000   10068 1350872   -7867.600            UME 
61067.000   10068 1352710    2462.200            UME 
61067.000   10007 1400711 3273717.900            USNO
61067.000   10007 1400712  270691.300            USNO
61067.000   10007 1400719  452238.400            USNO
61067.000   10007 1400702  -65641.400            USNO
61067.000   10007 1400708  661555.500            USNO
61067.000   10007 1400704  112535.800            USNO
61067.000   10007 1400718 1928839.800            USNO
61067.000   10007 1400710 -773510.500            USNO
61067.000   10007 1400726 1270272.500            USNO
61067.000   10007 1400715  414883.400            USNO
61067.000   10007 1350161   81083.400            USNO
61067.000   10007 1400727 -717832.000            USNO
61067.000   10007 1400729 2202801.700            USNO
61067.000   10007 1400725 -219130.600            USNO
61067.000   10007 1400724 -812739.600            USNO
61067.000   10007 1400723 -606357.400            USNO
61067.000   10007 1400722 2704033.600            USNO
61067.000   10007 1400721  413555.700            USNO
61067.000   10007 1400720 1250889.400            USNO
61067.000   10007 1400730 2120846.800            USNO
61067.000   10007 1400731 -399071.300            USNO
61067.000   10007 1400732  740837.900            USNO
61067.000   10007 1400736 1214912.600            USNO
61067.000   10007 1400737 2444326.900            USNO
61067.000   10007 1400740 1085855.400            USNO
61067.000   10007 1400713  449396.400            USNO
61067.000   10007 1400714   92961.900            USNO
61067.000   10007 1400716  675658.200            USNO
61067.000   10007 1400738   98324.000            USNO
61067.000   10064 1355005       0.000            UZ  
61067.000   10064 1354998 4363570.000            UZ  
61067.000   10028 1353669   19327.600            VMI 
61067.000   10028 1361233   12056.000            VMI 
61067.000   10028 1353670  -23916.600            VMI 
61067.000   10024 1411040   -2519.700            VSL 
61067.000   10024 1354466    9510.600            VSL 
61067.000   10024 1355008    6706.100            VSL 
61067.000   10055 1352191     -38.300            DMDM
61067.000   10055 1362033  -52839.800            DMDM
