61189.000   10021 1352938       0.000            UAE 
61189.000   10021 1352940   -4315.700            UAE 
61189.000   10046 1404601   27419.600            AOS 
61189.000   10046 1352394   -1274.800            AOS 
61189.000   10031 1353842    2409.300            APL 
61189.000   10031 1403107  268892.300            APL 
61189.000   10031 1403108  531476.700            APL 
61189.000   10031 1403109  136053.600            APL 
61189.000   10031 1412174   34176.800            APL 
61189.000   10054 1362269     149.000            AUS 
61189.000   10054 1360340   13098.000            AUS 
61189.000   10054 1360654  -45708.000            AUS 
61189.000   10054 1363814    4722.000            AUS 
61189.000   10054 1364971    7818.000            AUS 
61189.000   10054 1360299   29017.000            AUS 
61189.000   10075 1352685    3450.400            IMBH
61189.000   10075 1320192   -8919.700            IMBH
61189.000   10075 1320193  -43125.400            IMBH
61189.000   10071 1353447     678.400            BIRM
61189.000   10071 1353689    9942.800            BIRM
61189.000   10071 1407103    -468.600            BIRM
61189.000   10071 1407107 -434430.800            BIRM
61189.000   10071 1407111   -1436.000            BIRM
61189.000   10071 1407112  -11628.100            BIRM
61189.000   10071 1415303   -5562.900            BIRM
61189.000   10071 1415304  -12544.900            BIRM
61189.000   10071 1415305  -21633.400            BIRM
61189.000   10092 1363159    3854.100            ICE 
61189.000   10092 1363522    3708.100            ICE 
61189.000   10057 1355202    -812.000            CH  
61189.000   10057 1373644   -1137.700            CH  
61189.000   10057 1405701   -2258.200            CH  
61189.000   10057 1405702   20796.700            CH  
61189.000   10057 1411117     -91.200            CH  
61189.000   10073 1353612  -15007.900            CNM 
61189.000   10073 1413211   -1008.300            CNM 
61189.000   10073 1413212   68567.700            CNM 
61189.000   10074 1411045    5371.100            DLR 
61189.000   10053 1350136     -83.300            DTAG
61189.000   10053 1355332   -1430.800            DTAG
61189.000   10053 1352635    2527.800            DTAG
61189.000   10025 1352025    4418.100            ESA 
61189.000   10025 1351615   -4795.100            ESA 
61189.000   10025 1352353   12009.100            ESA 
61189.000   10025 1352210   30390.200            ESA 
61189.000   10025 1402543  -43017.300            ESA 
61189.000   10025 1402541 -121193.100            ESA 
61189.000   10025 1411033   -2636.800            ESA 
61189.000   10089 1354233       0.000            HKO 
61189.000   10089 1355122    1359.200            HKO 
61189.000   10099 1354701       0.000            IFZG
61189.000   10093 1353401       0.000            NSAI
61189.000   10044 1361167     724.600            IFAG
61189.000   10044 1361173     111.000            IFAG
61189.000   10044 1361629   10979.400            IFAG
61189.000   10044 1361732    7646.300            IFAG
61189.000   10044 1361798     276.900            IFAG
61189.000   10044 1404439    4227.800            IFAG
61189.000   10044 1404418   15143.500            IFAG
61189.000   10048 1404878  968244.100            NIM 
61189.000   10048 1404871 1097979.100            NIM 
61189.000   10048 1404832 1113279.200            NIM 
61189.000   10048 1404879 1941485.600            NIM 
61189.000   10048 1404880 2224566.500            NIM 
61189.000   10048 1352742  114236.900            NIM 
61189.000   10048 1404849 1415243.400            NIM 
61189.000   10048 1404856   94372.800            NIM 
61189.000   10048 1404857   24810.400            NIM 
61189.000   10048 1404821    3129.100            NIM 
61189.000   10048 1404850     745.800            NIM 
61189.000   10048 1404870    5923.500            NIM 
61189.000   10015 1362377       0.000            INTI
61189.000   10015 1363270   12786.100            INTI
61189.000   10015 1363511    6299.000            INTI
61189.000   10070 1353546    8645.600            IPQ 
61189.000   10083 1353654   10163.200            NIS 
61189.000   10083 1354391   18473.400            NIS 
61189.000   10083 1353812  -30325.500            NIS 
61189.000   10083 1352182   -4457.700            NIS 
61189.000   10011 1350219   -1139.300            IT  
61189.000   10011 1352487    -694.000            IT  
61189.000   10011 1401101  288499.400            IT  
61189.000   10011 1401102  301040.000            IT  
61189.000   10011 1401103   37659.800            IT  
61189.000   10011 1401104    5038.000            IT  
61189.000   10011 1411079   -1776.300            IT  
61189.000   10011 1411078    4736.900            IT  
61189.000   10035 1350832   18456.800            BSJ 
61189.000   10035 1350833   10244.600            BSJ 
61189.000   10087 1361277 -112648.200            JV  
61189.000   10087 1362617   71505.600            JV  
61189.000   10087 1415218  -42182.400            JV  
61189.000   10087 1411122   18213.900            JV  
61189.000   10056 1351783   41829.100            KRIS
61189.000   10056 1405624  174731.600            KRIS
61189.000   10056 1405625  506131.900            KRIS
61189.000   10056 1405626   16686.800            KRIS
61189.000   10027 1415201      -4.500            KZ  
61189.000   10027 1415205      17.700            KZ  
61189.000   10027 1415266     -42.400            KZ  
61189.000   10052 1351324  -11265.400            NPLI
61189.000   10052 1353376  -10915.300            NPLI
61189.000   10052 1353457    3518.000            NPLI
61189.000   10052 1353413   45726.300            NPLI
61189.000   10052 1353453    5372.500            NPLI
61189.000   10052 1415225  122768.400            NPLI
61189.000   10052 1415365   50437.300            NPLI
61189.000   10052 1415363    4321.000            NPLI
61189.000   10052 1415364   12490.000            NPLI
61189.000   10091 1352370  -11705.000            LRTE
61189.000   10082 1351868       0.000            LT  
61189.000   10082 1351362   -1668.700            LT  
61189.000   10094 1353471  -62192.900            LUX 
61189.000   10094 1353544  -57407.100            LUX 
61189.000   10085 1353507       0.000            NIMB
61189.000   10041 1404113  336281.800            MIKE
61189.000   10041 1404108   34262.000            MIKE
61189.000   10041 1404189  180970.500            MIKE
61189.000   10041 1412084   26045.100            MIKE
61189.000   10088 1361806  -12862.000            CNMP
61189.000   10088 1361752   -6818.000            CNMP
61189.000   10088 1363162    8909.400            CNMP
61189.000   10088 1363179  -68160.400            CNMP
61189.000   10063 1360274    3359.900            MSL 
61189.000   10063 1363396   -4303.100            MSL 
61189.000   10063 1363872  117673.100            MSL 
61189.000   10081 1353476    3230.100            NIMT
61189.000   10081 1353472   47180.700            NIMT
61189.000   10081 1353470   47763.800            NIMT
61189.000   10013 1410102    2435.600            NAO 
61189.000   10013 1350779     453.300            NAO 
61189.000   10013 1351689     344.500            NAO 
61189.000   10013 1351214     107.400            NAO 
61189.000   10020 1350343  130803.400            NICT
61189.000   10020 1350907   34046.600            NICT
61189.000   10020 1351778   76635.600            NICT
61189.000   10020 1351789   -8701.100            NICT
61189.000   10020 1351866    1377.400            NICT
61189.000   10020 1351944  110311.300            NICT
61189.000   10020 1352011  107750.100            NICT
61189.000   10020 1352056  110878.200            NICT
61189.000   10020 1352113  -46239.400            NICT
61189.000   10020 1352116  -26901.000            NICT
61189.000   10020 1352570   88921.600            NICT
61189.000   10020 1352620   61833.900            NICT
61189.000   10020 1352627  -24809.800            NICT
61189.000   10020 1352628  -26092.600            NICT
61189.000   10020 1352784   42227.300            NICT
61189.000   10020 1352876  123328.700            NICT
61189.000   10020 1352903   53292.700            NICT
61189.000   10020 1353259  -14395.500            NICT
61189.000   10020 1353594  -14271.700            NICT
61189.000   10020 1353716  -29536.000            NICT
61189.000   10020 1353717  -52217.900            NICT
61189.000   10020 1353718  -46975.400            NICT
61189.000   10020 1353720  -55216.600            NICT
61189.000   10020 1353722  -31527.500            NICT
61189.000   10020 1353909   28091.800            NICT
61189.000   10020 1353912  -40132.100            NICT
61189.000   10020 1353916  -74874.400            NICT
61189.000   10020 1353918   40560.900            NICT
61189.000   10020 1354230   69124.000            NICT
61189.000   10020 1402003   17203.800            NICT
61189.000   10020 1402004  -11424.900            NICT
61189.000   10020 1402012   27912.300            NICT
61189.000   10020 1402013   53258.300            NICT
61189.000   10020 1402014   -1694.900            NICT
61189.000   10020 1402015   83513.600            NICT
61189.000   10020 1411041  -75273.600            NICT
61189.000   10020 1411062   31151.000            NICT
61189.000   10020 1412060   70044.800            NICT
61189.000   10002 1412108  626976.000            NIST
61189.000   10002 1412014 -527533.700            NIST
61189.000   10002 1400004 -188995.900            NIST
61189.000   10002 1400222  734428.400            NIST
61189.000   10002 1400209 -442181.200            NIST
61189.000   10002 1400212  610613.100            NIST
61189.000   10002 1400207  725662.800            NIST
61189.000   10002 1412015  660135.800            NIST
61189.000   10002 1400210  282994.200            NIST
61189.000   10002 1400205  977975.200            NIST
61189.000   10002 1412099  392263.600            NIST
61189.000   10002 1412006  197584.400            NIST
61189.000   10002 1442021 -560856.700            NIST
61189.000   10002 1352935 -656568.200            NIST
61189.000   10002 1352579  980875.800            NIST
61189.000   10002 1402205 -192488.600            NIST
61189.000   10050 1320293  147501.400            NMIJ
61189.000   10017 1412011   49109.300            NPL 
61189.000   10017 1412050   48635.200            NPL 
61189.000   10003 1352150    8360.300            NRC 
61189.000   10003 1362225   16997.900            NRC 
61189.000   10003 1352115   19907.000            NRC 
61189.000   10003 1352148    3141.800            NRC 
61189.000   10003 1400306   92648.000            NRC 
61189.000   10003 1400307   12200.400            NRC 
61189.000   10049 1415324   -1590.100            NTSC
61189.000   10049 1415322    3091.200            NTSC
61189.000   10049 1415316   -6220.800            NTSC
61189.000   10049 1415085    -280.300            NTSC
61189.000   10049 1414922    7081.000            NTSC
61189.000   10049 1404967    6588.400            NTSC
61189.000   10049 1354937   14338.300            NTSC
61189.000   10049 1352142   15144.600            NTSC
61189.000   10016 1354619       0.000            INXE
61189.000   10008 1352027   34688.400            OP  
61189.000   10008 1400889    7098.100            OP  
61189.000   10008 1353765   81144.000            OP  
61189.000   10008 1400810   22708.800            OP  
61189.000   10008 1400809   38306.200            OP  
61189.000   10008 1400890   31895.100            OP  
61189.000   10026 1352722   -1920.000            ORB 
61189.000   10026 1352724   10552.400            ORB 
61189.000   10026 1411030   83662.500            ORB 
61189.000   10026 1402602  398515.800            ORB 
61189.000   10026 1352723    1888.400            ORB 
61189.000   10040 1350441    -792.800            PL  
61189.000   10040 1415318  -99128.100            PL  
61189.000   10040 1415321   28362.300            PL  
61189.000   10040 1354603     246.100            PL  
61189.000   10040 1354597     278.200            PL  
61189.000   10005 1920001   41750.600            PTB 
61189.000   10005 1920002   37737.200            PTB 
61189.000   10005 1355322    9082.500            PTB 
61189.000   10005 1400510    9738.900            PTB 
61189.000   10005 1400506   33888.000            PTB 
61189.000   10005 1400508   34488.200            PTB 
61189.000   10005 1400509   10349.800            PTB 
61189.000   10005 1415245   -6885.700            PTB 
61189.000   10005 1400512    7723.100            PTB 
61189.000   10005 1415221    3636.600            PTB 
61189.000   10019 1351942   70693.500            ONRJ
61189.000   10019 1320337   51727.200            ONRJ
61189.000   10019 1354204   75482.700            ONRJ
61189.000   10019 1350147   60048.400            ONRJ
61189.000   10019 1350102  221630.700            ONRJ
61189.000   10019 1353364   39651.800            ONRJ
61189.000   10019 1351153  -12754.500            ONRJ
61189.000   10019 1401958  138272.600            ONRJ
61189.000   10014 1350583   -5208.000            ROA 
61189.000   10014 1350718   -2159.300            ROA 
61189.000   10014 1361490   87836.400            ROA 
61189.000   10014 1361488   86329.800            ROA 
61189.000   10014 1351699   55614.200            ROA 
61189.000   10014 1401436 1999899.000            ROA 
61189.000   10014 1412032 1355246.600            ROA 
61189.000   10014 1352270    7985.300            ROA 
61189.000   10062 1352932       0.000            SASO
61189.000   10062 1352931    1222.700            SASO
61189.000   10062 1351628    1435.100            SASO
61189.000   10062 1350221   -1133.300            SASO
61189.000   10067 1352525   -9013.900            SCL 
61189.000   10067 1352178  -21481.100            SCL 
61189.000   10067 1415314    2195.400            SCL 
61189.000   10067 1353448    2544.300            SCL 
61189.000   10079 1352003   34514.600            SMD 
61189.000   10079 1352543  -27369.700            SMD 
61189.000   10079 1411049   -1894.600            SMD 
61189.000   10072 1352745  -23081.300            SP  
61189.000   10072 1352749   23916.400            SP  
61189.000   10072 1352758   -2502.800            SP  
61189.000   10072 1354707    6509.100            SP  
61189.000   10072 1362295    5780.600            SP  
61189.000   10072 1365149   63510.400            SP  
61189.000   10072 1407201    3702.500            SP  
61189.000   10072 1407223  160137.600            SP  
61189.000   10072 1407231  269771.500            SP  
61189.000   10072 1407232  429536.300            SP  
61189.000   10072 1415319   44192.600            SP  
61189.000   10038 1403809 -411069.300            SU  
61189.000   10038 1403811 -281962.400            SU  
61189.000   10038 1403812  -23461.100            SU  
61189.000   10038 1403844 -559642.600            SU  
61189.000   10038 1403853    5323.100            SU  
61189.000   10038 1403833 -394619.100            SU  
61189.000   10038 1403846   49519.700            SU  
61189.000   10038 1403814 -641268.000            SU  
61189.000   10038 1403815 -330141.600            SU  
61189.000   10038 1403834   12074.800            SU  
61189.000   10038 1403841  -34751.800            SU  
61189.000   10038 1403840   11231.200            SU  
61189.000   10038 1403845 -454368.400            SU  
61189.000   10030 1403011  205171.500            TL  
61189.000   10030 1413202  258533.200            TL  
61189.000   10030 1353942  -38719.800            TL  
61189.000   10030 1353947   57597.200            TL  
61189.000   10030 1354060  -14816.500            TL  
61189.000   10022 1320211 1999899.900            TP  
61189.000   10022 1320247  998980.000            TP  
61189.000   10022 1351227       0.000            TP  
61189.000   10022 1352179      84.500            TP  
61189.000   10022 1352476     599.400            TP  
61189.000   10022 1353519    -109.700            TP  
61189.000   10022 1411076    1351.800            TP  
61189.000   10068 1411028       0.000            UME 
61189.000   10068 1352703     104.600            UME 
61189.000   10068 1350251     220.200            UME 
61189.000   10068 1350872    -622.900            UME 
61189.000   10068 1352710     700.500            UME 
61189.000   10007 1400711 3342200.400            USNO
61189.000   10007 1400719  478132.800            USNO
61189.000   10007 1400702  -65313.700            USNO
61189.000   10007 1400708  677604.900            USNO
61189.000   10007 1400704  118621.200            USNO
61189.000   10007 1400718 1976000.400            USNO
61189.000   10007 1400710 -831799.700            USNO
61189.000   10007 1400726 1330954.600            USNO
61189.000   10007 1400715  436722.200            USNO
61189.000   10007 1350161   80855.500            USNO
61189.000   10007 1400727 -758958.200            USNO
61189.000   10007 1400729 2292864.400            USNO
61189.000   10007 1400725 -220779.800            USNO
61189.000   10007 1400724 -826008.900            USNO
61189.000   10007 1400723 -604407.200            USNO
61189.000   10007 1400722 2675859.600            USNO
61189.000   10007 1400721  512055.600            USNO
61189.000   10007 1400720 1262305.500            USNO
61189.000   10007 1400730 2194500.300            USNO
61189.000   10007 1400731 -420060.400            USNO
61189.000   10007 1400732  786883.300            USNO
61189.000   10007 1400736 1221335.200            USNO
61189.000   10007 1400737 2478255.800            USNO
61189.000   10007 1400740 1161461.000            USNO
61189.000   10007 1400713  467230.500            USNO
61189.000   10007 1400716  705506.700            USNO
61189.000   10007 1400733  137045.300            USNO
61189.000   10064 1355005       0.000            UZ  
61189.000   10064 1354998 4754873.700            UZ  
61189.000   10028 1353669   20202.900            VMI 
61189.000   10028 1361233   12655.900            VMI 
61189.000   10028 1353670  -26475.100            VMI 
61189.000   10024 1411040   -3210.700            VSL 
61189.000   10024 1354466   10358.600            VSL 
61189.000   10024 1355008    7663.700            VSL 
61189.000   10024 1355697    1688.800            VSL 
61189.000   10055 1352191     -66.800            DMDM
61189.000   10055 1362033  -59823.800            DMDM
