61196.000   10021 1352938       0.000            UAE 
61196.000   10021 1352940   -4511.200            UAE 
61196.000   10046 1404601   27591.500            AOS 
61196.000   10046 1352394   -1305.000            AOS 
61196.000   10031 1353842    2422.400            APL 
61196.000   10031 1403107  269613.800            APL 
61196.000   10031 1403108  536932.600            APL 
61196.000   10031 1403109  136233.600            APL 
61196.000   10031 1412174   35036.600            APL 
61196.000   10054 1362269     156.000            AUS 
61196.000   10054 1360340   13153.000            AUS 
61196.000   10054 1360654  -45892.000            AUS 
61196.000   10054 1363814    4757.000            AUS 
61196.000   10054 1364971    7874.000            AUS 
61196.000   10054 1360299   29085.000            AUS 
61196.000   10101 1355360       0.000            AZ  
61196.000   10101 1355361     139.400            AZ  
61196.000   10034 1351793       0.000            BEV 
61196.000   10075 1352685    3472.500            IMBH
61196.000   10075 1320192   -8949.100            IMBH
61196.000   10075 1320193  -43407.000            IMBH
61196.000   10071 1353447     641.900            BIRM
61196.000   10071 1353689    9940.900            BIRM
61196.000   10071 1407103    -559.400            BIRM
61196.000   10071 1407107 -437029.700            BIRM
61196.000   10071 1407111   -1661.400            BIRM
61196.000   10071 1407112  -11917.600            BIRM
61196.000   10071 1415303   -5717.000            BIRM
61196.000   10071 1415304  -12873.700            BIRM
61196.000   10071 1415305  -21831.400            BIRM
61196.000   10092 1363159    3805.900            ICE 
61196.000   10092 1363522    3728.600            ICE 
61196.000   10057 1355202    -830.300            CH  
61196.000   10057 1373644   -1159.100            CH  
61196.000   10057 1405701   -2292.300            CH  
61196.000   10057 1405702   20637.900            CH  
61196.000   10057 1411117     -98.100            CH  
61196.000   10073 1353612  -15234.900            CNM 
61196.000   10073 1413211   -1001.300            CNM 
61196.000   10073 1413212   70089.800            CNM 
61196.000   10074 1411045    5479.800            DLR 
61196.000   10053 1350136     -83.300            DTAG
61196.000   10053 1355332   -1409.700            DTAG
61196.000   10053 1352635    2515.400            DTAG
61196.000   10025 1352025    4439.300            ESA 
61196.000   10025 1351615   -4831.000            ESA 
61196.000   10025 1352353   12060.500            ESA 
61196.000   10025 1352210   30535.700            ESA 
61196.000   10025 1402543  -43913.300            ESA 
61196.000   10025 1402541 -122865.800            ESA 
61196.000   10025 1411033   -2752.700            ESA 
61196.000   10089 1354233       0.000            HKO 
61196.000   10089 1355122    1370.700            HKO 
61196.000   10099 1354701       0.000            IFZG
61196.000   10044 1361167     688.400            IFAG
61196.000   10044 1361173      95.700            IFAG
61196.000   10044 1361629   11080.400            IFAG
61196.000   10044 1361732    7734.400            IFAG
61196.000   10044 1361798     208.800            IFAG
61196.000   10044 1404439    4177.200            IFAG
61196.000   10044 1404418   15112.300            IFAG
61196.000   10048 1404878  971616.000            NIM 
61196.000   10048 1404871 1102017.900            NIM 
61196.000   10048 1404832 1118663.700            NIM 
61196.000   10048 1404879 1945458.000            NIM 
61196.000   10048 1404880 2228733.600            NIM 
61196.000   10048 1352742  114435.000            NIM 
61196.000   10048 1404849 1415290.500            NIM 
61196.000   10048 1404856   94425.000            NIM 
61196.000   10048 1404857   24780.000            NIM 
61196.000   10048 1404821    3154.800            NIM 
61196.000   10048 1404850     757.500            NIM 
61196.000   10048 1404870    5978.100            NIM 
61196.000   10015 1362377       0.000            INTI
61196.000   10015 1363270      19.100            INTI
61196.000   10015 1363511    6351.800            INTI
61196.000   10070 1353546    8953.900            IPQ 
61196.000   10083 1353654   10193.400            NIS 
61196.000   10083 1354391   18592.000            NIS 
61196.000   10083 1353812  -30474.600            NIS 
61196.000   10083 1352182   -4488.500            NIS 
61196.000   10011 1350219   -1152.000            IT  
61196.000   10011 1352487    -715.700            IT  
61196.000   10011 1401101  292176.800            IT  
61196.000   10011 1401102  301723.600            IT  
61196.000   10011 1401103   37942.200            IT  
61196.000   10011 1401104    4636.900            IT  
61196.000   10011 1411079   -1835.700            IT  
61196.000   10011 1411078    4866.300            IT  
61196.000   10011 1422012     -22.400            IT  
61196.000   10035 1350832   18566.300            BSJ 
61196.000   10035 1350833   10327.600            BSJ 
61196.000   10087 1361277 -112731.500            JV  
61196.000   10087 1362617   71601.100            JV  
61196.000   10087 1415218  -42187.900            JV  
61196.000   10087 1411122   18429.300            JV  
61196.000   10056 1351783   41978.700            KRIS
61196.000   10056 1405624  175757.400            KRIS
61196.000   10056 1405625  509164.900            KRIS
61196.000   10056 1405626   16813.100            KRIS
61196.000   10027 1415201      -9.600            KZ  
61196.000   10027 1415205      49.100            KZ  
61196.000   10027 1415266    -119.400            KZ  
61196.000   10052 1351324  -11276.300            NPLI
61196.000   10052 1353376  -10930.200            NPLI
61196.000   10052 1353457    3530.500            NPLI
61196.000   10052 1353413   45815.100            NPLI
61196.000   10052 1353453    5392.300            NPLI
61196.000   10052 1415225  123441.500            NPLI
61196.000   10052 1415365   50672.600            NPLI
61196.000   10052 1415363    4394.700            NPLI
61196.000   10052 1415364   12574.200            NPLI
61196.000   10091 1352370  -11891.700            LRTE
61196.000   10082 1351868       0.000            LT  
61196.000   10082 1351362   -1662.700            LT  
61196.000   10094 1353471  -62266.700            LUX 
61196.000   10094 1353544  -57371.500            LUX 
61196.000   10085 1353507       0.000            NIMB
61196.000   10041 1404113  336972.700            MIKE
61196.000   10041 1404108   34586.300            MIKE
61196.000   10041 1404189  180756.000            MIKE
61196.000   10041 1412084   25961.000            MIKE
61196.000   10088 1361806  -12895.800            CNMP
61196.000   10088 1361752   -6837.900            CNMP
61196.000   10088 1363162    8957.500            CNMP
61196.000   10088 1363179  -68298.900            CNMP
61196.000   10063 1360274    3401.500            MSL 
61196.000   10063 1363396   -4299.300            MSL 
61196.000   10063 1363872  118013.600            MSL 
61196.000   10081 1353476    3154.700            NIMT
61196.000   10081 1353472   47264.900            NIMT
61196.000   10081 1353470   47896.100            NIMT
61196.000   10013 1410102    2574.300            NAO 
61196.000   10013 1350779     444.300            NAO 
61196.000   10013 1351689     350.000            NAO 
61196.000   10013 1351214     107.400            NAO 
61196.000   10020 1350343  130993.500            NICT
61196.000   10020 1350907   33945.200            NICT
61196.000   10020 1351778   76737.500            NICT
61196.000   10020 1351789   -8742.300            NICT
61196.000   10020 1351866    1388.300            NICT
61196.000   10020 1351944  110385.700            NICT
61196.000   10020 1352011  107721.800            NICT
61196.000   10020 1352056  110963.200            NICT
61196.000   10020 1352113  -46279.700            NICT
61196.000   10020 1352116  -26868.400            NICT
61196.000   10020 1352570   88966.700            NICT
61196.000   10020 1352620   61947.200            NICT
61196.000   10020 1352627  -24913.400            NICT
61196.000   10020 1352628  -26178.900            NICT
61196.000   10020 1352784   42154.800            NICT
61196.000   10020 1352876  123289.700            NICT
61196.000   10020 1352903   53330.200            NICT
61196.000   10020 1353259  -14450.500            NICT
61196.000   10020 1353594  -14251.300            NICT
61196.000   10020 1353716  -29611.900            NICT
61196.000   10020 1353717  -52376.800            NICT
61196.000   10020 1353718  -47170.700            NICT
61196.000   10020 1353720  -55322.800            NICT
61196.000   10020 1353722  -31584.200            NICT
61196.000   10020 1353909   28153.100            NICT
61196.000   10020 1353912  -40286.200            NICT
61196.000   10020 1353916  -75116.000            NICT
61196.000   10020 1353918   40676.900            NICT
61196.000   10020 1354230   69156.200            NICT
61196.000   10020 1402003   17288.800            NICT
61196.000   10020 1402004  -11588.900            NICT
61196.000   10020 1402012   27596.300            NICT
61196.000   10020 1402013   54153.400            NICT
61196.000   10020 1402014   -1635.200            NICT
61196.000   10020 1402015   84399.100            NICT
61196.000   10020 1411041  -76205.500            NICT
61196.000   10020 1411062   31009.500            NICT
61196.000   10020 1412060   70630.000            NICT
61196.000   10002 1412108  632238.600            NIST
61196.000   10002 1412014 -526484.600            NIST
61196.000   10002 1400004 -188428.700            NIST
61196.000   10002 1400222  734842.700            NIST
61196.000   10002 1400209 -441642.200            NIST
61196.000   10002 1400212  619258.000            NIST
61196.000   10002 1400207  730569.600            NIST
61196.000   10002 1412015  663392.400            NIST
61196.000   10002 1400210  289450.200            NIST
61196.000   10002 1400205  977848.200            NIST
61196.000   10002 1412099  400539.800            NIST
61196.000   10002 1412006  204744.800            NIST
61196.000   10002 1442021 -560425.300            NIST
61196.000   10002 1352935 -656727.800            NIST
61196.000   10002 1352579  981036.800            NIST
61196.000   10002 1402205 -188668.100            NIST
61196.000   10050 1320293  149106.700            NMIJ
61196.000   10017 1412011   49207.800            NPL 
61196.000   10017 1412050   48907.200            NPL 
61196.000   10003 1352150    8359.400            NRC 
61196.000   10003 1362225   16955.100            NRC 
61196.000   10003 1352115   19958.100            NRC 
61196.000   10003 1352148    3131.200            NRC 
61196.000   10003 1400306   92688.000            NRC 
61196.000   10003 1400307   12291.800            NRC 
61196.000   10049 1415324   -1577.700            NTSC
61196.000   10049 1415322    3151.500            NTSC
61196.000   10049 1415316   -6271.800            NTSC
61196.000   10049 1415085    -369.700            NTSC
61196.000   10049 1414922    7197.200            NTSC
61196.000   10049 1404967    6688.000            NTSC
61196.000   10049 1354937   14332.600            NTSC
61196.000   10049 1352142   15126.000            NTSC
61196.000   10016 1354619       0.000            INXE
61196.000   10008 1352027   34800.300            OP  
61196.000   10008 1400889    7263.500            OP  
61196.000   10008 1353765   81310.900            OP  
61196.000   10008 1400810   22872.100            OP  
61196.000   10008 1400809   38538.400            OP  
61196.000   10008 1400890   32078.000            OP  
61196.000   10026 1352722   -1937.500            ORB 
61196.000   10026 1352724   10623.400            ORB 
61196.000   10026 1411030   84227.800            ORB 
61196.000   10026 1402602  402032.200            ORB 
61196.000   10026 1352723    1917.900            ORB 
61196.000   10040 1350441    -789.000            PL  
61196.000   10040 1415318 -107355.900            PL  
61196.000   10040 1415321   28571.200            PL  
61196.000   10040 1354603     261.900            PL  
61196.000   10040 1354597     278.700            PL  
61196.000   10005 1920001   41773.200            PTB 
61196.000   10005 1920002   37742.400            PTB 
61196.000   10005 1355322    9105.500            PTB 
61196.000   10005 1400510    9757.800            PTB 
61196.000   10005 1400506   34019.300            PTB 
61196.000   10005 1400508   34629.600            PTB 
61196.000   10005 1400509   10384.600            PTB 
61196.000   10005 1415245   -6987.700            PTB 
61196.000   10005 1400512    7795.500            PTB 
61196.000   10005 1415221    3643.200            PTB 
61196.000   10019 1351942   70828.300            ONRJ
61196.000   10019 1320337   51796.800            ONRJ
61196.000   10019 1354204   75815.900            ONRJ
61196.000   10019 1350147   60077.700            ONRJ
61196.000   10019 1353364   39716.500            ONRJ
61196.000   10019 1351153  -12843.700            ONRJ
61196.000   10019 1401958  139249.200            ONRJ
61196.000   10014 1350583   -5257.500            ROA 
61196.000   10014 1350718   -2113.300            ROA 
61196.000   10014 1361490   87865.900            ROA 
61196.000   10014 1361488   86423.300            ROA 
61196.000   10014 1351699   55659.000            ROA 
61196.000   10014 1401436 2004275.800            ROA 
61196.000   10014 1412032 1359819.200            ROA 
61196.000   10014 1352270    7982.900            ROA 
61196.000   10062 1352932       0.000            SASO
61196.000   10062 1352931    1310.400            SASO
61196.000   10062 1351628    1474.400            SASO
61196.000   10062 1350221   -1174.100            SASO
61196.000   10067 1352525   -9095.200            SCL 
61196.000   10067 1352178  -21627.200            SCL 
61196.000   10067 1415314    2274.300            SCL 
61196.000   10067 1353448    2704.800            SCL 
61196.000   10079 1352003   34558.000            SMD 
61196.000   10079 1352543  -27477.700            SMD 
61196.000   10079 1411049   -1888.700            SMD 
61196.000   10072 1352745  -23178.100            SP  
61196.000   10072 1352750    1029.100            SP  
61196.000   10072 1352758   -2497.500            SP  
61196.000   10072 1354707    6500.600            SP  
61196.000   10072 1362295    5990.200            SP  
61196.000   10072 1362746    1073.700            SP  
61196.000   10072 1362749   24095.300            SP  
61196.000   10072 1362956   -4755.200            SP  
61196.000   10072 1365149   64139.900            SP  
61196.000   10072 1407201    3971.700            SP  
61196.000   10072 1407223  160579.500            SP  
61196.000   10072 1407231  271553.500            SP  
61196.000   10072 1407232  431987.400            SP  
61196.000   10072 1415319   44386.100            SP  
61196.000   10038 1403809 -411181.700            SU  
61196.000   10038 1403811 -281950.100            SU  
61196.000   10038 1403812  -23219.400            SU  
61196.000   10038 1403844 -559488.900            SU  
61196.000   10038 1403853    5415.400            SU  
61196.000   10038 1403833 -394441.000            SU  
61196.000   10038 1403846   49714.200            SU  
61196.000   10038 1403814 -640407.900            SU  
61196.000   10038 1403815 -329935.800            SU  
61196.000   10038 1403816 -297637.300            SU  
61196.000   10038 1403834   12210.000            SU  
61196.000   10038 1403841  -34432.700            SU  
61196.000   10038 1403840   11339.600            SU  
61196.000   10038 1403845 -454413.300            SU  
61196.000   10030 1403011  209048.500            TL  
61196.000   10030 1413202  259397.000            TL  
61196.000   10030 1353942  -38869.500            TL  
61196.000   10030 1353947   57797.200            TL  
61196.000   10030 1354060  -14864.900            TL  
61196.000   10022 1320211 1999899.200            TP  
61196.000   10022 1320247  998984.300            TP  
61196.000   10022 1351227       0.000            TP  
61196.000   10022 1352179      71.700            TP  
61196.000   10022 1352476     597.600            TP  
61196.000   10022 1353519    -126.100            TP  
61196.000   10068 1411028       0.000            UME 
61196.000   10068 1352703     118.500            UME 
61196.000   10068 1350251     239.100            UME 
61196.000   10068 1350872    -718.800            UME 
61196.000   10068 1352710     823.000            UME 
61196.000   10007 1400711 3346136.600            USNO
61196.000   10007 1400719  479529.800            USNO
61196.000   10007 1400702  -65292.800            USNO
61196.000   10007 1400708  678530.500            USNO
61196.000   10007 1400704  118974.000            USNO
61196.000   10007 1400718 1978721.600            USNO
61196.000   10007 1400710 -835139.500            USNO
61196.000   10007 1400715  437981.800            USNO
61196.000   10007 1350161   80833.000            USNO
61196.000   10007 1400727 -761277.800            USNO
61196.000   10007 1400729 2298078.800            USNO
61196.000   10007 1400725 -220873.100            USNO
61196.000   10007 1400724 -826768.200            USNO
61196.000   10007 1400723 -604282.100            USNO
61196.000   10007 1400722 2673396.700            USNO
61196.000   10007 1400721  517761.800            USNO
61196.000   10007 1400720 1262998.800            USNO
61196.000   10007 1400730 2198755.800            USNO
61196.000   10007 1400731 -421264.600            USNO
61196.000   10007 1400732  789560.100            USNO
61196.000   10007 1400736 1221742.400            USNO
61196.000   10007 1400737 2480249.400            USNO
61196.000   10007 1400740 1165866.600            USNO
61196.000   10007 1400713  468263.600            USNO
61196.000   10007 1400716  707222.900            USNO
61196.000   10007 1400733  141784.800            USNO
61196.000   10064 1355005       0.000            UZ  
61196.000   10064 1354998 4582328.600            UZ  
61196.000   10028 1353669   20359.100            VMI 
61196.000   10028 1361233   12776.000            VMI 
61196.000   10028 1353670  -26507.100            VMI 
61196.000   10024 1411040   -3250.500            VSL 
61196.000   10024 1354466   10402.500            VSL 
61196.000   10024 1355008    7717.200            VSL 
61196.000   10024 1355697    1759.700            VSL 
61196.000   10055 1352191     -66.800            DMDM
61196.000   10055 1362033  -60233.800            DMDM
