61146.000   10021 1352938       0.000            UAE 
61146.000   10021 1352940   -3091.600            UAE 
61146.000   10046 1404601   26388.000            AOS 
61146.000   10046 1352394   -1064.500            AOS 
61146.000   10031 1353842    2418.600            APL 
61146.000   10031 1403107  264492.000            APL 
61146.000   10031 1403108  498022.700            APL 
61146.000   10031 1403109  134946.400            APL 
61146.000   10031 1412174   29195.400            APL 
61146.000   10054 1362269     111.000            AUS 
61146.000   10054 1360340   12841.000            AUS 
61146.000   10054 1360654  -44566.000            AUS 
61146.000   10054 1363814    4549.000            AUS 
61146.000   10054 1364971    7525.000            AUS 
61146.000   10054 1360299   28487.000            AUS 
61146.000   10101 1355360       0.000            AZ  
61146.000   10101 1355361   -1237.300            AZ  
61146.000   10075 1352685    3300.900            IMBH
61146.000   10075 1320192   -8633.000            IMBH
61146.000   10075 1320193  -41471.700            IMBH
61146.000   10071 1353447     828.900            BIRM
61146.000   10071 1353689    9928.100            BIRM
61146.000   10071 1407107 -418528.300            BIRM
61146.000   10071 1407112   -9884.200            BIRM
61146.000   10071 1415303   -4652.000            BIRM
61146.000   10071 1415304  -11510.100            BIRM
61146.000   10071 1415305  -20440.300            BIRM
61146.000   10092 1363159    4150.200            ICE 
61146.000   10092 1363522    3675.100            ICE 
61146.000   10057 1355202    -734.100            CH  
61146.000   10057 1373644    -966.400            CH  
61146.000   10057 1405701   -2052.600            CH  
61146.000   10057 1405702   21691.200            CH  
61146.000   10057 1411117     -53.900            CH  
61146.000   10073 1353612  -13650.400            CNM 
61146.000   10073 1413211   -1039.800            CNM 
61146.000   10073 1413212   59393.700            CNM 
61146.000   10074 1411045    4753.300            DLR 
61146.000   10053 1350136     -83.300            DTAG
61146.000   10053 1355332   -1577.300            DTAG
61146.000   10053 1352635    2623.500            DTAG
61146.000   10025 1352025    4287.500            ESA 
61146.000   10025 1351615   -4664.000            ESA 
61146.000   10025 1352353   11723.300            ESA 
61146.000   10025 1352210   29503.900            ESA 
61146.000   10025 1402543  -37684.100            ESA 
61146.000   10025 1402541 -111267.100            ESA 
61146.000   10025 1411033   -1953.600            ESA 
61146.000   10089 1354233       0.000            HKO 
61146.000   10089 1355122    1292.200            HKO 
61146.000   10099 1354701       0.000            IFZG
61146.000   10093 1353401       0.000            NSAI
61146.000   10044 1361167     995.600            IFAG
61146.000   10044 1361173     328.400            IFAG
61146.000   10044 1361629   10362.000            IFAG
61146.000   10044 1361732    7105.300            IFAG
61146.000   10044 1361798     768.600            IFAG
61146.000   10044 1404439    4511.800            IFAG
61146.000   10044 1404418   15341.800            IFAG
61146.000   10048 1404878  947586.500            NIM 
61146.000   10048 1404871 1073219.700            NIM 
61146.000   10048 1404832 1080412.700            NIM 
61146.000   10048 1404879 1917174.100            NIM 
61146.000   10048 1404880 2199031.100            NIM 
61146.000   10048 1352742  112999.100            NIM 
61146.000   10048 1404849 1414959.300            NIM 
61146.000   10048 1404856   94053.400            NIM 
61146.000   10048 1404857   24997.800            NIM 
61146.000   10048 1404821    2978.000            NIM 
61146.000   10048 1404850     679.400            NIM 
61146.000   10048 1404870    5595.200            NIM 
61146.000   10015 1362377       0.000            INTI
61146.000   10015 1363270   12524.500            INTI
61146.000   10015 1363511    6183.700            INTI
61146.000   10070 1353546    8466.200            IPQ 
61146.000   10083 1353654    9977.700            NIS 
61146.000   10083 1354391   17685.400            NIS 
61146.000   10083 1353812  -29317.200            NIS 
61146.000   10083 1352182   -4261.300            NIS 
61146.000   10011 1350219   -1103.100            IT  
61146.000   10011 1352487    -554.000            IT  
61146.000   10011 1401101  266032.400            IT  
61146.000   10011 1401102  296787.200            IT  
61146.000   10011 1401103   35943.800            IT  
61146.000   10011 1401104    7471.000            IT  
61146.000   10011 1411079   -1416.900            IT  
61146.000   10011 1411078    3965.700            IT  
61146.000   10035 1350832   17778.400            BSJ 
61146.000   10035 1350833    9752.500            BSJ 
61146.000   10087 1361277 -112225.400            JV  
61146.000   10087 1362617   70791.900            JV  
61146.000   10087 1415218  -42147.700            JV  
61146.000   10087 1411122   16913.400            JV  
61146.000   10056 1351783   40894.600            KRIS
61146.000   10056 1405624  168460.800            KRIS
61146.000   10056 1405625  487619.400            KRIS
61146.000   10056 1405626   15910.800            KRIS
61146.000   10027 1415201    -697.000            KZ  
61146.000   10027 1415205    1831.500            KZ  
61146.000   10027 1415266   -2809.300            KZ  
61146.000   10052 1351324  -11212.800            NPLI
61146.000   10052 1353376  -10786.000            NPLI
61146.000   10052 1353457    3431.900            NPLI
61146.000   10052 1353413   45225.400            NPLI
61146.000   10052 1353453    5279.300            NPLI
61146.000   10052 1415225  118692.300            NPLI
61146.000   10052 1415365   49000.500            NPLI
61146.000   10052 1415363    3874.400            NPLI
61146.000   10052 1415364   11978.600            NPLI
61146.000   10091 1352370  -10503.200            LRTE
61146.000   10082 1351868       0.000            LT  
61146.000   10082 1351362   -1655.700            LT  
61146.000   10094 1353471  -61757.100            LUX 
61146.000   10094 1353544  -57590.600            LUX 
61146.000   10085 1353507       0.000            NIMB
61146.000   10041 1404113  332035.000            MIKE
61146.000   10041 1404108   32364.400            MIKE
61146.000   10041 1404189  182506.300            MIKE
61146.000   10041 1412084   26578.900            MIKE
61146.000   10088 1361806  -12700.700            CNMP
61146.000   10088 1361752   -6736.500            CNMP
61146.000   10088 1363162    8612.500            CNMP
61146.000   10088 1363179  -67450.200            CNMP
61146.000   10063 1360274    3289.500            MSL 
61146.000   10063 1363396   -4273.400            MSL 
61146.000   10063 1363872  115597.200            MSL 
61146.000   10081 1353476    3684.600            NIMT
61146.000   10081 1353472   46657.100            NIMT
61146.000   10081 1353470   46975.200            NIMT
61146.000   10013 1410102    1919.000            NAO 
61146.000   10013 1350779   10442.000            NAO 
61146.000   10013 1351689    4278.900            NAO 
61146.000   10013 1351214     107.400            NAO 
61146.000   10020 1350343  129643.700            NICT
61146.000   10020 1350907   34693.600            NICT
61146.000   10020 1351226  -16828.300            NICT
61146.000   10020 1351778   76068.200            NICT
61146.000   10020 1351789   -8413.700            NICT
61146.000   10020 1351866    1397.300            NICT
61146.000   10020 1351944  109790.000            NICT
61146.000   10020 1352011  107888.900            NICT
61146.000   10020 1352056  110329.100            NICT
61146.000   10020 1352113  -46076.100            NICT
61146.000   10020 1352116  -27086.000            NICT
61146.000   10020 1352570   88589.600            NICT
61146.000   10020 1352620   61185.100            NICT
61146.000   10020 1352627  -24129.200            NICT
61146.000   10020 1352628  -25555.900            NICT
61146.000   10020 1352784   42686.800            NICT
61146.000   10020 1352876  123495.000            NICT
61146.000   10020 1352903   53074.400            NICT
61146.000   10020 1353594  -14473.800            NICT
61146.000   10020 1353716  -29079.000            NICT
61146.000   10020 1353717  -51244.000            NICT
61146.000   10020 1353718  -45850.200            NICT
61146.000   10020 1353720  -54584.500            NICT
61146.000   10020 1353722  -31153.700            NICT
61146.000   10020 1353909   27765.600            NICT
61146.000   10020 1353912  -39233.700            NICT
61146.000   10020 1353916  -73405.800            NICT
61146.000   10020 1353918   39839.100            NICT
61146.000   10020 1354230   68928.100            NICT
61146.000   10020 1402003   16689.500            NICT
61146.000   10020 1402004  -10424.500            NICT
61146.000   10020 1402012   29898.400            NICT
61146.000   10020 1402013   47873.000            NICT
61146.000   10020 1402014   -2021.500            NICT
61146.000   10020 1402015   78150.000            NICT
61146.000   10020 1411041  -69607.800            NICT
61146.000   10020 1411062   32016.600            NICT
61146.000   10020 1412060   66509.800            NICT
61146.000   10002 1412108  594816.600            NIST
61146.000   10002 1412014 -533926.200            NIST
61146.000   10002 1400004 -192470.800            NIST
61146.000   10002 1400222  731877.900            NIST
61146.000   10002 1400209 -445401.200            NIST
61146.000   10002 1400212  557850.800            NIST
61146.000   10002 1400207  695561.000            NIST
61146.000   10002 1412015  640212.400            NIST
61146.000   10002 1400210  243479.300            NIST
61146.000   10002 1400205  978760.500            NIST
61146.000   10002 1412099  341723.300            NIST
61146.000   10002 1412006  153796.800            NIST
61146.000   10002 1442021 -563299.100            NIST
61146.000   10002 1352935 -655561.100            NIST
61146.000   10002 1352579  980097.100            NIST
61146.000   10002 1402205 -215881.400            NIST
61146.000   10050 1320293  137570.600            NMIJ
61146.000   10017 1412011   48558.300            NPL 
61146.000   10017 1412050   47161.900            NPL 
61146.000   10003 1352150    8260.200            NRC 
61146.000   10003 1362225   17070.700            NRC 
61146.000   10003 1352115   19613.700            NRC 
61146.000   10003 1352148    3174.200            NRC 
61146.000   10003 1400306   92415.300            NRC 
61146.000   10003 1400307   11662.300            NRC 
61146.000   10049 1415324   -1643.000            NTSC
61146.000   10049 1415322    2729.800            NTSC
61146.000   10049 1415316   -5908.500            NTSC
61146.000   10049 1415082   52543.000            NTSC
61146.000   10049 1414922    6381.500            NTSC
61146.000   10049 1404967    5989.600            NTSC
61146.000   10049 1354937   14360.300            NTSC
61146.000   10049 1352142   15174.200            NTSC
61146.000   10016 1354619       0.000            INXE
61146.000   10008 1352027   33999.800            OP  
61146.000   10008 1400889    6079.100            OP  
61146.000   10008 1353765   80107.600            OP  
61146.000   10008 1400810   21721.400            OP  
61146.000   10008 1400809   36898.300            OP  
61146.000   10008 1400890   30767.700            OP  
61146.000   10026 1352722   -2172.100            ORB 
61146.000   10026 1352724   10122.900            ORB 
61146.000   10026 1411030   80215.500            ORB 
61146.000   10026 1402602  376925.400            ORB 
61146.000   10026 1352723    1702.400            ORB 
61146.000   10040 1350441    -792.600            PL  
61146.000   10040 1415318  -55066.400            PL  
61146.000   10040 1415321   26948.000            PL  
61146.000   10040 1354603     179.200            PL  
61146.000   10040 1354597     273.600            PL  
61146.000   10005 1920001   41628.000            PTB 
61146.000   10005 1920002   37621.900            PTB 
61146.000   10005 1355322    8962.800            PTB 
61146.000   10005 1400510    9401.200            PTB 
61146.000   10005 1400506   33132.500            PTB 
61146.000   10005 1400508   33704.800            PTB 
61146.000   10005 1400509   10133.400            PTB 
61146.000   10005 1415245   -6271.800            PTB 
61146.000   10005 1400512    7283.800            PTB 
61146.000   10005 1415221    3600.200            PTB 
61146.000   10019 1351942   69866.100            ONRJ
61146.000   10019 1320337   51341.400            ONRJ
61146.000   10019 1354204   73455.100            ONRJ
61146.000   10019 1350147   59799.200            ONRJ
61146.000   10019 1350102   19816.200            ONRJ
61146.000   10019 1353364   39248.200            ONRJ
61146.000   10019 1351153  -12260.300            ONRJ
61146.000   10019 1401958  132344.600            ONRJ
61146.000   10014 1350583   -4994.800            ROA 
61146.000   10014 1350718   -2442.100            ROA 
61146.000   10014 1361490   87539.500            ROA 
61146.000   10014 1361488   85816.600            ROA 
61146.000   10014 1351699   55339.900            ROA 
61146.000   10014 1401436 1973071.200            ROA 
61146.000   10014 1412032 1327240.100            ROA 
61146.000   10014 1352270    7949.800            ROA 
61146.000   10062 1352932       0.000            SASO
61146.000   10062 1352931     720.900            SASO
61146.000   10062 1351628    1109.300            SASO
61146.000   10062 1350221    -864.600            SASO
61146.000   10067 1352525   -8669.800            SCL 
61146.000   10067 1352178  -20690.400            SCL 
61146.000   10067 1415314    1659.400            SCL 
61146.000   10067 1353448    1498.200            SCL 
61146.000   10079 1352003   34220.700            SMD 
61146.000   10079 1352543  -26746.000            SMD 
61146.000   10079 1411049   -1925.600            SMD 
61146.000   10072 1352745  -22404.700            SP  
61146.000   10072 1352749   22922.500            SP  
61146.000   10072 1352758   -2476.500            SP  
61146.000   10072 1354707    6563.300            SP  
61146.000   10072 1362295    4471.000            SP  
61146.000   10072 1365149   59784.400            SP  
61146.000   10072 1407201    2121.400            SP  
61146.000   10072 1407223  157436.300            SP  
61146.000   10072 1407231  258925.600            SP  
61146.000   10072 1407232  414566.500            SP  
61146.000   10072 1415319   43013.400            SP  
61146.000   10038 1403809 -410369.100            SU  
61146.000   10038 1403811 -282023.200            SU  
61146.000   10038 1403812  -24916.900            SU  
61146.000   10038 1403844 -560580.800            SU  
61146.000   10038 1403853    4760.000            SU  
61146.000   10038 1403833 -395700.600            SU  
61146.000   10038 1403846   48331.500            SU  
61146.000   10038 1403814 -646531.900            SU  
61146.000   10038 1403815 -331392.800            SU  
61146.000   10038 1403834   11255.900            SU  
61146.000   10038 1403841  -36702.400            SU  
61146.000   10038 1403840   10568.100            SU  
61146.000   10038 1403845 -454081.400            SU  
61146.000   10030 1403011  181458.900            TL  
61146.000   10030 1413202  243174.800            TL  
61146.000   10030 1353942  -37751.900            TL  
61146.000   10030 1353947   56440.600            TL  
61146.000   10030 1354060  -14483.800            TL  
61146.000   10022 1320211 1999888.000            TP  
61146.000   10022 1320247  998921.900            TP  
61146.000   10022 1351227       0.000            TP  
61146.000   10022 1352179     111.300            TP  
61146.000   10022 1352476     587.900            TP  
61146.000   10022 1353519    -128.500            TP  
61146.000   10068 1411028       0.000            UME 
61146.000   10068 1352703      27.100            UME 
61146.000   10068 1350251      60.200            UME 
61146.000   10068 1350872     -83.900            UME 
61146.000   10068 1352710     100.900            UME 
61146.000   10007 1400711 3318036.300            USNO
61146.000   10007 1400712  275692.700            USNO
61146.000   10007 1400719  469364.600            USNO
61146.000   10007 1400702  -65437.500            USNO
61146.000   10007 1400708  671926.400            USNO
61146.000   10007 1400704  116456.000            USNO
61146.000   10007 1400718 1959321.600            USNO
61146.000   10007 1400710 -811277.600            USNO
61146.000   10007 1400726 1308451.400            USNO
61146.000   10007 1400715  428997.900            USNO
61146.000   10007 1350161   80928.300            USNO
61146.000   10007 1400727 -744617.700            USNO
61146.000   10007 1400729 2260938.500            USNO
61146.000   10007 1400725 -220205.700            USNO
61146.000   10007 1400724 -821340.900            USNO
61146.000   10007 1400723 -605144.700            USNO
61146.000   10007 1400722 2688940.000            USNO
61146.000   10007 1400721  477151.300            USNO
61146.000   10007 1400720 1258137.100            USNO
61146.000   10007 1400730 2168424.500            USNO
61146.000   10007 1400731 -412663.400            USNO
61146.000   10007 1400732  770518.400            USNO
61146.000   10007 1400736 1218923.700            USNO
61146.000   10007 1400737 2466119.600            USNO
61146.000   10007 1400740 1134562.500            USNO
61146.000   10007 1400713  460902.200            USNO
61146.000   10007 1400714   97863.100            USNO
61146.000   10007 1400716  694968.100            USNO
61146.000   10007 1400738  111693.300            USNO
61146.000   10064 1355005       0.000            UZ  
61146.000   10064 1354998 5154174.800            UZ  
61146.000   10028 1353669   19615.000            VMI 
61146.000   10028 1361233   12171.100            VMI 
61146.000   10028 1353670  -25862.100            VMI 
61146.000   10024 1411040   -2965.800            VSL 
61146.000   10024 1354466   10058.700            VSL 
61146.000   10024 1355008    7314.700            VSL 
61146.000   10024 1355697    1268.500            VSL 
61146.000   10055 1352191     -99.600            DMDM
61146.000   10055 1362033  -57383.300            DMDM
