61097.000   10021 1352938       0.000            UAE 
61097.000   10021 1352940   -1609.300            UAE 
61097.000   10046 1404601   25231.400            AOS 
61097.000   10046 1352394    -869.000            AOS 
61097.000   10031 1353842    2411.000            APL 
61097.000   10031 1403107  259567.800            APL 
61097.000   10031 1403108  460036.700            APL 
61097.000   10031 1403109  133689.600            APL 
61097.000   10031 1412174   24125.500            APL 
61097.000   10054 1362269     100.000            AUS 
61097.000   10054 1360340   12468.000            AUS 
61097.000   10054 1360654  -43297.000            AUS 
61097.000   10054 1363814    4328.000            AUS 
61097.000   10054 1364971    7143.000            AUS 
61097.000   10054 1360299   27919.000            AUS 
61097.000   10101 1355360       0.000            AZ  
61097.000   10101 1355361   -1026.300            AZ  
61097.000   10075 1352685    3114.600            IMBH
61097.000   10075 1320192   -8198.100            IMBH
61097.000   10075 1320193  -39668.000            IMBH
61097.000   10071 1353447    1025.400            BIRM
61097.000   10071 1353689    9888.500            BIRM
61097.000   10071 1407107 -400546.400            BIRM
61097.000   10071 1407111    -310.400            BIRM
61097.000   10071 1407112   -7948.800            BIRM
61097.000   10071 1415303   -3674.500            BIRM
61097.000   10071 1415304  -10407.300            BIRM
61097.000   10071 1415305  -19123.400            BIRM
61097.000   10092 1363159    4487.600            ICE 
61097.000   10092 1363522    3556.100            ICE 
61097.000   10057 1352117   14076.700            CH  
61097.000   10057 1355202    -626.400            CH  
61097.000   10057 1373644    -804.900            CH  
61097.000   10057 1405701   -1821.200            CH  
61097.000   10057 1405702   22586.900            CH  
61097.000   10057 1411117    -137.000            CH  
61097.000   10073 1353612  -11990.800            CNM 
61097.000   10073 1413211   -1022.100            CNM 
61097.000   10073 1413212   49382.100            CNM 
61097.000   10074 1411045    4037.100            DLR 
61097.000   10053 1350136     -83.300            DTAG
61097.000   10053 1355332   -1592.800            DTAG
61097.000   10053 1352635    2485.000            DTAG
61097.000   10025 1352025    4117.900            ESA 
61097.000   10025 1351615   -4536.000            ESA 
61097.000   10025 1352353   11405.700            ESA 
61097.000   10025 1352210   28499.400            ESA 
61097.000   10025 1402543  -31950.500            ESA 
61097.000   10025 1402541 -100712.000            ESA 
61097.000   10025 1411033   -1228.600            ESA 
61097.000   10089 1354233       0.000            HKO 
61097.000   10089 1355122    1260.400            HKO 
61097.000   10099 1354701       0.000            IFZG
61097.000   10093 1353401       0.000            NSAI
61097.000   10044 1361167    1231.800            IFAG
61097.000   10044 1361173     473.000            IFAG
61097.000   10044 1361629    9409.600            IFAG
61097.000   10044 1361732    6488.700            IFAG
61097.000   10044 1361798    1059.600            IFAG
61097.000   10044 1404439    4489.200            IFAG
61097.000   10044 1404418   15263.800            IFAG
61097.000   10048 1404878  924167.900            NIM 
61097.000   10048 1404871 1045098.600            NIM 
61097.000   10048 1404832 1043332.900            NIM 
61097.000   10048 1404879 1889614.800            NIM 
61097.000   10048 1404880 2170089.800            NIM 
61097.000   10048 1352742  111573.700            NIM 
61097.000   10048 1404849 1414646.600            NIM 
61097.000   10048 1404856   93692.200            NIM 
61097.000   10048 1404857   25212.900            NIM 
61097.000   10048 1404821    2817.800            NIM 
61097.000   10048 1404850     613.800            NIM 
61097.000   10048 1404870    5235.600            NIM 
61097.000   10015 1362377       0.000            INTI
61097.000   10015 1363270   12130.400            INTI
61097.000   10015 1363511    5996.800            INTI
61097.000   10070 1353546    8539.100            IPQ 
61097.000   10083 1353654    9766.100            NIS 
61097.000   10083 1354391   16703.500            NIS 
61097.000   10083 1353812  -28215.100            NIS 
61097.000   10083 1352182   -4085.000            NIS 
61097.000   10011 1350219   -1038.200            IT  
61097.000   10011 1352487    -401.800            IT  
61097.000   10011 1401101  240689.000            IT  
61097.000   10011 1401102  291830.100            IT  
61097.000   10011 1401103   34038.600            IT  
61097.000   10011 1401104   10174.400            IT  
61097.000   10011 1411079   -1022.800            IT  
61097.000   10011 1411078    3148.000            IT  
61097.000   10011 1422012     878.500            IT  
61097.000   10035 1350832   16957.500            BSJ 
61097.000   10035 1350833    9318.500            BSJ 
61097.000   10087 1361277 -111788.600            JV  
61097.000   10087 1362617   70050.000            JV  
61097.000   10087 1415218  -42108.300            JV  
61097.000   10087 1411122   15489.300            JV  
61097.000   10056 1351783   39804.100            KRIS
61097.000   10056 1405624  161385.300            KRIS
61097.000   10056 1405625  466777.900            KRIS
61097.000   10056 1405626   15027.400            KRIS
61097.000   10027 1415201    -659.500            KZ  
61097.000   10027 1415205    1594.700            KZ  
61097.000   10027 1415266   -2477.200            KZ  
61097.000   10052 1351324  -11056.800            NPLI
61097.000   10052 1353376  -10635.200            NPLI
61097.000   10052 1353457    3346.200            NPLI
61097.000   10052 1353413   44652.800            NPLI
61097.000   10052 1353453    5135.700            NPLI
61097.000   10052 1415225  114200.700            NPLI
61097.000   10052 1415365   47376.400            NPLI
61097.000   10052 1415363    3375.400            NPLI
61097.000   10052 1415364   11408.700            NPLI
61097.000   10091 1352370   -8312.600            LRTE
61097.000   10082 1351868       0.000            LT  
61097.000   10082 1351362   -1662.000            LT  
61097.000   10094 1353471  -61257.500            LUX 
61097.000   10094 1353544  -57801.800            LUX 
61097.000   10041 1404113  327189.000            MIKE
61097.000   10041 1404108   30436.500            MIKE
61097.000   10041 1404189  184704.000            MIKE
61097.000   10041 1412084   27193.800            MIKE
61097.000   10088 1361806  -12549.600            CNMP
61097.000   10088 1361752   -6671.300            CNMP
61097.000   10088 1363162    8265.600            CNMP
61097.000   10088 1363179  -66646.400            CNMP
61097.000   10063 1360274    3183.800            MSL 
61097.000   10063 1363396   -4351.200            MSL 
61097.000   10063 1363872  113199.300            MSL 
61097.000   10081 1353476    4304.300            NIMT
61097.000   10081 1353472   46116.700            NIMT
61097.000   10081 1353470   46175.600            NIMT
61097.000   10013 1410102   -1536.900            NAO 
61097.000   10013 1350779    6183.200            NAO 
61097.000   10013 1351689    -208.100            NAO 
61097.000   10013 1351214     107.500            NAO 
61097.000   10020 1350343  128362.900            NICT
61097.000   10020 1350907   35476.100            NICT
61097.000   10020 1351226  -16680.300            NICT
61097.000   10020 1351778   75423.700            NICT
61097.000   10020 1351789   -8129.600            NICT
61097.000   10020 1351866    1411.900            NICT
61097.000   10020 1351944  109182.000            NICT
61097.000   10020 1352011  108052.100            NICT
61097.000   10020 1352056  109731.100            NICT
61097.000   10020 1352113  -45871.900            NICT
61097.000   10020 1352116  -27282.100            NICT
61097.000   10020 1352570   88183.100            NICT
61097.000   10020 1352620   60432.100            NICT
61097.000   10020 1352627  -23393.800            NICT
61097.000   10020 1352628  -24976.000            NICT
61097.000   10020 1352784   43236.100            NICT
61097.000   10020 1352876  123689.700            NICT
61097.000   10020 1352903   52819.700            NICT
61097.000   10020 1353594  -14777.400            NICT
61097.000   10020 1353716  -28545.300            NICT
61097.000   10020 1353717  -50185.000            NICT
61097.000   10020 1353718  -44556.200            NICT
61097.000   10020 1353720  -53829.000            NICT
61097.000   10020 1353722  -30737.900            NICT
61097.000   10020 1353909   27438.400            NICT
61097.000   10020 1353912  -38204.900            NICT
61097.000   10020 1353916  -71714.900            NICT
61097.000   10020 1353918   39022.500            NICT
61097.000   10020 1354230   68591.800            NICT
61097.000   10020 1355334   85920.400            NICT
61097.000   10020 1402003   16118.900            NICT
61097.000   10020 1402004   -9285.900            NICT
61097.000   10020 1402012   32270.100            NICT
61097.000   10020 1402013   41989.400            NICT
61097.000   10020 1402014   -2299.700            NICT
61097.000   10020 1402015   72213.100            NICT
61097.000   10020 1411041  -63260.800            NICT
61097.000   10020 1411062   33000.000            NICT
61097.000   10020 1412060   62612.600            NICT
61097.000   10002 1412108  558530.200            NIST
61097.000   10002 1412014 -541086.300            NIST
61097.000   10002 1400004 -196404.400            NIST
61097.000   10002 1400222  728975.800            NIST
61097.000   10002 1400209 -448863.100            NIST
61097.000   10002 1400212  498309.900            NIST
61097.000   10002 1400207  661392.500            NIST
61097.000   10002 1412015  617633.800            NIST
61097.000   10002 1400210  198759.000            NIST
61097.000   10002 1400205  979661.600            NIST
61097.000   10002 1352792 -548482.200            NIST
61097.000   10002 1412099  284499.400            NIST
61097.000   10002 1412006  104269.500            NIST
61097.000   10002 1352935 -654365.600            NIST
61097.000   10002 1352579  979210.000            NIST
61097.000   10002 1402205 -242356.600            NIST
61097.000   10050 1320293  126153.000            NMIJ
61097.000   10017 1412011   47953.600            NPL 
61097.000   10017 1412050   46007.000            NPL 
61097.000   10003 1352150    8157.100            NRC 
61097.000   10003 1362225   17115.000            NRC 
61097.000   10003 1352115   19291.400            NRC 
61097.000   10003 1352148    3234.500            NRC 
61097.000   10003 1400306   92198.000            NRC 
61097.000   10003 1400307   11066.000            NRC 
61097.000   10049 1415324   -1652.800            NTSC
61097.000   10049 1415316   -5555.000            NTSC
61097.000   10049 1415085  -22714.300            NTSC
61097.000   10049 1415082   49547.100            NTSC
61097.000   10049 1414922    5624.900            NTSC
61097.000   10049 1404967    5340.800            NTSC
61097.000   10049 1354937   14422.400            NTSC
61097.000   10049 1352142   15209.600            NTSC
61097.000   10016 1354619       0.000            INXE
61097.000   10008 1352027   33211.900            OP  
61097.000   10008 1400889    4930.600            OP  
61097.000   10008 1353765   78877.100            OP  
61097.000   10008 1400810   20621.700            OP  
61097.000   10008 1400809   35328.200            OP  
61097.000   10008 1400890   29489.000            OP  
61097.000   10026 1352722   -2011.600            ORB 
61097.000   10026 1352724    9636.800            ORB 
61097.000   10026 1411030   76322.300            ORB 
61097.000   10026 1402602  352336.200            ORB 
61097.000   10026 1352723    1472.400            ORB 
61097.000   10040 1350441    -768.900            PL  
61097.000   10040 1415318  -18799.000            PL  
61097.000   10040 1415321   25534.100            PL  
61097.000   10040 1354603     142.600            PL  
61097.000   10040 1354597     260.600            PL  
61097.000   10005 1920001   41579.900            PTB 
61097.000   10005 1920002   37560.800            PTB 
61097.000   10005 1355322    8814.500            PTB 
61097.000   10005 1400510    8938.900            PTB 
61097.000   10005 1400506   32386.100            PTB 
61097.000   10005 1400508   32984.100            PTB 
61097.000   10005 1400509    9890.000            PTB 
61097.000   10005 1415245   -5587.100            PTB 
61097.000   10005 1400512    6797.600            PTB 
61097.000   10005 1415221    3560.200            PTB 
61097.000   10019 1351942   68918.200            ONRJ
61097.000   10019 1320337   50918.100            ONRJ
61097.000   10019 1354204   71141.200            ONRJ
61097.000   10019 1350147   59485.400            ONRJ
61097.000   10019 1350102   19475.800            ONRJ
61097.000   10019 1353364   38793.200            ONRJ
61097.000   10019 1351153  -11714.700            ONRJ
61097.000   10019 1401958  125797.200            ONRJ
61097.000   10014 1350583   -4728.700            ROA 
61097.000   10014 1350718   -2767.800            ROA 
61097.000   10014 1361490   87207.100            ROA 
61097.000   10014 1361488   85298.100            ROA 
61097.000   10014 1351699   55028.100            ROA 
61097.000   10014 1401436 1942711.300            ROA 
61097.000   10014 1412032 1295568.700            ROA 
61097.000   10014 1352270    7855.100            ROA 
61097.000   10062 1352932       0.000            SASO
61097.000   10062 1352931     141.800            SASO
61097.000   10062 1351628     814.400            SASO
61097.000   10062 1350221    -573.500            SASO
61097.000   10067 1352525   -8229.600            SCL 
61097.000   10067 1352178  -19828.900            SCL 
61097.000   10067 1415314    1095.900            SCL 
61097.000   10067 1353448     346.600            SCL 
61097.000   10079 1352003   33871.600            SMD 
61097.000   10079 1352543  -26026.700            SMD 
61097.000   10079 1411049   -1953.200            SMD 
61097.000   10072 1352745  -21608.500            SP  
61097.000   10072 1352749   21794.900            SP  
61097.000   10072 1352758   -2417.500            SP  
61097.000   10072 1354707    6590.900            SP  
61097.000   10072 1362295    2993.200            SP  
61097.000   10072 1365149   55442.900            SP  
61097.000   10072 1407201     473.200            SP  
61097.000   10072 1407223  154375.000            SP  
61097.000   10072 1407231  246765.600            SP  
61097.000   10072 1407232  397667.700            SP  
61097.000   10072 1415319   41674.100            SP  
61097.000   10038 1403809 -409551.300            SU  
61097.000   10038 1403811 -282062.800            SU  
61097.000   10038 1403812  -26514.300            SU  
61097.000   10038 1403844 -561636.600            SU  
61097.000   10038 1403853    4125.000            SU  
61097.000   10038 1403833 -396909.600            SU  
61097.000   10038 1403846   46988.200            SU  
61097.000   10038 1403814 -652493.900            SU  
61097.000   10038 1403815 -332791.200            SU  
61097.000   10038 1403834   10347.500            SU  
61097.000   10038 1403841  -38906.700            SU  
61097.000   10038 1403840    9829.500            SU  
61097.000   10038 1403845 -453730.200            SU  
61097.000   10030 1403011  154660.400            TL  
61097.000   10030 1413202  225603.100            TL  
61097.000   10030 1353942  -36633.000            TL  
61097.000   10030 1353947   55089.900            TL  
61097.000   10030 1354060  -14101.400            TL  
61097.000   10022 1320211 1999808.900            TP  
61097.000   10022 1320247  998939.700            TP  
61097.000   10022 1351227       0.000            TP  
61097.000   10022 1352179       9.200            TP  
61097.000   10022 1352476     515.400            TP  
61097.000   10022 1353519    -120.800            TP  
61097.000   10022 1411076      91.900            TP  
61097.000   10068 1411028       0.000            UME 
61097.000   10068 1352703    2445.300            UME 
61097.000   10068 1350251    3414.200            UME 
61097.000   10068 1350872   -8117.000            UME 
61097.000   10068 1352710    2916.000            UME 
61097.000   10007 1400711 3290537.800            USNO
61097.000   10007 1400712  272560.000            USNO
61097.000   10007 1400719  458887.000            USNO
61097.000   10007 1400702  -65564.400            USNO
61097.000   10007 1400708  665485.700            USNO
61097.000   10007 1400704  114016.700            USNO
61097.000   10007 1400718 1940392.100            USNO
61097.000   10007 1400710 -787861.100            USNO
61097.000   10007 1400726 1284716.800            USNO
61097.000   10007 1400715  420232.400            USNO
61097.000   10007 1350161   81021.400            USNO
61097.000   10007 1400727 -728068.200            USNO
61097.000   10007 1400729 2224803.300            USNO
61097.000   10007 1400725 -219545.400            USNO
61097.000   10007 1400724 -816009.800            USNO
61097.000   10007 1400723 -605918.800            USNO
61097.000   10007 1400722 2698658.600            USNO
61097.000   10007 1400721  437636.200            USNO
61097.000   10007 1400720 1253576.000            USNO
61097.000   10007 1400730 2138866.900            USNO
61097.000   10007 1400731 -404232.800            USNO
61097.000   10007 1400732  752049.600            USNO
61097.000   10007 1400736 1216373.100            USNO
61097.000   10007 1400737 2452531.600            USNO
61097.000   10007 1400740 1104246.200            USNO
61097.000   10007 1400713  453748.900            USNO
61097.000   10007 1400714   94772.600            USNO
61097.000   10007 1400716  682984.600            USNO
61097.000   10007 1400738  103299.500            USNO
61097.000   10064 1355005       0.000            UZ  
61097.000   10064 1354998 5136631.300            UZ  
61097.000   10028 1353669   20007.300            VMI 
61097.000   10028 1361233   12663.300            VMI 
61097.000   10028 1353670  -24078.800            VMI 
61097.000   10024 1411040   -2694.600            VSL 
61097.000   10024 1354466    9717.800            VSL 
61097.000   10024 1355008    6937.000            VSL 
61097.000   10024 1355697     793.100            VSL 
61097.000   10055 1352191     -97.200            DMDM
61097.000   10055 1362033  -54571.800            DMDM
