61170.000   10021 1352938       0.000            UAE 
61170.000   10021 1352940   -3791.500            UAE 
61170.000   10046 1404601   26960.200            AOS 
61170.000   10046 1352394   -1173.700            AOS 
61170.000   10031 1353842    2414.500            APL 
61170.000   10031 1403107  266940.300            APL 
61170.000   10031 1403108  516684.000            APL 
61170.000   10031 1403109  135565.800            APL 
61170.000   10031 1412174   31913.900            APL 
61170.000   10054 1362269     118.000            AUS 
61170.000   10054 1360340   12968.000            AUS 
61170.000   10054 1360654  -45205.000            AUS 
61170.000   10054 1363814    4623.000            AUS 
61170.000   10054 1364971    7675.000            AUS 
61170.000   10054 1360299   28789.000            AUS 
61170.000   10075 1352685    3389.300            IMBH
61170.000   10075 1320192   -8809.100            IMBH
61170.000   10075 1320193  -42448.300            IMBH
61170.000   10071 1353447     762.100            BIRM
61170.000   10071 1353689    9941.500            BIRM
61170.000   10071 1407107 -427391.000            BIRM
61170.000   10071 1407112  -10852.200            BIRM
61170.000   10071 1415303   -5154.800            BIRM
61170.000   10071 1415304  -12070.600            BIRM
61170.000   10071 1415305  -21102.500            BIRM
61170.000   10092 1363159    3984.900            ICE 
61170.000   10092 1363522    3688.900            ICE 
61170.000   10057 1355202    -779.300            CH  
61170.000   10057 1373644   -1059.000            CH  
61170.000   10057 1405701   -2167.400            CH  
61170.000   10057 1405702   21207.000            CH  
61170.000   10057 1411117     -74.700            CH  
61170.000   10073 1353612  -14417.700            CNM 
61170.000   10073 1413211   -1023.100            CNM 
61170.000   10073 1413212   64474.600            CNM 
61170.000   10074 1411045    5089.400            DLR 
61170.000   10053 1350136     -83.300            DTAG
61170.000   10053 1355332   -1469.800            DTAG
61170.000   10053 1352635    2580.500            DTAG
61170.000   10025 1352025    4367.300            ESA 
61170.000   10025 1351615   -4736.600            ESA 
61170.000   10025 1352353   11897.000            ESA 
61170.000   10025 1352210   30003.200            ESA 
61170.000   10025 1402543  -40632.300            ESA 
61170.000   10025 1402541 -116739.500            ESA 
61170.000   10025 1411033   -2334.900            ESA 
61170.000   10089 1354233       0.000            HKO 
61170.000   10089 1355122    1324.900            HKO 
61170.000   10099 1354701       0.000            IFZG
61170.000   10093 1353401       0.000            NSAI
61170.000   10044 1361167     854.300            IFAG
61170.000   10044 1361173     185.000            IFAG
61170.000   10044 1361629   10719.000            IFAG
61170.000   10044 1361732    7407.300            IFAG
61170.000   10044 1361798     490.100            IFAG
61170.000   10044 1404439    4368.400            IFAG
61170.000   10044 1404418   15238.700            IFAG
61170.000   10048 1404878  959103.200            NIM 
61170.000   10048 1404871 1087025.100            NIM 
61170.000   10048 1404832 1098713.200            NIM 
61170.000   10048 1404879 1930734.100            NIM 
61170.000   10048 1404880 2213266.300            NIM 
61170.000   10048 1352742  113693.900            NIM 
61170.000   10048 1404849 1415116.300            NIM 
61170.000   10048 1404856   94231.000            NIM 
61170.000   10048 1404857   24892.700            NIM 
61170.000   10048 1404821    3060.700            NIM 
61170.000   10048 1404850     715.000            NIM 
61170.000   10048 1404870    5776.600            NIM 
61170.000   10015 1362377       0.000            INTI
61170.000   10015 1363270   12685.900            INTI
61170.000   10015 1363511    6249.000            INTI
61170.000   10070 1353546    8425.100            IPQ 
61170.000   10083 1353654   10080.700            NIS 
61170.000   10083 1354391   18155.700            NIS 
61170.000   10083 1353812  -29895.300            NIS 
61170.000   10083 1352182   -4376.100            NIS 
61170.000   10011 1350219   -1132.100            IT  
61170.000   10011 1352487    -635.300            IT  
61170.000   10011 1401101  278545.700            IT  
61170.000   10011 1401102  299172.300            IT  
61170.000   10011 1401103   36897.700            IT  
61170.000   10011 1401104    6121.300            IT  
61170.000   10011 1411079   -1616.500            IT  
61170.000   10011 1411078    4391.800            IT  
61170.000   10035 1350832   18159.400            BSJ 
61170.000   10035 1350833   10027.600            BSJ 
61170.000   10087 1361277 -112453.600            JV  
61170.000   10087 1362617   71161.200            JV  
61170.000   10087 1415218  -42167.100            JV  
61170.000   10087 1411122   17629.300            JV  
61170.000   10056 1351783   41429.400            KRIS
61170.000   10056 1405624  171954.800            KRIS
61170.000   10056 1405625  497926.900            KRIS
61170.000   10056 1405626   16343.100            KRIS
61170.000   10027 1415201    -705.600            KZ  
61170.000   10027 1415205    1955.900            KZ  
61170.000   10027 1415266   -2978.200            KZ  
61170.000   10052 1351324  -11226.800            NPLI
61170.000   10052 1353376  -10863.100            NPLI
61170.000   10052 1353457    3492.200            NPLI
61170.000   10052 1353413   45502.000            NPLI
61170.000   10052 1353453    5327.600            NPLI
61170.000   10052 1415225  120956.300            NPLI
61170.000   10052 1415365   49801.500            NPLI
61170.000   10052 1415363    4123.100            NPLI
61170.000   10052 1415364   12263.600            NPLI
61170.000   10091 1352370  -11004.500            LRTE
61170.000   10082 1351868       0.000            LT  
61170.000   10082 1351362   -1686.000            LT  
61170.000   10094 1353471  -62009.100            LUX 
61170.000   10094 1353544  -57501.600            LUX 
61170.000   10085 1353507       0.000            NIMB
61170.000   10041 1404113  334404.000            MIKE
61170.000   10041 1404108   33401.200            MIKE
61170.000   10041 1404189  181602.200            MIKE
61170.000   10041 1412084   26278.700            MIKE
61170.000   10088 1361806  -12807.800            CNMP
61170.000   10088 1361752   -6811.200            CNMP
61170.000   10088 1363162    8766.200            CNMP
61170.000   10088 1363179  -67839.700            CNMP
61170.000   10063 1360274    3355.800            MSL 
61170.000   10063 1363396   -4298.100            MSL 
61170.000   10063 1363872  116756.800            MSL 
61170.000   10081 1353476    3424.800            NIMT
61170.000   10081 1353472   46966.700            NIMT
61170.000   10081 1353470   47430.200            NIMT
61170.000   10013 1410102    2174.800            NAO 
61170.000   10013 1350779     497.000            NAO 
61170.000   10013 1351689     386.900            NAO 
61170.000   10013 1351214     107.400            NAO 
61170.000   10020 1350343  130283.700            NICT
61170.000   10020 1350907   34330.900            NICT
61170.000   10020 1351226  -16884.000            NICT
61170.000   10020 1351778   76366.300            NICT
61170.000   10020 1351789   -8573.000            NICT
61170.000   10020 1351866    1362.700            NICT
61170.000   10020 1351944  110073.000            NICT
61170.000   10020 1352011  107815.500            NICT
61170.000   10020 1352056  110644.500            NICT
61170.000   10020 1352113  -46170.800            NICT
61170.000   10020 1352116  -26991.800            NICT
61170.000   10020 1352570   88787.400            NICT
61170.000   10020 1352620   61539.500            NICT
61170.000   10020 1352627  -24524.700            NICT
61170.000   10020 1352628  -25844.900            NICT
61170.000   10020 1352784   42421.800            NICT
61170.000   10020 1352876  123409.000            NICT
61170.000   10020 1352903   53192.400            NICT
61170.000   10020 1353594  -14349.100            NICT
61170.000   10020 1353716  -29323.400            NICT
61170.000   10020 1353717  -51780.400            NICT
61170.000   10020 1353718  -46477.600            NICT
61170.000   10020 1353720  -54936.000            NICT
61170.000   10020 1353722  -31358.800            NICT
61170.000   10020 1353909   27936.800            NICT
61170.000   10020 1353912  -39732.600            NICT
61170.000   10020 1353916  -74228.600            NICT
61170.000   10020 1353918   40240.100            NICT
61170.000   10020 1354230   69048.400            NICT
61170.000   10020 1402003   16972.500            NICT
61170.000   10020 1402004  -10983.300            NICT
61170.000   10020 1402012   28778.500            NICT
61170.000   10020 1402013   50853.200            NICT
61170.000   10020 1402014   -1849.400            NICT
61170.000   10020 1402015   81125.600            NICT
61170.000   10020 1411041  -72759.600            NICT
61170.000   10020 1411062   31532.700            NICT
61170.000   10020 1412060   68467.400            NICT
61170.000   10002 1412108  612728.600            NIST
61170.000   10002 1412014 -530369.600            NIST
61170.000   10002 1400004 -190534.200            NIST
61170.000   10002 1400222  733302.000            NIST
61170.000   10002 1400209 -443627.400            NIST
61170.000   10002 1400212  587245.800            NIST
61170.000   10002 1400207  712351.900            NIST
61170.000   10002 1412015  651316.600            NIST
61170.000   10002 1400210  265502.900            NIST
61170.000   10002 1400205  978321.500            NIST
61170.000   10002 1412099  369850.800            NIST
61170.000   10002 1412006  178190.600            NIST
61170.000   10002 1442021 -561982.500            NIST
61170.000   10002 1352935 -656124.300            NIST
61170.000   10002 1352579  980514.900            NIST
61170.000   10002 1402205 -202842.000            NIST
61170.000   10050 1320293  143139.100            NMIJ
61170.000   10017 1412011   48860.100            NPL 
61170.000   10017 1412050   47933.300            NPL 
61170.000   10003 1352150    8300.600            NRC 
61170.000   10003 1362225   17006.900            NRC 
61170.000   10003 1352115   19786.000            NRC 
61170.000   10003 1352148    3165.600            NRC 
61170.000   10003 1400306   92530.900            NRC 
61170.000   10003 1400307   11961.300            NRC 
61170.000   10049 1415324   -1618.300            NTSC
61170.000   10049 1415322    2930.200            NTSC
61170.000   10049 1415316   -6082.400            NTSC
61170.000   10049 1415082   54032.300            NTSC
61170.000   10049 1414922    6769.300            NTSC
61170.000   10049 1404967    6320.800            NTSC
61170.000   10049 1354937   14351.200            NTSC
61170.000   10049 1352142   15152.200            NTSC
61170.000   10016 1354619       0.000            INXE
61170.000   10008 1352027   34367.000            OP  
61170.000   10008 1400889    6647.300            OP  
61170.000   10008 1353765   80691.300            OP  
61170.000   10008 1400810   22270.100            OP  
61170.000   10008 1400809   37680.600            OP  
61170.000   10008 1400890   31397.500            OP  
61170.000   10026 1352722   -2178.400            ORB 
61170.000   10026 1352724   10366.500            ORB 
61170.000   10026 1411030   82135.300            ORB 
61170.000   10026 1402602  388974.700            ORB 
61170.000   10026 1352723    1805.800            ORB 
61170.000   10040 1350441    -793.400            PL  
61170.000   10040 1415318  -78274.300            PL  
61170.000   10040 1415321   27799.200            PL  
61170.000   10040 1354603     210.200            PL  
61170.000   10040 1354597     285.000            PL  
61170.000   10005 1920001   41683.600            PTB 
61170.000   10005 1920002   37669.300            PTB 
61170.000   10005 1355322    9037.700            PTB 
61170.000   10005 1400510    9630.400            PTB 
61170.000   10005 1400506   33543.200            PTB 
61170.000   10005 1400508   34125.100            PTB 
61170.000   10005 1400509   10253.900            PTB 
61170.000   10005 1415245   -6610.300            PTB 
61170.000   10005 1400512    7527.700            PTB 
61170.000   10005 1415221    3619.100            PTB 
61170.000   10019 1351942   70336.500            ONRJ
61170.000   10019 1320337   51568.500            ONRJ
61170.000   10019 1354204   74571.100            ONRJ
61170.000   10019 1350147   59940.500            ONRJ
61170.000   10019 1350102   20258.900            ONRJ
61170.000   10019 1353364   39473.900            ONRJ
61170.000   10019 1351153  -12539.900            ONRJ
61170.000   10019 1401958  135645.100            ONRJ
61170.000   10014 1350583   -5124.600            ROA 
61170.000   10014 1350718   -2282.400            ROA 
61170.000   10014 1361490   87712.100            ROA 
61170.000   10014 1361488   86108.300            ROA 
61170.000   10014 1351699   55487.000            ROA 
61170.000   10014 1401436 1988025.500            ROA 
61170.000   10014 1412032 1342840.400            ROA 
61170.000   10014 1352270    7964.600            ROA 
61170.000   10062 1352932       0.000            SASO
61170.000   10062 1352931    1010.600            SASO
61170.000   10062 1351628    1286.000            SASO
61170.000   10062 1350221   -1013.500            SASO
61170.000   10067 1352525   -8860.900            SCL 
61170.000   10067 1352178  -21114.200            SCL 
61170.000   10067 1415314    1956.300            SCL 
61170.000   10067 1353448    2083.800            SCL 
61170.000   10079 1352003   34393.000            SMD 
61170.000   10079 1352543  -27092.900            SMD 
61170.000   10079 1411049   -1909.900            SMD 
61170.000   10072 1352745  -22802.300            SP  
61170.000   10072 1352749   23471.400            SP  
61170.000   10072 1352758   -2493.700            SP  
61170.000   10072 1354707    6532.600            SP  
61170.000   10072 1365149   61852.800            SP  
61170.000   10072 1407201    2990.500            SP  
61170.000   10072 1407231  264957.400            SP  
61170.000   10072 1407232  422903.900            SP  
61170.000   10072 1415319   43669.900            SP  
61170.000   10038 1403809 -410761.800            SU  
61170.000   10038 1403811 -281992.700            SU  
61170.000   10038 1403812  -24110.500            SU  
61170.000   10038 1403844 -560058.100            SU  
61170.000   10038 1403853    5073.500            SU  
61170.000   10038 1403833 -395099.300            SU  
61170.000   10038 1403846   48993.500            SU  
61170.000   10038 1403814 -643597.900            SU  
61170.000   10038 1403815 -330697.100            SU  
61170.000   10038 1403834   11710.400            SU  
61170.000   10038 1403841  -35615.400            SU  
61170.000   10038 1403840   10935.400            SU  
61170.000   10038 1403845 -454243.800            SU  
61170.000   10030 1403011  194670.800            TL  
61170.000   10030 1413202  256774.900            TL  
61170.000   10030 1353942  -38287.300            TL  
61170.000   10030 1353947   57094.300            TL  
61170.000   10030 1354060  -14673.300            TL  
61170.000   10022 1320211 1999888.600            TP  
61170.000   10022 1320247  998941.700            TP  
61170.000   10022 1351227       0.000            TP  
61170.000   10022 1352179     101.400            TP  
61170.000   10022 1352476     584.600            TP  
61170.000   10022 1353519     -77.100            TP  
61170.000   10068 1411028       0.000            UME 
61170.000   10068 1352703      63.300            UME 
61170.000   10068 1350251     126.100            UME 
61170.000   10068 1350872    -404.100            UME 
61170.000   10068 1352710     408.800            UME 
61170.000   10007 1400711 3331518.800            USNO
61170.000   10007 1400719  474298.300            USNO
61170.000   10007 1400702  -65368.900            USNO
61170.000   10007 1400708  675092.900            USNO
61170.000   10007 1400704  117663.000            USNO
61170.000   10007 1400718 1968622.000            USNO
61170.000   10007 1400710 -822734.800            USNO
61170.000   10007 1400726 1320293.200            USNO
61170.000   10007 1400715  433304.600            USNO
61170.000   10007 1350161   80889.800            USNO
61170.000   10007 1400727 -752642.000            USNO
61170.000   10007 1400729 2278727.300            USNO
61170.000   10007 1400725 -220527.600            USNO
61170.000   10007 1400724 -823946.900            USNO
61170.000   10007 1400723 -604741.100            USNO
61170.000   10007 1400722 2682144.800            USNO
61170.000   10007 1400721  496612.000            USNO
61170.000   10007 1400720 1260444.700            USNO
61170.000   10007 1400730 2182961.900            USNO
61170.000   10007 1400731 -416792.300            USNO
61170.000   10007 1400732  779633.200            USNO
61170.000   10007 1400736 1220249.100            USNO
61170.000   10007 1400737 2472868.400            USNO
61170.000   10007 1400740 1149539.600            USNO
61170.000   10007 1400713  464429.800            USNO
61170.000   10007 1400716  700847.900            USNO
61170.000   10007 1400733  124204.600            USNO
61170.000   10064 1355005       0.000            UZ  
61170.000   10064 1354998 5006171.800            UZ  
61170.000   10028 1353669   19686.900            VMI 
61170.000   10028 1361233   12215.500            VMI 
61170.000   10028 1353670  -26460.500            VMI 
61170.000   10024 1411040   -3099.600            VSL 
61170.000   10024 1354466   10233.500            VSL 
61170.000   10024 1355008    7512.200            VSL 
61170.000   10024 1355697    1505.700            VSL 
61170.000   10055 1352191     -66.800            DMDM
61170.000   10055 1362033  -58758.200            DMDM
