61179.000   10021 1352938       0.000            UAE 
61179.000   10021 1352940   -4043.500            UAE 
61179.000   10046 1404601   27177.500            AOS 
61179.000   10046 1352394   -1218.800            AOS 
61179.000   10031 1353842    2406.200            APL 
61179.000   10031 1403107  267862.800            APL 
61179.000   10031 1403108  523689.600            APL 
61179.000   10031 1403109  135797.400            APL 
61179.000   10031 1412174   32973.400            APL 
61179.000   10054 1362269     129.000            AUS 
61179.000   10054 1360340   13023.000            AUS 
61179.000   10054 1360654  -45423.000            AUS 
61179.000   10054 1363814    4680.000            AUS 
61179.000   10054 1364971    7741.000            AUS 
61179.000   10054 1360299   28895.000            AUS 
61179.000   10101 1355360       0.000            AZ  
61179.000   10101 1355361   -1383.800            AZ  
61179.000   10075 1352685    3413.600            IMBH
61179.000   10075 1320192   -8820.000            IMBH
61179.000   10075 1320193  -42810.500            IMBH
61179.000   10071 1353447     713.600            BIRM
61179.000   10071 1353689    9951.600            BIRM
61179.000   10071 1407103    -346.100            BIRM
61179.000   10071 1407107 -430722.300            BIRM
61179.000   10071 1407111   -1118.900            BIRM
61179.000   10071 1407112  -11216.500            BIRM
61179.000   10071 1415303   -5344.900            BIRM
61179.000   10071 1415304  -12282.200            BIRM
61179.000   10071 1415305  -21351.300            BIRM
61179.000   10092 1363159    3923.000            ICE 
61179.000   10092 1363522    3704.700            ICE 
61179.000   10057 1355202    -796.700            CH  
61179.000   10057 1373644   -1091.300            CH  
61179.000   10057 1405701   -2210.400            CH  
61179.000   10057 1405702   21015.100            CH  
61179.000   10057 1411117     -83.400            CH  
61179.000   10073 1353612  -14691.800            CNM 
61179.000   10073 1413211   -1017.900            CNM 
61179.000   10073 1413212   66403.600            CNM 
61179.000   10074 1411045    5220.400            DLR 
61179.000   10053 1350136     -83.300            DTAG
61179.000   10053 1355332   -1441.200            DTAG
61179.000   10053 1352635    2552.100            DTAG
61179.000   10025 1352025    4392.800            ESA 
61179.000   10025 1351615   -4767.700            ESA 
61179.000   10025 1352353   11940.800            ESA 
61179.000   10025 1352210   30179.700            ESA 
61179.000   10025 1402543  -41755.300            ESA 
61179.000   10025 1402541 -118833.400            ESA 
61179.000   10025 1411033   -2478.100            ESA 
61179.000   10089 1354233       0.000            HKO 
61179.000   10089 1355122    1335.700            HKO 
61179.000   10099 1354701       0.000            IFZG
61179.000   10093 1353401       0.000            NSAI
61179.000   10044 1361167     787.500            IFAG
61179.000   10044 1361173     145.600            IFAG
61179.000   10044 1361629   10838.400            IFAG
61179.000   10044 1361732    7520.500            IFAG
61179.000   10044 1361798     387.200            IFAG
61179.000   10044 1404439    4300.400            IFAG
61179.000   10044 1404418   15192.000            IFAG
61179.000   10048 1404878  963430.700            NIM 
61179.000   10048 1404871 1092211.400            NIM 
61179.000   10048 1404832 1105604.500            NIM 
61179.000   10048 1404879 1935825.500            NIM 
61179.000   10048 1404880 2218615.900            NIM 
61179.000   10048 1352742  113955.600            NIM 
61179.000   10048 1404849 1415176.300            NIM 
61179.000   10048 1404856   94298.300            NIM 
61179.000   10048 1404857   24853.600            NIM 
61179.000   10048 1404821    3092.900            NIM 
61179.000   10048 1404850     729.500            NIM 
61179.000   10048 1404870    5845.900            NIM 
61179.000   10015 1362377       0.000            INTI
61179.000   10015 1363270   12741.100            INTI
61179.000   10015 1363511    6273.600            INTI
61179.000   10070 1353546    8339.500            IPQ 
61179.000   10083 1353654   10120.300            NIS 
61179.000   10083 1354391   18335.600            NIS 
61179.000   10083 1353812  -30101.400            NIS 
61179.000   10083 1352182   -4417.700            NIS 
61179.000   10011 1350219   -1141.900            IT  
61179.000   10011 1352487    -660.000            IT  
61179.000   10011 1401101  283255.900            IT  
61179.000   10011 1401102  300060.800            IT  
61179.000   10011 1401103   37257.700            IT  
61179.000   10011 1401104    5609.100            IT  
61179.000   10011 1411079   -1693.000            IT  
61179.000   10011 1411078    4553.900            IT  
61179.000   10035 1350832   18302.700            BSJ 
61179.000   10035 1350833   10155.700            BSJ 
61179.000   10087 1361277 -112560.500            JV  
61179.000   10087 1362617   71315.600            JV  
61179.000   10087 1415218  -42174.300            JV  
61179.000   10087 1411122   17904.100            JV  
61179.000   10056 1351783   41630.900            KRIS
61179.000   10056 1405624  173269.300            KRIS
61179.000   10056 1405625  501809.000            KRIS
61179.000   10056 1405626   16506.300            KRIS
61179.000   10027 1415201    -706.900            KZ  
61179.000   10027 1415205    2003.700            KZ  
61179.000   10027 1415266   -3041.100            KZ  
61179.000   10052 1351324  -11244.100            NPLI
61179.000   10052 1353376  -10881.000            NPLI
61179.000   10052 1353457    3507.600            NPLI
61179.000   10052 1353413   45609.700            NPLI
61179.000   10052 1353453    5348.900            NPLI
61179.000   10052 1415225  121812.900            NPLI
61179.000   10052 1415365   50102.100            NPLI
61179.000   10052 1415363    4216.300            NPLI
61179.000   10052 1415364   12370.300            NPLI
61179.000   10091 1352370  -11489.600            LRTE
61179.000   10082 1351868       0.000            LT  
61179.000   10082 1351362   -1689.000            LT  
61179.000   10094 1353471  -62098.700            LUX 
61179.000   10094 1353544  -57462.900            LUX 
61179.000   10085 1353507       0.000            NIMB
61179.000   10041 1404113  335293.000            MIKE
61179.000   10041 1404108   33804.900            MIKE
61179.000   10041 1404189  181293.900            MIKE
61179.000   10041 1412084   26168.300            MIKE
61179.000   10088 1361806  -12831.400            CNMP
61179.000   10088 1361752   -6807.200            CNMP
61179.000   10088 1363162    8837.000            CNMP
61179.000   10088 1363179  -67985.600            CNMP
61179.000   10063 1360274    3364.600            MSL 
61179.000   10063 1363396   -4285.400            MSL 
61179.000   10063 1363872  117190.700            MSL 
61179.000   10081 1353476    3335.500            NIMT
61179.000   10081 1353472   47072.800            NIMT
61179.000   10081 1353470   47596.200            NIMT
61179.000   10013 1410102    2295.400            NAO 
61179.000   10013 1350779     483.000            NAO 
61179.000   10013 1351689     365.800            NAO 
61179.000   10013 1351214     107.400            NAO 
61179.000   10020 1350343  130531.200            NICT
61179.000   10020 1350907   34199.100            NICT
61179.000   10020 1351778   76489.800            NICT
61179.000   10020 1351789   -8631.900            NICT
61179.000   10020 1351866    1370.000            NICT
61179.000   10020 1351944  110179.100            NICT
61179.000   10020 1352011  107781.200            NICT
61179.000   10020 1352056  110751.300            NICT
61179.000   10020 1352113  -46203.200            NICT
61179.000   10020 1352116  -26946.900            NICT
61179.000   10020 1352570   88858.700            NICT
61179.000   10020 1352620   61682.300            NICT
61179.000   10020 1352627  -24665.100            NICT
61179.000   10020 1352628  -25964.800            NICT
61179.000   10020 1352784   42329.700            NICT
61179.000   10020 1352876  123368.400            NICT
61179.000   10020 1352903   53243.500            NICT
61179.000   10020 1353594  -14300.400            NICT
61179.000   10020 1353716  -29422.200            NICT
61179.000   10020 1353717  -51997.800            NICT
61179.000   10020 1353718  -46706.600            NICT
61179.000   10020 1353720  -55068.800            NICT
61179.000   10020 1353722  -31437.700            NICT
61179.000   10020 1353909   28011.700            NICT
61179.000   10020 1353912  -39922.200            NICT
61179.000   10020 1353916  -74534.800            NICT
61179.000   10020 1353918   40390.800            NICT
61179.000   10020 1354230   69081.500            NICT
61179.000   10020 1402003   17081.600            NICT
61179.000   10020 1402004  -11192.700            NICT
61179.000   10020 1402012   28365.700            NICT
61179.000   10020 1402013   51987.400            NICT
61179.000   10020 1402014   -1778.500            NICT
61179.000   10020 1402015   82253.100            NICT
61179.000   10020 1411041  -73948.300            NICT
61179.000   10020 1411062   31351.300            NICT
61179.000   10020 1412060   69211.200            NICT
61179.000   10002 1412108  619470.200            NIST
61179.000   10002 1412014 -529028.700            NIST
61179.000   10002 1400004 -189805.800            NIST
61179.000   10002 1400222  733835.400            NIST
61179.000   10002 1400209 -442946.400            NIST
61179.000   10002 1400212  598302.900            NIST
61179.000   10002 1400207  718656.200            NIST
61179.000   10002 1412015  655491.500            NIST
61179.000   10002 1400210  273781.700            NIST
61179.000   10002 1400205  978157.500            NIST
61179.000   10002 1412099  380455.400            NIST
61179.000   10002 1412006  187368.600            NIST
61179.000   10002 1442021 -561455.600            NIST
61179.000   10002 1352935 -656331.400            NIST
61179.000   10002 1352579  980694.300            NIST
61179.000   10002 1402205 -197941.100            NIST
61179.000   10050 1320293  145208.200            NMIJ
61179.000   10017 1412011   48974.400            NPL 
61179.000   10017 1412050   48257.500            NPL 
61179.000   10003 1352150    8328.500            NRC 
61179.000   10003 1362225   17015.800            NRC 
61179.000   10003 1352115   19845.200            NRC 
61179.000   10003 1352148    3153.700            NRC 
61179.000   10003 1400306   92586.500            NRC 
61179.000   10003 1400307   12074.600            NRC 
61179.000   10049 1415324   -1605.800            NTSC
61179.000   10049 1415322    3006.200            NTSC
61179.000   10049 1415316   -6147.800            NTSC
61179.000   10049 1415082   54594.200            NTSC
61179.000   10049 1414922    6916.400            NTSC
61179.000   10049 1404967    6447.200            NTSC
61179.000   10049 1354937   14339.500            NTSC
61179.000   10049 1352142   15144.200            NTSC
61179.000   10016 1354619       0.000            INXE
61179.000   10008 1352027   34518.800            OP  
61179.000   10008 1400889    6860.700            OP  
61179.000   10008 1353765   80907.800            OP  
61179.000   10008 1400810   22477.000            OP  
61179.000   10008 1400809   37976.900            OP  
61179.000   10008 1400890   31633.100            OP  
61179.000   10026 1352723    1841.800            ORB 
61179.000   10026 1352724   10451.100            ORB 
61179.000   10026 1411030   82857.100            ORB 
61179.000   10026 1402602  393492.600            ORB 
61179.000   10040 1350441    -793.200            PL  
61179.000   10040 1415318  -87885.900            PL  
61179.000   10040 1415321   28065.200            PL  
61179.000   10040 1354603     225.800            PL  
61179.000   10040 1354597     285.200            PL  
61179.000   10005 1920001   41713.300            PTB 
61179.000   10005 1920002   37699.100            PTB 
61179.000   10005 1355322    9061.500            PTB 
61179.000   10005 1400510    9711.900            PTB 
61179.000   10005 1400506   33704.300            PTB 
61179.000   10005 1400508   34293.400            PTB 
61179.000   10005 1400509   10299.500            PTB 
61179.000   10005 1415245   -6739.500            PTB 
61179.000   10005 1400512    7620.000            PTB 
61179.000   10005 1415221    3628.500            PTB 
61179.000   10019 1351942   70500.700            ONRJ
61179.000   10019 1320337   51638.400            ONRJ
61179.000   10019 1354204   74997.600            ONRJ
61179.000   10019 1350147   59993.200            ONRJ
61179.000   10019 1350102   19603.700            ONRJ
61179.000   10019 1353364   39554.400            ONRJ
61179.000   10019 1351153  -12654.700            ONRJ
61179.000   10019 1401958  136884.500            ONRJ
61179.000   10014 1350583   -5154.500            ROA 
61179.000   10014 1350718   -2236.500            ROA 
61179.000   10014 1361490   87760.100            ROA 
61179.000   10014 1361488   86218.200            ROA 
61179.000   10014 1351699   55548.200            ROA 
61179.000   10014 1401436 1993645.900            ROA 
61179.000   10014 1412032 1348712.300            ROA 
61179.000   10014 1352270    7974.600            ROA 
61179.000   10062 1352932       0.000            SASO
61179.000   10062 1352931    1106.000            SASO
61179.000   10062 1351628    1349.400            SASO
61179.000   10062 1350221   -1094.300            SASO
61179.000   10067 1352525   -8951.000            SCL 
61179.000   10067 1352178  -21298.200            SCL 
61179.000   10067 1415314    2056.200            SCL 
61179.000   10067 1353448    2294.000            SCL 
61179.000   10079 1352003   34458.300            SMD 
61179.000   10079 1352543  -27224.900            SMD 
61179.000   10079 1411049   -1902.900            SMD 
61179.000   10072 1352745  -22950.600            SP  
61179.000   10072 1352749   23660.400            SP  
61179.000   10072 1352758   -2501.600            SP  
61179.000   10072 1354707    6519.800            SP  
61179.000   10072 1365149   62647.700            SP  
61179.000   10072 1407201    3322.700            SP  
61179.000   10072 1407231  267233.400            SP  
61179.000   10072 1407232  426041.800            SP  
61179.000   10072 1415319   43917.000            SP  
61179.000   10038 1403809 -410907.800            SU  
61179.000   10038 1403811 -281978.600            SU  
61179.000   10038 1403812  -23804.100            SU  
61179.000   10038 1403844 -559861.300            SU  
61179.000   10038 1403853    5191.600            SU  
61179.000   10038 1403833 -394872.200            SU  
61179.000   10038 1403846   49242.700            SU  
61179.000   10038 1403814 -642495.000            SU  
61179.000   10038 1403815 -330434.700            SU  
61179.000   10038 1403834   11882.500            SU  
61179.000   10038 1403841  -35206.600            SU  
61179.000   10038 1403840   11076.700            SU  
61179.000   10038 1403845 -454303.300            SU  
61179.000   10030 1403011  199640.800            TL  
61179.000   10030 1413202  257816.500            TL  
61179.000   10030 1353942  -38493.100            TL  
61179.000   10030 1353947   57331.100            TL  
61179.000   10030 1354060  -14739.600            TL  
61179.000   10022 1320211 1999885.200            TP  
61179.000   10022 1320247  998959.600            TP  
61179.000   10022 1351227       0.000            TP  
61179.000   10022 1352179      83.000            TP  
61179.000   10022 1352476     579.400            TP  
61179.000   10022 1353519    -107.300            TP  
61179.000   10022 1411076    1157.000            TP  
61179.000   10068 1411028       0.000            UME 
61179.000   10068 1352703      64.400            UME 
61179.000   10068 1350251     162.600            UME 
61179.000   10068 1350872    -526.400            UME 
61179.000   10068 1352710     542.900            UME 
61179.000   10007 1400711 3336577.300            USNO
61179.000   10007 1400719  476122.500            USNO
61179.000   10007 1400702  -65343.100            USNO
61179.000   10007 1400708  676282.100            USNO
61179.000   10007 1400704  118117.100            USNO
61179.000   10007 1400718 1972115.100            USNO
61179.000   10007 1400710 -827029.100            USNO
61179.000   10007 1400726 1325799.300            USNO
61179.000   10007 1400715  434922.600            USNO
61179.000   10007 1350161   80874.300            USNO
61179.000   10007 1400727 -755638.900            USNO
61179.000   10007 1400729 2285421.300            USNO
61179.000   10007 1400725 -220647.900            USNO
61179.000   10007 1400724 -824923.300            USNO
61179.000   10007 1400723 -604584.700            USNO
61179.000   10007 1400722 2679248.000            USNO
61179.000   10007 1400721  503921.700            USNO
61179.000   10007 1400720 1261321.500            USNO
61179.000   10007 1400730 2188426.400            USNO
61179.000   10007 1400731 -418340.800            USNO
61179.000   10007 1400732  783064.000            USNO
61179.000   10007 1400736 1220759.700            USNO
61179.000   10007 1400737 2475415.200            USNO
61179.000   10007 1400740 1155178.900            USNO
61179.000   10007 1400713  465755.300            USNO
61179.000   10007 1400716  703054.200            USNO
61179.000   10007 1400733  130281.700            USNO
61179.000   10064 1355005       0.000            UZ  
61179.000   10064 1354998 4867180.200            UZ  
61179.000   10028 1353669   19686.900            VMI 
61179.000   10028 1361233   12198.900            VMI 
61179.000   10028 1353670  -26704.700            VMI 
61179.000   10024 1411040   -3149.800            VSL 
61179.000   10024 1354466   10296.500            VSL 
61179.000   10024 1355008    7580.700            VSL 
61179.000   10024 1355697    1591.600            VSL 
61179.000   10055 1352191     -66.800            DMDM
61179.000   10055 1362033  -59263.800            DMDM
