61192.000   10021 1352938       0.000            UAE 
61192.000   10021 1352940   -4402.400            UAE 
61192.000   10046 1404601   27492.500            AOS 
61192.000   10046 1352394   -1289.500            AOS 
61192.000   10031 1353842    2418.200            APL 
61192.000   10031 1403107  269201.800            APL 
61192.000   10031 1403108  533814.800            APL 
61192.000   10031 1403109  136130.900            APL 
61192.000   10031 1412174   34543.800            APL 
61192.000   10054 1362269     151.000            AUS 
61192.000   10054 1360340   13118.000            AUS 
61192.000   10054 1360654  -45794.000            AUS 
61192.000   10054 1363814    4722.000            AUS 
61192.000   10054 1364971    7845.000            AUS 
61192.000   10054 1360299   29048.000            AUS 
61192.000   10075 1352685    3459.600            IMBH
61192.000   10075 1320192   -8926.300            IMBH
61192.000   10075 1320193  -43221.600            IMBH
61192.000   10071 1353447     661.900            BIRM
61192.000   10071 1353689    9941.500            BIRM
61192.000   10071 1407103    -507.200            BIRM
61192.000   10071 1407107 -435544.200            BIRM
61192.000   10071 1407111   -1531.900            BIRM
61192.000   10071 1407112  -11752.000            BIRM
61192.000   10071 1415303   -5628.900            BIRM
61192.000   10071 1415304  -12666.500            BIRM
61192.000   10071 1415305  -21718.200            BIRM
61192.000   10092 1363159    3833.400            ICE 
61192.000   10092 1363522    3717.500            ICE 
61192.000   10057 1355202    -818.900            CH  
61192.000   10057 1373644   -1146.700            CH  
61192.000   10057 1405701   -2272.800            CH  
61192.000   10057 1405702   20729.100            CH  
61192.000   10057 1411117     -94.200            CH  
61192.000   10073 1353612  -15103.900            CNM 
61192.000   10073 1413211   -1005.200            CNM 
61192.000   10073 1413212   69219.500            CNM 
61192.000   10074 1411045    5416.600            DLR 
61192.000   10053 1350136     -83.300            DTAG
61192.000   10053 1355332   -1423.400            DTAG
61192.000   10053 1352635    2527.100            DTAG
61192.000   10025 1352025    4425.900            ESA 
61192.000   10025 1351615   -4808.700            ESA 
61192.000   10025 1352353   12037.100            ESA 
61192.000   10025 1352210   30454.000            ESA 
61192.000   10025 1402543  -43400.900            ESA 
61192.000   10025 1402541 -121909.100            ESA 
61192.000   10025 1411033   -2686.900            ESA 
61192.000   10089 1354233       0.000            HKO 
61192.000   10089 1355122    1370.200            HKO 
61192.000   10099 1354701       0.000            IFZG
61192.000   10093 1353401       0.000            NSAI
61192.000   10044 1361167     713.200            IFAG
61192.000   10044 1361173     109.300            IFAG
61192.000   10044 1361629   11016.800            IFAG
61192.000   10044 1361732    7684.100            IFAG
61192.000   10044 1361798     244.000            IFAG
61192.000   10044 1404439    4205.200            IFAG
61192.000   10044 1404418  535728.800            IFAG
61192.000   10048 1404878  969688.700            NIM 
61192.000   10048 1404871 1099709.800            NIM 
61192.000   10048 1404832 1115585.300            NIM 
61192.000   10048 1404879 1943187.000            NIM 
61192.000   10048 1404880 2226352.600            NIM 
61192.000   10048 1352742  114325.400            NIM 
61192.000   10048 1404849 1415263.500            NIM 
61192.000   10048 1404856   94395.200            NIM 
61192.000   10048 1404857   24797.400            NIM 
61192.000   10048 1404821    3140.300            NIM 
61192.000   10048 1404850     750.900            NIM 
61192.000   10048 1404870    5947.000            NIM 
61192.000   10015 1362377       0.000            INTI
61192.000   10015 1363270   12806.700            INTI
61192.000   10015 1363511    6325.900            INTI
61192.000   10070 1353546    8777.700            IPQ 
61192.000   10083 1353654   10176.200            NIS 
61192.000   10083 1354391   18521.300            NIS 
61192.000   10083 1353812  -30377.500            NIS 
61192.000   10083 1352182   -4474.800            NIS 
61192.000   10011 1350219   -1143.600            IT  
61192.000   10011 1352487    -705.000            IT  
61192.000   10011 1401101  290074.900            IT  
61192.000   10011 1401102  301333.000            IT  
61192.000   10011 1401103   37780.700            IT  
61192.000   10011 1401104    4866.400            IT  
61192.000   10011 1411079   -1801.600            IT  
61192.000   10011 1411078    4792.300            IT  
61192.000   10011 1422012     -15.600            IT  
61192.000   10035 1350832   18503.500            BSJ 
61192.000   10035 1350833   10290.300            BSJ 
61192.000   10087 1361277 -112684.600            JV  
61192.000   10087 1362617   71557.900            JV  
61192.000   10087 1415218  -42184.800            JV  
61192.000   10087 1411122   18305.300            JV  
61192.000   10056 1351783   41891.300            KRIS
61192.000   10056 1405624  175171.000            KRIS
61192.000   10056 1405625  507431.100            KRIS
61192.000   10056 1405626   16740.600            KRIS
61192.000   10027 1415201      -6.800            KZ  
61192.000   10027 1415205      31.400            KZ  
61192.000   10027 1415266     -75.200            KZ  
61192.000   10052 1351324  -11265.800            NPLI
61192.000   10052 1353376  -10922.500            NPLI
61192.000   10052 1353457    3520.800            NPLI
61192.000   10052 1353413   45763.400            NPLI
61192.000   10052 1353453    5386.700            NPLI
61192.000   10052 1415225  123056.900            NPLI
61192.000   10052 1415365   50538.100            NPLI
61192.000   10052 1415363    4352.500            NPLI
61192.000   10052 1415364   12526.000            NPLI
61192.000   10091 1352370  -11817.600            LRTE
61192.000   10082 1351868       0.000            LT  
61192.000   10082 1351362   -1667.200            LT  
61192.000   10094 1353471  -62224.500            LUX 
61192.000   10094 1353544  -57388.300            LUX 
61192.000   10085 1353507       0.000            NIMB
61192.000   10041 1404113  336578.600            MIKE
61192.000   10041 1404108   34400.900            MIKE
61192.000   10041 1404189  180877.400            MIKE
61192.000   10041 1412084   26008.800            MIKE
61192.000   10088 1361806  -12880.100            CNMP
61192.000   10088 1361752   -6823.800            CNMP
61192.000   10088 1363162    8935.200            CNMP
61192.000   10088 1363179  -68211.800            CNMP
61192.000   10063 1360274    3370.900            MSL 
61192.000   10063 1363396   -4294.500            MSL 
61192.000   10063 1363872  117819.100            MSL 
61192.000   10081 1353476    3198.400            NIMT
61192.000   10081 1353472   47217.200            NIMT
61192.000   10081 1353470   47815.700            NIMT
61192.000   10013 1410102    2492.000            NAO 
61192.000   10013 1350779     452.800            NAO 
61192.000   10013 1351689     346.000            NAO 
61192.000   10013 1351214     107.400            NAO 
61192.000   10020 1350343  130883.800            NICT
61192.000   10020 1350907   34005.100            NICT
61192.000   10020 1351778   76687.500            NICT
61192.000   10020 1351789   -8714.700            NICT
61192.000   10020 1351866    1381.200            NICT
61192.000   10020 1351944  110343.200            NICT
61192.000   10020 1352011  107736.800            NICT
61192.000   10020 1352056  110918.000            NICT
61192.000   10020 1352113  -46258.800            NICT
61192.000   10020 1352116  -26885.200            NICT
61192.000   10020 1352570   88940.200            NICT
61192.000   10020 1352620   61886.300            NICT
61192.000   10020 1352627  -24848.800            NICT
61192.000   10020 1352628  -26124.500            NICT
61192.000   10020 1352784   42197.600            NICT
61192.000   10020 1352876  123307.400            NICT
61192.000   10020 1352903   53311.300            NICT
61192.000   10020 1353259  -14415.800            NICT
61192.000   10020 1353594  -14264.100            NICT
61192.000   10020 1353716  -29567.300            NICT
61192.000   10020 1353717  -52282.300            NICT
61192.000   10020 1353718  -47064.800            NICT
61192.000   10020 1353720  -55257.700            NICT
61192.000   10020 1353722  -31548.200            NICT
61192.000   10020 1353909   28123.000            NICT
61192.000   10020 1353912  -40196.500            NICT
61192.000   10020 1353916  -74972.600            NICT
61192.000   10020 1353918   40610.200            NICT
61192.000   10020 1354230   69135.400            NICT
61192.000   10020 1402003   17240.100            NICT
61192.000   10020 1402004  -11495.200            NICT
61192.000   10020 1402012   27776.600            NICT
61192.000   10020 1402013   53641.300            NICT
61192.000   10020 1402014   -1669.600            NICT
61192.000   10020 1402015   83892.700            NICT
61192.000   10020 1411041  -75672.600            NICT
61192.000   10020 1411062   31090.400            NICT
61192.000   10020 1412060   70295.900            NICT
61192.000   10002 1412108  629230.500            NIST
61192.000   10002 1412014 -527084.300            NIST
61192.000   10002 1400004 -188752.800            NIST
61192.000   10002 1400222  734605.900            NIST
61192.000   10002 1400209 -441951.400            NIST
61192.000   10002 1400212  614312.400            NIST
61192.000   10002 1400207  727764.900            NIST
61192.000   10002 1412015  661531.500            NIST
61192.000   10002 1400210  285760.700            NIST
61192.000   10002 1400205  977920.700            NIST
61192.000   10002 1412099  395812.400            NIST
61192.000   10002 1412006  200652.200            NIST
61192.000   10002 1442021 -560673.300            NIST
61192.000   10002 1352935 -656637.100            NIST
61192.000   10002 1352579  980959.500            NIST
61192.000   10002 1402205 -190851.800            NIST
61192.000   10050 1320293  148189.400            NMIJ
61192.000   10017 1412011   49152.400            NPL 
61192.000   10017 1412050   48751.800            NPL 
61192.000   10003 1352150    8347.700            NRC 
61192.000   10003 1362225   16984.500            NRC 
61192.000   10003 1352115   19925.400            NRC 
61192.000   10003 1352148    3137.000            NRC 
61192.000   10003 1400306   92664.600            NRC 
61192.000   10003 1400307   12238.200            NRC 
61192.000   10049 1415324   -1585.100            NTSC
61192.000   10049 1415322    3117.000            NTSC
61192.000   10049 1415316   -6242.800            NTSC
61192.000   10049 1415085    -318.700            NTSC
61192.000   10049 1414922    7130.700            NTSC
61192.000   10049 1404967    6630.900            NTSC
61192.000   10049 1354937   14338.500            NTSC
61192.000   10049 1352142   15131.900            NTSC
61192.000   10016 1354619       0.000            INXE
61192.000   10008 1352027   34738.700            OP  
61192.000   10008 1400889    7169.000            OP  
61192.000   10008 1353765   81213.400            OP  
61192.000   10008 1400810   22778.700            OP  
61192.000   10008 1400809   38405.300            OP  
61192.000   10008 1400890   31973.300            OP  
61192.000   10026 1352722   -1925.800            ORB 
61192.000   10026 1352724   10581.800            ORB 
61192.000   10026 1411030   83904.600            ORB 
61192.000   10026 1402602  400023.200            ORB 
61192.000   10026 1352723    1900.400            ORB 
61192.000   10040 1350441    -791.700            PL  
61192.000   10040 1415318 -102618.300            PL  
61192.000   10040 1415321   28451.800            PL  
61192.000   10040 1354603     251.800            PL  
61192.000   10040 1354597     272.900            PL  
61192.000   10005 1920001   41758.600            PTB 
61192.000   10005 1920002   37735.100            PTB 
61192.000   10005 1355322    9089.000            PTB 
61192.000   10005 1400510    9746.900            PTB 
61192.000   10005 1400506   33944.000            PTB 
61192.000   10005 1400508   34548.300            PTB 
61192.000   10005 1400509   10364.600            PTB 
61192.000   10005 1415245   -6929.600            PTB 
61192.000   10005 1400512    7754.000            PTB 
61192.000   10005 1415221    3639.100            PTB 
61192.000   10019 1351942   70745.600            ONRJ
61192.000   10019 1320337   51753.100            ONRJ
61192.000   10019 1354204   75626.100            ONRJ
61192.000   10019 1350147   60060.500            ONRJ
61192.000   10019 1353364   39677.600            ONRJ
61192.000   10019 1351153  -12790.400            ONRJ
61192.000   10019 1401958  138688.300            ONRJ
61192.000   10014 1350583   -5231.100            ROA 
61192.000   10014 1350718   -2141.200            ROA 
61192.000   10014 1361490   87852.100            ROA 
61192.000   10014 1361488   86364.000            ROA 
61192.000   10014 1351699   55635.700            ROA 
61192.000   10014 1401436 2001775.500            ROA 
61192.000   10014 1412032 1357204.000            ROA 
61192.000   10014 1352270    7981.100            ROA 
61192.000   10062 1352932       0.000            SASO
61192.000   10062 1352931    1257.800            SASO
61192.000   10062 1351628    1456.800            SASO
61192.000   10062 1350221   -1150.600            SASO
61192.000   10067 1352525   -9063.000            SCL 
61192.000   10067 1352178  -21543.600            SCL 
61192.000   10067 1415314    2227.700            SCL 
61192.000   10067 1353448    2613.500            SCL 
61192.000   10079 1352003   34529.200            SMD 
61192.000   10079 1352543  -27411.300            SMD 
61192.000   10079 1411049   -1892.000            SMD 
61192.000   10072 1352745  -23115.700            SP  
61192.000   10072 1352749   23996.300            SP  
61192.000   10072 1352758   -2506.100            SP  
61192.000   10072 1354707    6505.400            SP  
61192.000   10072 1362295    5872.900            SP  
61192.000   10072 1365149   63781.600            SP  
61192.000   10072 1407201    3819.100            SP  
61192.000   10072 1407223  160326.500            SP  
61192.000   10072 1407231  270534.900            SP  
61192.000   10072 1407232  430586.400            SP  
61192.000   10072 1415319   44275.500            SP  
61192.000   10038 1403809 -411117.500            SU  
61192.000   10038 1403811 -281957.200            SU  
61192.000   10038 1403812  -23357.700            SU  
61192.000   10038 1403844 -559576.700            SU  
61192.000   10038 1403853    5362.600            SU  
61192.000   10038 1403833 -394542.700            SU  
61192.000   10038 1403846   49603.000            SU  
61192.000   10038 1403814 -640899.500            SU  
61192.000   10038 1403815 -330053.500            SU  
61192.000   10038 1403816 -297764.600            SU  
61192.000   10038 1403834   12132.600            SU  
61192.000   10038 1403841  -34615.100            SU  
61192.000   10038 1403840   11276.700            SU  
61192.000   10038 1403845 -454387.700            SU  
61192.000   10030 1403011  206832.600            TL  
61192.000   10030 1413202  258867.100            TL  
61192.000   10030 1353942  -38787.700            TL  
61192.000   10030 1353947   57686.300            TL  
61192.000   10030 1354060  -14833.800            TL  
61192.000   10022 1320211 1999901.600            TP  
61192.000   10022 1320247  998981.300            TP  
61192.000   10022 1351227       0.000            TP  
61192.000   10022 1352179      83.000            TP  
61192.000   10022 1352476     595.700            TP  
61192.000   10022 1353519    -117.400            TP  
61192.000   10022 1411076    1409.700            TP  
61192.000   10068 1411028       0.000            UME 
61192.000   10068 1352703     116.300            UME 
61192.000   10068 1350251     224.200            UME 
61192.000   10068 1350872    -658.000            UME 
61192.000   10068 1352710     753.000            UME 
61192.000   10007 1400711 3343887.200            USNO
61192.000   10007 1400719  478732.100            USNO
61192.000   10007 1400702  -65305.400            USNO
61192.000   10007 1400708  678001.500            USNO
61192.000   10007 1400704  118772.500            USNO
61192.000   10007 1400718 1977166.300            USNO
61192.000   10007 1400710 -833231.200            USNO
61192.000   10007 1400715  437261.900            USNO
61192.000   10007 1350161   80848.400            USNO
61192.000   10007 1400727 -759952.800            USNO
61192.000   10007 1400729 2295097.800            USNO
61192.000   10007 1400725 -220819.800            USNO
61192.000   10007 1400724 -826334.600            USNO
61192.000   10007 1400723 -604353.800            USNO
61192.000   10007 1400722 2674812.100            USNO
61192.000   10007 1400721  514500.000            USNO
61192.000   10007 1400720 1262602.300            USNO
61192.000   10007 1400730 2196323.400            USNO
61192.000   10007 1400731 -420576.800            USNO
61192.000   10007 1400732  788030.100            USNO
61192.000   10007 1400736 1221509.000            USNO
61192.000   10007 1400737 2479109.400            USNO
61192.000   10007 1400740 1163348.100            USNO
61192.000   10007 1400713  467673.600            USNO
61192.000   10007 1400716  706242.400            USNO
61192.000   10007 1400733  139076.400            USNO
61192.000   10064 1355005       0.000            UZ  
61192.000   10064 1354998 4670903.900            UZ  
61192.000   10028 1353669   20203.000            VMI 
61192.000   10028 1361233   12643.300            VMI 
61192.000   10028 1353670  -26557.300            VMI 
61192.000   10024 1411040   -3227.800            VSL 
61192.000   10024 1354466   10375.500            VSL 
61192.000   10024 1355008    7684.300            VSL 
61192.000   10024 1355697    1716.000            VSL 
61192.000   10055 1352191     -66.800            DMDM
61192.000   10055 1362033  -60000.700            DMDM
