61084.000   10046 1404601   24928.900            AOS 
61084.000   10046 1352394    -814.400            AOS 
61084.000   10031 1353842    2422.300            APL 
61084.000   10031 1403107  258276.100            APL 
61084.000   10031 1403108  449979.400            APL 
61084.000   10031 1403109  133354.000            APL 
61084.000   10031 1412174   22879.600            APL 
61084.000   10054 1362269     122.000            AUS 
61084.000   10054 1360340   12390.000            AUS 
61084.000   10054 1360654  -42943.000            AUS 
61084.000   10054 1363814    4290.000            AUS 
61084.000   10054 1364971    7056.000            AUS 
61084.000   10054 1360299   27810.000            AUS 
61084.000   10101 1355360       0.000            AZ  
61084.000   10101 1355361    -979.300            AZ  
61084.000   10075 1352685    3068.700            IMBH
61084.000   10075 1320192   -8125.800            IMBH
61084.000   10075 1320193  -39118.500            IMBH
61084.000   10071 1353447    1087.300            BIRM
61084.000   10071 1353689    9869.300            BIRM
61084.000   10071 1407107 -395801.400            BIRM
61084.000   10071 1407111    -259.300            BIRM
61084.000   10071 1407112   -7442.400            BIRM
61084.000   10071 1415303   -3426.200            BIRM
61084.000   10071 1415304  -10123.400            BIRM
61084.000   10071 1415305  -18781.800            BIRM
61084.000   10092 1363159    4577.100            ICE 
61084.000   10092 1363522    3514.400            ICE 
61084.000   10057 1352117   14079.200            CH  
61084.000   10057 1355202    -601.100            CH  
61084.000   10057 1373644    -756.600            CH  
61084.000   10057 1405701   -1760.400            CH  
61084.000   10057 1405702   22810.500            CH  
61084.000   10057 1411117    -175.300            CH  
61084.000   10073 1353612  -11553.400            CNM 
61084.000   10073 1413211   -1012.800            CNM 
61084.000   10073 1413212   46813.500            CNM 
61084.000   10074 1411045    3841.000            DLR 
61084.000   10053 1350136     -83.300            DTAG
61084.000   10053 1355332   -1513.100            DTAG
61084.000   10053 1352635    2429.900            DTAG
61084.000   10025 1352025    4074.300            ESA 
61084.000   10025 1351615   -4486.400            ESA 
61084.000   10025 1352353   11308.400            ESA 
61084.000   10025 1352210   28220.200            ESA 
61084.000   10025 1402543  -30491.500            ESA 
61084.000   10025 1402541  -98051.500            ESA 
61084.000   10025 1411033   -1044.900            ESA 
61084.000   10089 1354233       0.000            HKO 
61084.000   10089 1355122    1250.100            HKO 
61084.000   10099 1354701       0.000            IFZG
61084.000   10093 1353401       0.000            NSAI
61084.000   10044 1361167    1291.400            IFAG
61084.000   10044 1361173     513.700            IFAG
61084.000   10044 1361629    9164.000            IFAG
61084.000   10044 1361732    6325.200            IFAG
61084.000   10044 1361798    1151.000            IFAG
61084.000   10044 1404439    4482.600            IFAG
61084.000   10044 1404418   15251.200            IFAG
61084.000   10048 1404878  917975.600            NIM 
61084.000   10048 1404871 1037658.700            NIM 
61084.000   10048 1404832 1033579.700            NIM 
61084.000   10048 1404879 1882329.500            NIM 
61084.000   10048 1404880 2162449.500            NIM 
61084.000   10048 1352742  111187.400            NIM 
61084.000   10048 1404849 1414565.800            NIM 
61084.000   10048 1404856   93597.100            NIM 
61084.000   10048 1404857   25270.600            NIM 
61084.000   10048 1404821    2777.300            NIM 
61084.000   10048 1404850     598.300            NIM 
61084.000   10048 1404870    5142.500            NIM 
61084.000   10015 1362377       0.000            INTI
61084.000   10015 1363270   12035.000            INTI
61084.000   10015 1363511    5954.300            INTI
61084.000   10070 1353546    8544.700            IPQ 
61084.000   10083 1353654    9709.800            NIS 
61084.000   10083 1354391   16475.500            NIS 
61084.000   10083 1353812  -27935.500            NIS 
61084.000   10083 1352182   -4000.300            NIS 
61084.000   10011 1350219   -1024.900            IT  
61084.000   10011 1352487    -373.600            IT  
61084.000   10011 1401101  234011.000            IT  
61084.000   10011 1401102  290488.500            IT  
61084.000   10011 1401103   33539.600            IT  
61084.000   10011 1401104   10876.600            IT  
61084.000   10011 1411079    -927.800            IT  
61084.000   10011 1411078    2940.900            IT  
61084.000   10011 1422012     857.700            IT  
61084.000   10035 1350832   16745.700            BSJ 
61084.000   10035 1350833    9220.700            BSJ 
61084.000   10087 1361277 -111642.000            JV  
61084.000   10087 1362617   69855.700            JV  
61084.000   10087 1415218  -42097.800            JV  
61084.000   10087 1411122   15125.200            JV  
61084.000   10056 1351783   39527.900            KRIS
61084.000   10056 1405624  159519.800            KRIS
61084.000   10056 1405625  461294.500            KRIS
61084.000   10056 1405626   14794.400            KRIS
61084.000   10027 1415201    -647.900            KZ  
61084.000   10027 1415205    1532.800            KZ  
61084.000   10027 1415266   -2392.700            KZ  
61084.000   10052 1351324  -11052.900            NPLI
61084.000   10052 1353376  -10583.900            NPLI
61084.000   10052 1353457    3325.200            NPLI
61084.000   10052 1353413   44485.700            NPLI
61084.000   10052 1353453    5114.000            NPLI
61084.000   10052 1415225  113033.600            NPLI
61084.000   10052 1415365   46950.000            NPLI
61084.000   10052 1415363    3246.900            NPLI
61084.000   10052 1415364   11262.500            NPLI
61084.000   10091 1352370   -8008.900            LRTE
61084.000   10082 1351868       0.000            LT  
61084.000   10082 1351362   -1672.400            LT  
61084.000   10094 1353471  -61129.900            LUX 
61084.000   10094 1353544  -57872.700            LUX 
61084.000   10041 1404113  325916.900            MIKE
61084.000   10041 1404108   29886.500            MIKE
61084.000   10041 1404189  185376.700            MIKE
61084.000   10041 1412084   27360.800            MIKE
61084.000   10088 1361806  -12499.500            CNMP
61084.000   10088 1361752   -6667.000            CNMP
61084.000   10088 1363162    8139.800            CNMP
61084.000   10088 1363179  -66427.600            CNMP
61084.000   10063 1360274    3123.400            MSL 
61084.000   10063 1363396   -4392.600            MSL 
61084.000   10063 1363872  112540.000            MSL 
61084.000   10081 1353476    4478.100            NIMT
61084.000   10081 1353472   45990.600            NIMT
61084.000   10081 1353470   45977.700            NIMT
61084.000   10013 1410102   -1691.500            NAO 
61084.000   10013 1350779    6361.600            NAO 
61084.000   10013 1351689    -118.300            NAO 
61084.000   10013 1351214     107.500            NAO 
61084.000   10020 1350343  128047.000            NICT
61084.000   10020 1350907   35685.400            NICT
61084.000   10020 1351226  -16639.900            NICT
61084.000   10020 1351778   75239.400            NICT
61084.000   10020 1351789   -8043.400            NICT
61084.000   10020 1351866    1412.100            NICT
61084.000   10020 1351944  109027.200            NICT
61084.000   10020 1352011  108092.700            NICT
61084.000   10020 1352056  109551.900            NICT
61084.000   10020 1352113  -45817.700            NICT
61084.000   10020 1352116  -27313.600            NICT
61084.000   10020 1352570   88077.100            NICT
61084.000   10020 1352620   60216.400            NICT
61084.000   10020 1352627  -23194.500            NICT
61084.000   10020 1352628  -24839.000            NICT
61084.000   10020 1352784   43374.500            NICT
61084.000   10020 1352876  123744.300            NICT
61084.000   10020 1352903   52753.800            NICT
61084.000   10020 1353594  -14878.900            NICT
61084.000   10020 1353716  -28398.600            NICT
61084.000   10020 1353717  -49910.000            NICT
61084.000   10020 1353718  -44209.900            NICT
61084.000   10020 1353720  -53643.100            NICT
61084.000   10020 1353722  -30622.000            NICT
61084.000   10020 1353909   27338.500            NICT
61084.000   10020 1353912  -37933.500            NICT
61084.000   10020 1353916  -71276.200            NICT
61084.000   10020 1353918   38792.700            NICT
61084.000   10020 1354230   68490.800            NICT
61084.000   10020 1355334   85984.000            NICT
61084.000   10020 1402003   15970.300            NICT
61084.000   10020 1402004   -8985.200            NICT
61084.000   10020 1402012   32918.100            NICT
61084.000   10020 1402013   40471.900            NICT
61084.000   10020 1402014   -2356.700            NICT
61084.000   10020 1402015   70669.400            NICT
61084.000   10020 1411041  -61596.600            NICT
61084.000   10020 1411062   33260.500            NICT
61084.000   10020 1412060   61602.400            NICT
61084.000   10002 1412108  548965.800            NIST
61084.000   10002 1412014 -542964.600            NIST
61084.000   10002 1400004 -197445.000            NIST
61084.000   10002 1400222  728204.100            NIST
61084.000   10002 1400209 -449747.100            NIST
61084.000   10002 1400212  482610.400            NIST
61084.000   10002 1400207  652351.100            NIST
61084.000   10002 1412015  611669.400            NIST
61084.000   10002 1400210  186941.200            NIST
61084.000   10002 1400205  979899.800            NIST
61084.000   10002 1352792 -548247.900            NIST
61084.000   10002 1412099  269437.300            NIST
61084.000   10002 1412006   91187.600            NIST
61084.000   10002 1352935 -654062.700            NIST
61084.000   10002 1352579  978969.000            NIST
61084.000   10002 1402205 -249361.200            NIST
61084.000   10050 1320293  123150.500            NMIJ
61084.000   10017 1412011   47797.900            NPL 
61084.000   10017 1412050   45781.600            NPL 
61084.000   10003 1352150    8125.500            NRC 
61084.000   10003 1362225   17138.300            NRC 
61084.000   10003 1352115   19195.500            NRC 
61084.000   10003 1352148    3234.200            NRC 
61084.000   10003 1400306   91922.800            NRC 
61084.000   10003 1400307   10909.700            NRC 
61084.000   10049 1415324   -1645.700            NTSC
61084.000   10049 1415316   -5461.100            NTSC
61084.000   10049 1415085  -22548.700            NTSC
61084.000   10049 1415082   48762.400            NTSC
61084.000   10049 1414922    5431.400            NTSC
61084.000   10049 1404967    5174.900            NTSC
61084.000   10049 1354937   14432.100            NTSC
61084.000   10049 1352142   15223.200            NTSC
61084.000   10016 1354619       0.000            INXE
61084.000   10008 1352027   33021.600            OP  
61084.000   10008 1400889    4627.200            OP  
61084.000   10008 1353765   78549.900            OP  
61084.000   10008 1400810   20332.600            OP  
61084.000   10008 1400809   34915.200            OP  
61084.000   10008 1400890   29149.400            OP  
61084.000   10026 1352722   -1987.200            ORB 
61084.000   10026 1352724    9508.700            ORB 
61084.000   10026 1411030   75297.100            ORB 
61084.000   10026 1402602  345815.100            ORB 
61084.000   10026 1352723    1402.700            ORB 
61084.000   10040 1350441    -777.300            PL  
61084.000   10040 1415318  -11773.700            PL  
61084.000   10040 1415321   25163.200            PL  
61084.000   10040 1354603     133.100            PL  
61084.000   10040 1354597     246.800            PL  
61084.000   10005 1920001   41564.500            PTB 
61084.000   10005 1920002   37533.500            PTB 
61084.000   10005 1355322    8775.300            PTB 
61084.000   10005 1400510    8817.800            PTB 
61084.000   10005 1400506   32213.500            PTB 
61084.000   10005 1400508   32824.900            PTB 
61084.000   10005 1400509    9826.000            PTB 
61084.000   10005 1415245   -5407.600            PTB 
61084.000   10005 1400512    6671.600            PTB 
61084.000   10005 1415221    3549.000            PTB 
61084.000   10019 1351942   68669.400            ONRJ
61084.000   10019 1320337   50805.600            ONRJ
61084.000   10019 1354204   70528.200            ONRJ
61084.000   10019 1350147   59419.400            ONRJ
61084.000   10019 1350102   19330.800            ONRJ
61084.000   10019 1353364   38670.800            ONRJ
61084.000   10019 1351153  -11569.500            ONRJ
61084.000   10019 1401958  124101.600            ONRJ
61084.000   10014 1350583   -4669.700            ROA 
61084.000   10014 1350718   -2854.400            ROA 
61084.000   10014 1361490   87057.600            ROA 
61084.000   10014 1361488   85125.200            ROA 
61084.000   10014 1351699   54946.000            ROA 
61084.000   10014 1401436 1934695.400            ROA 
61084.000   10014 1412032 1287208.800            ROA 
61084.000   10014 1352270    7834.500            ROA 
61084.000   10062 1352932       0.000            SASO
61084.000   10062 1352931      -8.300            SASO
61084.000   10062 1351628     729.800            SASO
61084.000   10062 1350221    -506.100            SASO
61084.000   10067 1352525   -8123.000            SCL 
61084.000   10067 1352178  -19626.300            SCL 
61084.000   10067 1415314     942.800            SCL 
61084.000   10067 1353448      38.300            SCL 
61084.000   10079 1352003   33776.200            SMD 
61084.000   10079 1352543  -25839.500            SMD 
61084.000   10079 1411049   -1959.600            SMD 
61084.000   10072 1352745  -21408.300            SP  
61084.000   10072 1352749   21517.900            SP  
61084.000   10072 1352758   -2396.300            SP  
61084.000   10072 1354707    6586.500            SP  
61084.000   10072 1362295    2617.900            SP  
61084.000   10072 1365149   54314.000            SP  
61084.000   10072 1407201      57.700            SP  
61084.000   10072 1407223  153562.900            SP  
61084.000   10072 1407231  243575.000            SP  
61084.000   10072 1407232  393212.200            SP  
61084.000   10072 1415319   41314.500            SP  
61084.000   10038 1403809 -409331.600            SU  
61084.000   10038 1403811 -282069.000            SU  
61084.000   10038 1403812  -26927.400            SU  
61084.000   10038 1403844 -561915.000            SU  
61084.000   10038 1403853    3957.200            SU  
61084.000   10038 1403833 -397226.600            SU  
61084.000   10038 1403846   46633.000            SU  
61084.000   10038 1403814 -654070.100            SU  
61084.000   10038 1403815 -333158.000            SU  
61084.000   10038 1403834   10110.700            SU  
61084.000   10038 1403841  -39488.800            SU  
61084.000   10038 1403840    9631.100            SU  
61084.000   10038 1403845 -453633.100            SU  
61084.000   10030 1403011  147589.900            TL  
61084.000   10030 1413202  223152.700            TL  
61084.000   10030 1353942  -36338.400            TL  
61084.000   10030 1353947   54718.200            TL  
61084.000   10030 1354060  -14002.000            TL  
61084.000   10022 1320211 1999819.400            TP  
61084.000   10022 1320247  999087.400            TP  
61084.000   10022 1351227       0.000            TP  
61084.000   10022 1352179     -27.600            TP  
61084.000   10022 1352476     523.500            TP  
61084.000   10022 1353519     -91.500            TP  
61084.000   10068 1411028       0.000            UME 
61084.000   10068 1352703    2429.800            UME 
61084.000   10068 1350251    3340.100            UME 
61084.000   10068 1350872   -8005.600            UME 
61084.000   10068 1352710    2730.200            UME 
61084.000   10007 1400711 3283247.300            USNO
61084.000   10007 1400712  271752.900            USNO
61084.000   10007 1400719  456012.600            USNO
61084.000   10007 1400702  -65596.500            USNO
61084.000   10007 1400708  663781.000            USNO
61084.000   10007 1400704  113372.800            USNO
61084.000   10007 1400718 1935382.300            USNO
61084.000   10007 1400710 -781644.200            USNO
61084.000   10007 1400726 1278449.400            USNO
61084.000   10007 1400715  417912.300            USNO
61084.000   10007 1350161   81048.700            USNO
61084.000   10007 1400727 -723641.200            USNO
61084.000   10007 1400729 2215255.400            USNO
61084.000   10007 1400725 -219367.200            USNO
61084.000   10007 1400724 -814593.100            USNO
61084.000   10007 1400723 -606112.700            USNO
61084.000   10007 1400722 2700959.900            USNO
61084.000   10007 1400721  427192.000            USNO
61084.000   10007 1400720 1252402.200            USNO
61084.000   10007 1400730 2131050.700            USNO
61084.000   10007 1400731 -401997.100            USNO
61084.000   10007 1400732  747181.500            USNO
61084.000   10007 1400736 1215730.000            USNO
61084.000   10007 1400737 2448963.700            USNO
61084.000   10007 1400740 1096261.500            USNO
61084.000   10007 1400713  451859.300            USNO
61084.000   10007 1400714   93967.200            USNO
61084.000   10007 1400716  679808.600            USNO
61084.000   10007 1400738  101139.400            USNO
61084.000   10064 1355005       0.000            UZ  
61084.000   10064 1354998 4738270.300            UZ  
61084.000   10028 1353669   19817.900            VMI 
61084.000   10028 1361233   12478.700            VMI 
61084.000   10028 1353670  -23911.900            VMI 
61084.000   10024 1411040   -2621.600            VSL 
61084.000   10024 1354466    9627.500            VSL 
61084.000   10024 1355008    6834.800            VSL 
61084.000   10024 1355697     667.400            VSL 
61084.000   10055 1352191     -97.200            DMDM
61084.000   10055 1362033  -53829.700            DMDM
