# MJD  [UTCr-UTC(SG)]/ns
56467      -24.6
56468      -24.5
56469      -25.3
56470      -27.9
56471      -27.4
56472      -27.1
56473      -26.8
56474      -22.6
56475      -22.9
56476      -20.3
56477      -18.7
56478      -20.1
56479      -17.7
56480      -15.6
56481      -13.3
56482      -11.5
56483       -9.4
56484       -9.2
56485       -6.9
56486       -5.6
56487       -7.4
56488       -6.2
56489       -5.6
56490       -4.3
56491       -4.6
56492       -4.4
56493       -3.9
56494       -1.3
56495        1.4
56496        1.7
56497        4.5
56498        4.1
56499        4.1
56500        3.5
56501        4.6
56502        4.9
56503        6.1
56504        6.9
56505        7.4
56506        5.2
56507        6.0
56508        6.6
56509        5.4
56510        5.9
56511        5.4
56512        6.2
56513        5.1
56514        7.0
56515        8.7
56516        8.8
56517       10.9
56518       10.7
56519       11.2
56520       11.3
56521       13.6
56522       14.7
56523       15.3
56524       13.8
56525       12.0
56526       11.1
56527       11.2
56528       11.8
56529       13.2
56530       12.0
56531       11.0
56532        9.8
56533       10.4
56534       10.9
56535       11.4
56536        9.9
56537       11.8
56538       11.5
56539       12.3
56540       12.0
56541       10.3
56542        9.2
56543        8.7
56544       10.6
56545       11.6
56546       13.0
56547       12.5
56548       10.2
56549        5.8
56550        4.9
56551        5.8
56552        6.8
56553        5.9
56554        4.5
56555        3.4
56556        2.8
56557        2.4
56558       -4.0
56559       -4.6
56560       -6.5
56561       -8.3
56562      -10.0
56563       -9.9
56564      -10.3
56565      -13.0
56566      -13.4
56567      -14.1
56568      -17.0
56569      -14.6
56570      -14.8
56571      -15.9
56572      -15.0
56573      -15.1
56574      -15.2
56575      -15.1
56576      -15.1
56577      -15.5
56578      -14.0
56579      -14.1
56580      -14.7
56581      -12.6
56582      -13.2
56583      -12.9
56584      -14.5
56585      -12.3
56586      -13.1
56587      -11.8
56588      -11.0
56589      -11.1
56590      -12.1
56591      -14.3
56592      -16.1
56593      -17.2
56594      -17.9
56595      -19.2
56596      -20.6
56597      -19.2
56598      -20.2
56599      -19.4
56600      -18.7
56601      -17.9
56602      -17.5
56603      -16.4
56604      -17.1
56605      -16.6
56606      -13.1
56607       -9.5
56608      -11.0
56609       -7.8
56610       -6.5
56611       -5.7
56612       -5.3
56613       -4.7
56614       -4.6
56615       -4.8
56616       -4.7
56617       -5.2
56618       -3.0
56619       -1.7
56620        0.9
56621        0.8
56622        1.2
56623        3.2
56624        3.1
56625        1.8
56626        3.4
56627        1.9
56628        6.4
56629        7.2
56630        6.3
56631        7.3
56632        7.5
56633        7.9
56634        9.5
56635        8.2
56636       10.0
56637       11.1
56638       11.4
56639       13.2
56640       12.7
56641       14.2
56642       15.0
56643       16.2
56644       16.4
56645       13.4
56646       13.4
56647       15.8
56648       15.2
56649       16.5
56650       16.1
56651       16.1
56652       17.4
56653       18.5
56654       18.1
56655       17.4
56656       19.2
56657       20.1
56658       18.0
56659       16.6
56660       19.8
56661       19.6
56662       19.8
56663       19.1
56664       21.8
56665       23.3
56666       23.5
56667       24.2
56668       21.7
56669       20.8
56670       17.7
56671       17.7
56672       19.6
56673       19.0
56674       17.7
56675       16.5
56676       17.1
56677       16.8
56678       18.1
56679       18.5
56680       18.9
56681       19.3
56682       18.0
56683       18.4
56684       18.9
56685       19.6
56686       21.6
56687       23.4
56688       23.5
56689       24.1
56690       21.7
56691       23.6
56692       22.9
56693       20.6
56694       20.1
56695       18.5
56696       19.3
56697       18.0
56698       18.2
56699       16.2
56700       15.8
56701       13.6
56702       14.8
56703       14.3
56704       10.7
56705        8.3
56706        6.7
56707        5.8
56708        3.9
56709        1.1
56710       -1.4
56711       -3.5
56712       -5.0
56713       -6.7
56714       -6.4
56715       -8.7
56716       -5.7
56717       -9.4
56718       -7.9
56719      -11.4
56720      -11.2
56721      -10.6
56722      -12.2
56723      -12.4
56724      -14.8
56725      -15.3
56726      -15.3
56727      -16.4
56728      -15.6
56729      -14.9
56730      -13.9
56731      -10.8
56732      -12.2
56733      -10.2
56734       -5.9
56735       -5.9
56736       -3.1
56737       -4.5
56738       -1.5
56739       -0.2
56740        1.0
56741       -1.7
56742       -4.0
56743       -5.8
56744       -5.7
56745       -4.8
56746       -6.3
56747       -7.5
56748       -7.5
56749       -6.3
56750       -3.9
56751       -4.9
56752       -4.8
56753       -4.1
56754       -1.3
56755          -
56756          -
56757          -
56758          -
56759          -
56760          -
56761       12.7
56762       16.0
56763       19.0
56764       17.2
56765       11.3
56766        9.8
56767       10.3
56768       10.5
56769       10.0
56770        6.9
56771        7.3
56772        8.0
56773        9.1
56774        8.0
56775        8.2
56776        8.5
56777        8.0
56778        9.5
56779        9.6
56780        9.4
56781        9.0
56782       12.5
56783       12.3
56784       11.5
56785       13.4
56786       16.3
56787       17.4
56788       17.9
56789       18.2
56790       19.0
56791       17.8
56792       16.7
56793       16.9
56794       15.7
56795       13.8
56796       14.4
56797       14.0
56798       13.4
56799       13.3
56800       12.9
56801       14.8
56802       12.6
56803        8.5
56804        6.0
56805        4.3
56806        2.8
56807       -0.7
56808       -2.8
56809       -4.7
56810       -6.4
56811       -7.9
56812      -10.0
56813      -10.2
56814      -11.9
56815      -15.3
56816      -17.1
56817      -16.9
56818      -16.9
56819      -16.3
56820      -13.8
56821      -11.7
56822      -10.3
56823       -8.3
56824       -7.8
56825       -8.0
56826      -10.1
56827       -9.6
56828       -8.6
56829       -9.1
56830       -7.5
56831       -6.6
56832       -6.5
56833       -6.9
56834       -7.3
56835       -6.9
56836       -6.5
56837       -6.2
56838       -6.1
56839       -6.0
56840       -4.9
56841       -6.2
56842       -4.5
56843       -2.4
56844       -3.3
56845       -1.4
56846       -0.9
56847       -1.1
56848       -1.9
56849       -3.5
56850       -4.3
56851       -5.1
56852       -4.6
56853       -3.6
56854       -3.0
56855       -5.9
56856       -5.4
56857       -5.4
56858       -4.5
56859       -4.9
56860       -6.0
56861       -6.0
56862       -7.6
56863       -7.6
56864       -6.3
56865       -5.5
56866       -4.2
56867       -3.0
56868       -3.7
56869       -3.7
56870       -4.3
56871       -2.5
56872       -1.0
56873       -0.2
56874       -1.2
56875        0.4
56876        3.2
56877        5.0
56878        7.0
56879       11.3
56880       10.1
56881        9.6
56882       10.6
56883        9.4
56884        8.6
56885        7.8
56886        8.5
56887        5.9
56888        4.4
56889        3.2
56890        1.8
56891        2.0
56892        2.3
56893        1.4
56894       -0.9
56895       -1.7
56896       -4.8
56897       -5.0
56898       -6.8
56899       -8.4
56900       -8.4
56901       -9.3
56902       -8.9
56903       -9.9
56904       -9.3
56905      -11.1
56906      -10.7
56907      -12.9
56908      -14.5
56909      -16.3
56910      -18.2
56911      -18.9
56912      -21.2
56913      -21.8
56914      -23.8
56915      -25.9
56916      -24.9
56917      -26.0
56918      -25.5
56919      -26.5
56920      -26.5
56921      -26.9
56922      -25.7
56923      -25.3
56924      -24.6
56925      -23.3
56926      -21.0
56927      -19.2
56928      -16.5
56929      -14.0
56930      -13.2
56931      -12.1
56932      -12.2
56933      -10.3
56934       -6.6
56935       -5.0
56936       -3.0
56937       -1.2
56938        1.8
56939        3.9
56940        5.1
56941        6.0
56942        6.5
56943        6.3
56944        4.6
56945        5.4
56946        5.5
56947        7.6
56948        9.6
56949       12.9
56950       14.2
56951       16.4
56952       18.9
56953       17.9
56954       21.5
56955       22.6
56956       22.7
56957       24.3
56958       24.5
56959       23.9
56960       23.9
56961       24.5
56962       24.1
56963       22.6
56964       23.7
56965       24.6
56966       24.4
56967       25.9
56968       24.7
56969       25.5
56970       24.4
56971       23.3
56972       22.6
56973       21.7
56974       19.9
56975       18.9
56976       15.1
56977       13.1
56978        9.9
56979        8.1
56980        8.5
56981        6.4
56982        5.7
56983        3.9
56984        2.0
56985        1.6
56986       -0.3
56987       -1.0
56988       -1.0
56989       -1.9
56990       -3.8
56991       -5.5
56992       -7.2
56993       -9.2
56994      -10.7
56995      -10.8
56996      -13.1
56997      -15.0
56998      -17.0
56999      -17.4
57000      -17.1
57001      -17.8
57002      -21.8
57003      -23.9
57004      -26.1
57005      -26.3
57006      -25.7
57007      -26.5
57008      -26.8
57009      -25.4
57010          -
57011          -
57012          -
57013      -25.7
57014      -24.8
57015      -22.8
57016      -22.9
57017      -21.0
57018      -19.5
57019      -18.4
57020      -16.7
57021      -14.9
57022      -15.1
57023      -14.4
57024      -13.4
57025      -11.8
57026      -10.1
57027       -9.9
57028       -8.3
57029       -7.3
57030       -7.8
57031       -7.3
57032       -7.2
57033       -6.9
57034       -7.7
57035       -7.2
57036       -8.2
57037       -6.9
57038       -5.8
57039       -5.4
57040       -5.3
57041       -4.3
57042       -4.9
57043       -3.9
57044       -2.9
57045       -1.2
57046        1.2
57047        3.8
57048        6.2
57049        8.2
57050       11.3
57051       13.1
57052       15.2
57053       16.8
57054       19.0
57055       24.5
57056       26.4
57057       27.6
57058       27.5
57059       28.3
57060       28.9
57061       29.6
57062       28.9
57063       28.0
57064       29.3
57065       30.3
57066       30.1
57067       30.3
57068       28.8
57069       28.8
57070       28.4
57071       27.8
57072       28.4
57073       28.0
57074       27.7
57075       27.9
57076       28.8
57077       26.6
57078       25.7
57079       24.4
57080       23.1
57081       21.2
57082       19.2
57083       15.8
57084       14.1
57085       14.3
57086       13.1
57087       11.7
57088        9.8
57089        8.1
57090        4.4
57091        2.4
57092          -
57093       -0.6
57094       -1.6
57095       -3.2
57096          -
57097       -4.4
57098       -4.3
57099       -4.7
57100       -5.2
57101       -5.7
57102       -6.2
57103       -5.9
57104       -6.0
57105       -6.8
57106       -7.1
57107       -7.6
57108       -7.8
57109       -8.3
57110       -8.6
57111       -8.8
57112       -8.8
57113       -9.6
57114       -9.3
57115      -10.5
57116      -10.5
57117      -11.0
57118       -8.9
57119          -
57120          -
57121       -8.2
57122       -8.2
57123       -7.8
57124       -6.5
57125       -3.5
57126       -2.1
57127       -1.7
57128       -1.4
57129       -1.2
57130       -0.5
57131       -0.2
57132       -0.6
57133        0.2
57134        0.2
57135        0.8
57136        1.9
57137        2.6
57138        3.5
57139        5.4
57140        6.2
57141        7.4
57142        8.9
57143        9.6
57144       10.4
57145       11.0
57146       11.3
57147       11.1
57148       11.5
57149       12.2
57150       11.9
57151       12.3
57152       12.4
57153       12.0
57154       12.7
57155       12.5
57156       13.3
57157       12.3
57158       12.6
57159       12.3
57160       12.0
57161       11.8
57162       10.9
57163       11.1
57164        9.9
57165        9.8
57166        9.3
57167        9.7
57168        9.6
57169        9.3
57170        9.8
57171       10.6
57172       11.0
57173       11.3
57174       12.8
57175       13.2
57176       12.9
57177       13.2
57178       13.8
57179       14.4
57180       13.5
57181       13.9
57182       13.4
57183       12.7
57184       12.2
57185       12.8
57186       13.6
57187       13.4
57188       12.5
57189       12.7
57190       12.2
57191       11.6
57192       11.0
57193        9.6
57194        8.0
57195        6.2
57196        5.2
57197        4.6
57198        4.9
57199        4.7
57200        3.0
57201        2.0
57202        2.2
57203        2.3
57204        1.3
57205        1.6
57206        1.9
57207        1.1
57208        0.9
57209        4.3
57210        4.8
57211        5.2
57212        6.5
57213        7.2
57214        9.1
57215        9.7
57216        9.3
57217        9.1
57218        9.0
57219        8.6
57220        9.2
57221        8.7
57222        7.5
57223        6.3
57224        6.2
57225        6.0
57226        5.6
57227        5.9
57228        6.4
57229        4.5
57230        4.7
57231        4.7
57232        4.9
57233        4.9
57234        4.5
57235        3.6
57236        3.3
57237        3.0
57238        3.2
57239        3.6
57240        2.8
57241        1.9
57242        0.8
57243       -0.1
57244        0.8
57245        0.4
57246        0.4
57247       -0.6
57248       -0.6
57249       -0.5
57250       -0.5
57251       -1.1
57252        0.2
57253        0.6
57254        0.6
57255        0.5
57256        1.0
57257        1.3
57258        0.6
57259        1.0
57260        1.8
57261        2.1
57262        2.5
57263        1.9
57264        2.7
57265        3.8
57266        3.7
57267        3.6
57268        3.4
57269        3.7
57270        4.2
57271        4.4
57272        3.6
57273        4.3
57274        4.4
57275        4.3
57276        4.8
57277        5.7
57278        5.5
57279        5.8
57280        6.1
57281        7.0
57282        6.9
57283        8.0
57284        8.9
57285        8.8
57286       10.4
57287       11.4
57288       12.1
57289       12.9
57290       12.8
57291       12.6
57292       12.9
57293       13.0
57294       13.6
57295       13.6
57296       13.8
57297       14.3
57298       14.3
57299       14.3
57300       15.8
57301       16.2
57302       15.8
57303       15.1
57304       16.0
57305       16.8
57306       18.6
57307       18.1
57308       17.7
57309       16.6
57310       16.9
57311          -
57312          -
57313          -
57314       16.2
57315       16.3
57316       15.6
57317       15.8
57318       15.1
57319       15.0
57320       15.0
57321       15.6
57322       16.9
57323       16.9
57324       17.3
57325       17.6
57326       17.7
57327       18.5
57328       19.4
57329       19.5
57330       19.6
57331       20.1
57332       19.6
57333       20.1
57334       20.5
57335       21.2
57336       21.1
57337       21.0
57338       20.8
57339       20.3
57340       20.1
57341       19.1
57342       19.0
57343       19.1
57344       18.7
57345       17.6
57346       17.7
57347       16.3
57348       16.1
57349       15.7
57350       14.9
57351       13.0
57352       12.0
57353       11.4
57354       10.7
57355       10.7
57356       11.5
57357       10.6
57358       10.5
57359        9.8
57360        9.5
57361        8.6
57362        9.0
57363        5.7
57364        5.6
57365        5.5
57366        5.9
57367        6.7
57368        6.4
57369        7.1
57370        8.5
57371        9.0
57372        8.3
57373        8.3
57374        8.9
57375        8.3
57376        9.3
57377       10.2
57378       10.4
57379       10.9
57380       10.8
57381       11.2
57382       11.1
57383       11.7
57384       12.3
57385       11.5
57386       11.3
57387       11.8
57388       12.0
57389       13.3
57390       14.1
57391       13.1
57392       13.6
57393       13.8
57394       14.2
57395       13.6
57396       13.9
57397       13.8
57398       13.4
57399       12.4
57400       12.5
57401       13.6
57402       13.9
57403       13.5
57404       13.9
57405       12.6
57406       12.1
57407       12.2
57408       11.8
57409       10.6
57410       10.4
57411       10.0
57412        8.7
57413        7.4
57414        6.1
57415        5.5
57416        4.8
57417        3.8
57418        2.8
57419        2.1
57420        0.1
57421       -1.0
57422          -
57423          -
57424          -
57425          -
57426       -9.6
57427      -11.2
57428      -12.2
57429      -14.1
57430      -16.4
57431      -17.7
57432      -20.2
57433      -21.4
57434      -22.2
57435      -21.6
57436      -21.0
57437      -21.4
57438      -22.3
57439      -22.5
57440      -23.5
57441      -23.6
57442      -23.4
57443      -21.5
57444      -20.8
57445      -18.3
57446      -15.3
57447      -13.8
57448      -11.3
57449       -9.0
57450       -6.8
57451       -4.1
57452       -1.4
57453        0.5
57454        3.7
57455        6.3
57456        8.7
57457       10.5
57458       12.4
57459       14.6
57460       16.2
57461       18.6
57462       20.6
57463       21.3
57464       23.1
57465       23.1
57466       22.8
57467       22.9
57468       21.8
57469       21.6
57470       22.4
57471       22.9
57472       23.0
57473       22.9
57474       22.9
57475       22.7
57476       22.5
57477       23.4
57478       23.1
57479       23.6
57480       22.0
57481       21.5
57482       23.6
57483       22.7
57484       22.7
57485       21.9
57486       21.2
57487       20.0
57488       19.4
57489       20.0
57490       19.4
57491       19.4
57492       18.4
57493       17.1
57494       16.8
57495       16.3
57496       14.6
57497       13.8
57498       13.4
57499       12.2
57500       11.3
57501       10.4
57502        9.2
57503        8.9
57504        8.8
57505        9.1
57506        8.0
57507        7.4
57508        7.0
57509        7.4
57510        5.8
57511        3.9
57512        3.3
57513        2.4
57514        2.3
57515        0.1
57516        0.7
57517       -1.0
57518       -2.6
57519       -2.6
57520       -2.5
57521       -2.0
57522       -1.4
57523       -1.6
57524       -1.7
57525       -2.1
57526       -2.4
57527       -2.6
57528       -3.5
57529       -3.9
57530       -3.3
57531       -2.3
57532       -2.8
57533       -3.3
57534       -3.8
57535       -5.0
57536       -5.5
57537       -5.7
57538       -4.1
57539       -3.9
57540       -4.0
57541       -4.0
57542       -4.4
57543       -6.4
57544       -7.1
57545       -8.7
57546       -8.7
57547       -9.6
57548      -10.6
57549      -12.0
57550      -12.2
57551      -13.5
57552      -13.7
57553      -15.6
57554      -16.9
57555      -18.0
57556      -18.7
57557      -19.4
57558      -19.9
57559      -19.6
57560      -20.3
57561      -20.5
57562      -22.0
57563      -22.7
57564      -20.8
57565      -19.0
57566      -18.9
57567      -17.2
57568      -16.8
57569      -16.1
57570      -14.5
57571      -12.8
57572      -11.7
57573       -9.1
57574       -8.4
57575       -8.7
57576       -8.6
57577       -8.3
57578       -6.5
57579       -5.4
57580       -5.3
57581       -4.3
57582       -3.2
57583       -1.5
57584       -0.5
57585        0.6
57586        2.4
57587        4.0
57588        4.1
57589        4.5
57590        5.4
57591        6.3
57592        7.2
57593        7.7
57594        8.9
57595       10.4
57596       11.4
57597       12.2
57598       13.7
57599       14.9
57600       17.0
57601       19.1
57602          -
57603          -
57604          -
57605          -
57606          -
57607          -
57608       24.4
57609       25.7
57610       28.1
57611       27.9
57612       29.4
57613       28.5
57614       29.0
57615       29.5
57616       29.7
57617       29.5
57618       29.1
57619       29.5
57620       29.0
57621       27.1
57622       26.0
57623       25.9
57624       29.6
57625       -4.7
57626       23.6
57627       22.2
57628       20.2
57629       20.0
57630       18.4
57631       16.9
57632       16.1
57633       14.2
57634       12.3
57635       10.9
57636        4.7
57637        3.2
57638        1.8
57639       -0.3
57640       -2.0
57641       -3.8
57642       -5.4
57643       -5.8
57644       -6.6
57645       -8.0
57646       -8.5
57647       -9.5
57648       -9.8
57649       -9.0
57650       -7.7
57651       -7.2
57652       -7.1
57653       -6.9
57654       -6.5
57655       -5.5
57656       -4.5
57657       -3.0
57658       -2.8
57659       -2.8
57660       -1.9
57661       -1.7
57662       -2.1
57663       -2.0
57664       -1.5
57665       -1.3
57666       -1.2
57667       -1.8
57668       -2.7
57669       -2.5
57670       -4.1
57671       -4.9
57672       -6.8
57673       -7.6
57674       -8.3
57675       -9.1
57676       -9.5
57677      -10.9
57678      -10.4
57679       -9.7
57680       -9.8
57681       -8.8
57682       -9.0
57683       -9.1
57684       -8.8
57685       -8.2
57686       -7.8
57687       -7.3
57688       -6.2
57689       -4.9
57690       -5.3
57691       -4.4
57692       -3.7
57693       -2.6
57694       -2.1
57695       -1.8
57696       -0.5
57697       -0.2
57698        0.9
57699        3.5
57700        4.0
57701        4.8
57702        5.6
57703        6.4
57704        7.3
57705        8.2
57706       10.3
57707       11.7
57708       12.0
57709       11.9
57710       11.8
57711          -
57712          -
57713       13.5
57714       14.2
57715       14.4
57716       13.8
57717       14.5
57718       15.2
57719       15.5
57720       15.1
57721       15.1
57722       16.0
57723       16.6
57724       16.4
57725       15.8
57726       15.2
57727       12.5
57728       13.1
57729       12.4
57730       12.6
57731       11.5
57732       11.0
57733       11.3
57734       12.9
57735       12.6
57736       12.8
57737       12.2
57738       12.1
57739       12.1
57740       12.9
57741       10.2
57742        9.0
57743        6.4
57744        5.2
57745        4.6
57746        3.3
57747        3.3
57748        3.1
57749        2.1
57750        1.1
57751        0.5
57752        1.5
57753        0.9
57754        0.1
57755       -1.2
57756       -1.7
57757       -2.6
57758       -2.5
57759       -2.8
57760       -3.4
57761       -4.3
57762       -5.3
57763       -5.4
57764       -6.3
57765       -6.0
57766       -6.0
57767       -6.9
57768       -6.8
57769       -6.7
57770       -7.3
57771       -7.5
57772       -9.1
57773       -9.7
57774      -10.7
57775      -11.5
57776      -13.4
57777      -12.2
57778      -11.2
57779      -10.1
57780      -10.9
57781      -11.9
57782      -12.0
57783      -10.6
57784      -11.2
57785      -11.8
57786      -12.4
57787      -11.5
57788      -10.3
57789       -9.1
57790      -10.0
57791       -9.3
57792       -9.1
57793       -7.9
57794       -7.4
57795       -6.9
57796       -6.4
57797       -5.1
57798       -3.9
57799       -3.0
57800       -2.5
57801       -0.8
57802        0.2
57803        0.7
57804        0.3
57805        1.2
57806        2.0
57807        3.2
57808        4.2
57809        6.1
57810        7.0
57811        9.1
57812       10.3
57813       10.8
57814       11.7
57815       13.0
57816       14.1
57817       15.7
57818       13.8
57819       14.1
57820       14.5
57821       15.2
57822       15.6
57823       15.8
57824       15.8
57825       16.6
57826       16.5
57827       16.1
57828       16.9
57829       17.0
57830       17.1
57831       17.1
57832       18.1
57833       18.2
57834       18.8
57835       18.2
57836       17.2
57837       16.0
57838       13.9
57839       11.8
57840       10.6
57841        9.1
57842        7.2
57843        5.4
57844        4.3
57845        3.1
57846        9.3
57847        8.3
57848        7.4
57849        5.8
57850        4.6
57851        2.6
57852        1.6
57853        0.9
57854       -0.1
57855       -0.9
57856       -2.4
57857       -4.1
57858       -5.6
57859       -6.6
57860       -6.6
57861       -8.6
57862      -10.2
57863      -11.4
57864      -11.7
57865      -12.4
57866      -12.5
57867      -14.2
57868      -14.6
57869      -15.1
57870      -14.2
57871      -13.8
57872      -13.5
57873      -13.0
57874      -12.7
57875      -12.8
57876      -12.8
57877      -13.9
57878      -13.0
57879      -11.3
57880       -9.2
57881      -16.7
57882      -15.1
57883      -13.3
57884      -12.0
57885       -9.9
57886       -8.5
57887       -8.2
57888       -8.5
57889       -6.7
57890       -5.3
57891       -3.8
57892       -2.7
57893       -0.7
57894        1.0
57895        1.2
57896        2.6
57897        2.9
57898        3.7
57899        4.4
57900        5.6
57901        7.3
57902       11.4
57903       13.2
57904       14.9
57905       15.2
57906       16.7
57907       17.3
57908          -
57909       20.0
57910       17.9
57911       16.9
57912       16.0
57913       15.7
57914       15.4
57915       14.0
57916       15.9
57917       15.4
57918       15.5
57919       15.3
57920       15.2
57921       15.4
57922       17.1
57923       13.7
57924       12.7
57925       11.2
57926       11.1
57927       11.4
57928       11.4
57929       12.2
57930       14.9
57931       15.2
57932       15.6
57933       15.9
57934       16.6
57935       16.1
57936       16.4
57937       11.7
57938       12.4
57939       12.2
57940       12.1
57941       11.4
57942       11.3
57943       11.3
57944       11.6
57945       11.5
57946       10.6
57947       10.5
57948       10.9
57949       11.4
57950       11.8
57951       10.8
57952       11.2
57953       10.8
57954       10.3
57955       10.1
57956       11.3
57957       11.6
57958       13.4
57959       14.1
57960       13.9
57961       16.1
57962       16.6
57963       17.6
57964       18.6
57965       19.3
57966       20.5
57967       20.8
57968       21.4
57969       20.7
57970       20.8
57971       20.9
57972       21.1
57973       19.8
57974       19.4
57975       17.7
57976       16.8
57977       14.8
57978       13.8
57979       12.8
57980       11.1
57981        9.7
57982        9.2
57983        9.0
57984        8.4
57985        7.0
57986        6.2
57987        4.8
57988        3.5
57989        4.6
57990        5.9
57991        6.1
57992        6.2
57993        5.5
57994        5.9
57995        5.3
57996        4.7
57997        4.2
57998        3.6
57999        2.8
58000        1.9
58001        1.6
58002        1.3
58003        0.2
58004       -0.2
58005       -1.0
58006       -1.1
58007       -2.2
58008       -2.4
58009       -2.4
58010       -1.1
58011       -1.5
58012       -1.5
58013        0.3
58014       -0.4
58015       -0.7
58016       -1.2
58017       -0.4
58018       -0.3
58019       -0.2
58020       -0.3
58021        0.6
58022        1.5
58023        2.4
58024        3.1
58025        2.8
58026        3.4
58027        4.5
58028        5.3
58029        4.9
58030        5.5
58031        5.6
58032        4.6
58033        4.7
58034        4.9
58035        4.1
58036        3.9
58037        2.5
58038        1.7
58039        2.1
58040        2.2
58041        2.6
58042        2.4
58043        3.9
58044        3.3
58045        3.8
58046        4.3
58047        4.5
58048        4.8
58049        5.4
58050        5.5
58051        6.3
58052        5.9
58053        6.1
58054        7.4
58055        8.4
58056        9.7
58057        9.3
58058        9.2
58059        8.3
58060        8.9
58061        9.7
58062        9.2
58063        9.1
58064        9.4
58065        9.7
58066       10.8
58067       12.0
58068       13.5
58069       14.4
58070       15.3
58071       16.0
58072       16.9
58073       16.8
58074       16.4
58075       17.1
58076       18.1
58077       18.9
58078       18.4
58079       19.1
58080       19.2
58081       19.0
58082       19.2
58083       18.9
58084       18.8
58085       17.4
58086       17.5
58087       17.3
58088       17.6
58089       18.0
58090       16.5
58091       16.9
58092       16.4
58093       16.5
58094       15.2
58095       13.6
58096       12.8
58097       12.0
58098       10.3
58099       10.5
58100       10.0
58101        9.7
58102        8.9
58103       10.2
58104        9.6
58105        8.2
58106        7.5
58107        6.2
58108        4.3
58109        2.6
58110        1.3
58111        0.4
58112       -1.0
58113       -2.1
58114       -2.0
58115       -1.9
58116       -2.7
58117       -2.7
58118       -4.0
58119       -4.7
58120       -5.0
58121       -4.1
58122       -3.7
58123       -3.3
58124       -0.7
58125        0.1
58126       -0.7
58127       -0.4
58128        0.4
58129        1.0
58130        1.5
58131        2.7
58132        3.1
58133        2.7
58134        3.1
58135        3.9
58136        4.3
58137        4.7
58138        5.2
58139        5.6
58140        7.4
58141        8.8
58142        9.5
58143       10.4
58144       12.6
58145       12.8
58146       15.9
58147       15.2
58148       16.0
58149       16.5
58150       16.8
58151       17.3
58152       18.1
58153       18.2
58154       19.3
58155       20.2
58156       20.7
58157       20.9
58158       21.6
58159       21.6
58160       22.4
58161       23.9
58162       24.9
58163       25.1
58164       24.8
58165       25.3
58166       25.4
58167       26.2
58168       26.7
58169       27.4
58170       28.1
58171       28.3
58172       29.4
58173       29.2
58174       30.3
58175       29.6
58176       29.0
58177       28.0
58178       26.4
58179       25.4
58180       23.5
58181       21.7
58182       20.4
58183       18.8
58184       17.4
58185       15.8
58186       14.2
58187       12.5
58188       12.0
58189        9.7
58190        7.5
58191        6.4
58192        5.8
58193        5.1
58194        3.8
58195        1.9
58196       -0.4
58197       -2.0
58198       -3.3
58199       -4.5
58200       -4.4
58201       -4.8
58202       -5.9
58203       -7.2
58204       -8.9
58205       -9.6
58206      -10.2
58207       -9.9
58208       -9.8
58209      -10.4
58210      -10.4
58211      -11.1
58212      -10.7
58213       -9.7
58214       -9.9
58215       -9.3
58216       -9.2
58217      -11.1
58218      -10.4
58219      -67.7
58220      -68.8
58221      -70.5
58222      -14.0
58223      -13.8
58224      -13.6
58225       -6.8
58226       -5.3
58227       -5.1
58228       -3.6
58229       -4.4
58230       -2.9
58231       -1.4
58232        1.5
58233        4.6
58234        7.5
58235        7.9
58236       10.8
58237       12.9
58238       14.6
58239       17.3
58240       21.8
58241       22.5
58242      -47.1
58243      -45.5
58244      -43.5
58245      -39.4
58246          -
58247       36.9
58248       38.6
58249       41.5
58250       44.2
58251       47.5
58252       50.6
58253       53.4
58254       54.3
58255       56.7
58256       59.2
58257       60.5
58258       62.0
58259       64.2
58260       66.0
58261       65.9
58262       66.5
58263       70.9
58264       71.5
58265       72.1
58266       72.6
58267       73.2
58268       74.5
58269       76.6
58270       76.8
58271       77.6
58272       78.0
58273       80.8
58274       81.5
58275       82.4
58276       83.7
58277       85.2
58278       86.7
58279       91.8
58280       99.4
58281      107.0
58282      114.9
58283      115.7
58284      116.0
58285      116.5
58286      117.2
58287      118.0
58288      119.0
58289      120.0
58290      121.2
58291      122.4
58292      123.8
58293      125.3
58294      127.2
58295      129.2
58296      131.3
58297      133.3
58298      135.6
58299      138.0
58300      140.5
58301      143.1
58302      151.7
58303      155.5
58304      156.5
58305      157.6
58306      158.8
58307      160.4
58308      161.7
58309      163.6
58310      165.8
58311      168.1
58312      170.5
58313      171.0
58314      171.4
58315      172.4
58316      173.4
58317      174.2
58318      175.5
58319      173.3
58320      170.9
58321      168.7
58322      166.4
58323      164.6
58324      162.6
58325      161.0
58326      159.5
58327      156.3
58328      153.2
58329      149.9
58330      147.3
58331      144.5
58332      142.3
58333      139.8
58334      137.4
58335      135.3
58336      132.2
58337      146.6
58338      145.4
58339      141.8
58340      138.5
58341      135.3
58342      131.9
58343      128.8
58344      125.9
58345      123.2
58346      118.2
58347      112.6
58348      107.3
58349      102.3
58350       97.3
58351       92.3
58352       87.5
58353       82.9
58354       78.1
58355       73.5
58356       86.9
58357      106.0
58358      105.6
58359      102.2
58360       98.8
58361       95.3
58362       92.4
58363       89.6
58364       87.7
58365       82.8
58366       78.7
58367       72.2
58368       65.8
58369       59.6
58370       53.6
58371       47.7
58372       42.2
58373       36.6
58374       31.5
58375       26.8
58376       22.6
58377       18.2
58378       13.9
58379       10.1
58380        6.6
58381        3.1
58382        1.9
58383        0.6
58384       -0.2
58385       -0.0
58386       -0.7
58387       -1.2
58388       -1.1
58389       -0.8
58390       -0.2
58391        0.3
58392        0.0
58393        1.3
58394        2.3
58395        3.6
58396        5.2
58397        6.8
58398        8.2
58399       10.2
58400       12.1
58401       14.4
58402       16.4
58403       18.7
58404       21.2
58405       23.4
58406       26.3
58407       28.9
58408       31.1
58409       32.4
58410       33.8
58411       34.8
58412       35.8
58413       37.2
58414       37.6
58415       37.0
58416       36.1
58417       34.3
58418       31.9
58419       29.5
58420       27.0
58421       24.8
58422       22.5
58423       20.9
58424       19.1
58425       17.5
58426       16.3
58427       15.2
58428       14.0
58429       13.0
58430       12.2
58431       11.4
58432       10.7
58433       10.1
58434        9.7
58435        9.5
58436        9.3
58437        9.3
58438        9.7
58439       10.1
58440       10.7
58441       11.3
58442       11.5
58443       11.7
58444       11.9
58445       12.6
58446       13.2
58447       13.6
58448       14.0
58449       14.9
58450       16.2
58451       17.6
58452       18.3
58453       18.9
58454       19.5
58455       21.1
58456       20.0
58457       19.3
58458       18.5
58459       17.9
58460       17.3
58461       17.0
58462       17.2
58463       17.2
58464       16.3
58465       15.4
58466       15.4
58467       14.1
58468       14.5
58469       14.2
58470       14.1
58471       14.5
58472       14.0
58473       13.2
58474       12.8
58475       12.8
58476       12.9
58477       13.0
58478       12.7
58479       12.9
58480       13.2
58481       14.0
58482       15.1
58483       16.1
58484       16.9
58485       18.2
58486       20.0
58487       20.2
58488       20.0
58489       19.7
58490       20.8
58491       19.1
58492       17.9
58493       16.5
58494       15.1
58495       14.2
58496       12.8
58497       11.8
58498       11.1
58499       10.5
58500        9.8
58501        9.5
58502        9.6
58503        9.5
58504        9.6
58505       10.0
58506       10.4
58507       10.9
58508       11.7
58509       12.6
58510       13.5
58511       14.4
58512       16.1
58513       17.2
58514       19.0
58515       19.9
58516       19.7
58517       19.7
58518       16.0
58519       15.5
58520       14.9
58521       13.8
58522       13.2
58523       13.0
58524       12.8
58525       13.3
58526       14.0
58527       14.5
58528       13.8
58529       13.4
58530       13.2
58531       13.1
58532       13.4
58533       13.2
58534       12.8
58535       12.7
58536       12.7
58537       12.8
58538       12.8
58539       12.5
58540       12.5
58541       12.0
58542       11.5
58543       11.1
58544       11.6
58545       11.7
58546       11.0
58547       10.9
58548       11.0
58549       11.4
58550       10.2
58551        9.2
58552        7.8
58553        6.8
58554        5.8
58555        5.4
58556        5.2
58557        4.6
58558        3.5
58559        2.7
58560        2.2
58561        2.3
58562        1.6
58563        1.5
58564        1.7
58565        2.1
58566        2.5
58567        3.1
58568        4.1
58569        5.2
58570        6.2
58571        5.4
58572        4.3
58573        3.4
58574        2.6
58575        1.7
58576        1.4
58577        1.0
58578        0.9
58579        0.2
58580       -0.4
58581       -0.4
58582       -1.4
58583       -2.1
58584       -2.5
58585       -2.2
58586       -2.0
58587       -1.5
58588       -0.8
58589        0.1
58590        1.3
58591        2.4
58592        2.9
58593        3.7
58594        4.8
58595        5.9
58596        7.2
58597        8.5
58598       10.2
58599       11.3
58600       13.3
58601       15.3
58602       17.4
58603       19.2
58604       21.0
58605       22.0
58606       22.8
58607       23.4
58608       23.2
58609       22.2
58610       22.6
58611       22.0
58612       22.2
58613       22.3
58614       22.5
58615       22.7
58616       22.9
58617       23.1
58618       23.1
58619       22.5
58620       21.0
58621       19.4
58622       18.3
58623       17.2
58624       16.4
58625       15.4
58626       14.8
58627       14.3
58628       13.7
58629       13.5
58630       13.2
58631       13.1
58632       13.1
58633       13.1
58634       14.2
58635       14.3
58636       15.0
58637       15.5
58638       15.9
58639       16.4
58640       17.1
58641       17.8
58642       18.1
58643       18.7
58644       19.5
58645       18.6
58646       17.6
58647       16.4
58648       15.6
58649       15.4
58650       14.5
58651       14.3
58652       14.1
58653       14.2
58654       14.4
58655       14.7
58656       14.6
58657       14.9
58658       15.3
58659       16.1
58660       16.9
58661       17.3
58662       17.8
58663       18.3
58664       18.3
58665       19.6
58666       20.1
58667       20.0
58668       19.8
58669       20.3
58670       20.5
58671       20.9
58672       21.8
58673       20.8
58674       20.4
58675       20.5
58676       18.3
58677       14.8
58678       12.4
58679        9.8
58680        7.7
58681        5.5
58682        3.9
58683        2.4
58684        0.6
58685       -1.3
58686       -2.6
58687       -3.5
58688       -4.2
58689       -5.1
58690       -5.7
58691       -6.1
58692       -6.5
58693       -6.2
58694       -6.3
58695       -6.1
58696          -
58697      -49.8
58698      -49.2
58699      -48.1
58700      -46.7
58701      -45.1
58702      -43.8
58703      -41.6
58704      -39.7
58705      -37.7
58706      -35.6
58707      -33.2
58708      -30.7
58709      -27.7
58710      -24.6
58711      -21.4
58712      -18.2
58713      -14.5
58714      -11.0
58715       -7.3
58716       -3.5
58717        0.1
58718        4.2
58719        8.4
58720       12.3
58721       16.4
58722       20.6
58723       24.9
58724       26.3
58725       25.6
58726       25.0
58727       23.8
58728       22.8
58729       22.1
58730       21.5
58731       20.1
58732       18.8
58733       16.7
58734       14.7
58735       11.7
58736        9.7
58737        8.1
58738        6.3
58739        4.8
58740        3.4
58741        2.0
58742        1.0
58743       -0.5
58744       -1.5
58745       -2.4
58746       -2.1
58747       -1.6
58748       -1.2
58749       -0.7
58750        0.1
58751        0.7
58752        1.9
58753        2.6
58754        3.4
58755        4.2
58756        5.1
58757        6.4
58758        7.5
58759        8.6
58760        9.6
58761       11.0
58762       12.5
58763       14.0
58764       15.7
58765       17.5
58766       19.3
58767       20.5
58768       21.9
58769       22.8
58770       24.2
58771       25.8
58772       27.3
58773       27.3
58774       27.4
58775       27.4
58776       27.7
58777       28.1
58778       26.4
58779       25.4
58780       24.3
58781       23.1
58782       21.9
58783       21.2
58784          -
58785       18.7
58786       19.0
58787       18.8
58788       18.3
58789       18.7
58790       18.6
58791       19.3
58792       19.6
58793       19.3
58794       18.4
58795       17.5
58796       17.2
58797       16.6
58798       16.2
58799       15.8
58800       15.5
58801       15.0
58802       14.8
58803       14.9
58804       15.5
58805       15.1
58806       15.5
58807       15.9
58808       16.5
58809       17.0
58810       17.8
58811       18.9
58812       19.9
58813       20.1
58814       20.7
58815       21.0
58816       21.7
58817       22.6
58818       24.1
58819       26.0
58820       27.1
58821       27.9
58822       28.4
58823       28.4
58824       28.1
58825       28.0
58826       28.3
58827       27.4
58828       25.9
58829       24.4
58830       21.4
58831       18.5
58832       15.3
58833       12.7
58834       10.0
58835        7.4
58836        5.2
58837        2.5
58838       -0.8
58839       -3.9
58840       -6.4
58841       -9.2
58842      -11.6
58843      -13.9
58844      -16.0
58845      -17.2
58846      -18.2
58847      -18.6
58848      -19.3
58849      -19.6
58850      -19.9
58851      -20.2
58852      -18.3
58853      -15.8
58854      -12.5
58855      -10.1
58856       -8.4
58857       -6.6
58858       -4.7
58859       -2.7
58860       -0.1
58861        2.9
58862        5.8
58863        8.4
58864       10.8
58865       13.8
58866       16.7
58867       19.6
58868       22.6
58869       24.4
58870       24.8
58871       23.7
58872       21.6
58873       19.5
58874       17.3
58875       15.4
58876       13.7
58877       11.9
58878        9.7
58879        7.4
58880        5.4
58881        3.2
58882        4.1
58883        2.5
58884        1.0
58885        0.1
58886       -1.4
58887       -2.6
58888       -3.5
58889       -4.0
58890       -4.6
58891       -4.6
58892       -4.6
58893       -4.0
58894       -3.9
58895       -3.8
58896       -3.3
58897       -2.8
58898       -1.8
58899       -0.7
58900        0.0
58901        1.5
58902        2.7
58903        3.6
58904        5.0
58905        6.7
58906        7.6
58907        8.4
58908        9.9
58909       10.8
58910       12.3
58911       12.9
58912       13.5
58913       13.9
58914       14.9
58915       16.2
58916       17.6
58917       19.2
58918       20.7
58919       21.1
58920       21.2
58921       20.9
58922       20.2
58923       19.6
58924       18.2
58925       18.3
58926       18.0
58927       17.3
58928       16.8
58929       16.0
58930       15.6
58931       14.4
58932       14.2
58933       13.8
58934       13.8
58935       13.7
58936       13.5
58937       14.0
58938       14.1
58939       14.7
58940       15.3
58941       15.4
58942       15.6
58943       16.1
58944       16.8
58945       16.9
58946       17.5
58947       18.2
58948       19.1
58949       19.0
58950       18.1
58951       17.6
58952       17.3
58953       17.6
58954       18.1
58955       17.4
58956       16.7
58957       16.2
58958       15.9
58959       15.7
58960          -
58961       11.3
58962       11.3
58963       11.6
58964       12.0
58965       12.8
58966       13.7
58967       14.9
58968       16.1
58969       16.3
58970       17.0
58971       18.1
58972       19.0
58973       18.6
58974       19.8
58975       20.2
58976       20.8
58977       21.3
58978       22.0
58979       22.7
58980       23.8
58981       24.0
58982       24.2
58983       24.3
58984       23.7
58985       23.3
58986       23.1
58987       23.2
58988       21.9
58989       20.1
58990       18.8
58991       17.2
58992       15.9
58993       14.8
58994       13.5
58995       12.8
58996       12.1
58997       11.4
58998       10.8
58999       10.5
59000       10.1
59001       10.3
59002       10.6
59003       10.3
59004       10.8
59005       11.3
59006       12.0
59007       12.9
59008       14.1
59009       14.4
59010       14.6
59011       15.4
59012       16.2
59013       16.6
59014       17.7
59015       18.6
59016       17.8
59017       16.1
59018       14.9
59019       13.6
59020       12.0
59021       10.5
59022        9.7
59023        8.9
59024        8.5
59025        8.5
59026        7.8
59027        7.6
59028        7.6
59029        7.1
59030        6.9
59031        6.1
59032        5.4
59033        5.0
59034        5.1
59035        4.7
59036        3.8
59037        4.0
59038        4.4
59039        5.0
59040        5.6
59041        6.2
59042        6.5
59043        7.5
59044        9.1
59045       10.5
59046       11.8
59047       14.0
59048       34.7
59049       58.6
59050       82.5
59051       84.0
59052       46.1
59053        4.2
59054        1.8
59055        3.3
59056        5.1
59057        7.3
59058        9.6
59059       11.6
59060       14.3
59061       17.3
59062       20.1
59063       23.0
59064       25.2
59065       26.4
59066       24.7
59067       21.9
59068       19.6
59069       17.3
59070       14.6
59071       13.0
59072       10.5
59073        8.4
59074        7.0
59075        5.4
59076        4.3
59077        2.9
59078          -
59079       37.6
59080       37.8
59081       35.3
59082          -
59083          -
59084       10.8
59085        2.7
59086       -7.7
59087      -13.9
59088      -12.5
59089      -14.7
59090       -6.2
59091       -2.1
59092       -0.4
59093        3.3
59094        7.9
59095       13.5
59096       21.8
59097       26.3
59098       29.0
59099       32.2
59100       33.0
59101       28.8
59102       19.7
59103       14.0
59104        7.8
59105        2.9
59106       -0.4
59107       -4.7
59108       -5.7
59109       -4.2
59110       -4.0
59111       -6.7
59112       -8.9
59113       -5.1
59114       -4.8
59115       -4.1
59116       -2.2
59117       -0.3
59118        0.4
59119       -2.4
59120       -4.4
59121       -5.0
59122       -3.8
59123       -7.5
59124       -7.2
59125       -8.0
59126       -6.6
59127       -5.2
59128       -1.7
59129        1.2
59130        2.8
59131        1.0
59132        0.6
59133        2.2
59134       -1.1
59135       -0.7
59136       -2.5
59137       -1.8
59138       -2.7
59139       -2.7
59140       -5.8
59141       -4.6
59142          -
59143          -
59144          -
59145          -
59146          -
59147          -
59148          -
59149          -
59150          -
59151          -
59152          -
59153          -
59154          -
59155          -
59156          -
59157          -
59158       38.7
59159       31.7
59160       19.5
59161        6.7
59162       -4.8
59163       -9.5
59164      -10.0
59165      -14.6
59166      -20.0
59167      -18.0
59168      -22.6
59169      -21.5
59170      -20.9
59171      -15.0
59172      -10.0
59173      -10.2
59174       -9.8
59175       -8.0
59176       -1.8
59177        1.3
59178        1.7
59179        3.3
59180        7.3
59181        9.3
59182       11.2
59183       13.9
59184       13.7
59185       14.2
59186       13.9
59187       16.2
59188       10.7
59189        8.2
59190        4.6
59191        4.1
59192        3.2
59193        3.1
59194        1.6
59195       -0.4
59196       -4.7
59197       -4.9
59198       -5.5
59199       -6.2
59200       -7.4
59201      -10.1
59202      -12.8
59203      -14.3
59204      -16.9
59205      -15.7
59206      -16.0
59207      -15.8
59208      -15.4
59209      -12.8
59210      -16.4
59211      -14.0
59212      -12.7
59213       -8.7
59214       -9.0
59215       -6.8
59216       -5.7
59217       -3.4
59218        6.0
59219        8.2
59220        9.3
59221        9.1
59222       11.7
59223       13.8
59224       11.0
59225       14.4
59226       18.6
59227       17.1
59228       21.7
59229       21.9
59230       19.8
59231       18.4
59232       10.8
59233        5.3
59234        4.5
59235        1.0
59236       -5.1
59237       -5.4
59238       -6.7
59239       -6.2
59240       -6.0
59241       -2.6
59242       -2.9
59243       -2.1
59244       -2.7
59245       -1.9
59246       -0.7
59247       -1.0
59248        1.1
59249       -0.7
59250        5.2
59251        5.9
59252        5.2
59253       -0.9
59254       -4.0
59255       -4.6
59256       -6.9
59257       -9.8
59258      -10.4
59259       -9.1
59260       -5.8
59261       -4.6
59262       -3.5
59263       -6.3
59264       -5.1
59265       -3.1
59266        1.5
59267        1.8
59268        4.1
59269        3.7
59270        4.6
59271        5.6
59272        5.9
59273        8.8
59274        0.0
59275       -0.0
59276       -2.3
59277       -2.6
59278       -1.8
59279       -0.8
59280        3.8
59281        7.2
59282        7.7
59283        9.4
59284       10.7
59285        8.8
59286        7.9
59287        8.4
59288        9.5
59289        9.4
59290       12.8
59291       14.8
59292       19.3
59293       17.6
59294       13.9
59295       10.4
59296       10.8
59297        9.9
59298        8.9
59299        6.0
59300        6.0
59301        3.5
59302        6.2
59303        4.3
59304        0.7
59305       -3.0
59306       -6.6
59307       -9.3
59308       -9.7
59309       -9.6
59310      -11.5
59311       -8.9
59312       -8.2
59313       -7.7
59314      -11.7
59315      -11.3
59316      -12.7
59317      -12.4
59318      -10.9
59319      -11.0
59320      -10.6
59321      -11.6
59322       -9.2
59323       -9.4
59324      -11.9
59325      -11.8
59326      -11.7
59327       -8.6
59328       -6.4
59329       -4.3
59330       -4.3
59331       -2.8
59332       -5.0
59333       -2.9
59334       -0.0
59335        1.0
59336        5.6
59337        8.8
59338        9.1
59339       13.0
59340       12.3
59341       11.3
59342        6.6
59343        3.1
59344        2.2
59345        2.3
59346        0.7
59347        3.6
59348        2.3
59349       -1.9
59350       -3.6
59351       -4.8
59352       -6.7
59353       -8.1
59354       -7.7
59355       -9.1
59356       -6.1
59357       -3.6
59358       -5.1
59359       -3.7
59360       -0.9
59361        1.2
59362        5.7
59363        2.4
59364        0.9
59365        0.2
59366       -2.4
59367       -4.8
59368       -6.9
59369       -9.8
59370      -10.4
59371      -11.9
59372      -12.0
59373      -14.4
59374      -13.3
59375      -13.0
59376      -12.9
59377      -14.3
59378      -15.3
59379      -13.3
59380      -14.8
59381      -12.8
59382      -10.4
59383      -11.4
59384      -11.6
59385       -7.8
59386       -7.8
59387       -5.2
59388       -3.9
59389       -2.2
59390        1.4
59391        3.2
59392        5.6
59393        6.1
59394        5.3
59395        5.6
59396        8.3
59397       12.3
59398        9.8
59399        9.4
59400       11.5
59401       11.1
59402       10.9
59403       11.0
59404        7.6
59405        7.4
59406        8.5
59407        6.6
59408       10.5
59409       10.2
59410        6.4
59411        2.9
59412        2.0
59413        1.4
59414        2.1
59415        2.4
59416        3.2
59417       -0.8
59418       -4.9
59419       -4.7
59420       -3.8
59421       -4.8
59422       -6.1
59423       -8.3
59424       -9.4
59425      -11.5
59426      -14.4
59427      -15.5
59428      -17.8
59429      -18.6
59430      -13.4
59431      -13.6
59432       -8.8
59433      -11.2
59434       -8.0
59435       -4.3
59436       -1.8
59437       -1.7
59438       -1.4
59439        1.2
59440        1.5
59441        3.5
59442        6.0
59443        9.0
59444       12.0
59445       11.8
59446        9.5
59447        7.3
59448        6.1
59449        2.2
59450       -1.8
59451        0.2
59452       -0.4
59453       -3.2
59454       -5.4
59455       -6.6
59456       -6.7
59457       -5.8
59458       -9.8
59459      -11.2
59460       -8.3
59461       -8.7
59462       -9.6
59463      -10.8
59464      -10.1
59465       -7.2
59466       -5.4
59467       -2.9
59468       -4.8
59469       -1.0
59470        2.0
59471        2.8
59472        3.3
59473        0.3
59474       -1.0
59475       -0.7
59476        0.5
59477       -0.3
59478        0.4
59479       -3.3
59480       -2.9
59481       -4.5
59482       -4.3
59483       -3.1
59484       -2.1
59485       -0.2
59486       -1.0
59487       -2.4
59488       -0.7
59489        1.4
59490       -1.3
59491       -0.5
59492       -0.0
59493        2.5
59494        3.0
59495        1.9
59496        1.6
59497        1.8
59498        1.8
59499        4.2
59500        4.0
59501        4.7
59502        5.1
59503        4.9
59504        7.9
59505        7.9
59506        7.4
59507        6.3
59508        4.6
59509        6.1
59510        7.5
59511        6.4
59512        5.6
59513        3.7
59514        8.0
59515        8.0
59516        5.0
59517        0.1
59518       -3.0
59519       -4.9
59520       -1.5
59521       -4.2
59522        0.6
59523        1.8
59524        3.2
59525        3.6
59526        2.6
59527        0.0
59528        4.3
59529        5.3
59530        4.3
59531        5.1
59532        4.2
59533        6.2
59534        5.5
59535        7.8
59536        7.1
59537        8.2
59538        9.5
59539        8.0
59540        7.0
59541        4.1
59542        1.9
59543       -1.5
59544        0.7
59545       -2.4
59546        0.3
59547       -1.2
59548       -4.7
59549       -7.1
59550       -9.2
59551       -5.8
59552       -5.0
59553       -7.8
59554       -8.2
59555      -10.3
59556       -9.0
59557       -8.1
59558       -8.0
59559       -5.8
59560       -4.6
59561       -2.2
59562       -1.7
59563       -2.0
59564       -2.8
59565       -3.2
59566       -1.9
59567       -1.4
59568       -0.3
59569       -0.6
59570       -0.0
59571       -0.6
59572       -0.1
59573        0.6
59574        2.6
59575        1.7
59576        3.4
59577        4.1
59578        6.4
59579        6.3
59580        4.6
59581        8.7
59582        8.7
59583       10.6
59584        9.9
59585       12.7
59586        9.7
59587        9.4
59588        9.3
59589        4.7
59590        6.1
59591        6.9
59592        7.8
59593        4.4
59594          -
59595        4.9
59596        3.5
59597        4.9
59598        5.3
59599        5.2
59600        6.0
59601        2.5
59602        2.9
59603        4.0
59604        4.6
59605        7.3
59606       10.0
59607       10.9
59608       10.5
59609       10.0
59610        6.5
59611        3.5
59612        1.7
59613        1.4
59614       -1.2
59615       -4.1
59616       -6.4
59617      -10.0
59618       -9.1
59619       -8.5
59620      -10.4
59621      -10.6
59622      -11.2
59623      -10.4
59624       -9.1
59625       -4.2
59626       -3.0
59627       -0.3
59628        4.0
59629        4.5
59630        4.6
59631        7.4
59632        8.9
59633        7.1
59634        7.8
59635       11.7
59636       12.4
59637       13.7
59638       17.4
59639       16.6
59640       15.6
59641       10.5
59642        3.0
59643        0.2
59644        1.3
59645        3.3
59646        5.0
59647        2.8
59648        2.8
59649        2.1
59650        0.9
59651        1.6
59652       -1.4
59653       -3.1
59654        1.5
59655        1.5
59656       -0.2
59657        0.2
59658       -1.1
59659       -3.5
59660       -6.3
59661       -7.4
59662       -8.5
59663       -6.6
59664       -3.6
59665       -2.4
59666       -3.1
59667       -3.9
59668       -3.9
59669       -8.7
59670       -6.9
59671       -7.6
59672       -9.0
59673       -8.4
59674       -6.5
59675       -7.8
59676       -5.2
59677       -1.9
59678       -0.3
59679        2.7
59680       -1.0
59681       -0.6
59682       -0.1
59683        2.8
59684        4.4
59685        7.6
59686       10.3
59687       12.2
59688       12.1
59689       11.9
59690        9.0
59691        8.1
59692        6.3
59693        6.8
59694        6.5
59695        5.4
59696        6.2
59697        5.9
59698        3.6
59699        2.8
59700        4.2
59701        3.4
59702        5.1
59703        2.8
59704        1.0
59705        0.4
59706       -2.0
59707       -5.0
59708       -5.5
59709       -4.0
59710       -4.2
59711       -6.5
59712      -10.3
59713      -12.4
59714      -11.7
59715      -10.2
59716       -9.3
59717          -
59718          -
59719          -
59720          -
59721          -
59722          -
59723          -
59724       -4.4
59725       -2.0
59726       -4.4
59727       -7.6
59728       -6.4
59729       -3.8
59730       -7.0
59731       -6.8
59732      -10.0
59733      -10.4
59734       -9.7
59735       -7.6
59736       -7.4
59737       -5.4
59738       -7.1
59739       -9.5
59740       -8.7
59741       -7.9
59742       -2.6
59743       -0.0
59744       -0.0
59745       -1.3
59746       -4.9
59747       -3.3
59748        2.5
59749        3.3
59750        5.0
59751        7.9
59752       12.7
59753       14.8
59754       15.5
59755       19.2
59756       17.5
59757       15.6
59758       15.2
59759       11.3
59760        5.8
59761        4.1
59762        3.2
59763       -2.1
59764       -5.8
59765       -5.0
59766       -6.3
59767       -8.1
59768       -9.8
59769       -9.2
59770      -12.1
59771      -16.3
59772      -13.9
59773      -13.8
59774      -12.4
59775      -12.1
59776      -10.8
59777       -7.8
59778       -4.1
59779       -2.7
59780        2.4
59781        2.4
59782        5.1
59783        4.7
59784        2.4
59785        5.1
59786        5.1
59787        2.9
59788        2.9
59789        5.0
59790        7.9
59791        6.7
59792        0.9
59793       -1.1
59794       -0.5
59795        0.4
59796       -0.7
59797       -1.4
59798       -0.7
59799       -0.6
59800       -1.6
59801       -0.1
59802       -1.9
59803        0.6
59804        2.6
59805        2.1
59806        1.2
59807        1.9
59808       -0.3
59809       -2.2
59810        0.4
59811       -0.5
59812          -
59813          -
59814        9.2
59815       10.1
59816        8.0
59817        6.9
59818        6.9
59819        8.3
59820        5.7
59821        4.0
59822        3.5
59823        2.0
59824        1.4
59825        2.4
59826        2.5
59827       -2.8
59828        0.4
59829       -7.0
59830       -6.6
59831       -9.7
59832       -9.8
59833      -12.1
59834       -9.2
59835      -14.2
59836      -13.4
59837      -12.6
59838      -10.5
59839       -8.9
59840       -4.6
59841       -3.5
59842       -5.5
59843       -4.5
59844       -4.0
59845        0.2
59846        0.6
59847        1.9
59848        3.9
59849        5.5
59850        6.2
59851        6.2
59852        4.8
59853        5.1
59854        5.9
59855        5.3
59856        4.5
59857        3.9
59858        4.0
59859        3.2
59860        1.0
59861        0.6
59862        4.1
59863        5.8
59864        2.8
59865        2.4
59866        3.7
59867        0.4
59868        3.1
59869        6.1
59870        4.4
59871        2.5
59872        2.8
59873       -0.1
59874        1.2
59875       -1.0
59876       -2.3
59877       -6.6
59878       -8.6
59879      -10.5
59880      -10.6
59881      -11.6
59882       -9.1
59883       -8.9
59884       -9.8
59885       -9.8
59886       -8.4
59887       -8.7
59888       -9.5
59889       -3.6
59890        0.8
59891       -0.8
59892       -0.6
59893       -1.4
59894       -0.7
59895       -2.6
59896       -2.0
59897       -2.2
59898       -2.5
59899       -1.7
59900       -1.5
59901        2.0
59902        0.7
59903        1.3
59904        1.5
59905        1.3
59906        5.1
59907        5.5
59908        7.9
59909        6.8
59910        5.8
59911        7.5
59912        9.5
59913        9.6
59914       11.1
59915       11.6
59916       12.4
59917       14.9
59918       12.9
59919       13.6
59920       14.6
59921       15.7
59922       15.0
59923       14.1
59924       12.5
59925       14.0
59926       12.4
59927       10.8
59928        9.9
59929       11.9
59930       11.9
59931        8.3
59932        7.0
59933        8.7
59934       10.7
59935        5.8
59936        2.6
59937        0.0
59938       -1.1
59939       -2.4
59940       -4.7
59941       -7.1
59942       -8.7
59943       -8.3
59944       -9.9
59945      -10.1
59946      -10.3
59947       -7.6
59948       -8.4
59949       -7.2
59950       -8.6
59951       -8.7
59952      -14.1
59953      -12.6
59954      -13.5
59955      -16.1
59956      -17.1
59957      -13.5
59958      -14.0
59959      -15.0
59960      -17.4
59961      -15.6
59962      -14.4
59963       -9.2
59964       -3.9
59965        3.1
59966        6.3
59967       10.7
59968       16.8
59969       20.6
59970       19.5
59971       19.5
59972       17.4
59973       18.7
59974       17.3
59975        9.9
59976        1.4
59977       -2.5
59978       -1.8
59979       -1.1
59980        2.8
59981        2.9
59982        4.6
59983        4.8
59984        7.5
59985        7.8
59986        7.0
59987        7.5
59988        5.7
59989        4.8
59990        3.0
59991        7.0
59992        8.9
59993        5.2
59994        8.4
59995        8.5
59996        9.3
59997        7.4
59998        5.7
59999        6.0
60000        5.6
60001        2.4
60002       -1.0
60003       -5.0
60004       -6.0
60005       -8.1
60006      -12.9
60007      -16.2
60008      -13.6
60009      -15.9
60010      -16.8
60011      -13.7
60012      -15.6
60013      -13.9
60014      -10.0
60015      -11.5
60016       -9.6
60017       -5.2
60018       -3.3
60019        1.5
60020        3.5
60021        6.7
60022        9.6
60023       13.7
60024       17.2
60025       19.2
60026       17.9
60027       18.6
60028       16.5
60029       12.1
60030        5.8
60031        2.5
60032       -0.8
60033       -4.1
60034       -6.9
60035      -10.6
60036      -11.6
60037      -15.1
60038      -14.9
60039      -12.1
60040      -10.5
60041      -10.4
60042       -9.9
60043       -6.1
60044       -0.8
60045        1.0
60046        2.4
60047        3.2
60048        0.6
60049        0.4
60050        2.0
60051        0.2
60052       -0.6
60053        0.6
60054        3.4
60055        2.8
60056        4.7
60057        4.1
60058        5.2
60059        5.8
60060        4.9
60061        3.6
60062        5.3
60063        5.1
60064        2.9
60065        3.5
60066        5.1
60067        7.8
60068        7.9
60069        7.0
60070        6.1
60071        6.4
60072        4.3
60073        5.9
60074        9.1
60075        9.0
60076        5.7
60077        2.1
60078       -1.5
60079       -4.0
60080       -3.6
60081       -3.5
60082       -1.5
60083       -1.1
60084       -0.0
60085       -1.6
60086        0.1
60087        2.2
60088        3.3
60089        4.1
60090        1.6
60091        4.2
60092        1.8
60093        4.4
60094        6.2
60095        4.1
60096        3.9
60097        4.7
60098        6.5
60099       10.1
60100        7.7
60101        9.3
60102        9.8
60103       10.3
60104        8.9
60105        9.9
60106        8.8
60107       12.1
60108        9.0
60109        6.8
60110        7.6
60111        5.6
60112        3.8
60113        2.4
60114        3.7
60115        2.9
60116        0.2
60117        0.2
60118       -0.1
60119       -2.7
60120        1.1
60121       -0.7
60122       -3.2
60123       -4.1
60124       -6.9
60125       -7.3
60126       -7.5
60127       -5.7
60128       -7.8
60129       -7.0
60130       -5.3
60131       -4.1
60132       -5.2
60133       -5.1
60134       -4.7
60135       -1.1
60136       -0.4
60137        2.9
60138        3.7
60139        3.7
60140        7.1
60141        9.8
60142        8.2
60143          -
60144        9.1
60145        9.9
60146       10.9
60147        9.3
60148       10.7
60149       10.6
60150        8.3
60151        7.6
60152        9.0
60153       10.4
60154       10.0
60155       12.0
60156       10.9
60157        9.2
60158        3.9
60159        6.3
60160        2.0
60161       -0.9
60162       -5.4
60163       -6.3
60164       -7.6
60165       -7.6
60166       -7.0
60167       -4.7
60168       -2.8
60169       -3.0
60170       -2.8
60171       -7.0
60172       -7.0
60173       -4.2
60174       -1.6
60175        1.3
60176        3.0
60177        5.9
60178        6.8
60179        7.8
60180        7.2
60181        9.1
60182       11.0
60183       12.6
60184       18.9
60185       15.4
60186       14.6
60187        8.2
60188        5.8
60189        6.0
60190        5.7
60191        6.3
60192        3.3
60193        1.5
60194        2.5
60195        2.9
60196        0.7
60197        2.3
60198        2.6
60199        3.9
60200        0.3
60201       -3.6
60202       -4.8
60203       -6.4
60204       -2.3
60205       -0.0
60206        1.0
60207       -1.4
60208       -4.3
60209       -6.4
60210       -9.6
60211      -10.0
60212       -5.2
60213       -2.4
60214       -3.1
60215       -1.4
60216       -4.1
60217       -6.1
60218       -2.8
60219       -0.2
60220       -0.8
60221        1.5
60222        2.9
60223        2.3
60224        0.1
60225       -1.3
60226       -5.8
60227       -5.4
60228       -4.7
60229       -5.7
60230       -4.7
60231       -5.3
60232       -8.2
60233       -5.4
60234       -5.0
60235       -8.1
60236      -10.2
60237       -9.4
60238       -8.4
60239       -7.2
60240       -7.3
60241       -5.0
60242       -1.7
60243        1.6
60244        2.8
60245        3.5
60246        3.6
60247        1.4
60248       -0.7
60249       -2.0
60250       -1.4
60251       -1.9
60252       -0.9
60253        1.8
60254        4.9
60255        2.4
60256        0.4
60257        1.0
60258        2.9
60259        5.9
60260        6.6
60261        5.4
60262        2.7
60263        7.1
60264        8.2
60265        9.4
60266        8.3
60267        8.7
60268       13.6
60269       12.3
60270       13.3
60271       12.0
60272       13.5
60273       12.8
60274       11.3
60275        9.4
60276        7.0
60277        3.0
60278       -2.0
60279       -0.6
60280       -2.8
60281       -2.0
60282       -6.3
60283       -8.6
60284      -10.7
60285      -13.0
60286      -14.8
60287      -16.4
60288      -16.8
60289      -15.5
60290      -14.1
60291      -17.2
60292      -18.3
60293      -18.9
60294      -17.8
60295      -19.3
60296      -17.5
60297      -17.8
60298      -17.1
60299      -18.6
60300      -18.6
60301      -18.7
60302      -19.9
60303      -21.6
60304      -19.2
60305      -17.1
60306      -11.0
60307       -7.8
60308       -7.3
60309       -3.5
60310       -3.1
60311       -1.0
60312        0.1
60313        3.4
60314        2.3
60315        0.1
60316       -1.3
60317        1.5
60318        0.3
60319        0.4
60320       -0.9
60321       -2.3
60322       -3.4
60323       -2.0
60324       -2.8
60325       -2.4
60326       -4.5
60327       -4.8
60328       -1.5
60329       -3.0
60330       -3.9
60331       -5.8
60332       -7.4
60333       -8.9
60334      -12.3
60335      -11.3
60336       -8.5
60337      -10.1
60338       -8.8
60339       -9.2
60340       -9.3
60341      -10.1
60342      -12.7
60343      -13.3
60344      -11.4
60345       -6.6
60346       -3.7
60347       -3.0
60348       -5.2
60349       -1.9
60350        3.1
60351        5.5
60352       10.6
60353       14.9
60354       13.2
60355       15.7
60356       14.9
60357       11.8
60358        7.8
60359        1.4
60360       -1.1
60361       -2.8
60362       -4.3
60363       -3.7
60364       -3.4
60365       -7.2
60366       -7.1
60367       -6.4
60368       -6.1
60369       -6.5
60370      -47.8
60371      -40.5
60372      -35.1
60373      -27.2
60374      -21.6
60375      -12.8
60376       -8.3
60377       -6.6
60378       -7.6
60379       -4.9
60380       -4.0
60381       -8.1
60382       -8.1
60383       -3.1
60384        0.8
60385       -0.9
60386       -2.2
60387       -0.1
60388       -0.1
60389        0.8
60390       -1.5
60391        0.3
60392        2.4
60393        4.6
60394        3.3
60395        4.4
60396        3.4
60397        2.5
60398        0.0
60399       -0.6
60400       -1.6
60401       -3.7
60402       -9.2
60403      -10.0
60404      -11.2
60405      -11.2
60406       -8.6
60407       -7.6
60408       -5.2
60409       -2.5
60410       -3.1
60411       -2.1
60412       -1.6
60413       -2.7
60414       -2.4
60415       -2.1
60416       -4.1
60417       -2.9
60418       -4.1
60419       -6.2
60420      -11.2
60421      -11.8
60422       -9.2
60423      -11.8
60424       -8.9
60425       -3.9
60426       -0.7
60427        1.7
60428       -0.8
60429       -1.3
60430       -1.3
60431        2.4
60432        4.4
60433        3.3
60434        2.7
60435        3.1
60436       -1.0
60437        0.1
60438        2.3
60439        4.7
60440        3.3
60441        2.0
60442        2.4
60443        2.0
60444       -0.6
60445        1.5
60446       -1.2
60447        0.1
60448        1.2
60449       -0.5
60450       -0.8
60451       -0.6
60452       -0.2
60453        1.5
60454        4.1
60455        1.7
60456        5.0
60457        6.8
60458        7.1
60459        4.7
60460        4.4
60461        3.7
60462        4.1
60463        3.8
60464        0.5
60465       -2.0
60466       -1.5
60467       -0.0
60468        0.7
60469       -0.1
60470       -1.1
60471       -2.3
60472       -0.6
60473       -2.5
60474       -3.5
60475        0.2
60476        3.1
60477        3.3
60478        4.9
60479        5.3
60480        1.2
60481        1.2
60482       -1.0
60483       -1.7
60484        0.5
60485       -2.8
60486       -4.6
60487       -6.8
60488      -10.1
60489       -8.4
60490       -8.8
60491      -10.2
60492       -9.1
60493      -10.5
60494      -11.3
60495      -14.0
60496      -14.7
60497      -13.4
60498      -14.2
60499      -12.9
60500      -12.7
60501      -11.9
60502      -10.4
60503       -9.2
60504      -10.2
60505       -9.0
60506       -8.8
60507       -8.8
60508       -7.7
60509       -6.6
60510      -10.2
60511       -7.5
60512       -8.2
60513       -7.1
60514       -8.6
60515       -3.9
60516       -3.4
60517       -1.9
60518       -0.3
60519        1.0
60520        2.6
60521        0.7
60522        0.2
60523        2.2
60524        3.9
60525        3.8
60526        6.5
60527        7.6
60528        4.3
60529        1.4
60530        3.1
60531        3.3
60532        5.7
60533        3.9
60534        1.7
60535        1.2
60536        1.1
60537       -1.2
60538       -0.2
60539       -6.5
60540      -11.3
60541       -7.8
60542       -5.2
60543       -4.1
60544       -4.2
60545       -1.8
60546       -1.1
60547       -0.9
60548        2.9
60549        6.0
60550        6.2
60551        4.8
60552        1.9
60553        2.5
60554        3.4
60555        1.5
60556        0.9
60557       -3.5
60558       -6.0
60559       -8.1
60560       -5.2
60561       -6.1
60562       -9.2
60563       -9.6
60564      -12.2
60565      -16.3
60566      -16.1
60567      -15.8
60568      -15.6
60569      -13.4
60570      -16.1
60571      -15.2
60572      -20.4
60573      -18.7
60574      -12.8
60575      -11.3
60576      -10.5
60577       -7.5
60578       -3.9
60579       -0.2
60580        3.4
60581        3.5
60582        2.6
60583        0.2
60584        3.7
60585       -0.2
60586       -3.8
60587       -3.0
60588       -0.8
60589       -3.5
60590       -4.7
60591       -3.6
60592       -3.0
60593       -0.2
60594       -0.0
60595        2.5
60596        0.8
60597        0.6
60598        3.1
60599       -0.1
60600       -1.1
60601        0.1
60602       -1.6
60603        1.0
60604       -0.7
60605       -0.5
60606       -3.7
60607       -3.1
60608       -3.1
60609       -2.2
60610       -3.6
60611       -5.3
60612       -6.4
60613       -5.3
60614       -5.5
60615       -3.3
60616       -2.3
60617       -3.6
60618       -5.6
60619       -5.5
60620       -4.6
60621       -5.6
60622       -5.9
60623       -5.5
60624       -2.5
60625       -2.1
60626       -4.5
60627       -2.5
60628       -1.9
60629       -3.8
60630       -7.7
60631       -7.3
60632       -8.1
60633       -8.9
60634       -8.1
60635      -11.7
60636      -14.6
60637      -16.8
60638      -15.5
60639      -14.2
60640      -13.1
60641      -13.8
60642      -15.0
60643      -13.9
60644      -11.0
60645       -6.2
60646       -5.5
60647       -2.4
60648       -0.1
60649        1.9
60650        5.7
60651        7.9
60652        7.1
60653       10.3
60654        8.5
60655        1.5
60656        1.0
60657       -0.9
60658        1.2
60659       -4.8
60660       -3.2
60661       -7.5
60662       -6.2
60663       -9.3
60664       -7.4
60665       -7.2
60666      -10.0
60667      -13.4
60668      -14.8
60669      -11.7
60670      -10.3
60671       -7.8
60672       -1.9
60673       -1.2
60674        2.3
60675        1.6
60676        1.2
60677        2.1
60678        2.4
60679        0.2
60680        1.6
60681       -1.0
60682       -0.8
60683        3.8
60684        4.0
60685       -0.1
60686        1.5
60687        2.5
60688        6.3
60689        9.3
60690        6.9
60691        7.6
60692        9.2
60693        5.5
60694        3.2
60695       -0.1
60696       -1.1
60697       -1.7
60698       -0.7
60699       -2.9
60700       -3.6
60701       -5.1
60702       -3.8
60703       -5.9
60704       -4.9
60705       -3.4
60706       -8.5
60707       -8.7
60708       -7.1
60709       -1.9
60710        0.4
60711        1.1
60712       -1.0
60713       -2.0
60714       -0.8
60715       -0.4
60716       -1.1
60717        2.3
60718       -1.9
60719       -4.6
60720       -4.7
60721       -3.3
60722       -7.0
60723       -5.1
60724        2.9
60725        8.3
60726       10.2
60727        8.6
60728       10.2
60729       10.1
60730       10.5
60731       10.0
60732        7.5
60733        6.8
60734        8.3
60735        6.6
60736        6.3
60737        7.2
60738        7.0
60739        4.3
60740        4.2
60741        2.3
60742        2.4
60743        7.2
60744        5.1
60745        0.8
60746       -0.2
60747       -0.5
60748        0.9
60749       -1.0
60750        0.4
60751       -0.0
60752       -3.7
60753       -5.2
60754       -5.4
60755       -5.9
60756       -2.2
60757       -0.6
60758        1.6
60759        6.0
60760        6.7
60761        2.4
60762        4.0
60763        4.0
60764        6.1
60765        4.4
60766        5.2
60767        5.4
60768        6.3
60769        9.9
60770       11.9
60771       11.7
60772        8.0
60773        9.3
60774       10.6
60775       10.9
60776        6.3
60777        5.3
60778        4.2
60779        1.4
60780       -0.5
60781       -1.4
60782       -6.4
60783       -5.8
60784       -3.7
60785       -5.2
60786       -6.7
60787      -12.2
60788      -11.2
60789      -13.6
60790      -14.8
60791      -15.7
60792      -18.6
60793      -17.1
60794      -12.2
60795       -6.3
60796       -4.1
60797       -5.7
60798       -6.2
60799       -2.8
60800       -3.4
60801       -2.0
60802          -
60803        0.3
60804        0.5
60805        1.9
60806        2.1
60807        2.6
60808        3.7
60809        4.1
60810        0.7
60811        2.5
60812        7.4
60813       10.4
60814        9.8
60815        7.1
60816        5.1
60817       -1.0
60818        0.6
60819        4.2
60820        7.5
60821       12.1
60822        6.8
60823        4.9
60824        1.9
60825        2.4
60826        1.1
60827        1.4
60828        0.4
60829        1.3
60830        0.2
60831        1.8
60832        1.6
60833       -2.8
60834       -2.7
60835       -3.8
60836       -6.5
60837      -11.4
60838       -9.3
60839       -6.8
60840       -0.5
60841        1.5
60842        4.1
60843        8.5
60844        7.9
60845        4.8
60846        8.1
60847        6.6
60848        5.8
60849        3.3
60850        0.2
60851        0.9
60852       -1.9
60853       -1.1
60854       -2.4
60855        1.1
60856       -0.7
60857       -2.7
60858       -3.4
60859       -4.1
60860       -4.8
60861       -2.8
60862       -2.9
60863       -3.5
60864       -4.8
60865       -4.5
60866       -1.9
60867       -1.6
60868       -2.0
60869       -0.3
60870        1.2
60871        1.7
60872        1.5
60873        2.0
60874        4.1
60875        0.9
60876        0.8
60877       -0.2
60878        0.5
60879       -1.2
60880       -2.7
60881       -7.1
60882       -5.6
60883       -9.1
60884      -13.2
60885       -9.4
60886       -7.7
60887       -3.8
60888       -4.4
60889       -4.1
60890       -3.7
60891       -3.0
60892       -3.3
60893       -2.2
60894       -5.0
60895       -3.7
60896       -5.1
60897       -3.5
60898       -4.7
60899       -1.8
60900        0.8
60901        2.0
60902       -0.4
60903        1.8
60904        3.0
60905        0.4
60906        1.3
60907        6.3
60908        7.0
60909        6.2
60910        1.3
60911       -1.7
60912       -3.0
60913       -1.7
60914       -3.7
60915       -6.2
60916       -8.7
60917      -12.7
60918       -9.0
60919      -11.7
60920       -8.7
60921       -6.6
60922       -6.0
60923       -3.3
60924       -2.8
60925       -2.2
60926        0.2
60927       -0.6
60928        1.8
60929        3.6
60930        1.9
60931       -0.9
60932       -0.3
60933        2.1
60934        0.5
60935       -1.3
60936        1.4
60937        0.5
60938       -0.0
60939       -0.7
60940       -3.3
60941       -1.1
60942       -1.5
60943        1.0
60944        0.5
60945       -2.2
60946       -4.4
60947       -5.6
60948       -7.0
60949       -0.2
60950        1.7
60951        5.0
60952        1.1
60953       -2.1
60954       -5.9
60955       -7.3
60956       -9.6
60957      -10.6
60958       -3.0
60959        1.8
60960        2.4
60961        7.8
60962        8.5
60963        6.4
60964        3.0
60965       -1.4
60966       -1.8
60967       -1.4
60968       -0.5
60969       -0.6
60970       -3.3
60971       -5.2
60972       -7.6
60973       -7.5
60974       -9.5
60975       -8.3
60976       -5.4
60977       -1.5
60978        5.5
60979        3.1
60980        0.9
60981       -0.8
60982       -1.6
60983       -2.5
60984       -2.9
60985       -5.6
60986       -7.4
60987       -7.8
60988       -4.1
60989       -8.0
60990       -4.3
60991       -5.0
60992       -2.0
60993       -0.8
60994       -1.6
60995        0.3
60996        1.2
60997        1.0
60998        5.4
60999        2.7
61000        0.2
61001       -3.6
61002       -3.0
61003       -4.5
61004       -7.1
61005       -6.3
61006       -3.0
61007       -2.4
61008       -4.2
61009       -1.2
61010        0.1
61011        7.2
61012       10.7
61013       10.3
61014        5.2
61015        4.5
61016        7.2
61017        8.1
61018        6.5
61019        5.9
61020        6.6
61021       10.4
61022       12.2
61023        9.6
61024        8.3
61025       13.9
61026       13.8
61027       10.5
61028        7.8
61029        5.1
61030        7.6
61031        8.3
61032        8.7
61033        8.5
61034       10.2
61035        3.0
61036        2.7
61037        1.9
61038        2.9
61039       -1.5
61040       -4.2
61041       -5.3
61042       -5.9
61043       -3.9
61044       -2.7
61045       -1.0
61046        2.6
61047       -0.5
61048       -4.9
61049       -7.4
61050       -4.8
61051       -1.0
61052       -0.3
61053       -4.0
61054       -4.6
61055       -3.4
61056       -2.9
61057        0.2
61058        1.5
61059        1.5
61060        2.9
61061        1.8
61062        4.5
61063       11.5
61064       13.9
61065       12.3
61066       15.0
61067       10.2
61068        7.9
61069        5.0
61070        2.0
61071        3.2
61072        1.4
61073        1.4
61074       -1.1
61075       -3.9
61076        0.8
61077        5.1
61078        6.6
61079        7.0
61080        7.4
61081        7.3
61082        6.9
61083        8.0
61084        5.7
61085        4.6
61086        3.9
61087        4.8
61088        2.8
61089        6.0
61090        4.2
61091        0.7
61092        1.5
61093       -0.6
61094       -0.5
61095       -2.9
61096       -5.0
61097       -6.1
61098       -8.2
61099       -7.8
61100       -9.3
61101       -7.4
61102       -6.4
61103       -5.8
61104       -2.5
61105       -0.0
61106        2.5
61107        4.4
61108        9.6
61109        9.6
61110        8.3
61111        4.3
61112        4.4
61113        5.8
61114        5.4
61115        5.1
61116        4.2
61117        4.4
61118        3.3
61119        0.1
61120       -1.1
61121        1.9
61122        4.1
61123        4.8
61124        4.6
61125        0.6
61126       -2.8
61127       -3.4
61128       -4.9
61129       -3.4
61130       -4.3
61131       -5.8
61132       -7.3
61133       -3.9
61134       -0.7
61135       -0.4
61136       -0.5
61137       -1.7
61138       -3.2
61139       -2.8
61140        0.3
61141       -0.6
61142        0.4
61143       -0.1
61144        1.5
61145        0.6
61146       -1.4
61147        1.8
61148        3.1
61149        4.6
61150        3.7
61151        2.9
61152        1.7
61153        2.9
61154       -0.4
61155       -3.7
61156       -6.1
61157       -3.6
61158       -5.0
61159       -4.3
61160       -3.0
61161       -4.0
61162       -3.4
61163       -3.0
61164       -4.1
61165       -2.2
61166        1.0
61167        1.0
61168       -0.9
61169       -0.4
61170       -1.8
61171       -3.8
61172       -4.4
61173       -5.0
61174       -5.6
61175       -5.9
61176       -7.7
61177       -1.1
61178        5.3
61179        3.5
61180        7.8
61181       11.2
61182       11.7
61183       15.3
61184       14.8
61185       12.5
61186        9.0
61187        0.3
61188      -10.4
61189      -13.2
61190      -15.4
61191      -17.3
61192      -17.8
61193      -21.8
61194      -22.1
61195      -14.5
61196       -5.1
61197        8.4
61198       23.3
61199       21.2
61200       11.3
61201        5.6
61202        0.7
61203       -4.0
61204       -8.3
61205      -12.6
61206        7.2
61207        7.3
61208        7.0
61209        7.2
61210        6.8
61211        6.6
61212        6.5
61213        6.4
61214        6.5
61215        6.1
61216        6.4
61217        6.6
61218        6.8
61219        6.9

# UTC remains available from the monthly Circular T at
# (http://www.bipm.org/en/bipm-services/timescales/time-ftp/Circular-T.html).
