# MJD  [UTCr-UTC(AZ)]/ns
60982      305.9
60983      309.0
60984      312.1
60985      312.2
60986      314.5
60987      317.2
60988      320.7
60989      323.1
60990      325.9
60991      328.9
60992      332.3
60993      337.0
60994      338.8
60995      342.2
60996      346.6
60997      352.5
60998      355.5
60999      359.5
61000      360.3
61001      365.5
61002      369.5
61003      374.5
61004      378.5
61005      380.5
61006      381.5
61007      383.2
61008      386.1
61009      389.7
61010      394.1
61011      396.5
61012      400.0
61013      402.0
61014      406.3
61015      409.6
61016      411.4
61017      414.4
61018      419.8
61019      424.5
61020      424.7
61021      430.1
61022      435.1
61023      439.0
61024      441.5
61025      446.3
61026      449.8
61027      452.1
61028      456.3
61029      459.9
61030      462.0
61031      464.7
61032      468.8
61033      472.7
61034      472.6
61035      474.6
61036      476.0
61037      479.9
61038      483.0
61039      487.5
61040      492.3
61041      497.5
61042      498.9
61043      501.6
61044      507.4
61045      512.6
61046      516.0
61047      516.2
61048      519.7
61049      522.2
61050      525.7
61051      526.2
61052      529.8
61053      534.7
61054      538.9
61055      544.9
61056      547.4
61057      550.1
61058      553.8
61059      556.8
61060      561.0
61061      563.2
61062      566.8
61063      569.7
61064      570.4
61065      575.7
61066      576.6
61067      577.4
61068      581.2
61069      584.1
61070      587.7
61071      590.0
61072      595.6
61073      598.8
61074      601.4
61075      608.0
61076      610.4
61077      614.1
61078      615.3
61079      620.5
61080      627.1
61081      630.3
61082      634.0
61083      639.1
61084      639.6
61085      643.2
61086      646.0
61087      648.1
61088      650.6
61089      653.0
61090      654.6
61091      654.0
61092      658.3
61093      660.9
61094      663.5
61095      664.6
61096      668.7
61097      671.4
61098      672.2
61099      676.2
61100      677.9
61101      684.7
61102      688.2
61103      691.9
61104      694.5
61105      695.2
61106      697.6
61107      701.9
61108      704.2
61109      708.2
61110      710.5
61111      714.9
61112      715.3
61113      719.2
61114      720.1
61115      724.5
61116      728.9
61117      733.5
61118      737.6
61119      741.1
61120      741.6
61121      743.9
61122      747.6
61123      751.6
61124      751.1
61125      753.9
61126      760.0
61127      764.7
61128      770.1
61129      773.4
61130      776.8
61131      779.4
61132      780.1
61133      784.0
61134      787.1
61135      790.7
61136      792.2
61137      795.0
61138      796.7
61139      796.4
61140      799.5
61141      801.6
61142      802.5
61143      803.6
61144      805.5
61145      811.2
61146      814.2
61147      816.8
61148      819.4
61149      823.3
61150      826.9
61151      829.0
61152      836.4
61153      838.6
61154      841.6
61155      844.1
61156      850.4
61157      854.1
61158      860.1
61159      865.5
61160      870.1
61161      873.4
61162      876.8
61163      880.5
61164      883.3
61165      888.3
61166      888.5
61167      890.5
61168      894.7
61169      896.5
61170      898.0
61171      903.6
61172      908.5
61173      912.3
61174      914.9
61175      915.9
61176      917.5
61177      920.2
61178      925.0
61179      926.3
61180      932.7
61181      933.7
61182      935.0
61183      938.6
61184      939.9
61185      941.4
61186      943.5
61187      949.2
61188      954.1
61189      959.3
61190      963.9
61191      968.6
61192      972.4
61193      973.7
61194      977.6
61195      982.1
61196       84.4
61197       85.3
61198       85.5
61199       84.6
61200       84.0
61201       84.5
61202       82.8
61203       85.3
61204       86.0
61205       86.0
61206       88.3
61207       90.0
61208       93.4
61209       95.3
61210       94.7
61211       94.6
61212       96.0
61213       98.2
61214       99.6
61215      101.3
61216      101.5
61217      100.2
61218       99.5
61219       99.4

# UTC remains available from the monthly Circular T at
# (http://www.bipm.org/en/bipm-services/timescales/time-ftp/Circular-T.html).
