# MJD  [UTCr-UTC(NICT)]/ns
56467       -2.6
56468       -2.5
56469       -2.5
56470       -2.3
56471       -2.6
56472       -2.9
56473       -2.8
56474       -1.2
56475       -1.4
56476       -2.0
56477       -2.5
56478       -3.4
56479       -3.3
56480       -3.7
56481       -4.0
56482       -3.6
56483       -3.4
56484       -4.2
56485       -3.2
56486       -3.4
56487       -3.1
56488       -1.6
56489       -1.3
56490       -0.9
56491       -0.9
56492       -0.2
56493        0.2
56494        1.0
56495        1.7
56496        1.9
56497        1.8
56498        2.2
56499        2.0
56500        1.3
56501        1.1
56502        0.7
56503       -0.1
56504        0.1
56505       -0.3
56506        0.2
56507       -0.1
56508       -0.4
56509       -1.0
56510       -0.5
56511        0.1
56512        0.4
56513        0.8
56514        1.1
56515        1.4
56516        0.4
56517        0.7
56518        0.9
56519        0.7
56520        0.6
56521        1.0
56522        0.7
56523        0.6
56524        0.9
56525        0.4
56526        0.6
56527        0.3
56528        0.1
56529       -0.0
56530        0.8
56531        0.8
56532        1.3
56533        1.6
56534        1.9
56535        1.9
56536        2.3
56537        2.6
56538        2.6
56539        2.8
56540        2.7
56541        3.7
56542        3.5
56543        3.3
56544        4.3
56545        4.2
56546        4.5
56547        4.8
56548        4.9
56549        5.1
56550        5.5
56551        7.1
56552        8.8
56553        8.9
56554        9.4
56555       10.1
56556       10.0
56557       10.8
56558        9.1
56559        9.6
56560        9.6
56561       10.3
56562       11.4
56563       11.8
56564       12.0
56565       11.5
56566       11.3
56567       11.6
56568       12.3
56569       12.8
56570       12.2
56571       12.2
56572       12.5
56573       11.6
56574       11.4
56575       10.8
56576       10.4
56577       10.2
56578       11.0
56579       10.7
56580       10.3
56581       10.7
56582       11.4
56583       11.7
56584       11.2
56585       11.0
56586       10.6
56587       10.7
56588       10.5
56589       10.0
56590       10.1
56591       10.1
56592       10.9
56593       10.9
56594       10.6
56595       10.4
56596       10.2
56597       10.0
56598        8.9
56599        8.3
56600        7.0
56601        7.5
56602        7.3
56603        6.2
56604        5.9
56605        5.3
56606        5.0
56607        6.6
56608        6.8
56609        7.4
56610        7.4
56611        7.2
56612        7.8
56613        6.8
56614        6.1
56615        6.1
56616        6.4
56617        5.5
56618        5.5
56619        5.3
56620        5.1
56621        4.4
56622        4.1
56623        4.5
56624        4.6
56625        4.4
56626        4.6
56627        4.6
56628        7.3
56629        7.6
56630        7.8
56631        8.1
56632        8.2
56633        9.1
56634        9.7
56635        9.6
56636        9.8
56637        9.8
56638       10.0
56639       10.6
56640       10.4
56641       10.7
56642        9.8
56643        9.6
56644        9.9
56645        9.7
56646        9.5
56647        9.5
56648        9.4
56649        9.3
56650        8.2
56651        7.4
56652        6.5
56653        4.8
56654        4.2
56655        3.2
56656        3.0
56657        2.4
56658        1.4
56659        1.0
56660        1.4
56661        1.1
56662        0.3
56663        0.8
56664        0.6
56665        0.5
56666        0.9
56667        1.3
56668        1.4
56669        1.8
56670        1.5
56671        1.5
56672        1.2
56673        1.8
56674        1.6
56675        1.3
56676        0.8
56677        1.0
56678        0.8
56679        0.5
56680        0.3
56681       -0.3
56682       -0.6
56683       -1.1
56684       -2.4
56685       -3.2
56686       -3.3
56687       -3.5
56688       -3.3
56689       -3.0
56690       -3.1
56691       -2.7
56692       -2.6
56693       -1.9
56694       -2.2
56695       -1.3
56696       -1.0
56697       -1.8
56698       -0.9
56699       -0.4
56700        0.1
56701        0.3
56702        0.7
56703       -0.4
56704       -0.3
56705       -0.1
56706       -0.7
56707       -0.7
56708       -0.9
56709       -0.8
56710       -1.5
56711       -1.8
56712       -1.4
56713       -1.8
56714       -1.9
56715       -2.6
56716       -3.0
56717       -2.9
56718       -3.0
56719       -3.1
56720       -3.9
56721       -3.8
56722       -2.8
56723       -2.7
56724       -2.7
56725       -2.6
56726       -3.3
56727       -4.1
56728       -4.7
56729       -4.9
56730       -5.6
56731       -5.3
56732       -6.0
56733       -8.1
56734       -8.2
56735       -8.2
56736       -8.2
56737       -8.6
56738       -7.8
56739       -8.6
56740       -8.4
56741       -8.8
56742       -8.7
56743       -8.8
56744       -8.2
56745       -8.5
56746       -8.4
56747       -7.8
56748       -7.8
56749       -8.4
56750       -8.6
56751       -8.6
56752       -8.1
56753       -8.0
56754       -6.2
56755       -6.0
56756       -6.6
56757       -6.9
56758       -6.3
56759       -6.3
56760       -6.0
56761       -6.4
56762       -6.1
56763       -6.5
56764       -6.9
56765       -7.4
56766       -7.7
56767       -8.4
56768       -9.6
56769      -10.5
56770      -12.4
56771      -13.3
56772      -13.6
56773      -13.8
56774      -14.1
56775      -13.4
56776      -13.9
56777      -14.4
56778      -14.5
56779      -14.8
56780      -15.0
56781      -15.1
56782      -12.0
56783      -12.1
56784      -12.3
56785      -12.8
56786      -13.0
56787      -12.9
56788      -12.3
56789      -12.6
56790      -11.6
56791      -11.7
56792      -11.5
56793      -10.7
56794      -10.3
56795      -10.1
56796       -8.4
56797       -8.4
56798       -8.9
56799       -9.6
56800      -10.1
56801      -10.2
56802      -11.0
56803      -13.3
56804      -13.8
56805      -14.9
56806      -15.9
56807      -16.3
56808      -16.8
56809      -17.7
56810      -15.8
56811      -15.6
56812      -15.6
56813      -15.4
56814      -15.7
56815      -15.4
56816      -15.5
56817      -14.7
56818      -14.8
56819      -14.9
56820      -14.9
56821      -16.1
56822      -16.3
56823      -17.1
56824      -17.8
56825      -17.2
56826      -17.6
56827      -17.1
56828      -16.6
56829      -16.1
56830      -15.5
56831      -15.3
56832      -15.4
56833      -14.7
56834      -14.7
56835      -15.2
56836      -15.8
56837      -15.7
56838      -15.4
56839      -16.1
56840      -16.7
56841      -17.2
56842      -17.6
56843      -18.0
56844      -18.0
56845      -16.3
56846      -16.9
56847      -17.2
56848      -16.9
56849      -16.6
56850      -16.6
56851      -16.8
56852      -15.5
56853      -15.1
56854      -15.5
56855      -15.2
56856      -15.1
56857      -14.8
56858      -15.2
56859      -14.1
56860      -13.9
56861      -13.7
56862      -13.2
56863      -13.3
56864      -12.6
56865      -11.5
56866      -10.6
56867      -10.1
56868       -9.5
56869       -9.2
56870       -8.3
56871       -7.6
56872       -6.8
56873       -6.7
56874       -6.3
56875       -5.8
56876       -5.3
56877       -5.4
56878       -4.8
56879       -4.7
56880       -6.7
56881       -7.0
56882       -6.5
56883       -6.5
56884       -6.6
56885       -6.7
56886       -6.1
56887       -6.4
56888       -6.4
56889       -6.1
56890       -6.2
56891       -6.1
56892       -5.4
56893       -4.9
56894       -4.4
56895       -3.9
56896       -2.7
56897       -1.5
56898       -1.2
56899        0.0
56900        0.4
56901        1.4
56902        1.8
56903        2.2
56904        2.0
56905        1.9
56906        2.5
56907        2.3
56908        2.2
56909        2.4
56910        1.6
56911        1.8
56912        1.6
56913        2.7
56914        2.9
56915        4.3
56916        4.7
56917        5.3
56918        6.0
56919        6.4
56920        6.7
56921        6.5
56922        6.4
56923        5.6
56924        6.2
56925        6.2
56926        6.3
56927        6.8
56928        7.1
56929        7.0
56930        6.9
56931        7.3
56932        7.7
56933        8.5
56934        9.1
56935       10.4
56936       13.2
56937       12.8
56938       13.5
56939       13.4
56940       14.3
56941       14.5
56942       14.8
56943       14.1
56944       14.6
56945       16.1
56946       15.9
56947       16.7
56948       16.7
56949       16.9
56950       16.9
56951       16.6
56952       18.0
56953       18.4
56954       18.3
56955       17.9
56956       17.6
56957       18.7
56958       19.1
56959       18.9
56960       19.0
56961       19.1
56962       19.8
56963       19.2
56964       20.3
56965       19.8
56966       19.4
56967       19.0
56968       19.2
56969       18.8
56970       18.6
56971       19.0
56972       19.4
56973       18.7
56974       18.5
56975       18.6
56976       18.8
56977       18.6
56978       18.0
56979       18.0
56980       18.3
56981       18.3
56982       18.0
56983       19.1
56984       19.3
56985       19.0
56986       19.1
56987       19.5
56988       18.1
56989       17.6
56990       16.6
56991       16.9
56992       16.1
56993       16.3
56994       16.0
56995       15.6
56996       16.2
56997       16.9
56998       16.4
56999       18.0
57000       18.1
57001       18.4
57002       17.2
57003       17.2
57004       16.4
57005       15.9
57006       15.9
57007       15.7
57008       15.4
57009       14.0
57010       13.7
57011       13.2
57012       13.9
57013       13.9
57014       12.8
57015       12.4
57016       11.8
57017       11.2
57018       10.9
57019       10.5
57020       10.0
57021        9.6
57022        8.5
57023        8.3
57024        7.3
57025        6.8
57026        5.9
57027        2.6
57028        1.7
57029        1.1
57030        0.4
57031       -0.7
57032       -1.8
57033       -2.2
57034       -2.8
57035       -3.6
57036       -4.6
57037       -4.6
57038       -4.7
57039       -5.4
57040       -5.4
57041       -5.0
57042       -5.5
57043       -5.4
57044       -5.4
57045       -5.7
57046       -6.4
57047       -6.9
57048       -7.5
57049       -7.7
57050       -7.8
57051       -7.9
57052       -7.7
57053       -8.9
57054       -9.3
57055       -4.7
57056       -5.5
57057       -5.5
57058       -4.2
57059       -5.2
57060       -5.4
57061       -5.4
57062       -6.6
57063       -7.4
57064       -8.1
57065       -8.4
57066       -9.1
57067      -10.0
57068      -11.4
57069      -12.0
57070      -12.6
57071      -13.1
57072      -14.0
57073      -14.9
57074      -14.8
57075      -15.4
57076      -14.4
57077      -14.1
57078      -13.4
57079      -12.8
57080      -12.0
57081      -11.4
57082      -11.3
57083      -12.4
57084      -11.7
57085      -10.7
57086      -10.3
57087      -10.8
57088      -10.5
57089      -11.1
57090      -14.4
57091      -14.9
57092      -15.6
57093      -16.4
57094      -15.9
57095      -15.8
57096      -15.7
57097      -15.7
57098      -14.6
57099      -14.9
57100      -15.3
57101      -14.6
57102      -13.2
57103      -13.1
57104      -12.5
57105      -13.1
57106      -13.0
57107      -13.5
57108      -13.4
57109      -13.2
57110      -13.3
57111      -13.5
57112      -13.6
57113      -13.1
57114      -12.4
57115      -13.6
57116      -14.0
57117      -14.0
57118      -12.5
57119      -12.1
57120      -11.6
57121      -12.3
57122      -12.4
57123      -12.5
57124      -12.7
57125      -11.4
57126      -11.1
57127       -9.9
57128       -9.4
57129       -9.5
57130       -9.0
57131       -9.2
57132      -10.5
57133      -11.1
57134      -11.7
57135      -12.2
57136      -12.5
57137      -12.6
57138      -12.5
57139      -11.4
57140      -11.7
57141      -12.0
57142      -12.4
57143      -13.0
57144      -13.5
57145      -14.1
57146      -16.0
57147      -15.5
57148      -15.7
57149      -15.9
57150      -16.1
57151      -16.5
57152      -16.0
57153      -15.2
57154      -15.8
57155      -15.0
57156      -14.8
57157      -15.0
57158      -15.1
57159      -14.2
57160      -13.5
57161      -13.9
57162      -13.4
57163      -13.1
57164      -12.6
57165      -12.7
57166      -12.8
57167      -11.9
57168      -11.6
57169      -11.3
57170      -11.3
57171      -11.0
57172      -10.9
57173      -11.2
57174       -9.2
57175       -8.3
57176       -9.1
57177       -8.4
57178       -8.2
57179       -7.5
57180       -7.6
57181       -6.7
57182       -7.0
57183       -6.5
57184       -6.9
57185       -6.0
57186       -5.2
57187       -5.5
57188       -5.0
57189       -4.5
57190       -4.2
57191       -4.0
57192       -3.6
57193       -3.0
57194       -2.8
57195       -2.1
57196          -
57197       -1.4
57198       -1.3
57199       -0.5
57200        0.4
57201        0.4
57202        1.8
57203        2.2
57204        1.8
57205        3.4
57206        3.9
57207        4.5
57208        5.2
57209        8.5
57210        8.8
57211        8.8
57212        9.1
57213       10.3
57214       11.5
57215       11.1
57216       10.7
57217       11.3
57218       11.6
57219       10.4
57220       10.8
57221       10.9
57222       10.6
57223        8.6
57224        9.0
57225        9.3
57226        8.9
57227        8.8
57228        9.0
57229        9.0
57230       10.3
57231       10.2
57232       10.6
57233       10.5
57234        9.6
57235        9.5
57236       10.0
57237       10.2
57238       10.3
57239       10.7
57240       10.7
57241       10.8
57242       11.4
57243       11.3
57244       13.1
57245       14.0
57246       14.5
57247       14.9
57248       15.0
57249       16.3
57250       16.3
57251       15.9
57252       16.6
57253       16.6
57254       16.3
57255       16.7
57256       16.7
57257       16.8
57258       15.7
57259       15.2
57260       15.4
57261       14.6
57262       13.9
57263       13.2
57264       13.4
57265       13.1
57266       12.6
57267       13.1
57268       13.1
57269       13.4
57270       13.8
57271       14.0
57272       13.9
57273       12.9
57274       11.5
57275       11.7
57276       12.0
57277       12.1
57278       12.0
57279       12.2
57280       12.3
57281       12.4
57282       12.1
57283       12.4
57284       12.7
57285       13.1
57286       15.1
57287       15.4
57288       15.3
57289       15.0
57290       14.9
57291       14.3
57292       14.2
57293       14.2
57294       14.2
57295       14.2
57296       14.0
57297       13.6
57298       13.9
57299       14.1
57300       15.5
57301       16.1
57302       16.4
57303       16.5
57304       16.7
57305       17.4
57306       17.1
57307       18.6
57308       18.8
57309       18.5
57310       18.1
57311       18.0
57312       17.7
57313       17.1
57314       16.3
57315       16.1
57316       15.6
57317       16.3
57318       15.7
57319       15.7
57320       15.6
57321       15.7
57322       15.7
57323       15.6
57324       15.6
57325       15.9
57326       15.8
57327       16.8
57328       16.7
57329       17.7
57330       17.6
57331       17.7
57332       17.8
57333       17.6
57334       17.5
57335       18.4
57336       18.9
57337       19.5
57338       19.0
57339       19.0
57340       18.0
57341       17.7
57342       19.3
57343       18.7
57344       18.4
57345       19.4
57346       19.8
57347       19.7
57348       19.7
57349       20.3
57350       20.2
57351       20.3
57352       19.8
57353       20.4
57354       19.6
57355       19.8
57356       20.1
57357       20.1
57358       19.7
57359       18.9
57360       18.9
57361       18.1
57362       17.8
57363       15.4
57364       14.9
57365       14.4
57366       14.6
57367       14.3
57368       14.3
57369       14.1
57370       14.2
57371       14.1
57372       13.8
57373       13.7
57374       13.7
57375       13.9
57376       14.1
57377       15.4
57378       15.7
57379       15.8
57380       16.1
57381       16.3
57382       15.9
57383       16.0
57384       16.9
57385       16.9
57386       17.6
57387       18.4
57388       18.8
57389       19.2
57390       19.6
57391       17.8
57392       17.4
57393       17.1
57394       16.9
57395       17.0
57396       17.1
57397       17.0
57398       17.0
57399       16.4
57400       16.0
57401       16.1
57402       15.0
57403       14.6
57404       14.2
57405       12.3
57406       11.3
57407       11.6
57408       11.7
57409       11.4
57410       11.6
57411       11.6
57412       12.0
57413       12.0
57414       11.9
57415       11.7
57416       11.8
57417       12.3
57418       12.6
57419       13.5
57420       13.8
57421       14.0
57422       14.1
57423       14.3
57424       14.0
57425       14.0
57426       10.8
57427       10.3
57428       10.1
57429        9.5
57430        9.3
57431        8.7
57432        8.5
57433       10.2
57434       11.1
57435       11.5
57436       11.5
57437       11.5
57438       10.9
57439       10.4
57440       10.2
57441        9.7
57442        9.4
57443        9.4
57444        8.9
57445        8.5
57446        8.2
57447        7.8
57448        8.2
57449        8.2
57450        7.2
57451        7.0
57452        6.7
57453        5.9
57454        6.3
57455        5.8
57456        5.3
57457        4.9
57458        4.5
57459        3.7
57460        3.7
57461        4.2
57462        3.8
57463        3.3
57464        3.1
57465        3.0
57466        2.0
57467        1.8
57468        0.5
57469        0.2
57470       -0.1
57471        0.1
57472        0.1
57473       -0.1
57474       -0.6
57475       -0.6
57476       -0.7
57477       -1.1
57478       -0.1
57479        0.7
57480        1.9
57481        2.9
57482        5.6
57483        6.5
57484        7.4
57485        6.9
57486        7.2
57487        7.7
57488        7.3
57489        9.0
57490        9.2
57491        9.5
57492        9.1
57493       10.2
57494       10.7
57495       11.0
57496       10.1
57497       10.3
57498       10.7
57499       10.4
57500       10.5
57501       10.7
57502       10.9
57503       11.8
57504       12.1
57505       12.7
57506       12.8
57507       13.2
57508       13.1
57509       13.4
57510       11.2
57511       10.6
57512       10.0
57513       10.0
57514        9.8
57515        8.6
57516        8.3
57517        7.1
57518        6.4
57519        6.5
57520        6.8
57521        6.9
57522        6.7
57523        7.0
57524        7.7
57525        7.2
57526        7.7
57527        7.1
57528        7.1
57529        6.7
57530        6.3
57531        7.1
57532        6.9
57533        6.2
57534        6.1
57535        5.7
57536        6.1
57537        5.8
57538        6.5
57539        6.1
57540        6.0
57541        5.7
57542        5.4
57543        4.9
57544        4.7
57545        3.4
57546        3.1
57547        2.8
57548        2.6
57549        2.6
57550        3.1
57551        2.7
57552        3.6
57553        3.2
57554        3.5
57555        3.3
57556        3.7
57557        4.3
57558        4.7
57559        6.1
57560        6.4
57561        6.7
57562        6.6
57563        6.5
57564        6.1
57565        6.6
57566        6.0
57567        5.8
57568        5.4
57569        5.2
57570        5.0
57571        5.2
57572        4.5
57573        5.6
57574        6.3
57575        5.9
57576        5.2
57577        5.4
57578        5.5
57579        5.8
57580        5.2
57581        5.6
57582        5.7
57583        5.9
57584        6.8
57585        7.1
57586        7.6
57587        7.8
57588        8.2
57589        7.9
57590        7.7
57591        7.7
57592        8.2
57593        7.6
57594        7.3
57595        7.0
57596        6.8
57597        6.4
57598        6.0
57599        6.1
57600        6.5
57601        7.1
57602        7.1
57603        6.9
57604        7.0
57605        7.2
57606        7.2
57607        7.3
57608        4.9
57609        4.8
57610        4.8
57611        4.8
57612        5.1
57613        4.6
57614        4.8
57615        4.5
57616        4.4
57617        3.9
57618        3.7
57619        4.4
57620        4.0
57621        3.6
57622        4.1
57623        4.6
57624        5.2
57625        5.3
57626        6.0
57627        6.0
57628        6.5
57629        6.9
57630        6.8
57631        7.2
57632        6.9
57633        6.7
57634        6.1
57635        5.8
57636        1.2
57637        0.8
57638        0.4
57639        0.1
57640        0.2
57641        0.1
57642       -0.5
57643        0.0
57644        0.4
57645        0.5
57646       -0.0
57647        0.1
57648       -6.4
57649       -4.8
57650       -3.0
57651       -2.3
57652       -1.9
57653       -2.0
57654       -1.8
57655       -1.3
57656       -1.5
57657       -1.0
57658       -0.8
57659       -1.8
57660       -1.8
57661       -0.8
57662       -1.7
57663       -1.9
57664       -1.3
57665       -0.5
57666       -0.9
57667       -0.9
57668       -0.4
57669       -0.8
57670       -1.6
57671       -1.1
57672       -1.4
57673       -0.4
57674        0.1
57675        0.4
57676        0.6
57677        0.5
57678        1.1
57679        1.1
57680        0.6
57681        1.3
57682        1.5
57683        1.4
57684        1.1
57685        2.2
57686        2.5
57687        2.7
57688        3.2
57689        3.7
57690        3.3
57691        3.9
57692        4.2
57693        4.1
57694        4.5
57695        4.5
57696        5.4
57697        5.1
57698        5.8
57699        8.1
57700        8.6
57701        9.1
57702        9.2
57703        9.5
57704        9.8
57705       10.1
57706       11.7
57707       12.4
57708       13.7
57709       14.0
57710       15.1
57711       15.0
57712       15.5
57713       15.8
57714       15.4
57715       15.4
57716       15.7
57717       14.9
57718       14.9
57719       14.0
57720       12.7
57721       12.6
57722       12.8
57723       12.7
57724       12.6
57725       12.4
57726       12.4
57727       10.7
57728       10.8
57729       11.0
57730       11.0
57731       10.6
57732       10.9
57733       10.3
57734       12.1
57735       11.6
57736       11.9
57737       12.1
57738       12.2
57739       12.4
57740       12.6
57741       10.0
57742        9.6
57743        9.3
57744        9.1
57745        8.5
57746        9.2
57747        9.4
57748       10.0
57749       10.0
57750       10.9
57751       11.4
57752       12.0
57753       12.6
57754       12.6
57755       12.0
57756       12.3
57757       12.3
57758       12.4
57759       12.6
57760       12.5
57761       11.8
57762       10.3
57763       10.1
57764       10.1
57765       10.2
57766       10.3
57767       10.4
57768       10.4
57769       11.7
57770       11.5
57771       12.0
57772       12.1
57773       12.3
57774       12.1
57775       13.2
57776       13.7
57777       13.6
57778       13.3
57779       13.7
57780       13.4
57781       12.6
57782       12.3
57783       13.0
57784       13.3
57785       12.9
57786       12.3
57787       11.9
57788       12.2
57789       12.2
57790       10.6
57791       10.9
57792       10.7
57793       10.7
57794       10.5
57795       10.5
57796       10.1
57797        9.7
57798        9.6
57799        9.2
57800        9.0
57801        8.5
57802        8.7
57803        8.6
57804        6.6
57805        6.9
57806        6.8
57807        6.2
57808        6.7
57809        6.9
57810        6.8
57811        6.9
57812        6.6
57813        6.9
57814        6.8
57815        6.7
57816        7.0
57817        7.0
57818        3.1
57819        3.3
57820        3.2
57821        3.4
57822        3.5
57823        4.2
57824        4.3
57825        4.2
57826        4.4
57827        5.0
57828        5.1
57829        5.7
57830        5.9
57831        6.0
57832        6.8
57833        6.9
57834        7.7
57835        7.8
57836        7.6
57837        7.6
57838        7.0
57839        6.1
57840        5.6
57841        5.0
57842        4.7
57843        4.4
57844        4.2
57845        4.2
57846       10.2
57847       10.8
57848       10.8
57849       10.6
57850       10.5
57851       10.3
57852       10.7
57853       12.1
57854       12.3
57855       12.7
57856       13.7
57857       14.2
57858       14.8
57859       15.6
57860       18.1
57861       18.6
57862       19.3
57863       20.2
57864       20.0
57865       20.0
57866       20.2
57867       19.0
57868       18.8
57869       18.1
57870       17.8
57871       17.2
57872       16.3
57873       15.3
57874       14.9
57875       14.7
57876       14.5
57877       13.8
57878       13.5
57879       13.7
57880       13.7
57881        6.6
57882        6.4
57883        5.9
57884        5.0
57885        4.3
57886        3.8
57887        4.5
57888        3.3
57889        2.9
57890        3.4
57891        3.3
57892        3.1
57893        2.8
57894        2.6
57895        0.7
57896        0.1
57897       -0.7
57898       -1.7
57899       -2.4
57900       -2.9
57901       -3.6
57902       -2.3
57903       -2.6
57904       -3.0
57905       -3.3
57906       -3.0
57907       -2.7
57908       -2.6
57909       -2.3
57910       -2.6
57911       -2.2
57912       -3.1
57913       -3.0
57914       -3.4
57915       -2.9
57916       -1.8
57917       -1.8
57918       -2.0
57919       -2.3
57920       -2.6
57921       -2.6
57922       -2.7
57923       -5.3
57924       -5.6
57925       -6.5
57926       -6.3
57927       -6.8
57928       -7.1
57929       -7.3
57930       -5.5
57931       -6.2
57932       -6.8
57933       -7.6
57934       -7.8
57935       -8.7
57936       -8.9
57937      -13.2
57938      -13.0
57939      -13.2
57940      -12.8
57941      -13.3
57942      -13.5
57943      -13.7
57944      -13.0
57945      -13.3
57946      -14.8
57947      -15.3
57948      -15.5
57949      -15.4
57950      -16.1
57951      -16.7
57952      -16.9
57953      -16.7
57954      -16.7
57955      -16.9
57956      -16.7
57957      -16.8
57958      -15.8
57959      -15.8
57960      -15.2
57961      -14.9
57962      -14.9
57963      -14.7
57964      -14.2
57965      -14.3
57966      -14.0
57967      -13.2
57968      -13.5
57969      -14.1
57970      -14.4
57971      -14.4
57972      -13.5
57973      -13.9
57974      -13.6
57975      -13.0
57976      -12.1
57977      -11.5
57978      -11.4
57979      -10.1
57980       -9.7
57981       -9.5
57982       -9.3
57983       -9.2
57984       -9.0
57985       -8.9
57986       -8.9
57987       -8.8
57988       -8.7
57989       -8.4
57990       -8.0
57991       -7.7
57992       -6.8
57993       -6.8
57994       -6.8
57995       -6.7
57996       -6.0
57997       -6.5
57998       -6.3
57999       -6.3
58000       -6.4
58001       -7.2
58002       -7.6
58003       -8.2
58004       -8.1
58005       -7.9
58006       -8.0
58007       -8.1
58008       -8.1
58009       -7.6
58010       -7.4
58011       -7.1
58012       -6.7
58013       -6.4
58014       -6.6
58015       -6.3
58016       -6.0
58017       -5.1
58018       -4.7
58019       -4.4
58020       -4.3
58021       -3.7
58022       -3.3
58023       -2.7
58024       -2.3
58025       -0.9
58026       -0.6
58027        0.1
58028        0.0
58029       -0.2
58030        0.7
58031        1.4
58032        1.7
58033        2.0
58034        2.8
58035        3.1
58036        3.4
58037        4.5
58038        4.7
58039        6.1
58040        6.5
58041        6.6
58042        7.2
58043        7.7
58044        8.4
58045        8.4
58046        8.5
58047        8.6
58048        8.9
58049        9.9
58050       11.0
58051       11.7
58052       12.6
58053       13.3
58054       13.4
58055       13.4
58056       14.7
58057       15.2
58058       15.9
58059       16.0
58060       16.2
58061       16.8
58062       17.6
58063       18.0
58064       18.8
58065       19.1
58066       20.1
58067       20.9
58068       21.4
58069       22.6
58070       22.7
58071       23.1
58072       23.6
58073       23.9
58074       23.8
58075       23.2
58076       23.4
58077       23.0
58078       22.5
58079       22.0
58080       21.2
58081       21.3
58082       21.4
58083       21.3
58084       21.1
58085       21.1
58086       21.4
58087       21.4
58088       21.8
58089       22.1
58090       22.1
58091       23.6
58092       23.6
58093       23.6
58094       23.6
58095       23.7
58096       23.9
58097       24.1
58098       23.5
58099       24.0
58100       24.2
58101       24.2
58102       24.2
58103       24.2
58104       24.6
58105       24.4
58106       24.3
58107       23.6
58108       22.9
58109       21.8
58110       21.3
58111       20.8
58112       20.4
58113       20.6
58114       20.7
58115       20.4
58116       20.1
58117       19.6
58118       19.4
58119       19.9
58120       20.2
58121       20.5
58122       20.3
58123       20.8
58124       21.4
58125       21.7
58126       21.6
58127       21.6
58128       22.2
58129       22.3
58130       22.4
58131       22.4
58132       21.2
58133       20.4
58134       19.1
58135       18.0
58136       17.2
58137       16.2
58138       15.6
58139       14.9
58140       15.0
58141       14.5
58142       14.7
58143       14.6
58144       14.8
58145       14.8
58146       15.2
58147       14.9
58148       15.3
58149       15.2
58150       15.4
58151       15.5
58152       15.1
58153       15.1
58154       16.5
58155       16.5
58156       16.3
58157       16.0
58158       16.0
58159       15.5
58160       15.0
58161       15.6
58162       15.6
58163       15.6
58164       15.1
58165       15.6
58166       15.6
58167       16.1
58168       16.1
58169       16.4
58170       16.5
58171       16.3
58172       16.1
58173       15.7
58174       15.5
58175       15.0
58176       14.6
58177       14.3
58178       13.9
58179       13.8
58180       13.3
58181       12.8
58182       11.6
58183       11.9
58184       12.1
58185       11.6
58186       11.3
58187       11.6
58188       11.1
58189       10.5
58190        9.5
58191        9.3
58192        8.6
58193        8.0
58194        8.5
58195        7.6
58196        6.9
58197        6.4
58198        6.6
58199        6.0
58200        5.1
58201        4.7
58202        5.0
58203        4.6
58204        4.6
58205        4.7
58206        4.9
58207        5.6
58208        5.2
58209        5.1
58210        5.0
58211        4.8
58212        4.7
58213        5.5
58214        5.5
58215        5.2
58216        5.7
58217        4.2
58218        4.0
58219        3.6
58220        2.9
58221        3.2
58222        3.2
58223        2.8
58224        2.6
58225        2.2
58226        1.9
58227        1.3
58228        0.9
58229        0.3
58230       -0.5
58231       -0.4
58232       -1.0
58233       -1.3
58234       -1.3
58235       -1.7
58236       -2.0
58237       -2.4
58238       -2.8
58239       -3.3
58240       -2.2
58241       -4.1
58242       -2.9
58243       -2.6
58244       -2.5
58245       -1.9
58246       -1.2
58247       -0.8
58248       -0.9
58249       -1.1
58250       -1.8
58251       -1.8
58252       -2.2
58253       -1.9
58254       -2.2
58255       -2.1
58256       -1.7
58257       -0.9
58258        0.8
58259        1.4
58260        1.7
58261        1.7
58262        2.0
58263        2.2
58264        2.3
58265        2.4
58266        2.4
58267        2.2
58268        2.5
58269        3.2
58270        3.5
58271        3.6
58272        3.7
58273        5.9
58274        6.1
58275        5.9
58276        6.8
58277        7.6
58278        7.3
58279        7.9
58280        7.7
58281        7.5
58282        7.4
58283        7.4
58284        7.2
58285        7.2
58286        6.8
58287        6.5
58288        5.7
58289        5.4
58290        5.1
58291        5.1
58292        4.9
58293        4.5
58294        4.1
58295        4.3
58296        3.8
58297        3.6
58298        4.0
58299        3.7
58300        4.1
58301        4.3
58302        4.7
58303        4.8
58304        5.2
58305        5.9
58306        6.8
58307        6.9
58308        6.6
58309        7.0
58310        7.0
58311        7.7
58312        7.8
58313        7.8
58314        7.5
58315        7.3
58316        7.2
58317        7.1
58318        7.3
58319        7.2
58320        6.9
58321        6.4
58322        6.4
58323        6.1
58324        5.5
58325        3.8
58326        3.9
58327        3.5
58328        3.9
58329        3.8
58330        3.9
58331        3.8
58332        4.1
58333        3.9
58334        4.1
58335        4.1
58336        2.6
58337        3.3
58338        3.4
58339        3.4
58340        3.7
58341        4.0
58342        4.4
58343        4.1
58344        4.4
58345        4.2
58346        3.8
58347        4.5
58348        4.6
58349        3.9
58350        3.0
58351        2.2
58352        2.2
58353        2.1
58354        2.2
58355        2.3
58356        3.0
58357        4.3
58358        5.2
58359        5.9
58360        6.4
58361        6.6
58362        7.2
58363        7.9
58364        9.5
58365        8.9
58366        9.2
58367        9.3
58368        8.6
58369        8.3
58370        8.4
58371        8.1
58372        8.7
58373        8.9
58374        8.7
58375        8.4
58376        8.6
58377        8.5
58378        8.3
58379        8.6
58380        8.8
58381        8.3
58382        8.0
58383        7.8
58384        8.1
58385        8.7
58386        9.0
58387        9.8
58388       10.0
58389       10.7
58390       10.6
58391       10.9
58392       10.7
58393       11.3
58394       11.2
58395       11.1
58396       11.3
58397       12.0
58398       12.6
58399       13.8
58400       14.3
58401       13.8
58402       12.7
58403       12.2
58404       11.8
58405       10.8
58406       10.1
58407        9.8
58408        9.4
58409        8.9
58410        8.5
58411        8.5
58412        8.6
58413        8.3
58414        7.8
58415        7.0
58416        7.1
58417        6.8
58418        6.6
58419        7.3
58420        7.2
58421        7.5
58422        7.7
58423        8.2
58424        8.5
58425        8.6
58426        8.8
58427        9.2
58428        9.0
58429        9.5
58430        9.7
58431        9.2
58432        9.5
58433        9.7
58434        9.3
58435        9.6
58436       10.1
58437       10.3
58438       10.6
58439       10.8
58440       10.9
58441       10.8
58442       11.1
58443       11.0
58444       10.6
58445       10.9
58446       10.7
58447       10.5
58448        9.9
58449       10.0
58450       10.8
58451       11.4
58452       11.8
58453       12.3
58454       12.8
58455       14.0
58456       14.1
58457       15.0
58458       15.4
58459       15.9
58460       16.3
58461       16.5
58462       15.6
58463       15.5
58464       15.3
58465       15.4
58466       15.4
58467       15.5
58468       15.3
58469       15.3
58470       15.2
58471       15.1
58472       14.7
58473       14.7
58474       14.3
58475       14.5
58476       14.4
58477       13.6
58478       12.7
58479       12.6
58480       11.7
58481       11.3
58482       10.7
58483        9.8
58484        8.8
58485        8.0
58486        7.2
58487        6.6
58488        6.0
58489        5.4
58490        6.2
58491        6.3
58492        6.9
58493        6.8
58494        7.2
58495        6.9
58496        6.9
58497        6.8
58498        6.3
58499        6.1
58500        5.8
58501        5.4
58502        4.9
58503        4.5
58504        4.5
58505        4.3
58506        4.0
58507        4.2
58508        4.3
58509        4.8
58510        4.7
58511        4.6
58512        5.0
58513        4.5
58514        4.6
58515        4.9
58516        4.6
58517        4.8
58518        1.3
58519        1.1
58520        1.3
58521        1.8
58522        1.7
58523        1.6
58524        1.8
58525        1.7
58526        2.1
58527        2.0
58528        1.8
58529        1.7
58530        2.1
58531        2.4
58532        2.2
58533        1.5
58534        2.1
58535        1.7
58536        1.6
58537        1.2
58538        0.8
58539       -0.4
58540       -0.7
58541       -1.4
58542       -2.1
58543       -2.3
58544       -2.6
58545       -3.1
58546       -3.9
58547       -4.0
58548       -4.5
58549       -4.3
58550       -4.7
58551       -5.0
58552       -5.3
58553       -5.3
58554       -6.0
58555       -6.7
58556       -7.1
58557       -7.7
58558       -7.9
58559       -8.2
58560       -8.1
58561       -7.8
58562       -7.5
58563       -7.7
58564       -7.3
58565       -7.3
58566       -6.7
58567       -6.8
58568       -6.6
58569       -6.4
58570       -6.3
58571       -7.2
58572       -7.3
58573       -6.9
58574       -6.8
58575       -6.8
58576       -6.5
58577       -6.3
58578       -6.0
58579       -5.9
58580       -6.0
58581       -4.8
58582       -4.4
58583       -4.7
58584       -4.0
58585       -3.9
58586       -3.3
58587       -3.0
58588       -2.4
58589       -2.1
58590       -2.0
58591       -1.4
58592       -1.2
58593       -0.8
58594       -0.8
58595       -0.8
58596       -0.3
58597       -0.4
58598       -0.0
58599        0.1
58600        0.7
58601        0.8
58602        0.6
58603        0.6
58604        1.0
58605        1.0
58606        1.1
58607        0.9
58608        0.6
58609       -1.5
58610       -1.5
58611       -1.2
58612       -0.9
58613       -0.5
58614       -0.2
58615       -0.2
58616        0.1
58617       -0.0
58618        0.7
58619        0.9
58620        1.1
58621        1.0
58622        1.1
58623        1.2
58624        0.8
58625        1.5
58626        1.4
58627        1.1
58628        0.8
58629        0.5
58630        0.5
58631       -0.3
58632       -0.4
58633       -0.2
58634       -0.1
58635       -0.4
58636       -0.5
58637       -1.0
58638       -1.0
58639       -1.4
58640       -1.0
58641       -1.8
58642       -1.7
58643       -1.8
58644       -1.3
58645       -1.3
58646       -1.2
58647       -1.1
58648       -1.3
58649       -1.3
58650       -1.1
58651       -0.6
58652       -0.4
58653       -0.2
58654       -0.2
58655        0.1
58656       -0.3
58657       -0.3
58658       -0.1
58659       -0.0
58660        0.2
58661       -0.4
58662       -0.4
58663       -1.3
58664       -1.5
58665       -1.5
58666       -1.6
58667       -2.1
58668       -2.4
58669       -2.3
58670       -3.0
58671       -3.1
58672       -3.3
58673       -3.6
58674       -3.7
58675       -3.8
58676       -3.8
58677       -3.9
58678       -3.8
58679       -3.8
58680       -3.5
58681       -3.7
58682       -3.6
58683       -3.3
58684       -3.7
58685       -3.6
58686       -3.4
58687       -3.1
58688       -2.8
58689       -2.6
58690       -2.4
58691       -2.1
58692       -1.8
58693       -1.5
58694       -1.4
58695       -1.1
58696       -1.0
58697       -0.8
58698       -0.8
58699       -0.6
58700       -0.2
58701        0.0
58702        0.1
58703        0.5
58704        0.6
58705        1.2
58706        1.2
58707        1.5
58708        1.4
58709        1.2
58710        1.5
58711        1.7
58712        2.5
58713        2.7
58714        2.6
58715        3.4
58716        3.5
58717        3.2
58718        3.3
58719        3.5
58720        3.3
58721        3.1
58722        2.8
58723        2.2
58724        2.2
58725        2.1
58726        1.8
58727        1.8
58728        1.8
58729        1.5
58730        1.7
58731        2.1
58732        2.5
58733        3.2
58734        3.4
58735        3.1
58736        3.6
58737        3.6
58738        4.6
58739        4.8
58740        4.9
58741        5.1
58742        5.0
58743        5.2
58744        5.0
58745        5.4
58746        5.7
58747        4.9
58748        4.9
58749        4.8
58750        4.9
58751        4.9
58752        4.6
58753        4.4
58754        4.0
58755        3.7
58756        3.5
58757        4.0
58758        4.2
58759        4.2
58760        4.8
58761        5.3
58762        5.2
58763        5.6
58764        5.5
58765        6.1
58766        5.9
58767        5.2
58768        5.5
58769        6.0
58770        5.6
58771        5.6
58772        5.8
58773        5.7
58774        5.6
58775        5.3
58776        5.5
58777        5.0
58778        4.4
58779        4.2
58780        3.2
58781        2.9
58782        2.9
58783        2.2
58784        1.2
58785        0.8
58786        1.6
58787        1.1
58788        1.1
58789        0.8
58790        0.1
58791        0.9
58792        0.9
58793        0.7
58794        0.2
58795        0.2
58796        0.4
58797        0.5
58798        0.5
58799        1.1
58800        1.0
58801        1.8
58802        2.6
58803        3.5
58804        4.2
58805        3.8
58806        4.3
58807        4.5
58808        4.5
58809        4.1
58810        4.2
58811        3.7
58812        3.0
58813        2.6
58814        2.4
58815        2.6
58816        3.2
58817        3.8
58818        4.0
58819        5.5
58820        6.7
58821        7.7
58822        9.0
58823        9.0
58824        7.5
58825        8.1
58826        7.7
58827        7.6
58828        7.4
58829        7.2
58830        6.3
58831        6.2
58832        5.4
58833        4.6
58834        3.9
58835        3.6
58836        3.1
58837        3.1
58838        2.4
58839        2.4
58840        2.4
58841        2.5
58842        1.9
58843        1.7
58844        1.9
58845        1.3
58846        0.6
58847        0.2
58848        0.4
58849        0.3
58850        0.2
58851        0.3
58852        0.1
58853        0.2
58854        1.2
58855        0.6
58856        0.4
58857        0.7
58858       -0.0
58859       -0.5
58860       -0.5
58861       -0.2
58862       -0.1
58863        0.3
58864        0.3
58865        0.0
58866        0.2
58867        0.1
58868       -0.1
58869       -0.1
58870       -1.1
58871       -1.4
58872       -1.3
58873       -1.6
58874       -1.8
58875       -1.9
58876       -1.9
58877       -2.1
58878       -2.1
58879       -2.9
58880       -3.4
58881       -4.2
58882       -2.3
58883       -2.8
58884       -3.0
58885       -3.3
58886       -3.6
58887       -3.5
58888       -3.9
58889       -4.1
58890       -4.5
58891       -4.7
58892       -4.9
58893       -5.0
58894       -5.0
58895       -5.7
58896       -5.4
58897       -5.3
58898       -5.4
58899       -5.4
58900       -5.4
58901       -5.5
58902       -5.3
58903       -5.7
58904       -6.3
58905       -6.4
58906       -6.6
58907       -7.3
58908       -7.9
58909       -8.2
58910       -8.9
58911       -9.3
58912      -10.7
58913      -10.9
58914      -11.4
58915      -12.3
58916      -12.8
58917      -12.8
58918      -13.1
58919      -13.3
58920      -13.7
58921      -14.0
58922      -14.7
58923      -14.6
58924      -15.5
58925      -15.8
58926      -15.9
58927      -16.4
58928      -16.4
58929      -16.8
58930      -16.5
58931      -17.1
58932      -17.0
58933      -16.8
58934      -16.2
58935      -16.2
58936      -15.8
58937      -15.6
58938      -15.4
58939      -14.9
58940      -14.8
58941      -14.4
58942      -14.9
58943      -14.9
58944      -15.3
58945      -15.3
58946      -15.4
58947      -15.5
58948      -15.6
58949      -15.7
58950      -15.6
58951      -15.9
58952      -15.5
58953      -15.2
58954      -15.0
58955      -15.0
58956      -14.9
58957      -14.6
58958      -14.1
58959      -14.2
58960      -13.4
58961      -12.9
58962      -12.4
58963      -12.1
58964      -11.6
58965      -11.2
58966      -11.4
58967      -10.9
58968      -10.8
58969      -10.7
58970      -10.3
58971       -9.7
58972       -9.2
58973      -10.9
58974      -10.2
58975      -10.1
58976       -9.1
58977       -8.8
58978       -8.9
58979       -9.3
58980       -8.6
58981       -8.6
58982       -8.1
58983       -7.8
58984       -7.7
58985       -7.9
58986       -7.1
58987       -7.2
58988       -6.8
58989       -6.4
58990       -6.6
58991       -6.3
58992       -6.0
58993       -5.8
58994       -6.0
58995       -6.1
58996       -5.8
58997       -5.4
58998       -5.3
58999       -5.3
59000       -5.4
59001       -5.2
59002       -4.6
59003       -4.3
59004       -3.9
59005       -3.5
59006       -3.5
59007       -3.1
59008       -2.7
59009       -2.4
59010       -2.3
59011       -2.6
59012       -2.2
59013       -2.3
59014       -1.5
59015       -0.8
59016       -0.1
59017        0.6
59018        0.7
59019        0.6
59020        1.6
59021        1.5
59022        1.2
59023        1.8
59024        1.9
59025        1.8
59026        1.7
59027        2.2
59028        2.2
59029        2.5
59030        2.5
59031        2.8
59032        3.8
59033        4.2
59034        4.4
59035        5.0
59036        4.2
59037        4.5
59038        4.7
59039        5.3
59040        5.2
59041        5.3
59042        6.1
59043        6.0
59044        6.5
59045        7.1
59046        7.6
59047        7.9
59048        8.7
59049        9.3
59050        9.6
59051        8.9
59052        9.0
59053        8.3
59054        8.0
59055        7.6
59056        7.7
59057        7.7
59058        7.4
59059        7.0
59060        7.0
59061        6.9
59062        6.6
59063        6.1
59064        4.6
59065        3.5
59066        2.6
59067        2.0
59068        1.7
59069        1.0
59070        0.6
59071        0.5
59072        0.5
59073        0.3
59074        0.7
59075        1.2
59076        1.9
59077        1.6
59078        1.7
59079        1.9
59080        2.3
59081        2.6
59082        2.6
59083        2.3
59084        1.4
59085        1.0
59086        0.3
59087       -0.1
59088       -0.9
59089       -1.2
59090       -1.7
59091       -2.1
59092       -2.9
59093       -3.3
59094       -3.7
59095       -3.8
59096       -3.2
59097       -3.3
59098       -3.2
59099       -5.2
59100       -4.8
59101       -4.5
59102       -4.9
59103       -5.2
59104       -5.6
59105       -5.6
59106       -4.9
59107       -4.6
59108       -5.0
59109       -5.0
59110       -5.1
59111       -5.3
59112       -5.0
59113       -4.8
59114       -4.7
59115       -5.7
59116       -5.3
59117       -5.1
59118       -4.7
59119       -4.5
59120       -3.6
59121       -3.2
59122       -2.8
59123       -2.1
59124       -1.8
59125       -1.8
59126       -2.2
59127       -2.5
59128       -1.9
59129       -1.8
59130       -1.6
59131       -1.7
59132       -1.8
59133       -1.4
59134       -1.3
59135       -1.3
59136       -1.4
59137       -1.6
59138       -1.5
59139       -1.5
59140       -1.5
59141       -1.4
59142       -1.1
59143       -0.8
59144       -1.3
59145       -1.3
59146       -0.6
59147       -0.3
59148       -0.1
59149       -0.0
59150        0.5
59151        1.2
59152        1.7
59153        2.4
59154        2.5
59155        3.5
59156        4.3
59157        4.8
59158        5.4
59159        5.7
59160        5.7
59161        6.2
59162        6.6
59163        6.6
59164        6.8
59165        6.6
59166        6.8
59167        7.3
59168        7.1
59169        7.2
59170        7.5
59171        7.2
59172        6.9
59173        6.5
59174        6.9
59175        6.8
59176        6.7
59177        6.3
59178        6.9
59179        7.7
59180        7.6
59181        8.3
59182        8.2
59183        9.3
59184        9.6
59185        9.8
59186        9.3
59187        9.3
59188        9.0
59189        9.0
59190        7.4
59191        6.8
59192        6.4
59193        6.1
59194        5.8
59195        5.4
59196        5.6
59197        5.1
59198        5.2
59199        5.4
59200        5.4
59201        5.6
59202        5.4
59203        5.7
59204        5.8
59205        5.8
59206        5.7
59207        5.2
59208        5.3
59209        5.0
59210        4.7
59211        4.3
59212        4.2
59213        4.1
59214        4.3
59215        4.3
59216        4.4
59217        4.4
59218        4.0
59219        4.3
59220        4.4
59221        4.9
59222        5.2
59223        5.4
59224        5.6
59225        5.7
59226        5.7
59227        5.9
59228        6.0
59229        5.9
59230        6.0
59231        5.3
59232        5.1
59233        5.0
59234        4.8
59235        4.7
59236        4.8
59237        4.7
59238        4.9
59239        5.3
59240        5.2
59241        5.0
59242        5.1
59243        5.8
59244        5.8
59245        5.9
59246        5.9
59247        6.4
59248        7.0
59249        7.4
59250        7.5
59251        7.8
59252        8.0
59253        6.7
59254        6.5
59255        6.3
59256        6.2
59257        5.9
59258        6.2
59259        6.1
59260        5.7
59261        5.4
59262        4.1
59263        3.3
59264        2.5
59265        2.1
59266        1.9
59267        2.0
59268        2.0
59269        1.9
59270        1.9
59271        1.9
59272        1.9
59273        1.7
59274        1.0
59275        0.6
59276        0.9
59277        0.6
59278        0.6
59279        0.9
59280        0.6
59281        0.1
59282       -0.1
59283       -0.4
59284       -1.1
59285       -0.7
59286       -1.3
59287       -2.0
59288       -2.2
59289       -2.6
59290       -2.8
59291       -3.0
59292       -3.6
59293       -4.2
59294       -4.6
59295       -4.8
59296       -4.5
59297       -4.8
59298       -5.4
59299       -5.4
59300       -6.5
59301       -7.9
59302       -8.2
59303       -9.7
59304      -10.7
59305      -11.7
59306      -13.1
59307      -14.1
59308      -15.1
59309      -16.2
59310      -15.9
59311      -16.6
59312      -17.3
59313      -17.8
59314      -17.7
59315      -17.2
59316      -16.6
59317      -16.4
59318      -15.5
59319      -15.1
59320      -14.8
59321      -14.8
59322      -13.5
59323      -13.5
59324      -13.1
59325      -12.9
59326      -12.5
59327      -12.4
59328      -12.6
59329      -12.2
59330      -12.0
59331      -11.9
59332      -11.8
59333      -11.3
59334      -10.1
59335       -9.4
59336       -8.1
59337       -4.5
59338       -3.4
59339       -2.8
59340       -2.0
59341       -1.5
59342       -0.9
59343       -1.2
59344       -1.6
59345       -2.0
59346       -2.2
59347       -3.2
59348       -3.3
59349       -3.6
59350       -3.8
59351       -4.0
59352       -3.8
59353       -3.9
59354       -3.5
59355       -4.6
59356       -4.3
59357       -4.4
59358       -4.7
59359       -5.1
59360       -5.1
59361       -6.0
59362       -5.4
59363       -5.4
59364       -5.7
59365       -5.4
59366       -5.5
59367       -5.7
59368       -5.6
59369       -6.6
59370       -6.6
59371       -7.4
59372       -7.4
59373       -8.2
59374       -8.3
59375       -8.9
59376       -8.7
59377       -8.3
59378       -8.3
59379       -7.6
59380       -6.8
59381       -6.3
59382       -5.5
59383       -4.5
59384       -4.3
59385       -3.4
59386       -2.7
59387       -2.5
59388       -2.4
59389       -2.1
59390       -2.3
59391       -2.2
59392       -2.3
59393       -2.0
59394       -2.1
59395       -1.9
59396       -1.9
59397       -2.1
59398       -2.0
59399       -1.9
59400       -1.4
59401       -1.1
59402       -1.1
59403       -1.2
59404       -0.8
59405       -0.4
59406       -0.3
59407        0.3
59408        0.5
59409        0.9
59410        1.1
59411        1.6
59412        2.3
59413        2.5
59414        2.6
59415        3.0
59416        3.3
59417        3.7
59418        4.1
59419        4.6
59420        5.6
59421        6.4
59422        6.6
59423        7.2
59424        7.7
59425        8.0
59426        8.5
59427        8.6
59428        7.1
59429        7.0
59430        6.9
59431        7.0
59432        6.7
59433        6.3
59434        5.8
59435        4.7
59436        4.9
59437        4.8
59438        4.1
59439        3.8
59440        3.3
59441        3.4
59442        3.4
59443        3.3
59444        3.1
59445        3.1
59446        2.7
59447        2.2
59448        2.0
59449        1.3
59450        0.8
59451        0.5
59452        0.3
59453        0.2
59454        0.3
59455        0.2
59456        0.3
59457       -0.3
59458       -0.6
59459       -0.3
59460       -0.3
59461       -0.5
59462       -0.2
59463        0.2
59464        1.1
59465        0.6
59466       -0.0
59467        0.3
59468       -0.4
59469       -1.2
59470       -1.2
59471       -2.8
59472       -3.4
59473       -4.1
59474       -5.1
59475       -5.5
59476       -5.3
59477       -5.5
59478       -5.8
59479       -6.0
59480       -5.7
59481       -5.2
59482       -5.5
59483       -5.5
59484       -4.6
59485       -4.6
59486       -5.0
59487       -5.0
59488       -5.4
59489       -5.0
59490       -4.9
59491       -2.9
59492       -2.8
59493       -2.7
59494       -2.7
59495       -2.4
59496       -2.5
59497       -2.7
59498       -2.4
59499       -3.2
59500       -3.2
59501       -2.5
59502       -2.7
59503       -3.3
59504       -3.0
59505       -2.0
59506       -1.9
59507       -1.3
59508       -1.3
59509       -1.8
59510       -1.4
59511       -1.4
59512       -2.0
59513       -2.2
59514       -2.3
59515       -2.7
59516       -2.6
59517       -3.0
59518       -3.3
59519       -3.5
59520       -3.7
59521       -3.4
59522       -3.6
59523       -3.7
59524       -3.8
59525       -3.9
59526       -3.7
59527       -4.1
59528       -3.5
59529       -3.3
59530       -3.1
59531       -2.9
59532       -2.7
59533       -2.2
59534       -1.9
59535       -1.2
59536        2.7
59537        3.3
59538        3.4
59539        3.4
59540        3.1
59541        3.5
59542        3.4
59543        3.0
59544        2.2
59545        1.8
59546        1.1
59547        0.7
59548       -0.1
59549       -0.3
59550       -1.3
59551       -1.7
59552       -2.0
59553       -2.6
59554       -2.5
59555       -2.4
59556       -2.3
59557       -1.6
59558       -1.0
59559       -0.7
59560       -0.8
59561       -0.7
59562       -1.0
59563       -0.6
59564       -0.7
59565       -0.8
59566       -0.1
59567       -0.1
59568       -0.7
59569       -0.1
59570       -0.4
59571       -0.8
59572       -1.5
59573       -1.8
59574       -2.1
59575       -1.2
59576       -1.5
59577       -1.7
59578       -1.4
59579       -0.8
59580       -0.4
59581       -0.5
59582       -0.4
59583       -0.1
59584        0.1
59585        0.3
59586        0.6
59587        0.7
59588        0.9
59589       -0.9
59590       -0.8
59591       -0.1
59592        0.6
59593        0.1
59594        0.0
59595       -0.1
59596       -0.1
59597       -0.2
59598        0.3
59599        0.2
59600        0.3
59601        0.4
59602        0.6
59603        0.6
59604        0.7
59605        0.6
59606        0.6
59607        0.5
59608        0.7
59609        0.4
59610        0.0
59611       -0.2
59612       -0.5
59613       -0.8
59614       -1.2
59615       -1.4
59616       -1.6
59617       -2.0
59618       -2.6
59619       -2.8
59620       -3.2
59621       -2.9
59622       -2.7
59623       -2.8
59624       -2.9
59625       -2.5
59626       -2.1
59627       -1.6
59628       -1.4
59629       -1.3
59630       -1.0
59631       -0.4
59632       -0.2
59633       -0.3
59634       -0.5
59635       -0.6
59636       -0.8
59637       -1.1
59638       -1.5
59639       -2.1
59640       -1.9
59641       -1.8
59642       -1.5
59643       -1.7
59644       -1.6
59645       -1.7
59646       -1.5
59647       -1.8
59648       -1.9
59649       -2.0
59650       -1.9
59651       -2.1
59652       -2.6
59653       -2.3
59654       -2.5
59655       -2.5
59656       -2.3
59657       -1.7
59658       -1.1
59659       -1.0
59660       -1.0
59661       -0.2
59662       -0.1
59663       -0.2
59664       -0.3
59665       -0.2
59666        0.1
59667        0.2
59668        0.2
59669        0.3
59670        1.0
59671        1.2
59672        1.1
59673       -0.1
59674        0.1
59675        0.2
59676        0.0
59677       -0.2
59678       -0.3
59679       -0.5
59680       -0.8
59681       -1.5
59682       -1.4
59683       -2.1
59684       -1.8
59685       -1.5
59686       -1.8
59687       -2.3
59688       -2.0
59689       -1.8
59690       -1.8
59691       -1.6
59692       -1.4
59693       -1.8
59694       -1.3
59695       -1.6
59696       -1.8
59697       -1.3
59698       -1.4
59699       -0.9
59700       -1.3
59701       -0.8
59702       -0.5
59703       -0.6
59704       -0.6
59705       -0.5
59706       -0.5
59707       -0.2
59708       -0.6
59709       -0.5
59710       -0.6
59711       -1.2
59712       -1.6
59713       -1.4
59714       -1.0
59715       -1.2
59716       -1.1
59717       -0.6
59718       -0.7
59719       -1.1
59720       -1.2
59721       -1.2
59722       -1.0
59723       -0.9
59724       -1.0
59725       -1.4
59726       -1.6
59727       -1.4
59728       -1.3
59729       -1.3
59730       -1.6
59731       -0.9
59732       -0.7
59733       -0.1
59734        0.7
59735        0.8
59736        1.3
59737        2.3
59738        2.5
59739        1.8
59740        0.9
59741        0.5
59742        0.5
59743        0.5
59744       -0.4
59745       -0.7
59746       -0.5
59747       -0.6
59748       -0.8
59749       -0.9
59750       -1.7
59751       -2.3
59752       -2.5
59753       -2.8
59754       -3.0
59755       -2.7
59756       -2.8
59757       -2.3
59758       -2.3
59759       -2.0
59760       -1.6
59761       -1.4
59762       -1.3
59763       -0.7
59764       -1.8
59765       -1.5
59766       -1.5
59767       -1.1
59768       -1.1
59769       -1.1
59770       -1.5
59771       -1.5
59772       -1.6
59773       -1.2
59774       -1.3
59775       -1.6
59776       -1.3
59777       -1.2
59778       -1.3
59779       -2.0
59780       -1.5
59781       -1.5
59782       -1.2
59783       -1.2
59784       -1.3
59785       -1.5
59786       -1.9
59787       -1.9
59788       -2.0
59789       -2.1
59790       -2.1
59791       -2.1
59792       -2.2
59793       -2.3
59794       -2.1
59795       -2.2
59796       -1.8
59797       -1.7
59798       -1.5
59799       -2.0
59800       -1.3
59801       -1.0
59802       -0.7
59803       -1.0
59804       -0.9
59805       -0.4
59806       -0.8
59807       -0.8
59808       -1.1
59809       -1.0
59810       -0.2
59811       -1.1
59812       -1.3
59813       -0.9
59814       -0.8
59815       -1.1
59816       -1.1
59817       -1.1
59818       -1.0
59819       -1.2
59820       -1.1
59821       -1.4
59822       -1.5
59823       -2.2
59824       -2.6
59825       -2.5
59826       -2.6
59827       -3.8
59828       -3.9
59829       -4.5
59830       -4.1
59831       -4.1
59832       -3.9
59833       -3.7
59834       -4.0
59835       -4.0
59836       -4.1
59837       -3.5
59838       -3.3
59839       -3.7
59840       -4.6
59841       -4.7
59842       -4.8
59843       -4.3
59844       -4.6
59845       -5.1
59846       -5.4
59847       -4.6
59848       -3.8
59849       -3.3
59850       -3.1
59851       -3.2
59852       -2.7
59853       -2.6
59854       -2.2
59855       -3.4
59856       -3.5
59857       -3.7
59858       -3.5
59859       -3.7
59860       -3.4
59861       -3.7
59862       -4.5
59863       -4.5
59864       -5.1
59865       -5.7
59866       -6.1
59867       -6.6
59868       -7.0
59869       -7.7
59870       -7.9
59871       -8.3
59872       -8.6
59873       -8.6
59874       -9.0
59875       -9.0
59876       -9.0
59877       -8.8
59878       -8.9
59879       -8.8
59880       -8.9
59881       -8.8
59882       -8.6
59883       -8.8
59884       -9.2
59885       -8.7
59886       -8.3
59887       -7.7
59888       -7.6
59889       -6.9
59890       -5.7
59891       -5.3
59892       -5.0
59893       -5.0
59894       -4.8
59895       -4.8
59896       -4.7
59897       -4.1
59898       -4.0
59899       -3.5
59900       -3.4
59901       -3.1
59902       -2.9
59903       -2.8
59904       -2.9
59905       -2.6
59906       -2.3
59907       -1.6
59908       -1.0
59909       -0.8
59910       -0.2
59911       -0.2
59912       -0.8
59913       -1.2
59914       -1.0
59915       -1.2
59916       -1.2
59917       -1.2
59918       -0.0
59919        0.6
59920        0.7
59921        0.8
59922        0.9
59923        1.1
59924        0.8
59925        0.7
59926        0.4
59927        0.6
59928        0.5
59929        0.2
59930       -0.3
59931       -0.5
59932       -0.6
59933       -1.0
59934       -1.1
59935       -1.5
59936       -0.9
59937       -0.9
59938       -0.9
59939       -0.7
59940       -0.6
59941       -0.8
59942       -0.5
59943       -0.6
59944       -0.6
59945       -0.4
59946       -0.6
59947       -0.6
59948       -0.8
59949       -1.2
59950       -1.7
59951       -1.9
59952       -2.4
59953       -1.5
59954       -1.7
59955       -1.8
59956       -1.6
59957       -1.3
59958       -1.2
59959       -0.6
59960        0.0
59961        0.1
59962        0.2
59963        0.6
59964        1.1
59965        1.2
59966        1.4
59967        1.7
59968        2.3
59969        2.4
59970        3.1
59971        3.0
59972        2.9
59973        3.0
59974        2.6
59975        1.8
59976        2.1
59977        2.3
59978        2.7
59979        3.0
59980        3.2
59981        2.0
59982        1.8
59983        1.7
59984        1.7
59985        1.4
59986        1.5
59987        1.5
59988        0.9
59989        1.2
59990        1.1
59991        0.8
59992        0.8
59993        0.3
59994       -0.2
59995        0.3
59996        0.4
59997        0.5
59998        0.4
59999        0.7
60000        1.0
60001        1.4
60002        1.5
60003        1.9
60004        2.1
60005        1.7
60006        1.9
60007        1.6
60008        1.3
60009       -0.2
60010       -0.5
60011       -0.5
60012       -0.8
60013       -1.4
60014       -1.2
60015       -1.5
60016       -1.5
60017       -1.5
60018       -2.0
60019       -2.3
60020       -2.7
60021       -2.7
60022       -2.3
60023       -2.4
60024       -2.5
60025       -2.7
60026       -3.2
60027       -3.7
60028       -3.7
60029       -3.8
60030       -3.8
60031       -4.5
60032       -4.5
60033       -4.7
60034       -5.2
60035       -5.7
60036       -1.6
60037       -1.4
60038       -1.3
60039       -1.4
60040       -1.5
60041       -1.5
60042       -1.1
60043       -0.9
60044       -0.6
60045        0.1
60046        0.3
60047        0.6
60048        0.9
60049        0.6
60050        0.9
60051        1.0
60052        0.8
60053        1.0
60054        0.8
60055        0.4
60056       -0.7
60057       -0.7
60058       -1.3
60059       -1.6
60060       -2.2
60061       -1.5
60062       -1.6
60063       -1.4
60064       -1.9
60065       -0.8
60066       -0.3
60067       -0.1
60068        0.1
60069        0.4
60070        0.3
60071       -0.2
60072        0.1
60073        0.6
60074        0.4
60075        0.1
60076       -0.2
60077       -0.7
60078       -0.6
60079       -0.7
60080       -0.4
60081       -0.6
60082       -0.7
60083       -1.0
60084       -0.9
60085       -0.7
60086       -1.1
60087       -1.0
60088       -0.7
60089       -0.7
60090       -0.5
60091       -0.4
60092       -0.2
60093       -0.5
60094        0.1
60095        0.5
60096        0.7
60097        0.1
60098        0.5
60099        1.0
60100       -0.3
60101       -0.2
60102        0.2
60103        0.6
60104        0.6
60105        0.7
60106        0.3
60107        0.0
60108       -0.5
60109       -1.0
60110       -1.3
60111       -1.3
60112       -1.1
60113       -1.4
60114       -1.3
60115       -0.7
60116       -0.6
60117       -0.8
60118       -0.3
60119       -0.6
60120       -0.3
60121       -0.4
60122       -1.0
60123       -1.2
60124       -0.9
60125       -1.2
60126       -1.3
60127       -0.9
60128       -1.0
60129       -1.0
60130       -1.1
60131       -1.1
60132       -1.0
60133       -1.4
60134       -1.7
60135        0.4
60136        0.4
60137        0.7
60138        0.5
60139        0.0
60140        0.0
60141       -0.2
60142       -0.5
60143       -0.8
60144       -0.8
60145       -0.9
60146       -1.0
60147       -1.2
60148       -1.0
60149       -0.9
60150       -1.2
60151       -1.7
60152       -1.8
60153       -1.5
60154       -1.2
60155       -1.3
60156       -1.1
60157       -1.1
60158       -0.7
60159       -0.8
60160       -0.9
60161       -1.1
60162       -1.1
60163       -0.9
60164       -0.6
60165       -1.1
60166       -0.2
60167       -0.3
60168       -0.4
60169       -0.7
60170       -0.8
60171       -1.0
60172       -1.1
60173       -1.5
60174       -1.4
60175       -1.3
60176       -1.0
60177       -0.5
60178       -0.2
60179       -0.3
60180       -0.5
60181       -0.0
60182       -0.0
60183       -0.3
60184       -0.4
60185       -0.4
60186       -0.4
60187        0.1
60188        0.0
60189       -0.1
60190       -0.2
60191       -1.6
60192       -1.3
60193       -1.5
60194       -1.3
60195       -1.6
60196       -1.5
60197       -1.5
60198       -1.5
60199       -1.4
60200       -1.0
60201       -1.4
60202       -1.8
60203       -1.6
60204       -1.4
60205       -1.2
60206       -1.2
60207       -1.3
60208       -1.6
60209       -1.7
60210       -1.2
60211       -0.7
60212       -0.5
60213       -1.0
60214       -1.1
60215       -1.2
60216       -1.0
60217       -0.9
60218       -1.1
60219       -1.1
60220       -1.1
60221       -1.2
60222       -1.2
60223       -0.8
60224       -0.9
60225       -1.0
60226       -1.3
60227       -1.5
60228       -0.7
60229       -0.6
60230       -0.4
60231       -0.4
60232       -0.9
60233       -0.4
60234       -0.4
60235       -0.6
60236       -0.3
60237       -0.3
60238       -0.2
60239        0.1
60240       -0.3
60241       -0.4
60242       -0.5
60243       -0.4
60244       -0.6
60245       -0.6
60246       -0.5
60247       -0.4
60248       -0.4
60249       -0.3
60250       -0.4
60251       -0.4
60252       -0.5
60253       -0.9
60254        0.2
60255        0.1
60256        1.0
60257        1.0
60258        0.6
60259        0.8
60260        0.9
60261        1.0
60262        1.1
60263        1.0
60264        0.9
60265        0.7
60266        1.4
60267        1.4
60268        1.1
60269        1.2
60270        1.0
60271        1.0
60272        0.9
60273        1.2
60274        1.4
60275        1.8
60276        1.6
60277        1.9
60278        2.0
60279        2.2
60280        2.6
60281        2.9
60282        1.4
60283        1.4
60284        1.2
60285        1.5
60286        1.4
60287        1.5
60288        1.4
60289        1.5
60290        1.2
60291        1.7
60292        1.8
60293        1.6
60294        1.9
60295        2.6
60296        2.5
60297        2.5
60298        2.2
60299        2.5
60300        2.3
60301        2.1
60302        2.1
60303        2.0
60304        1.8
60305        1.5
60306        1.9
60307        1.8
60308        1.4
60309        1.1
60310        1.3
60311        1.3
60312        1.5
60313        1.4
60314        1.9
60315        1.4
60316        1.3
60317        0.4
60318        0.4
60319        0.3
60320        0.2
60321        0.4
60322        0.2
60323        0.0
60324       -0.2
60325        0.0
60326       -0.2
60327       -0.5
60328       -0.5
60329       -0.1
60330       -0.4
60331        0.2
60332        0.4
60333        1.0
60334        0.9
60335        0.9
60336        1.0
60337        0.9
60338        0.5
60339        0.8
60340        0.8
60341        0.7
60342        1.1
60343        1.3
60344        1.0
60345        1.5
60346        1.7
60347        1.8
60348        1.6
60349        1.7
60350        1.5
60351        1.4
60352        1.4
60353        1.5
60354        1.3
60355        1.4
60356        1.5
60357        1.4
60358        1.2
60359        1.1
60360        1.1
60361        1.4
60362        1.2
60363        1.4
60364        1.8
60365        1.5
60366        1.6
60367        1.9
60368        1.8
60369        1.8
60370        1.7
60371        2.2
60372        1.9
60373       -0.3
60374       -0.2
60375       -0.8
60376       -0.4
60377       -0.7
60378       -0.8
60379       -1.1
60380       -1.4
60381       -1.8
60382       -1.6
60383       -1.5
60384       -1.5
60385       -1.5
60386       -1.1
60387       -1.0
60388       -1.4
60389       -1.4
60390       -1.5
60391       -1.6
60392       -1.7
60393       -1.9
60394       -2.3
60395       -2.3
60396       -1.7
60397       -1.8
60398       -2.6
60399       -2.0
60400       -2.0
60401       -2.0
60402       -1.5
60403       -1.8
60404       -2.1
60405       -1.8
60406       -1.5
60407       -2.1
60408       -2.2
60409       -2.7
60410       -1.7
60411       -2.0
60412       -2.3
60413       -2.2
60414       -2.6
60415       -3.1
60416       -3.3
60417       -3.5
60418       -3.5
60419       -3.2
60420       -3.4
60421       -4.1
60422       -4.2
60423       -4.2
60424       -4.6
60425       -4.4
60426       -4.5
60427       -4.5
60428       -4.1
60429       -3.8
60430       -4.2
60431       -4.2
60432       -3.8
60433       -3.4
60434       -3.3
60435       -3.1
60436       -2.7
60437       -3.2
60438       -3.1
60439       -2.8
60440       -2.8
60441       -2.5
60442       -2.8
60443       -3.1
60444       -2.3
60445       -2.4
60446       -2.7
60447       -2.3
60448       -2.1
60449       -2.0
60450       -2.0
60451       -2.2
60452       -1.9
60453       -1.9
60454       -2.1
60455       -1.8
60456       -2.1
60457       -2.1
60458       -2.5
60459       -2.0
60460       -1.9
60461       -2.2
60462       -1.5
60463       -1.3
60464       -2.2
60465       -1.9
60466       -1.8
60467       -2.0
60468       -2.1
60469       -1.9
60470       -2.4
60471       -2.5
60472       -2.2
60473       -2.2
60474       -2.4
60475       -2.5
60476       -2.3
60477       -2.9
60478       -2.7
60479       -3.0
60480       -2.2
60481       -2.6
60482       -2.6
60483       -2.5
60484       -3.2
60485       -2.9
60486       -3.1
60487       -3.0
60488       -2.5
60489       -3.0
60490       -3.0
60491       -2.9
60492       -3.5
60493       -3.2
60494       -3.5
60495       -3.6
60496       -3.4
60497       -3.4
60498       -3.1
60499       -2.9
60500       -2.6
60501       -3.0
60502       -2.8
60503       -3.1
60504       -2.7
60505       -3.5
60506       -3.4
60507       -3.4
60508       -3.2
60509       -2.8
60510       -2.6
60511       -2.8
60512       -2.7
60513       -2.1
60514       -2.1
60515       -1.9
60516       -2.2
60517       -2.0
60518       -2.3
60519       -2.2
60520       -2.4
60521       -2.6
60522       -2.6
60523       -2.4
60524       -2.5
60525       -2.7
60526       -2.8
60527       -3.7
60528       -3.5
60529       -3.2
60530       -3.0
60531       -3.1
60532       -3.2
60533       -2.8
60534       -3.1
60535       -2.8
60536       -3.0
60537       -2.8
60538       -3.2
60539       -2.6
60540       -2.5
60541       -2.8
60542       -2.5
60543       -2.8
60544       -3.3
60545       -3.7
60546       -3.4
60547       -2.7
60548       -2.8
60549       -3.2
60550       -3.2
60551       -2.7
60552       -3.5
60553       -3.1
60554       -3.3
60555       -3.6
60556       -3.7
60557       -3.3
60558       -3.2
60559       -3.4
60560       -3.1
60561       -3.4
60562       -2.9
60563       -3.3
60564       -3.2
60565       -3.4
60566       -3.1
60567       -3.0
60568       -3.6
60569       -3.9
60570       -4.0
60571       -4.2
60572       -4.0
60573       -3.7
60574       -3.9
60575       -4.2
60576       -3.6
60577       -3.2
60578       -3.5
60579       -3.7
60580       -4.2
60581       -3.9
60582       -4.0
60583       -4.0
60584       -3.9
60585       -3.8
60586       -3.6
60587       -4.1
60588       -3.6
60589       -3.0
60590       -4.8
60591       -4.2
60592       -3.7
60593       -3.5
60594       -3.7
60595       -3.4
60596       -3.5
60597       -3.8
60598       -4.3
60599       -4.2
60600       -4.1
60601       -4.6
60602       -5.0
60603       -3.8
60604       -3.2
60605       -3.8
60606       -4.2
60607       -4.1
60608       -3.9
60609       -3.0
60610       -3.5
60611       -3.4
60612       -2.8
60613       -3.1
60614       -2.4
60615       -2.9
60616       -3.3
60617       -2.8
60618       -3.0
60619       -2.9
60620       -2.4
60621       -2.0
60622       -2.2
60623       -1.9
60624       -2.5
60625       -1.3
60626       -0.8
60627       -0.6
60628       -0.5
60629       -1.1
60630       -0.9
60631       -1.3
60632       -0.6
60633        0.0
60634        0.0
60635       -0.3
60636       -0.2
60637        0.5
60638        0.7
60639        1.0
60640        1.0
60641        0.1
60642        1.1
60643        1.6
60644        1.6
60645        1.7
60646        1.2
60647        0.9
60648        1.3
60649        1.3
60650        2.0
60651        2.1
60652        2.1
60653        2.0
60654        2.0
60655        2.4
60656        2.8
60657        2.8
60658        2.6
60659        2.9
60660        2.9
60661        3.0
60662        3.1
60663        3.4
60664        2.9
60665        2.6
60666        2.9
60667        3.1
60668        3.1
60669        3.2
60670        2.8
60671        3.2
60672        3.3
60673        2.8
60674        2.7
60675        2.5
60676        2.6
60677        2.3
60678        2.3
60679        2.3
60680        2.3
60681        1.7
60682        1.4
60683        1.7
60684        1.5
60685        2.0
60686        1.6
60687        2.0
60688        1.7
60689        1.9
60690        2.0
60691        2.5
60692        2.6
60693        2.4
60694        2.2
60695        1.8
60696        1.8
60697        2.2
60698        1.9
60699        2.0
60700        2.3
60701        2.7
60702        2.5
60703        2.0
60704        2.6
60705        2.8
60706        2.8
60707        2.4
60708        2.2
60709        2.0
60710        2.1
60711        3.3
60712        4.2
60713        4.2
60714        4.1
60715        3.7
60716        3.6
60717        3.4
60718        3.4
60719        3.5
60720        3.3
60721        3.0
60722        2.4
60723        0.9
60724        1.4
60725        1.2
60726        1.2
60727        1.5
60728        1.4
60729        1.5
60730        1.4
60731        1.4
60732        1.1
60733        1.5
60734        0.9
60735        1.1
60736        0.9
60737        1.6
60738        2.0
60739        2.0
60740        1.8
60741        2.1
60742        2.3
60743        1.8
60744        2.0
60745        1.9
60746        1.7
60747        1.9
60748        2.5
60749        2.4
60750        2.1
60751        2.0
60752        2.0
60753        2.5
60754        1.7
60755        1.4
60756        0.9
60757        0.4
60758        0.8
60759        0.8
60760        0.8
60761        0.6
60762       -0.2
60763        1.6
60764        1.5
60765        2.1
60766        2.3
60767        2.3
60768        2.5
60769        2.7
60770        2.4
60771        2.2
60772        2.2
60773        2.5
60774        2.5
60775        2.4
60776        2.5
60777        2.7
60778        2.5
60779        2.2
60780        2.3
60781        2.7
60782        2.3
60783        1.9
60784        1.1
60785        1.2
60786        1.2
60787        1.5
60788        0.9
60789        0.9
60790        1.5
60791        1.9
60792        2.1
60793        1.7
60794        1.8
60795        2.2
60796        1.8
60797        2.0
60798        1.8
60799        1.1
60800        1.3
60801        1.0
60802        1.3
60803        1.1
60804        1.2
60805        1.0
60806        1.0
60807        1.5
60808        1.2
60809        1.3
60810        1.3
60811        1.0
60812        1.0
60813        1.0
60814        1.3
60815        1.2
60816        0.7
60817        0.6
60818        1.3
60819        1.1
60820        1.3
60821        1.6
60822        1.7
60823        1.5
60824        1.2
60825        2.1
60826        2.2
60827        1.3
60828        0.9
60829        0.4
60830        0.2
60831        0.3
60832        0.3
60833        0.0
60834       -0.1
60835        0.5
60836        0.4
60837        0.1
60838        0.5
60839        0.6
60840        0.3
60841        0.2
60842       -0.3
60843       -0.5
60844       -0.2
60845       -0.1
60846        0.1
60847        0.3
60848       -0.0
60849       -0.0
60850       -0.2
60851       -0.1
60852       -0.2
60853        0.1
60854        0.2
60855        0.1
60856       -0.4
60857       -0.7
60858       -0.7
60859       -0.6
60860       -1.0
60861       -1.0
60862       -1.0
60863       -1.3
60864       -1.0
60865       -1.2
60866       -1.2
60867       -0.3
60868        0.0
60869       -0.5
60870       -0.6
60871       -0.9
60872       -0.7
60873       -0.6
60874       -0.4
60875       -0.6
60876       -0.8
60877       -1.2
60878       -1.3
60879       -1.3
60880       -1.2
60881       -1.2
60882       -0.9
60883       -1.2
60884       -1.0
60885       -0.8
60886       -0.6
60887       -0.7
60888       -0.6
60889       -1.2
60890       -1.2
60891       -0.8
60892       -0.9
60893       -1.3
60894       -0.1
60895        0.0
60896       -0.3
60897       -0.2
60898       -0.2
60899       -0.3
60900       -0.4
60901       -0.3
60902       -0.1
60903       -0.6
60904       -0.5
60905       -0.4
60906       -0.1
60907       -0.7
60908       -0.8
60909       -0.8
60910       -0.7
60911       -0.7
60912       -0.9
60913       -0.4
60914       -0.4
60915       -0.1
60916       -0.1
60917       -0.7
60918       -0.5
60919       -0.1
60920       -0.1
60921        0.0
60922        0.3
60923        0.7
60924        0.9
60925        0.8
60926        0.0
60927        0.3
60928        0.4
60929        0.7
60930        0.7
60931        1.0
60932        0.5
60933        0.8
60934        0.7
60935        0.7
60936        0.8
60937        2.0
60938        1.4
60939        1.9
60940        2.1
60941        2.2
60942        2.0
60943        1.7
60944        1.6
60945        2.4
60946        2.5
60947        2.2
60948        2.5
60949        3.1
60950        3.3
60951        3.2
60952        3.3
60953        2.6
60954        2.7
60955        3.1
60956        3.2
60957        3.3
60958        3.6
60959        4.1
60960        4.2
60961        4.5
60962        4.8
60963        4.7
60964        3.9
60965        4.3
60966        3.9
60967        3.7
60968        3.9
60969        3.8
60970        3.1
60971        3.7
60972        2.7
60973        2.7
60974        1.8
60975        2.4
60976        2.8
60977        3.0
60978        3.2
60979        3.1
60980        2.9
60981        3.2
60982        3.5
60983        3.5
60984        3.6
60985        2.9
60986        3.6
60987        3.6
60988        3.2
60989        2.9
60990        3.5
60991        3.4
60992        3.4
60993        2.9
60994        2.7
60995        2.0
60996        2.0
60997        2.2
60998        2.5
60999        2.1
61000        1.9
61001        1.8
61002        1.4
61003        1.6
61004        1.7
61005        1.5
61006        2.0
61007        1.8
61008        2.0
61009        1.8
61010        1.2
61011        1.0
61012        1.3
61013        2.0
61014        2.1
61015        1.5
61016        1.4
61017        1.2
61018        1.4
61019        1.5
61020        1.7
61021        1.5
61022        2.1
61023        2.1
61024        1.5
61025        1.5
61026        1.3
61027        1.4
61028        1.6
61029        0.9
61030        0.4
61031        0.5
61032        0.9
61033        0.4
61034        0.2
61035        0.6
61036        1.1
61037        0.8
61038        0.5
61039        0.6
61040        0.8
61041        1.0
61042        1.0
61043        1.1
61044        0.9
61045        0.8
61046        1.1
61047        1.0
61048        1.4
61049        1.1
61050        1.2
61051        0.6
61052        1.2
61053        1.1
61054        1.5
61055        1.5
61056        0.9
61057        1.3
61058        1.3
61059        1.2
61060        1.6
61061        1.9
61062        2.0
61063        1.8
61064        2.0
61065        2.1
61066        2.2
61067        2.0
61068        2.2
61069        2.4
61070        2.6
61071        2.6
61072        2.8
61073        2.8
61074        2.6
61075        2.8
61076        2.6
61077        2.4
61078        2.3
61079        2.1
61080        1.6
61081        1.2
61082        0.9
61083        0.9
61084        1.0
61085        0.8
61086        0.2
61087        0.4
61088        0.9
61089        0.7
61090        1.0
61091        0.8
61092        0.8
61093        0.8
61094        0.0
61095        0.6
61096        0.7
61097        1.1
61098        1.0
61099        0.6
61100        0.7
61101        0.8
61102        1.0
61103        1.1
61104        1.4
61105        1.4
61106        1.2
61107        1.8
61108        1.2
61109        1.3
61110        1.1
61111        1.0
61112        1.3
61113        0.8
61114        0.7
61115        0.6
61116        0.6
61117        0.6
61118        0.1
61119        1.0
61120        1.0
61121        0.9
61122        0.8
61123        1.1
61124        0.8
61125        0.4
61126        0.7
61127        0.7
61128        0.5
61129        0.4
61130        0.0
61131        0.6
61132        0.9
61133        1.0
61134        1.2
61135        0.3
61136        0.2
61137        0.7
61138        1.6
61139        1.2
61140        0.6
61141        0.3
61142        1.3
61143        1.0
61144        1.0
61145        0.8
61146        1.0
61147        1.5
61148        1.4
61149        1.0
61150        0.9
61151        0.9
61152        1.3
61153        1.1
61154        0.9
61155        1.1
61156        1.0
61157        0.8
61158        1.0
61159        0.8
61160        1.3
61161        1.2
61162        1.0
61163        0.9
61164        0.4
61165        1.6
61166        1.4
61167        0.9
61168        0.8
61169        1.8
61170        1.3
61171        1.5
61172        1.1
61173        1.3
61174        1.4
61175        1.5
61176        1.3
61177        1.3
61178        1.3
61179        1.4
61180        1.2
61181        1.2
61182        1.9
61183        1.9
61184        0.9
61185        0.4
61186        0.3
61187        0.3
61188       -0.3
61189        0.0
61190        0.8
61191        0.6
61192        0.7
61193        1.4
61194        1.6
61195        1.6
61196        1.9
61197        1.9
61198        2.1
61199        1.8
61200        1.9
61201        2.4
61202        2.0
61203        2.0
61204        1.7
61205        1.6
61206        2.0
61207        1.7
61208        1.7
61209        1.9
61210        1.3
61211        1.8
61212        1.7
61213        1.7
61214        2.2
61215        2.0
61216        2.0
61217        1.8
61218        1.9
61219        1.7

# UTC remains available from the monthly Circular T at
# (http://www.bipm.org/en/bipm-services/timescales/time-ftp/Circular-T.html).
