# MJD  [UTCr-UTC(NIS)]/ns
57860      313.6
57861      309.6
57862      308.3
57863      317.2
57864      185.5
57865      202.2
57866      218.0
57867      215.4
57868      227.9
57869      238.9
57870      153.6
57871      170.1
57872      184.6
57873      189.3
57874       17.1
57875       30.8
57876       49.0
57877       51.6
57878       54.3
57879       58.6
57880       56.6
57881       55.9
57882       66.6
57883       74.4
57884       81.5
57885      152.2
57886      150.4
57887      133.7
57888      112.4
57889      120.0
57890      127.0
57891      135.9
57892      144.5
57893      154.5
57894      162.4
57895      169.9
57896      179.7
57897      185.6
57898      171.8
57899      157.0
57900      140.6
57901      124.4
57902      110.9
57903       99.7
57904       85.8
57905       70.1
57906       60.3
57907       44.2
57908       29.3
57909       20.0
57910       15.2
57911       10.9
57912        6.9
57913        3.9
57914       -0.6
57915       -3.9
57916       -3.7
57917       -4.2
57918       -7.9
57919       -8.6
57920       -8.2
57921       -9.7
57922      -12.9
57923      -17.7
57924      -23.1
57925      -23.7
57926      -26.6
57927      -24.6
57928      -24.6
57929      -23.1
57930      -19.8
57931      -14.3
57932      -11.8
57933       -9.6
57934       -3.3
57935       -1.7
57936        1.4
57937       -1.8
57938        0.6
57939        0.2
57940        4.3
57941        5.9
57942        8.2
57943       11.8
57944       12.2
57945       14.1
57946       15.1
57947       17.9
57948       19.2
57949       20.2
57950       22.1
57951       21.7
57952       24.1
57953       25.4
57954       25.6
57955       23.5
57956       23.5
57957       22.4
57958       24.5
57959       26.1
57960       23.7
57961       23.7
57962       21.0
57963       19.4
57964       19.8
57965       18.0
57966       21.6
57967       18.2
57968       17.5
57969       16.4
57970       19.3
57971       17.1
57972       17.8
57973       17.4
57974       18.4
57975       20.5
57976       21.3
57977       20.6
57978       23.7
57979       25.6
57980       26.4
57981       21.1
57982       22.4
57983       25.1
57984       24.1
57985       26.5
57986       29.4
57987       30.2
57988       27.6
57989       24.2
57990       24.3
57991       22.2
57992       16.8
57993       14.0
57994       11.7
57995       11.6
57996        8.9
57997        7.0
57998        8.2
57999        7.9
58000        5.6
58001        7.4
58002        3.9
58003        0.0
58004        2.2
58005       -3.2
58006       -6.2
58007      -13.0
58008      -17.4
58009      -20.2
58010      -22.6
58011      -22.0
58012      -25.4
58013      -28.2
58014      -30.2
58015      -29.8
58016      -35.8
58017      -39.6
58018      -40.4
58019      -48.6
58020      -49.3
58021      -52.6
58022      -53.4
58023      -55.1
58024      -55.3
58025      -51.5
58026      -46.4
58027      -45.6
58028      -46.0
58029      -41.7
58030      -35.4
58031      -29.7
58032      -27.7
58033      -26.7
58034      -22.5
58035      -19.5
58036      -15.7
58037      -12.1
58038       -4.5
58039        4.0
58040       10.7
58041       16.6
58042       19.7
58043       28.0
58044       29.9
58045       28.8
58046       31.7
58047       32.3
58048       33.5
58049       43.2
58050       48.1
58051       51.6
58052       50.9
58053       49.9
58054       49.8
58055       50.1
58056       50.4
58057       50.7
58058       48.3
58059       46.3
58060       44.2
58061       41.9
58062       35.9
58063       30.6
58064       30.2
58065       27.1
58066       18.8
58067       15.3
58068        8.8
58069        6.8
58070        4.8
58071        3.2
58072       -2.9
58073       -5.5
58074          -
58075          -
58076          -
58077       -5.9
58078        4.7
58079       13.5
58080        9.9
58081        8.4
58082        9.3
58083       12.1
58084        7.8
58085        9.8
58086       11.7
58087       11.1
58088       12.2
58089       12.9
58090       13.4
58091       14.5
58092       16.8
58093       12.6
58094       14.8
58095       13.1
58096       11.2
58097       12.2
58098       14.2
58099       13.9
58100       13.0
58101       11.1
58102       10.3
58103       10.1
58104       12.8
58105       15.3
58106       14.9
58107       14.6
58108       19.3
58109       17.9
58110       16.3
58111       14.8
58112       13.9
58113       12.9
58114       13.7
58115        8.9
58116        5.0
58117        2.2
58118        1.2
58119        3.9
58120        3.7
58121        5.5
58122        6.6
58123        4.6
58124        3.1
58125        3.3
58126        2.8
58127        3.5
58128        2.8
58129        2.5
58130        2.1
58131        3.1
58132        4.6
58133        6.4
58134        7.3
58135        6.9
58136        4.3
58137        2.0
58138        2.7
58139       -2.0
58140       -1.7
58141       -4.1
58142       -6.3
58143       -5.1
58144       -2.6
58145       -3.4
58146       -4.1
58147       -5.6
58148       -9.5
58149       -9.0
58150       -8.3
58151       -6.3
58152      -11.7
58153      -10.1
58154       -8.6
58155      -10.0
58156      -11.2
58157      -16.2
58158      -18.5
58159      -17.9
58160      -17.3
58161      -19.2
58162      -21.6
58163      -22.8
58164      -27.5
58165      -28.9
58166      -29.9
58167      -30.1
58168      -27.8
58169      -26.7
58170      -25.8
58171      -21.7
58172      -22.1
58173      -23.2
58174      -22.2
58175      -23.5
58176      -20.1
58177      -15.0
58178      -18.2
58179      -18.8
58180      -19.0
58181      -18.8
58182      -20.7
58183      -19.7
58184      -17.2
58185      -16.0
58186      -17.1
58187      -16.2
58188      -14.1
58189      -11.2
58190      -13.2
58191      -16.9
58192      -13.2
58193      -10.9
58194       -6.9
58195       -1.2
58196       -2.8
58197       -2.2
58198        0.1
58199       -0.6
58200        5.6
58201       21.4
58202       34.7
58203       41.1
58204       42.6
58205       42.6
58206       42.7
58207       40.6
58208       38.8
58209       40.6
58210       40.3
58211       43.6
58212       41.1
58213       37.2
58214       35.0
58215       35.1
58216       30.5
58217       37.8
58218       50.1
58219       62.4
58220       69.3
58221       72.9
58222       69.6
58223       66.3
58224       59.7
58225       54.2
58226       49.1
58227       41.8
58228       33.7
58229       27.2
58230          -
58231          -
58232          -
58233          -
58234          -
58235       13.1
58236       17.3
58237       21.2
58238       23.5
58239       30.8
58240       38.0
58241       41.0
58242       46.9
58243       50.5
58244       53.9
58245       55.4
58246       51.6
58247       50.3
58248       48.8
58249       47.5
58250       45.6
58251       44.7
58252       40.1
58253       38.9
58254       33.9
58255       26.5
58256       24.0
58257       21.7
58258       20.9
58259       15.7
58260       13.6
58261        7.6
58262        4.3
58263        0.0
58264       -5.3
58265      -12.1
58266      -13.7
58267      -16.7
58268      -21.5
58269      -26.6
58270      -27.0
58271      -29.5
58272      -31.0
58273      -32.0
58274      -35.7
58275      -33.0
58276      -29.7
58277      -30.4
58278      -28.3
58279          -
58280      358.8
58281       25.4
58282       12.5
58283       12.3
58284        5.5
58285        2.2
58286       -0.1
58287       -3.3
58288       -7.1
58289      -13.7
58290      -16.6
58291      -19.0
58292      -22.0
58293      -23.4
58294      -24.4
58295      -22.8
58296      -20.0
58297      -17.4
58298      -13.5
58299      -10.8
58300       -9.6
58301       -8.0
58302       -2.4
58303       -2.9
58304       -0.5
58305        3.9
58306        5.5
58307        7.2
58308       25.9
58309       26.9
58310       26.6
58311       27.9
58312       27.9
58313       26.7
58314       28.1
58315       25.0
58316       23.2
58317       21.1
58318       17.3
58319       19.0
58320       15.8
58321       14.3
58322       14.6
58323       14.8
58324       15.1
58325       13.8
58326       11.3
58327        7.4
58328        4.8
58329        3.7
58330        2.4
58331        3.6
58332        0.6
58333       -4.6
58334       -7.7
58335       -6.3
58336       -7.2
58337      -11.4
58338      -11.3
58339      -17.7
58340      -14.8
58341      -11.6
58342       -9.2
58343       -8.4
58344       -6.6
58345       -2.4
58346        0.1
58347        1.4
58348        1.0
58349        0.7
58350       -2.4
58351       -0.6
58352        0.9
58353        1.5
58354        3.5
58355        2.4
58356        1.5
58357        3.7
58358        0.8
58359        2.3
58360        3.7
58361        3.7
58362        3.6
58363        4.7
58364        7.3
58365        5.6
58366        5.8
58367        5.3
58368        7.4
58369        8.0
58370        9.1
58371       10.0
58372       11.4
58373       11.8
58374       14.3
58375       13.3
58376        8.8
58377        6.0
58378        2.9
58379        1.4
58380        3.3
58381        2.4
58382        1.3
58383       -0.7
58384       -2.4
58385       -2.7
58386       -4.9
58387       -6.1
58388       -7.9
58389      -10.0
58390      -10.1
58391      -11.4
58392      -15.2
58393      -19.9
58394      -22.5
58395      -24.7
58396      -23.2
58397      -26.8
58398      -26.8
58399      -22.5
58400      -24.0
58401      -24.7
58402      -26.8
58403      -28.1
58404      -26.7
58405      -26.6
58406      -21.5
58407      -21.9
58408      -19.7
58409      -17.4
58410      -15.5
58411      -13.1
58412      -10.6
58413      -11.9
58414       -8.8
58415          -
58416       -9.3
58417          -
58418          -
58419          -
58420          -
58421          -
58422          -
58423          -
58424          -
58425          -
58426          -
58427          -
58428          -
58429     -829.3
58430     -832.4
58431     -881.6
58432     -919.3
58433     -954.2
58434     -960.3
58435     -956.5
58436     -936.1
58437      177.5
58438      179.2
58439      182.5
58440      184.7
58441      186.0
58442      185.9
58443      186.4
58444      189.3
58445      187.4
58446      179.4
58447      173.2
58448      165.7
58449      159.1
58450      153.6
58451      144.0
58452      126.9
58453      112.8
58454       97.4
58455       83.6
58456       71.8
58457       55.2
58458       43.0
58459       26.5
58460       12.6
58461       -0.5
58462      -10.0
58463      -13.6
58464      -16.1
58465      -21.5
58466      -23.4
58467      -25.5
58468      -29.3
58469      -30.4
58470      -36.0
58471      -30.8
58472      -22.3
58473      -18.0
58474      -11.3
58475       -4.6
58476        0.5
58477        4.5
58478       10.0
58479       14.2
58480       16.0
58481       21.8
58482       26.0
58483       29.4
58484       32.1
58485       39.1
58486       46.1
58487       46.2
58488       44.8
58489       44.5
58490       43.0
58491       40.1
58492       36.5
58493       34.6
58494       34.0
58495       31.1
58496       28.7
58497       29.2
58498       32.1
58499       32.7
58500       30.4
58501       30.7
58502       30.9
58503       28.5
58504       23.6
58505       26.0
58506       25.4
58507       25.0
58508       24.3
58509       26.8
58510       27.9
58511       26.2
58512       25.5
58513       26.8
58514       26.8
58515       26.1
58516          -
58517          -
58518          -
58519          -
58520       16.7
58521       15.3
58522       14.6
58523       11.6
58524       10.4
58525        7.0
58526        7.6
58527        8.8
58528        6.3
58529        6.7
58530        4.3
58531        0.5
58532        2.0
58533       -0.5
58534       -2.3
58535        0.1
58536       -0.5
58537       -0.5
58538        1.1
58539       -0.6
58540       -0.6
58541       -2.4
58542       -6.3
58543       -6.5
58544       -1.8
58545       -2.7
58546       -4.4
58547       -6.4
58548      -10.4
58549      -11.6
58550      -15.2
58551      -14.2
58552      -15.7
58553      -17.6
58554      -21.1
58555      -22.9
58556      -24.6
58557      -27.5
58558      -27.0
58559      -28.1
58560      -27.2
58561      -28.4
58562      -27.1
58563      -25.0
58564      -19.2
58565      -15.1
58566      -13.5
58567      -12.2
58568       -7.5
58569       -3.6
58570        3.5
58571        6.5
58572        7.0
58573        8.5
58574       11.3
58575       10.3
58576       13.8
58577       14.3
58578       17.3
58579       20.5
58580       24.8
58581       30.6
58582       33.2
58583       33.0
58584       33.9
58585       36.6
58586       38.4
58587       40.5
58588       39.7
58589       36.4
58590       36.9
58591       36.9
58592       34.6
58593       33.6
58594       33.8
58595       35.8
58596       32.4
58597       31.2
58598       29.6
58599       30.0
58600       28.1
58601       29.9
58602       30.9
58603       26.9
58604       26.2
58605       23.8
58606       23.1
58607       21.7
58608       18.4
58609       14.0
58610       10.1
58611        9.6
58612        6.8
58613        5.7
58614        5.3
58615        2.2
58616        2.0
58617        0.3
58618       -0.6
58619       -1.7
58620       -6.4
58621       -6.3
58622       -9.6
58623      -12.2
58624      -10.8
58625      -13.6
58626      -15.5
58627      -14.7
58628      -18.5
58629      -19.1
58630      -18.2
58631      -20.6
58632      -20.9
58633      -19.0
58634      -20.6
58635      -21.4
58636      -23.3
58637      -26.1
58638      -27.6
58639      -31.2
58640      -30.1
58641      -31.9
58642      -33.4
58643      -36.7
58644      -37.7
58645      -34.2
58646      -33.6
58647      -33.2
58648      -33.2
58649      -34.9
58650      -36.6
58651      -32.8
58652      -28.0
58653      -24.0
58654      -24.5
58655      -24.5
58656      -23.9
58657      -24.0
58658      -23.5
58659      -24.1
58660      -25.8
58661      -25.5
58662      -23.4
58663      -22.1
58664      -20.6
58665      -21.0
58666      -19.6
58667      -17.9
58668      -17.0
58669      -13.3
58670      -13.4
58671      -11.7
58672      -10.2
58673       -8.0
58674       -5.7
58675       -4.6
58676       -3.2
58677       -4.0
58678       -6.7
58679      -10.3
58680       -8.2
58681       -8.0
58682       -7.1
58683       -6.8
58684       -8.9
58685      -11.1
58686      -10.8
58687      -10.6
58688       -9.9
58689      -13.7
58690      -15.6
58691      -16.7
58692      -14.1
58693      -14.5
58694      -16.6
58695      -20.3
58696      -21.5
58697      -21.9
58698      -21.2
58699      -18.8
58700      -17.7
58701      -19.7
58702      -18.6
58703      -18.8
58704      -14.6
58705      -12.9
58706      -11.7
58707      -11.6
58708      -11.2
58709      -10.3
58710       -9.9
58711       -8.1
58712       -6.5
58713       -6.1
58714       -6.6
58715       -4.0
58716       -1.3
58717        1.1
58718        2.9
58719          -
58720          -
58721        6.0
58722       10.7
58723       12.0
58724       13.7
58725       17.2
58726       18.0
58727       21.5
58728       22.3
58729       23.3
58730       22.9
58731       23.7
58732       28.8
58733       28.8
58734       30.3
58735       33.5
58736       31.8
58737       32.8
58738       32.8
58739       32.3
58740       29.5
58741       28.0
58742       31.0
58743       31.7
58744       29.5
58745       30.2
58746       32.3
58747       33.6
58748       33.1
58749       34.8
58750       34.2
58751       35.6
58752       32.2
58753       35.1
58754       34.8
58755       35.0
58756       30.8
58757       33.2
58758       30.1
58759       26.7
58760       30.6
58761       29.0
58762       28.3
58763       29.6
58764       26.4
58765       22.2
58766       21.3
58767       19.3
58768       15.9
58769       16.4
58770       11.7
58771       10.9
58772       10.1
58773        9.1
58774        4.7
58775        4.5
58776        2.6
58777        2.5
58778       -0.5
58779       -1.9
58780       -2.9
58781       -1.1
58782       -1.9
58783       -1.2
58784       -5.6
58785       -7.4
58786       -7.9
58787       -8.2
58788      -10.2
58789      -11.6
58790      -10.3
58791      -10.8
58792      -10.4
58793      -11.6
58794      -12.6
58795      -13.6
58796      -15.8
58797      -15.8
58798      -18.5
58799      -20.9
58800       -9.1
58801       -8.8
58802       -9.3
58803       -9.7
58804      -11.5
58805      -11.1
58806       -8.8
58807       -9.6
58808       -6.1
58809       -6.4
58810       -6.4
58811       -6.9
58812       -6.8
58813      -10.7
58814      -10.8
58815       -9.9
58816      -10.3
58817       -9.2
58818      -13.2
58819      -10.6
58820       -9.5
58821      -13.1
58822      -12.1
58823      -14.5
58824      -18.6
58825      -17.6
58826      -18.3
58827      -22.9
58828      -23.6
58829      -23.6
58830      -24.0
58831      -20.5
58832      -20.5
58833      -23.4
58834      -21.4
58835      -23.3
58836      -26.2
58837      -23.9
58838      -25.6
58839      -27.7
58840      -27.1
58841      -27.5
58842      -25.9
58843      -26.2
58844      -25.3
58845      -20.4
58846      -20.0
58847      -18.2
58848      -18.5
58849      -17.3
58850      -18.6
58851      -16.0
58852      -15.9
58853      -16.1
58854      -14.3
58855      -11.5
58856      -11.0
58857      -11.3
58858      -10.2
58859      -12.9
58860      -14.3
58861      -13.5
58862      -12.8
58863      -11.7
58864      -12.7
58865      -15.8
58866      -13.8
58867      -14.3
58868      -13.7
58869      -12.5
58870      -12.3
58871      -14.0
58872      -12.7
58873      -10.3
58874       -5.8
58875       -4.6
58876       -6.2
58877       -7.3
58878       -6.6
58879       -7.3
58880       -8.4
58881      -13.2
58882        4.8
58883        3.9
58884        3.6
58885        2.8
58886        2.9
58887        4.8
58888        6.2
58889        4.2
58890        4.7
58891        6.9
58892       11.2
58893       12.4
58894       11.9
58895       12.6
58896       12.8
58897       12.5
58898        9.2
58899       10.4
58900       10.6
58901        9.3
58902        9.3
58903        7.3
58904        6.2
58905        9.6
58906       10.3
58907        9.4
58908        9.0
58909        6.9
58910        6.8
58911        8.5
58912        9.5
58913        9.9
58914        6.6
58915        6.6
58916        6.5
58917        6.7
58918        3.6
58919        6.2
58920        4.6
58921        6.3
58922        6.2
58923        5.2
58924        3.2
58925        2.4
58926        4.0
58927        2.7
58928        2.9
58929        2.3
58930        2.2
58931        3.6
58932        6.7
58933        6.8
58934        6.9
58935        7.0
58936        7.9
58937        6.1
58938        5.7
58939        6.0
58940        6.5
58941        7.7
58942       10.4
58943       12.7
58944       14.2
58945       14.7
58946       14.9
58947       16.4
58948       16.8
58949       13.6
58950       11.9
58951        9.0
58952       10.7
58953       10.8
58954        9.6
58955        8.5
58956        8.9
58957       11.4
58958        8.5
58959        9.8
58960        7.3
58961        7.7
58962        9.3
58963       10.3
58964        9.2
58965       11.6
58966       13.2
58967       15.4
58968       15.1
58969       16.1
58970       16.2
58971       16.0
58972       17.6
58973       18.5
58974       19.8
58975       20.0
58976       21.1
58977       24.1
58978       24.4
58979       23.6
58980       24.6
58981       25.9
58982       25.9
58983       25.0
58984       27.3
58985       27.0
58986       27.3
58987       25.5
58988       29.6
58989       32.5
58990       34.9
58991       36.7
58992       39.0
58993       42.7
58994       44.9
58995       44.4
58996       39.6
58997       40.8
58998       44.1
58999       44.3
59000       46.1
59001       48.6
59002       48.7
59003       52.1
59004       51.1
59005       53.7
59006       52.1
59007       49.1
59008       48.3
59009       47.1
59010       45.2
59011       44.0
59012       45.2
59013       43.9
59014       45.0
59015       46.1
59016       45.0
59017       44.2
59018       40.6
59019       42.4
59020       42.6
59021       40.2
59022       41.2
59023       40.4
59024       39.7
59025       39.5
59026       36.3
59027       35.6
59028       35.6
59029       32.9
59030       34.9
59031       33.9
59032       33.6
59033       32.8
59034       33.6
59035       34.9
59036       34.7
59037       33.0
59038       34.0
59039       31.7
59040       31.7
59041       27.8
59042       28.2
59043       24.9
59044       22.5
59045       17.9
59046       17.9
59047       12.3
59048        9.5
59049        8.1
59050        7.8
59051        7.1
59052        6.2
59053        4.6
59054        4.3
59055        5.0
59056        1.4
59057       -1.7
59058       -4.0
59059       -6.7
59060       -8.4
59061      -10.0
59062      -12.1
59063      -12.5
59064      -15.7
59065      -16.1
59066      -20.1
59067      -20.5
59068      -21.1
59069      -21.7
59070      -24.1
59071      -24.9
59072      -26.2
59073      -21.7
59074      -20.0
59075      -19.9
59076      -15.6
59077      -14.8
59078      -13.5
59079       -9.6
59080       -4.7
59081       -3.4
59082       -3.6
59083       -3.5
59084       -0.1
59085        2.2
59086        0.9
59087        0.8
59088        2.4
59089        5.0
59090        3.2
59091        3.8
59092        9.2
59093        8.0
59094        4.6
59095          -
59096          -
59097          -
59098          -
59099          -
59100          -
59101          -
59102      100.5
59103      102.9
59104      104.9
59105      110.7
59106      112.7
59107      113.2
59108      106.0
59109      100.9
59110       97.6
59111       94.0
59112       88.9
59113       85.2
59114       79.4
59115       77.0
59116       73.2
59117       65.4
59118       61.8
59119       55.6
59120       51.6
59121       46.5
59122       40.6
59123       38.6
59124       35.2
59125       32.5
59126       27.9
59127       24.4
59128       18.2
59129       17.6
59130       17.4
59131       14.9
59132       15.6
59133       16.3
59134       14.1
59135       14.5
59136       14.4
59137       14.4
59138       10.9
59139       10.6
59140        7.8
59141        6.3
59142        7.0
59143        5.6
59144        7.3
59145        4.6
59146        4.7
59147        4.7
59148        4.7
59149        4.4
59150        3.3
59151        5.4
59152        4.4
59153        5.0
59154        4.8
59155        5.7
59156        5.1
59157        2.6
59158        1.0
59159       -0.3
59160        0.6
59161       -3.0
59162       -5.3
59163       -8.1
59164       -8.0
59165       -9.6
59166      -12.2
59167      -11.8
59168      -15.4
59169      -14.2
59170      -13.6
59171      -12.1
59172      -15.6
59173      -15.5
59174      -17.0
59175      -16.8
59176      -19.7
59177      -21.4
59178      -23.5
59179      -22.3
59180      -24.5
59181      -22.6
59182      -25.7
59183          -
59184      -22.7
59185      -22.1
59186      -23.2
59187      -24.6
59188      -26.3
59189      -23.8
59190      -27.4
59191      -26.7
59192      -29.6
59193      -27.9
59194      -30.6
59195      -29.5
59196      -28.2
59197      -30.9
59198      -34.3
59199      -40.9
59200      -39.8
59201      -40.7
59202      -43.5
59203      -43.4
59204      -43.2
59205      -44.5
59206      -42.8
59207      -43.6
59208      -44.5
59209      -46.6
59210      -47.0
59211      -47.1
59212      -48.2
59213      -46.2
59214      -45.5
59215      -44.4
59216      -45.4
59217      -45.5
59218      -46.0
59219      -43.4
59220      -41.7
59221      -40.2
59222      -37.6
59223      -36.9
59224          -
59225      -38.0
59226      -36.2
59227      -39.4
59228      -43.6
59229          -
59230          -
59231          -
59239          -
59240          -
59241          -
59242          -
59243          -
59244          -
59245          -
59246          -
59247          -
59248          -
59249          -
59250          -
59251          -
59252          -
59316          -
59317        2.5
59318        3.2
59319        3.7
59320        3.7
59321        1.3
59322        2.3
59323        3.7
59324        3.9
59325        4.0
59326        6.0
59327        5.4
59328        5.2
59329        5.0
59330        3.4
59331        3.4
59332        4.3
59333        1.4
59334        1.2
59335        4.1
59336        3.6
59337      -11.5
59338       -9.3
59339       -9.0
59340       -6.1
59341       -7.7
59342       -8.3
59343       -7.6
59344       -6.9
59345       -5.0
59346       -9.0
59347       -9.1
59348       -7.8
59349       -8.3
59350      -10.9
59351      -14.8
59352      -15.7
59353      -12.6
59354      -14.9
59355      -13.1
59356      -13.9
59357      -17.1
59358      -15.8
59359      -17.4
59360      -20.7
59361      -17.8
59362      -19.0
59363      -19.4
59364          -
59365       -1.1
59366        1.1
59367       -0.0
59368       -1.1
59369        0.4
59370        0.1
59371        1.7
59372        4.6
59373        4.5
59374        3.1
59375        6.1
59376        5.9
59377        7.0
59378        9.6
59379       12.1
59380       11.8
59381       10.3
59382       47.0
59383       49.9
59384       54.4
59385       59.6
59386       59.5
59387       60.6
59388       64.9
59389       66.4
59390       70.2
59391       72.6
59392       76.1
59393       79.4
59394       79.0
59395       76.4
59396       77.4
59397       73.5
59398       73.3
59399       71.0
59400       69.1
59401       67.3
59402       64.9
59403       65.7
59404       65.0
59405       66.0
59406       65.4
59407       66.7
59408       68.2
59409       63.0
59410       63.5
59411       58.0
59412       54.5
59413       54.9
59414       54.3
59415       55.0
59416       52.7
59417       50.7
59418       50.3
59419       51.6
59420       50.7
59421       50.6
59422       50.3
59423       46.6
59424       45.5
59425       43.8
59426       42.8
59427       40.9
59428       39.6
59429       36.2
59430       32.2
59431       28.8
59432       27.2
59433       23.7
59434       20.1
59435          -
59436       72.1
59437       75.1
59438       78.8
59439       79.8
59440       81.9
59441       83.4
59442       85.9
59443       89.3
59444       92.3
59445       94.8
59446       95.5
59447       93.8
59448       96.1
59449       94.2
59450       93.7
59451       93.1
59452       95.9
59453       98.9
59454      100.1
59455      104.0
59456      108.0
59457      108.7
59458      108.4
59459      109.2
59460      109.5
59461      109.6
59462      111.2
59463      111.2
59464      108.8
59465      108.4
59466      107.3
59467      106.5
59468      106.0
59469      108.1
59470      107.6
59471      108.9
59472      108.7
59473      107.5
59474          -
59475          -
59476          -
59477      102.5
59478      104.2
59479      104.4
59480      104.9
59481      103.1
59482      105.1
59483      106.7
59484      104.5
59485      104.7
59486      100.2
59487      100.9
59488       97.4
59489       97.1
59490       94.9
59491       93.7
59492       95.4
59493       92.2
59494       91.6
59495       88.6
59496       85.0
59497       82.3
59498       80.7
59499       81.6
59500       78.0
59501       75.7
59502       72.2
59503       70.1
59504       68.8
59505       68.2
59506       68.1
59507       66.9
59508       68.8
59509       65.1
59510       67.5
59511       66.2
59512          -
59513      344.1
59514      347.3
59515      352.0
59516      356.4
59517      360.2
59518      363.0
59519      368.0
59520      369.8
59521      370.4
59522      367.6
59523      360.2
59524      355.0
59525      348.2
59526      341.6
59527      334.4
59528      328.8
59529      323.1
59530      319.9
59531      315.0
59532      309.8
59533      300.0
59534      294.1
59535      270.2
59536      229.9
59537      188.7
59538      149.2
59539      106.3
59540       92.3
59541       90.1
59542       88.3
59543       83.2
59544       81.3
59545       79.1
59546       75.2
59547       73.6
59548       72.3
59549       70.7
59550       67.4
59551       65.7
59552       64.6
59553       61.6
59554       59.9
59555       57.3
59556       55.7
59557       55.4
59558       51.2
59559       48.5
59560       47.0
59561       44.9
59562       41.4
59563       40.8
59564       37.3
59565       34.3
59566       33.3
59567       30.0
59568       29.4
59569       28.2
59570       26.3
59571       25.6
59572       26.6
59573       26.7
59574       26.4
59575       25.9
59576       23.4
59577       23.5
59578       21.5
59579       19.6
59580       20.4
59581       18.3
59582       17.7
59583       18.0
59584       18.1
59585       17.2
59586       13.9
59587       13.9
59588       13.0
59589       10.4
59590        7.2
59591        7.0
59592        6.9
59593        4.6
59594        2.4
59595       -1.5
59596       -4.8
59597       -6.5
59598       -5.5
59599       -4.4
59600       -5.4
59601       -5.2
59602       -5.3
59603       -8.1
59604       -9.7
59605      -12.5
59606      -15.1
59607      -17.2
59608      -19.3
59609      -18.9
59610      -21.0
59611      -25.2
59612      -26.3
59613      -26.9
59614      -28.6
59615      -31.4
59616      -31.0
59617      -30.8
59618      -31.5
59619      -33.1
59620      -35.1
59621      -35.8
59622      -38.2
59623      -40.7
59624      -45.0
59625      -43.9
59626      -48.4
59627      -49.9
59628      -49.9
59629      -52.0
59630      -55.5
59631      -56.0
59632      -59.7
59633      -59.6
59634      -58.1
59635      -61.4
59636      -60.4
59637      -59.8
59638      -62.1
59639      -62.7
59640      -66.6
59641      -69.5
59642      -65.7
59643      -64.7
59644      -63.5
59645      -62.7
59646      -60.0
59647      -57.7
59648      -57.1
59649      -54.0
59650      -52.1
59651      -52.4
59652      -50.6
59653      -51.3
59654      -52.8
59655      -52.0
59656      -53.9
59657      -52.4
59658      -51.8
59659      -53.0
59660      -49.4
59661      -48.5
59662      -47.9
59663      -47.8
59664      -45.0
59665      -47.9
59666      -50.7
59667      -49.9
59668      -46.4
59669      -44.6
59670      -43.4
59671      -42.1
59672      -41.0
59673      -62.9
59674      -59.8
59675      -59.3
59676      -58.3
59677      -58.3
59678      -57.6
59679      -56.1
59680      -56.9
59681      -56.2
59682      -54.6
59683      -53.4
59684      -52.3
59685      -53.2
59686      -52.6
59687      -49.9
59688      -50.1
59689      -48.0
59690      -46.1
59691      -47.1
59692      -44.8
59693      -43.7
59694      -42.3
59695      -42.9
59696      -43.0
59697      -39.6
59698      -40.7
59699      -41.9
59700      -41.9
59701      -40.9
59702      -38.0
59703      -37.1
59704      -34.6
59705      -35.0
59706      -33.9
59707      -31.7
59708      -33.3
59709      -31.3
59710      -30.1
59711      -31.6
59712      -30.0
59713      -30.1
59714      -27.1
59715      -25.5
59716      -23.0
59717      -23.2
59718      -24.4
59719      -24.7
59720      -25.2
59721      -23.8
59722      -21.9
59723      -20.5
59724      -17.5
59725      -15.9
59726      -14.8
59727      -13.8
59728      -12.1
59729      -12.0
59730      -12.6
59731      -11.1
59732       -8.0
59733       -4.0
59734        0.7
59735        4.5
59736        3.8
59737        5.6
59738        6.0
59739        7.8
59740        7.4
59741       12.1
59742       12.3
59743       13.9
59744       13.6
59745       15.0
59746       17.9
59747       19.4
59748       21.6
59749       22.5
59750       21.1
59751       20.5
59752       21.3
59753       24.6
59754       25.0
59755       25.8
59756       26.5
59757       27.9
59758       28.0
59759       27.8
59760       27.3
59761       25.8
59762       28.4
59763          -
59764          -
59765       22.2
59766       22.5
59767       20.6
59768       21.9
59769       21.3
59770       18.7
59771       19.7
59772       22.3
59773       20.2
59774       18.8
59775       17.3
59776       13.9
59777       12.5
59778       10.8
59779        7.4
59780        5.4
59781        2.6
59782       -1.1
59783       -1.8
59784       -4.9
59785       -8.1
59786       -9.4
59787      -11.5
59788      -13.4
59789      -17.8
59790      -20.1
59791      -22.8
59792      -23.3
59793      -28.6
59794      -29.3
59795      -31.8
59796      -34.4
59797      -35.3
59798      -37.6
59799      -38.2
59800      -43.3
59801      -44.4
59802      -45.6
59803      -46.9
59804      -49.4
59805      -51.9
59806      -50.7
59807      -50.0
59808      -54.0
59809      -55.4
59810      -53.4
59811      -52.3
59812      -53.1
59813      -50.8
59814      -51.8
59815      -44.9
59816      -40.8
59817      -40.0
59818      -42.2
59819      -41.2
59820      -42.0
59821      -40.9
59822      -41.2
59823      -38.0
59824      -36.2
59825      -36.7
59826      -32.8
59827      -31.4
59828      -30.0
59829      -30.3
59830      -28.0
59831      -27.0
59832      -26.0
59833      -26.9
59834      -26.8
59835      -27.6
59836      -26.7
59837      -26.9
59838      -25.2
59839      -25.4
59840      -22.7
59841      -20.8
59842      -18.1
59843      -16.2
59844      -14.7
59845       -8.6
59846       -8.0
59847       -4.7
59848       -1.1
59849        4.8
59850        3.1
59851        5.5
59852        7.4
59853        9.3
59854        9.3
59855       10.2
59856       11.0
59857       -0.6
59858        1.6
59859        2.4
59860        2.7
59861        3.5
59862        3.6
59863        4.7
59864        9.9
59865       44.2
59866       45.3
59867       45.1
59868       45.0
59869       46.5
59870       47.8
59871       46.5
59872       46.5
59873       48.6
59874       50.8
59875       51.8
59876       54.1
59877       54.6
59878       56.8
59879       62.5
59880       63.4
59881       64.1
59882       65.0
59883       68.1
59884       69.5
59885       70.3
59886       71.8
59887       73.1
59888       72.1
59889       71.5
59890       74.6
59891       74.1
59892       75.2
59893       74.0
59894       75.7
59895       75.3
59896       76.6
59897       73.7
59898       71.9
59899       68.9
59900       68.3
59901       66.3
59902       60.7
59903       57.3
59904       57.7
59905       55.5
59906       54.9
59907       52.2
59908       51.5
59909       50.5
59910       48.2
59911       46.2
59912       47.5
59913       44.8
59914       39.5
59915       37.1
59916       32.3
59917       28.9
59918       29.6
59919       29.5
59920       26.0
59921       24.1
59922       22.6
59923       23.2
59924       22.5
59925       22.1
59926       19.5
59927       16.6
59928       15.8
59929       12.7
59930       10.6
59931        8.8
59932        6.0
59933        4.7
59934        1.1
59935        0.6
59936       -1.4
59937       -2.7
59938       -7.3
59939       -7.1
59940       -6.8
59941       -8.0
59942      -10.7
59943      -13.1
59944      -13.3
59945      -13.6
59946      -14.1
59947      -12.9
59948      -14.1
59949      -16.1
59950      -17.3
59951      -15.1
59952      -18.5
59953      -18.8
59954      -17.8
59955      -15.9
59956      -16.2
59957      -18.3
59958      -18.9
59959      -18.6
59960      -19.8
59961      -15.3
59962      -13.2
59963      -12.2
59964      -13.0
59965      -13.7
59966       -9.3
59967       -8.7
59968       -8.4
59969       -8.3
59970       -7.4
59971       -7.1
59972       -4.3
59973       -3.1
59974       -3.9
59975       -1.8
59976       -1.5
59977        0.2
59978        2.3
59979        3.4
59980        5.9
59981        5.6
59982        4.8
59983        7.2
59984        9.8
59985       12.6
59986       15.4
59987       16.0
59988       15.8
59989       16.8
59990       18.3
59991       19.0
59992       17.9
59993       18.9
59994       21.8
59995       25.5
59996       28.4
59997       29.8
59998       33.4
59999       32.6
60000       32.8
60001       34.6
60002       35.0
60003       35.2
60004       35.4
60005       36.7
60006       40.6
60007       44.4
60008       48.8
60009       53.3
60010       57.1
60011       58.2
60012       58.4
60013       58.8
60014       59.3
60015       59.3
60016       58.9
60017       61.8
60018       65.2
60019       65.2
60020       66.0
60021       68.4
60022       70.6
60023       73.5
60024       72.7
60025       74.7
60026       74.8
60027       74.2
60028       71.5
60029       74.2
60030       75.7
60031       74.6
60032       74.0
60033       74.6
60034       75.5
60035       77.1
60036       78.6
60037       79.3
60038       81.6
60039       83.5
60040       79.0
60041       78.2
60042       77.3
60043       78.8
60044       79.2
60045       76.7
60046       76.2
60047       73.4
60048       70.4
60049       68.8
60050       65.1
60051       64.6
60052       63.8
60053       61.9
60054       60.4
60055       58.9
60056       57.7
60057       54.4
60058       50.7
60059       47.9
60060       39.6
60061       40.3
60062       40.3
60063       39.4
60064       37.5
60065       35.2
60066       33.1
60067       29.4
60068       26.8
60069       21.8
60070       18.3
60071       14.0
60072       12.0
60073       12.6
60074       11.1
60075        7.7
60076        7.0
60077        6.5
60078        6.0
60079        4.8
60080        0.7
60081       -0.1
60082       -5.2
60083       -9.2
60084       -8.8
60085      -11.4
60086      -14.6
60087      -15.3
60088      -19.2
60089      -18.3
60090      -20.7
60091      -23.1
60092      -23.7
60093      -25.2
60094      -23.3
60095      -22.7
60096      -23.5
60097      -21.5
60098      -22.8
60099      -26.7
60100      -26.7
60101      -28.9
60102      -28.3
60103      -25.1
60104      -21.9
60105      -21.5
60106      -21.7
60107      -22.7
60108      -17.6
60109      -16.7
60110      -17.6
60111      -14.1
60112      -12.4
60113      -10.8
60114       -8.9
60115       -8.9
60116       -9.4
60117       -6.4
60118       -4.2
60119       -5.6
60120       -5.1
60121       -4.0
60122       -7.2
60123      -10.1
60124      -11.0
60125      -10.4
60126       -6.4
60127       -4.5
60128       -3.5
60129       -1.8
60130       -5.7
60131       -7.0
60132       -6.1
60133       -6.6
60134       -7.0
60135       -4.3
60136       -3.3
60137       -3.3
60138       -3.9
60139       -2.4
60140       -2.0
60141       -1.3
60142       -1.8
60143        0.3
60144        2.2
60145        2.1
60146        0.5
60147        1.9
60148        3.4
60149        1.6
60150        0.7
60151        3.1
60152        8.7
60153        7.4
60154        8.7
60155        9.7
60156        7.8
60157        7.5
60158        4.4
60159        5.3
60160        5.7
60161        6.8
60162        8.2
60163        9.9
60164        8.6
60165       10.5
60166       11.6
60167       13.2
60168       13.7
60169       12.1
60170       14.8
60171       17.2
60172       18.2
60173       22.8
60174       25.1
60175       23.0
60176       23.4
60177       23.0
60178       24.9
60179       25.8
60180       27.1
60181       28.1
60182       29.3
60183       28.9
60184       28.1
60185       27.3
60186       26.2
60187       27.0
60188       28.6
60189       33.8
60190       31.8
60191       28.1
60192       28.2
60193       29.0
60194       32.0
60195       32.7
60196       34.5
60197       34.9
60198       36.8
60199       36.6
60200       37.8
60201       38.3
60202       37.4
60203       40.2
60204       41.4
60205       43.0
60206       43.3
60207       43.4
60208       44.3
60209       44.7
60210       45.2
60211       44.2
60212       43.6
60213       45.1
60214       44.4
60215       41.6
60216       39.6
60217       38.6
60218       37.1
60219       35.9
60220       35.4
60221       34.6
60222       34.0
60223       38.0
60224       35.6
60225       35.2
60226       38.3
60227       40.3
60228       38.2
60229       39.6
60230       40.4
60231       40.1
60232       38.2
60233       35.4
60234       34.1
60235       33.3
60236       32.0
60237       26.9
60238       24.7
60239       24.9
60240       23.0
60241       22.6
60242       23.3
60243       21.9
60244       24.4
60245       25.4
60246       25.1
60247       26.0
60248       25.5
60249       21.8
60250       21.5
60251       22.0
60252       22.8
60253       22.7
60254       22.3
60255       22.7
60256       21.6
60257       21.2
60258       18.8
60259       19.0
60260       15.8
60261       10.8
60262        9.8
60263       10.0
60264        6.4
60265        3.9
60266        4.1
60267        5.9
60268        4.9
60269        1.9
60270        3.1
60271        5.2
60272        5.1
60273        4.9
60274        4.2
60275        3.6
60276        1.9
60277        1.4
60278        2.5
60279        1.2
60280        0.6
60281        3.4
60282        0.1
60283       -1.2
60284       -0.6
60285       -1.2
60286        0.4
60287        2.0
60288        2.1
60289        2.6
60290        0.7
60291        3.7
60292        3.0
60293       -0.5
60294       -3.6
60295       -1.9
60296       -3.1
60297       -1.6
60298       -0.5
60299       -0.7
60300        1.2
60301        0.2
60302       -0.8
60303       -2.4
60304        0.6
60305        2.6
60306        1.3
60307        3.5
60308        4.5
60309        6.9
60310       10.3
60311       13.8
60312       13.6
60313       14.7
60314       18.1
60315       23.4
60316       26.8
60317       29.1
60318       27.8
60319       29.5
60320       32.2
60321       34.5
60322       37.3
60323       38.6
60324       44.7
60325       46.7
60326       46.6
60327       46.9
60328       47.2
60329       51.0
60330       50.4
60331       53.7
60332       54.4
60333       57.8
60334       58.6
60335       57.4
60336       59.3
60337       63.0
60338       60.1
60339       62.8
60340       66.6
60341       65.7
60342       65.9
60343       67.4
60344       68.2
60345       68.9
60346       66.9
60347       64.9
60348       68.1
60349       66.4
60350       67.0
60351       67.4
60352       65.5
60353       65.3
60354       66.8
60355       67.0
60356       64.1
60357       64.2
60358       66.3
60359       66.3
60360       68.6
60361       72.4
60362       73.3
60363       78.8
60364       81.2
60365       82.3
60366       85.8
60367       86.3
60368       87.0
60369       84.6
60370       83.7
60371       81.6
60372       78.8
60373       76.1
60374       76.0
60375       77.8
60376       75.7
60377       73.3
60378       71.8
60379       69.5
60380       71.0
60381       69.2
60382       69.3
60383       67.8
60384       67.9
60385       65.8
60386       64.5
60387       64.4
60388       64.8
60389       67.2
60390       68.6
60391       69.1
60392       68.8
60393       68.9
60394       68.5
60395       66.8
60396       64.9
60397       66.4
60398       66.8
60399       67.5
60400       67.3
60401       64.5
60402       63.2
60403       63.0
60404       65.2
60405       67.0
60406       70.7
60407       69.2
60408       67.2
60409       66.2
60410       66.9
60411       68.8
60412       71.4
60413       73.8
60414       72.0
60415       73.2
60416       72.1
60417       70.6
60418       66.1
60419       65.2
60420       64.1
60421       66.8
60422       68.9
60423       67.8
60424       68.8
60425       69.4
60426       68.0
60427       66.1
60428       68.0
60429       67.3
60430       65.5
60431       69.5
60432       68.9
60433       69.2
60434       70.1
60435       75.7
60436       78.8
60437       78.9
60438       82.0
60439       83.1
60440       82.0
60441       82.9
60442       86.5
60443       89.4
60444       90.0
60445       95.4
60446       95.7
60447       98.3
60448      101.2
60449      106.7
60450      111.0
60451      117.4
60452      121.3
60453      122.9
60454      126.7
60455      132.0
60456      130.9
60457      136.6
60458      138.3
60459      139.8
60460      136.8
60461      136.9
60462      134.1
60463      132.6
60464      129.3
60465      126.3
60466      126.2
60467      127.8
60468      125.4
60469      122.1
60470      121.6
60471      120.9
60472      121.5
60473      119.1
60474      114.0
60475      106.5
60476       99.6
60477       97.1
60478       93.3
60479       87.3
60480       83.5
60481       81.0
60482       74.5
60483       68.4
60484       61.5
60485       54.6
60486       48.9
60487       43.1
60488       38.4
60489       34.7
60490       29.1
60491       27.3
60492       24.6
60493       25.4
60494       30.6
60495       33.6
60496       39.4
60497       46.2
60498       51.7
60499       57.7
60500       60.3
60501       58.1
60502       57.9
60503       58.6
60504       58.3
60505       57.0
60506       56.0
60507       54.6
60508       53.5
60509       54.4
60510       55.2
60511       56.5
60512       55.1
60513       53.0
60514       54.7
60515       57.6
60516       62.8
60517       63.2
60518       71.0
60519       77.6
60520       81.7
60521       82.3
60522       78.1
60523       76.1
60524       73.1
60525       70.5
60526       69.4
60527       69.6
60528       67.5
60529       66.2
60530       64.1
60531       64.2
60532       60.9
60533       59.5
60534       55.4
60535       54.2
60536       50.5
60537       46.2
60538       42.1
60539       39.0
60540       37.2
60541       33.3
60542       24.7
60543       21.4
60544       18.3
60545       17.2
60546       14.9
60547       12.2
60548        8.9
60549       11.4
60550        5.4
60551        2.0
60552        2.0
60553        1.1
60554        2.8
60555        3.0
60556        3.9
60557        3.1
60558        4.9
60559        3.6
60560        6.2
60561        4.1
60562        3.0
60563        5.2
60564        9.3
60565       12.1
60566       14.6
60567       17.7
60568       16.3
60569       12.1
60570       14.6
60571       15.2
60572       17.6
60573       15.1
60574       15.9
60575       14.6
60576       15.8
60577       14.7
60578       13.6
60579       13.3
60580       11.3
60581       11.6
60582       10.1
60583       11.0
60584        8.6
60585        5.2
60586        2.9
60587        3.7
60588        4.1
60589        4.6
60590        1.3
60591        0.7
60592        0.2
60593        1.0
60594        1.3
60595        2.0
60596        4.0
60597        6.7
60598        7.3
60599        4.4
60600        6.1
60601        6.1
60602        4.3
60603        5.5
60604        3.4
60605        4.7
60606        7.9
60607        6.4
60608        6.9
60609       12.0
60610       12.5
60611       11.6
60612       11.9
60613        7.7
60614        4.9
60615        1.4
60616       -1.2
60617       -2.7
60618       -3.0
60619       -1.0
60620        0.7
60621       -0.7
60622       -3.0
60623       -0.5
60624        2.9
60625        3.0
60626        1.1
60627        0.8
60628        0.0
60629        2.2
60630        1.3
60631        2.2
60632        3.1
60633        1.3
60634        1.9
60635        2.7
60636        2.3
60637        2.0
60638        1.8
60639        4.7
60640        4.3
60641        5.3
60642        8.5
60643        7.4
60644       11.2
60645        9.4
60646        8.9
60647       11.6
60648       12.3
60649       11.7
60650       11.2
60651        9.7
60652        9.6
60653       11.5
60654      -84.9
60655      -86.4
60656      -88.5
60657      -86.2
60658      -84.8
60659      -85.9
60660      -85.4
60661      -87.8
60662      -86.8
60663      -85.9
60664      -85.6
60665      -88.7
60666      -87.9
60667      -86.1
60668      -80.7
60669      -77.0
60670      -74.0
60671      -72.7
60672      -70.7
60673      -65.5
60674      -65.9
60675      -65.3
60676      -62.8
60677      -57.5
60678      -51.2
60679      -45.9
60680      -43.4
60681      -39.8
60682      -37.6
60683      -33.8
60684      -28.1
60685      -24.0
60686      -24.5
60687      -21.7
60688      -19.9
60689      -15.4
60690      -11.9
60691       -9.5
60692       -5.5
60693       -3.4
60694        2.9
60695        6.3
60696        9.5
60697       12.2
60698       16.7
60699       20.4
60700       24.7
60701       27.5
60702       28.8
60703       31.8
60704       32.8
60705       31.5
60706       31.5
60707       36.0
60708       39.3
60709       42.4
60710       44.6
60711       47.3
60712       48.6
60713       50.4
60714       51.6
60715       56.0
60716       57.8
60717       61.1
60718       60.3
60719       57.0
60720       59.3
60721       57.6
60722       56.5
60723       55.3
60724       53.3
60725       50.4
60726       47.4
60727       45.9
60728       41.5
60729       40.3
60730       42.8
60731       43.9
60732       42.9
60733       41.3
60734       38.6
60735       39.2
60736       38.6
60737       37.7
60738       39.0
60739       41.8
60740       39.3
60741       40.1
60742       39.9
60743       43.6
60744       46.8
60745       45.4
60746       44.7
60747       45.1
60748       45.1
60749       46.0
60750       48.5
60751       46.7
60752       46.6
60753       45.5
60754       43.2
60755       45.4
60756       45.0
60757       45.1
60758       43.0
60759       43.0
60760       39.6
60761       39.1
60762       38.1
60763       39.1
60764       38.2
60765       35.4
60766       37.1
60767       35.1
60768       33.6
60769       36.4
60770       36.5
60771       36.9
60772       35.0
60773       35.3
60774       38.1
60775       35.5
60776       33.3
60777       32.1
60778       30.8
60779       30.2
60780       30.6
60781       29.6
60782       28.6
60783       28.1
60784       31.5
60785       29.9
60786       28.6
60787       29.1
60788       29.6
60789       29.9
60790       28.8
60791       28.8
60792       29.8
60793       29.3
60794       28.9
60795       30.7
60796       27.8
60797       27.1
60798       26.0
60799       23.0
60800       22.0
60801       22.2
60802       18.8
60803       21.8
60804       21.0
60805       22.0
60806       17.5
60807       13.7
60808       11.1
60809       10.1
60810        7.3
60811        1.9
60812       -3.4
60813       -6.9
60814      -10.5
60815      -14.6
60816      -15.9
60817      -19.7
60818      -21.7
60819      -25.9
60820      -25.5
60821      -26.0
60822      -30.0
60823      -31.9
60824      -32.6
60825      -32.8
60826      -33.4
60827      -32.8
60828      -31.1
60829      -28.2
60830      -27.1
60831      -26.1
60832      -22.2
60833      -23.7
60834      -25.5
60835      -25.2
60836      -26.1
60837      -22.0
60838      -18.2
60839      -15.3
60840      -15.3
60841      -13.6
60842       -9.1
60843       -8.7
60844       -6.2
60845       -7.1
60846       -9.3
60847       -6.7
60848       -8.0
60849       -6.9
60850       -6.7
60851       -7.3
60852       -7.6
60853       -8.7
60854       -6.4
60855       -3.8
60856       -2.2
60857       -1.9
60858       -3.5
60859       -1.7
60860        1.4
60861        1.7
60862        5.7
60863        5.5
60864        5.2
60865        3.3
60866        5.0
60867        4.0
60868        5.7
60869        7.1
60870        9.3
60871       10.3
60872       13.3
60873       13.5
60874       11.3
60875       12.9
60876       13.4
60877       14.5
60878       11.9
60879       17.3
60880       18.7
60881       19.6
60882       20.2
60883       18.8
60884       20.7
60885       19.1
60886       20.7
60887       21.3
60888       21.9
60889       23.8
60890       25.3
60891       26.3
60892       28.7
60893       28.8
60894       30.4
60895       30.0
60896       30.7
60897       34.0
60898       36.7
60899       36.9
60900       38.1
60901       37.4
60902       42.0
60903       44.7
60904       47.8
60905       51.8
60906       54.9
60907       58.7
60908       60.3
60909       63.2
60910       62.3
60911       64.7
60912       65.5
60913       68.3
60914       67.0
60915       64.4
60916       61.5
60917       59.7
60918       58.4
60919       57.2
60920       57.8
60921       55.2
60922       54.6
60923       52.1
60924       50.5
60925       49.5
60926       46.1
60927       45.9
60928       46.5
60929       46.6
60930       44.8
60931       44.0
60932       42.8
60933       44.6
60934       47.5
60935       45.7
60936       45.4
60937       43.6
60938       44.0
60939       43.1
60940       43.9
60941       44.4
60942       43.8
60943       46.2
60944       43.0
60945       44.0
60946       42.7
60947       42.0
60948       44.1
60949       44.3
60950       41.7
60951       41.5
60952       40.8
60953       41.1
60954       42.3
60955       45.2
60956       45.2
60957       44.2
60958       46.2
60959       46.3
60960       42.6
60961       43.0
60962       41.7
60963       44.2
60964       42.7
60965       44.2
60966       43.6
60967       41.4
60968       40.3
60969          -
60970          -
60971          -
60972          -
60973          -
60974          -
60975       36.5
60976       32.2
60977       34.1
60978       34.2
60979       38.4
60980       37.0
60981       34.9
60982       31.8
60983       32.2
60984       31.0
60985       31.4
60986       28.0
60987       26.5
60988       24.8
60989       23.2
60990       21.9
60991       23.5
60992       24.4
60993       23.6
60994       19.8
60995       18.1
60996       17.5
60997       15.4
60998       13.8
60999        9.8
61000        7.1
61001        0.9
61002       -3.0
61003       -9.4
61004      -15.6
61005      -21.0
61006      -25.3
61007      -28.7
61008      -33.2
61009      -37.4
61010      -39.8
61011      -42.9
61012      -49.1
61013      -55.1
61014      -58.0
61015      -64.0
61016      -70.0
61017      -72.1
61018      -80.3
61019      -83.1
61020      -86.5
61021      -90.3
61022      -96.5
61023     -102.2
61024     -109.5
61025     -119.3
61026     -120.8
61027     -130.8
61028     -136.4
61029     -143.4
61030     -149.2
61031     -152.8
61032     -156.2
61033     -163.6
61034     -166.2
61035     -167.1
61036     -166.4
61037     -165.6
61038     -168.8
61039     -173.7
61040     -174.3
61041     -176.6
61042     -178.5
61043     -180.7
61044     -178.0
61045     -178.7
61046     -178.3
61047     -178.3
61048     -181.5
61049     -181.6
61050     -182.4
61051     -186.0
61052     -182.4
61053     -187.4
61054     -188.1
61055     -190.8
61056     -193.6
61057     -196.2
61058     -195.5
61059     -197.5
61060     -199.1
61061     -201.3
61062          -
61063          -
61064          -
61065          -
61066          -
61067          -
61068     -198.5
61069     -197.4
61070     -198.3
61071     -196.4
61072     -199.0
61073     -198.3
61074     -196.0
61075     -194.6
61076     -192.0
61077     -190.4
61078     -188.4
61079     -181.6
61080     -177.5
61081     -175.4
61082     -175.0
61083     -171.8
61084     -168.2
61085     -166.9
61086     -163.2
61087     -161.4
61088     -162.3
61089     -160.5
61090     -156.3
61091     -155.6
61092     -154.1
61093     -149.8
61094     -147.6
61095     -142.0
61096     -137.4
61097     -136.6
61098     -134.4
61099     -133.2
61100     -132.7
61101     -129.2
61102     -127.7
61103     -127.7
61104     -129.1
61105     -127.7
61106     -127.9
61107     -122.5
61108     -118.0
61109     -117.6
61110     -114.5
61111     -107.1
61112     -106.9
61113     -105.0
61114     -104.9
61115     -107.2
61116     -103.1
61117     -102.6
61118     -101.9
61119     -102.4
61120     -101.6
61121      -99.8
61122      -99.9
61123     -100.6
61124     -100.6
61125      -99.3
61126      -98.9
61127      -95.9
61128      -92.1
61129      -92.6
61130      -93.3
61131      -91.1
61132      -89.6
61133      -86.8
61134      -86.4
61135      -84.7
61136      -81.2
61137      -79.8
61138      -75.9
61139      -72.5
61140      -68.5
61141      -68.5
61142      -64.0
61143      -59.5
61144      -55.2
61145      -53.4
61146      -54.8
61147      -53.5
61148      -57.5
61149      -57.7
61150      -53.0
61151      -48.4
61152      -45.2
61153      -45.0
61154      -44.4
61155      -41.4
61156      -39.9
61157      -35.6
61158      -35.2
61159      -31.5
61160      -29.9
61161      -32.2
61162      -30.7
61163      -34.6
61164      -31.5
61165      -30.3
61166      -27.0
61167      -25.8
61168      -21.6
61169      -22.4
61170      -17.2
61171      -17.7
61172      -15.7
61173      -15.5
61174      -15.1
61175      -13.8
61176      -16.8
61177      -15.9
61178      -16.0
61179      -10.9
61180       -6.4
61181       -7.3
61182       -3.8
61183       -2.8
61184       -2.3
61185        1.7
61186        3.3
61187        2.1
61188        3.2
61189        5.4
61190        7.4
61191        7.7
61192       12.7
61193       14.9
61194       13.7
61195       16.3
61196       18.7
61197       22.6
61198       24.7
61199       26.8
61200       29.1
61201       28.9
61202       31.7
61203       38.8
61204       43.7
61205       41.6
61206       44.9
61207       49.7
61208       54.3
61209       57.3
61210       64.5
61211       66.0
61212       67.1
61213       70.6
61214       72.9
61215       76.3
61216       76.6
61217       76.0
61218       74.9
61219       73.7

# UTC remains available from the monthly Circular T at
# (http://www.bipm.org/en/bipm-services/timescales/time-ftp/Circular-T.html).
