# MJD  [UTCr-UTC(INXE)]/ns
57090      -23.3
57091          -
57092      -22.4
57093      -22.0
57094      -19.2
57095      -17.7
57096      -13.0
57097      -10.2
57098       -6.8
57099       -5.4
57100       -7.4
57101       -9.7
57102      -10.8
57103      -11.5
57104      -11.8
57105      -12.7
57106      -12.7
57107      -11.9
57108      -11.6
57109      -15.9
57110      -19.4
57111      -22.8
57112      -24.0
57113      -20.2
57114      -20.7
57115      -15.6
57116      -12.0
57117      -11.4
57118      -11.1
57119      -11.1
57120       -7.4
57121       -6.3
57122       -1.1
57123        3.5
57124        8.2
57125       10.4
57126       12.6
57127        8.8
57128        4.9
57129        6.1
57130        1.4
57131        0.3
57132        0.7
57133        1.6
57134       -2.5
57135       -3.8
57136       -4.6
57137       -7.0
57138      -11.0
57139      -12.7
57140      -15.1
57141      -17.3
57142      -20.0
57143      -14.5
57144      -11.5
57145       -6.4
57146       -6.9
57147       -7.5
57148       -9.5
57149      -10.8
57150      -13.7
57151      -14.8
57152      -19.4
57153      -23.1
57154      -22.1
57155      -22.2
57156      -22.5
57157      -23.1
57158      -23.7
57159      -23.2
57160      -28.0
57161      -28.6
57162      -29.5
57163      -34.2
57164      -37.2
57165      -38.9
57166      -40.1
57167      -44.6
57168      -50.3
57169      -51.3
57170      -50.7
57171      -48.0
57172      -44.2
57173      -42.0
57174      -37.5
57175      -33.3
57176      -30.0
57177      -24.3
57178      -23.0
57179      -22.5
57180      -22.4
57181      -23.2
57182      -23.0
57183      -24.2
57184      -23.6
57185      -23.3
57186      -22.0
57187      -21.6
57188      -22.0
57189      -25.0
57190      -23.7
57191      -22.7
57192      -27.3
57193      -27.1
57194      -26.4
57195      -26.0
57196      -24.2
57197      -25.1
57198      -21.5
57199      -21.9
57200      -26.3
57201      -25.2
57202      -27.7
57203      -29.9
57204      -25.8
57205      -23.2
57206      -21.5
57207      -22.2
57208      -24.6
57209      -23.8
57210      -22.5
57211      -25.1
57212      -27.5
57213      -31.1
57214      -37.0
57215      -36.1
57216      -37.1
57217      -36.1
57218      -35.0
57219      -32.4
57220      -27.9
57221          -
57222      -34.1
57223      -36.2
57224      -34.7
57225      -34.3
57226      -34.8
57227      -34.5
57228      -36.2
57229      -35.1
57230      -34.6
57231      -35.9
57232      -33.0
57233      -31.4
57234      -32.3
57235      -33.3
57236      -33.2
57237      -32.4
57238      -30.0
57239      -30.6
57240      -26.3
57241      -24.3
57242      -27.2
57243      -27.1
57244      -22.5
57245      -18.6
57246      -17.0
57247      -16.2
57248      -16.7
57249      -14.7
57250      -15.6
57251      -14.4
57252      -12.1
57253      -13.2
57254      -18.0
57255      -20.6
57256      -22.9
57257      -22.0
57258      -23.2
57259      -23.9
57260      -24.9
57261      -24.8
57262      -24.7
57263      -21.6
57264          -
57265      -23.0
57266      -26.4
57267      -29.0
57268      -29.2
57269      -31.5
57270      -33.0
57271      -30.0
57272      -30.3
57273      -29.4
57274      -28.8
57275      -25.5
57276      -25.0
57277      -22.4
57278      -21.1
57279      -21.4
57280      -19.1
57281      -16.3
57282      -18.6
57283      -13.1
57284      -15.7
57285      -15.8
57286      -13.2
57287      -16.2
57288      -18.2
57289      -22.0
57290      -23.6
57291      -22.5
57292      -24.5
57293      -22.9
57294      -24.0
57295      -26.5
57296      -30.4
57297      -28.3
57298      -23.9
57299      -23.6
57300      -23.4
57301      -23.7
57302      -23.0
57303      -23.6
57304      -24.6
57305      -23.8
57306      -25.8
57307      -27.4
57308      -29.9
57309      -29.8
57310      -29.2
57311      -28.4
57312      -27.0
57313      -28.5
57314      -28.5
57315      -29.7
57316      -27.4
57317      -27.0
57318      -23.0
57319      -17.8
57320      -15.4
57321      -13.9
57322      -13.0
57323      -11.0
57324       -8.9
57325      -10.6
57326      -14.1
57327      -14.8
57328      -12.9
57329      -14.0
57330      -16.5
57331      -16.1
57332      -16.7
57333      -15.0
57334      -15.7
57335      -13.8
57336      -14.4
57337      -14.5
57338      -14.1
57339      -13.9
57340      -12.9
57341      -10.7
57342       -8.9
57343       -9.3
57344      -14.9
57345      -16.0
57346      -18.2
57347      -19.8
57348      -18.5
57349      -22.0
57350      -26.2
57351      -25.3
57352      -28.0
57353      -27.5
57354      -24.1
57355      -22.2
57356      -22.2
57357      -23.1
57358      -18.9
57359      -16.1
57360      -13.7
57361      -13.4
57362      -12.6
57363      -14.2
57364      -12.8
57365      -12.3
57366      -13.0
57367      -12.4
57368       -8.1
57369       -5.8
57370       -2.3
57371       -3.4
57372       -1.9
57373       -4.8
57374       -7.5
57375       -6.5
57376       -9.9
57377       -7.4
57378      -10.5
57379      -13.2
57380      -11.6
57381      -12.7
57382      -11.8
57383       -9.4
57384       -9.3
57385       -6.0
57386       -6.3
57387       -4.8
57388       -9.5
57389       -9.4
57390      -10.0
57391       -9.2
57392       -9.0
57393      -11.0
57394      -14.0
57395      -10.6
57396       -7.4
57397       -6.5
57398       -6.2
57399       -7.3
57400       -7.8
57401       -7.9
57402       -2.8
57403       -2.3
57404       -2.7
57405       -5.1
57406       -4.7
57407       -4.0
57408       -4.0
57409       -2.1
57410       -1.0
57411        2.1
57412        1.0
57413        1.4
57414        1.7
57415        0.3
57416        0.8
57417        2.3
57418        2.3
57419        0.8
57420        1.7
57421        0.6
57422        1.2
57423        0.9
57424        0.3
57425        1.0
57426       -4.1
57427       -4.0
57428       -4.1
57429       -2.3
57430       -2.1
57431       -0.8
57432        2.5
57433        4.3
57434        6.8
57435       10.1
57436       14.7
57437       17.4
57438       17.1
57439       18.4
57440       18.6
57441       18.0
57442       16.6
57443       17.7
57444       16.4
57445       11.5
57446        7.0
57447        5.2
57448        4.6
57449        5.1
57450        3.9
57451        3.3
57452        1.2
57453        0.9
57454        1.0
57455        0.3
57456        2.2
57457        1.0
57458        1.5
57459        0.5
57460        0.1
57461       -1.0
57462       -1.6
57463       -4.6
57464       -7.8
57465       -9.9
57466      -12.6
57467      -15.2
57468      -18.1
57469      -19.0
57470      -18.9
57471      -18.8
57472      -19.1
57473      -17.8
57474      -14.6
57475      -12.7
57476      -14.1
57477      -13.3
57478      -11.3
57479      -10.1
57480       -9.5
57481      -11.8
57482      -10.1
57483       -8.6
57484      -10.5
57485      -17.5
57486      -27.3
57487      -30.8
57488      -31.3
57489      -31.8
57490      -30.1
57491      -28.6
57492      -28.5
57493      -24.0
57494      -23.2
57495      -19.5
57496      -18.0
57497      -14.3
57498      -13.9
57499      -14.2
57500      -17.0
57501      -18.2
57502      -20.1
57503      -16.4
57504      -15.8
57505      -19.0
57506      -20.2
57507      -19.3
57508      -18.6
57509      -18.7
57510      -24.2
57511      -23.1
57512      -27.0
57513      -29.9
57514      -36.8
57515      -38.9
57516      -40.1
57517      -44.5
57518      -43.2
57519      -40.5
57520      -38.8
57521      -35.5
57522      -34.2
57523      -32.5
57524      -29.8
57525      -27.4
57526      -26.4
57527      -23.0
57528      -24.9
57529      -22.7
57530      -25.1
57531      -23.8
57532      -20.3
57533      -20.0
57534      -16.9
57535      -15.1
57536      -15.7
57537      -13.3
57538      -12.2
57539      -13.6
57540      -14.8
57541      -15.0
57542      -12.7
57543      -10.8
57544      -12.7
57545      -18.7
57546      -18.0
57547      -18.9
57548      -21.0
57549      -23.0
57550      -23.4
57551      -25.0
57552      -24.1
57553      -24.8
57554      -25.5
57555      -26.5
57556      -26.8
57557      -29.6
57558      -30.6
57559      -28.9
57560      -29.9
57561      -32.5
57562      -31.7
57563      -33.1
57564      -35.0
57565      -38.2
57566      -42.6
57567      -44.5
57568      -47.0
57569      -46.0
57570      -44.8
57571      -40.2
57572      -38.3
57573      -33.9
57574      -29.5
57575      -27.5
57576      -26.3
57577      -23.5
57578      -19.5
57579      -18.8
57580      -20.3
57581      -22.5
57582      -25.1
57583      -24.9
57584      -25.5
57585      -23.8
57586      -23.9
57587      -23.4
57588      -25.9
57589      -27.4
57590      -26.0
57591      -26.4
57592      -25.1
57593      -23.4
57594      -23.9
57595      -26.6
57596      -24.1
57597      -27.1
57598      -28.5
57599      -27.7
57600      -23.2
57601      -22.5
57602      -21.2
57603      -22.3
57604      -20.9
57605      -19.3
57606      -22.6
57607      -25.3
57608      -27.3
57609      -26.8
57610      -25.8
57611      -24.3
57612      -24.6
57613      -22.9
57614      -23.2
57615      -23.3
57616      -23.8
57617      -26.1
57618      -28.1
57619      -26.3
57620      -26.7
57621      -26.7
57622      -23.7
57623      -22.5
57624      -17.1
57625      -17.4
57626      -15.4
57627      -13.9
57628      -16.1
57629      -15.5
57630      -14.2
57631      -12.8
57632      -13.0
57633      -11.4
57634      -12.2
57635      -13.5
57636      -15.4
57637      -13.3
57638      -15.4
57639      -14.4
57640      -13.9
57641      -15.0
57642      -17.1
57643      -18.3
57644      -19.8
57645      -22.6
57646      -23.7
57647      -23.1
57648      -21.9
57649      -26.0
57650      -23.6
57651      -24.4
57652      -22.5
57653      -24.9
57654      -23.4
57655      -23.5
57656      -21.1
57657      -20.9
57658      -22.8
57659      -24.1
57660      -24.3
57661      -27.7
57662      -28.2
57663      -28.1
57664      -27.6
57665      -31.0
57666      -32.7
57667      -33.5
57668      -36.1
57669      -32.7
57670      -34.8
57671      -34.2
57672      -39.7
57673      -39.5
57674      -38.9
57675      -39.5
57676      -38.7
57677      -37.0
57678      -35.2
57679      -38.2
57680      -39.9
57681      -40.4
57682      -42.1
57683      -41.5
57684      -41.3
57685      -37.9
57686      -36.6
57687      -38.4
57688      -39.3
57689      -37.9
57690      -33.7
57691      -34.4
57692      -29.9
57693      -27.5
57694      -30.0
57695      -27.3
57696      -22.2
57697      -20.0
57698      -16.7
57699      -14.0
57700      -14.4
57701      -19.9
57702      -21.0
57703      -23.5
57704      -24.8
57705      -26.9
57706      -28.3
57707      -27.5
57708      -30.3
57709      -31.7
57710      -33.6
57711      -33.7
57712      -36.2
57713      -39.7
57714      -43.2
57715      -45.1
57716      -47.3
57717      -49.5
57718      -48.7
57719      -51.0
57720      -52.6
57721      -51.5
57722      -51.6
57723      -48.8
57724      -52.1
57725      -53.3
57726      -55.4
57727      -61.7
57728      -61.8
57729      -60.5
57730      -59.8
57731      -58.9
57732      -58.0
57733      -58.2
57734      -55.4
57735      -66.0
57736      -89.8
57737      -86.6
57738      -80.9
57739      -76.5
57740      -72.7
57741      -71.3
57742      -71.5
57743      -69.1
57744      -66.8
57745      -64.6
57746      -63.3
57747      -60.0
57748      -56.8
57749      -53.6
57750      -51.4
57751      -44.7
57752      -37.8
57753      -30.8
57754      -27.6
57755      -22.4
57756      -20.3
57757      -13.8
57758       -9.3
57759       -9.3
57760       -9.6
57761      -10.5
57762      -10.7
57763      -11.0
57764       -8.5
57765          -
57766       -6.6
57767       -5.6
57768       -5.6
57769       -6.1
57770       -9.7
57771      -12.7
57772      -14.1
57773      -15.5
57774      -17.6
57775      -17.5
57776      -17.5
57777      -20.0
57778      -22.7
57779      -23.9
57780      -25.6
57781      -28.0
57782      -30.5
57783      -30.3
57784      -32.7
57785      -30.5
57786      -29.1
57787      -28.4
57788      -26.5
57789      -24.9
57790      -23.7
57791      -21.8
57792      -18.8
57793      -15.9
57794      -10.9
57795       -8.5
57796       -5.8
57797       -2.4
57798        2.4
57799        2.2
57800        1.1
57801       -1.5
57802       -1.6
57803       -2.2
57804       -5.7
57805       -4.8
57806       -6.0
57807       -6.6
57808       -4.5
57809       -3.2
57810       -2.2
57811        2.1
57812        5.7
57813       14.9
57814       20.5
57815       15.3
57816        7.8
57817        3.7
57818       -2.8
57819       -5.9
57820       -5.3
57821       -5.7
57822       -5.1
57823      -12.1
57824      -11.5
57825      -11.0
57826       -9.5
57827      -18.9
57828      -12.5
57829       -6.4
57830        2.0
57831        0.3
57832       -0.5
57833       -6.1
57834      -13.3
57835      -16.9
57836      -12.4
57837       -7.8
57838       -7.1
57839      -10.1
57840      -13.2
57841      -12.2
57842       -7.3
57843       -4.6
57844       -3.9
57845       -7.4
57846       -3.0
57847        4.3
57848        0.0
57849       -3.7
57850       -5.3
57851       -8.2
57852       -6.6
57853       -6.9
57854       -6.8
57855       -7.8
57856      -10.6
57857      -11.9
57858      -10.0
57859       -8.6
57860       -4.8
57861       -6.6
57862       -6.0
57863       -1.9
57864        0.8
57865        3.0
57866        2.1
57867        4.5
57868        5.3
57869        6.7
57870        7.2
57871        6.8
57872        5.5
57873        3.2
57874        2.7
57875        2.8
57876        1.2
57877        0.7
57878       -0.2
57879       -0.6
57880       -0.8
57881      -11.1
57882      -11.2
57883      -10.5
57884      -13.0
57885      -15.6
57886      -16.3
57887      -20.7
57888      -26.8
57889      -29.3
57890      -33.2
57891      -35.2
57892      -33.0
57893      -28.5
57894      -23.6
57895      -22.0
57896      -19.3
57897      -14.6
57898       -9.8
57899       -8.8
57900      -10.1
57901       -8.9
57902       -5.5
57903       -3.8
57904       -1.8
57905        0.9
57906        3.4
57907        6.9
57908        7.0
57909       10.4
57910       11.0
57911       12.8
57912       12.2
57913       16.8
57914       17.6
57915       19.5
57916       22.0
57917       19.2
57918       18.9
57919       16.8
57920       14.5
57921       11.1
57922        9.4
57923        3.0
57924       -0.8
57925       -4.4
57926       -7.3
57927      -11.1
57928      -11.6
57929      -11.8
57930      -10.5
57931      -11.8
57932      -13.3
57933      -15.1
57934      -13.6
57935      -11.5
57936      -11.1
57937      -15.8
57938      -12.7
57939      -11.5
57940       -8.5
57941       -6.2
57942       -4.9
57943       -4.7
57944       -2.7
57945       -1.9
57946       -2.1
57947       -5.5
57948       -5.1
57949       -5.2
57950       -3.9
57951       -6.8
57952       -5.2
57953       -4.0
57954       -3.7
57955        0.7
57956        4.7
57957        5.7
57958       11.6
57959       13.1
57960       11.3
57961        7.3
57962        6.1
57963        4.4
57964        2.5
57965        0.9
57966       -0.6
57967       -1.6
57968       -6.2
57969      -10.8
57970       -5.7
57971       -5.4
57972       -7.2
57973       -7.1
57974       -4.6
57975       -6.2
57976       -2.9
57977       -3.0
57978       -2.4
57979       -3.8
57980       -5.0
57981       -8.2
57982       -8.6
57983       -8.0
57984       -8.8
57985       -8.3
57986       -9.3
57987       -6.8
57988       -4.9
57989       -3.7
57990       -3.4
57991       -5.9
57992       -3.8
57993       -5.6
57994       -7.0
57995      -10.2
57996       -9.8
57997       -7.6
57998       -4.9
57999       -6.1
58000       -7.1
58001       -7.5
58002       -7.8
58003      -10.2
58004      -12.2
58005       -8.8
58006       -8.5
58007       -8.6
58008       -7.5
58009       -6.4
58010       -4.2
58011       -1.7
58012       -1.2
58013       -1.4
58014        0.1
58015       -0.5
58016        0.1
58017       -2.1
58018       -4.7
58019       -4.5
58020       -4.0
58021       -4.4
58022       -5.8
58023       -4.9
58024       -5.7
58025      -10.0
58026      -12.3
58027      -13.8
58028      -13.0
58029      -13.7
58030      -11.1
58031      -11.7
58032      -13.3
58033      -14.6
58034      -13.8
58035      -16.3
58036      -18.1
58037      -14.1
58038      -14.5
58039      -13.3
58040      -11.7
58041       -9.9
58042       -6.7
58043       -8.6
58044       -6.1
58045       -8.4
58046       -8.0
58047       -5.9
58048       -2.0
58049        1.2
58050        4.7
58051        4.4
58052        4.0
58053        4.7
58054        5.2
58055        7.5
58056        6.7
58057        7.9
58058       10.5
58059        9.5
58060        8.9
58061        8.1
58062        2.6
58063        0.7
58064       -1.7
58065       -4.7
58066       -6.0
58067       -2.8
58068       -0.7
58069       -3.5
58070       -4.8
58071       -5.9
58072       -7.3
58073      -10.3
58074      -14.6
58075      -17.5
58076      -20.5
58077      -24.9
58078      -26.6
58079      -28.3
58080      -29.4
58081      -28.4
58082      -29.7
58083      -28.7
58084      -29.5
58085      -25.8
58086      -25.4
58087      -26.3
58088      -26.5
58089      -30.6
58090      -30.5
58091      -30.3
58092      -30.8
58093      -31.8
58094      -31.5
58095      -25.5
58096      -24.1
58097      -21.1
58098      -18.3
58099      -16.8
58100      -11.2
58101      -10.7
58102       -4.6
58103       -0.9
58104        0.4
58105        3.1
58106        3.3
58107       -0.9
58108       -1.6
58109       -5.2
58110       -7.3
58111      -12.2
58112      -12.9
58113      -11.2
58114      -10.9
58115      -11.7
58116      -13.6
58117      -13.4
58118          -
58119      -13.0
58120      -17.3
58121      -21.3
58122      -22.4
58123      -18.5
58124      -18.1
58125      -17.6
58126      -16.2
58127      -13.7
58128      -11.7
58129       -9.2
58130       -5.0
58131       -2.8
58132       -3.0
58133       -3.7
58134       -1.4
58135       -2.1
58136        2.1
58137        5.9
58138        7.1
58139        8.7
58140       11.0
58141        8.7
58142       11.3
58143        7.2
58144        8.0
58145        8.9
58146       10.1
58147        9.5
58148        9.2
58149        6.4
58150        6.1
58151        2.3
58152       -0.2
58153       -2.4
58154       -2.0
58155       -2.4
58156       -1.3
58157       -0.8
58158       -2.4
58159       -3.9
58160       -6.1
58161       -9.0
58162      -12.9
58163      -17.6
58164      -18.7
58165      -20.4
58166      -21.0
58167      -19.1
58168      -18.6
58169      -17.1
58170      -18.7
58171      -16.7
58172      -18.4
58173      -20.0
58174      -16.5
58175      -17.6
58176      -19.4
58177      -18.7
58178      -17.8
58179      -14.1
58180      -12.7
58181      -10.6
58182       -9.5
58183       -7.8
58184       -7.1
58185      -11.6
58186      -11.8
58187      -12.6
58188      -11.9
58189      -12.3
58190       -9.6
58191       -6.2
58192       -5.3
58193       -6.2
58194       -7.1
58195       -7.2
58196       -9.3
58197      -10.3
58198      -13.8
58199      -16.3
58200      -13.3
58201      -13.2
58202      -10.7
58203      -11.2
58204      -12.2
58205      -10.5
58206       -9.0
58207       -6.3
58208          -
58209          -
58210          -
58211          -
58212       -2.2
58213       -2.7
58214       -1.0
58215       -2.0
58216        1.1
58217       -0.5
58218        0.1
58219        0.1
58220        1.4
58221       -1.4
58222       -3.7
58223       -1.0
58224       -1.0
58225       -0.5
58226       -1.2
58227        0.2
58228       -0.8
58229       -2.1
58230       -7.2
58231       -6.7
58232      -10.9
58233      -10.3
58234       -7.7
58235       -7.3
58236       -8.0
58237       -7.0
58238      -11.5
58239      -13.5
58240      -12.4
58241      -15.4
58242      -15.1
58243      -13.7
58244      -12.2
58245      -13.3
58246      -13.3
58247      -13.4
58248      -15.9
58249      -16.5
58250      -17.1
58251      -18.0
58252      -19.5
58253      -15.0
58254      -11.6
58255      -11.2
58256      -10.0
58257       -8.6
58258       -7.8
58259       -5.7
58260       -3.3
58261       -3.0
58262       -2.8
58263       -4.4
58264       -5.9
58265       -6.6
58266       -8.3
58267       -4.8
58268       -6.0
58269       -5.4
58270       -2.3
58271       -2.1
58272       -1.9
58273        0.7
58274        0.2
58275       -2.7
58276       -6.5
58277       -7.5
58278       -9.2
58279       -8.3
58280      -10.6
58281      -15.5
58282      -14.5
58283      -16.2
58284      -18.5
58285      -22.6
58286      -24.8
58287      -31.0
58288      -33.1
58289      -32.7
58290      -29.9
58291      -27.4
58292      -22.6
58293      -22.5
58294      -20.4
58295      -16.2
58296      -11.8
58297      -13.0
58298      -14.6
58299      -10.6
58300      -10.7
58301       -9.9
58302       -8.9
58303       -8.8
58304       -7.3
58305       -5.8
58306       -2.4
58307       -0.8
58308        3.0
58309        3.4
58310        2.7
58311        1.7
58312       -0.3
58313        2.4
58314        1.9
58315       -3.5
58316       -4.7
58317       -3.3
58318       -6.8
58319      -10.4
58320      -12.2
58321      -16.7
58322      -17.4
58323      -17.0
58324      -19.7
58325      -20.7
58326      -20.8
58327      -23.2
58328      -23.2
58329      -23.4
58330      -25.8
58331      -24.3
58332      -25.2
58333      -21.5
58334      -17.9
58335      -16.3
58336      -18.0
58337      -18.1
58338      -17.1
58339      -14.4
58340      -13.7
58341       -9.0
58342       -9.0
58343       -6.4
58344       -5.3
58345       -3.2
58346       -4.2
58347       -8.5
58348       -9.1
58349       -8.7
58350      -13.1
58351      -14.4
58352      -13.9
58353      -10.8
58354       -8.8
58355       -7.2
58356       -6.9
58357       -3.4
58358       -1.0
58359       -0.8
58360       -2.7
58361       -4.2
58362       -7.1
58363       -8.9
58364      -10.1
58365      -10.6
58366       -9.8
58367       -8.1
58368      -11.1
58369       -8.8
58370       -7.1
58371       -9.6
58372       -9.6
58373      -13.7
58374      -12.6
58375      -11.7
58376      -10.1
58377       -7.0
58378       -2.3
58379       -6.6
58380       -4.2
58381       -3.2
58382       -4.2
58383       -2.2
58384        2.7
58385        2.4
58386        2.3
58387        0.3
58388        1.6
58389        1.1
58390       -1.6
58391       -2.8
58392       -7.3
58393       -9.5
58394      -13.0
58395      -15.0
58396      -14.7
58397      -17.7
58398      -14.6
58399      -15.2
58400      -15.4
58401      -14.0
58402      -13.4
58403       -8.7
58404       -7.9
58405       -5.1
58406        1.5
58407        3.3
58408        1.7
58409        0.7
58410       -3.1
58411       -5.3
58412      -10.3
58413      -16.7
58414      -18.1
58415      -20.1
58416      -18.5
58417      -19.4
58418      -17.9
58419      -15.6
58420      -16.7
58421      -15.2
58422      -13.4
58423      -11.6
58424      -15.0
58425      -15.6
58426      -17.2
58427      -16.4
58428      -16.1
58429      -16.8
58430      -13.7
58431      -13.6
58432      -12.5
58433      -11.7
58434      -12.5
58435      -10.4
58436       -6.5
58437       -4.5
58438       -4.5
58439       -4.5
58440       -6.3
58441       -7.9
58442       -6.6
58443       -4.5
58444       -2.2
58445       -5.5
58446       -7.2
58447       -8.7
58448      -11.4
58449      -13.2
58450      -16.9
58451      -20.5
58452      -25.2
58453      -24.0
58454      -19.1
58455      -16.1
58456      -13.6
58457      -12.6
58458      -11.1
58459      -11.6
58460      -11.0
58461       -8.4
58462      -10.6
58463       -9.2
58464       -7.7
58465       -6.7
58466       -5.9
58467       -5.5
58468       -4.0
58469       -0.6
58470        1.0
58471        3.1
58472       -0.1
58473       -2.5
58474       -3.0
58475       -3.7
58476       -4.8
58477        0.2
58478       -0.4
58479       -1.3
58480       -1.3
58481       -0.7
58482        0.9
58483        5.1
58484        5.3
58485        8.8
58486        6.7
58487        5.5
58488        2.7
58489        1.3
58490       -0.2
58491       -2.1
58492       -1.2
58493       -2.1
58494       -3.2
58495       -8.1
58496      -10.6
58497      -16.0
58498      -21.7
58499      -25.0
58500      -28.5
58501      -31.6
58502      -35.5
58503      -38.5
58504      -43.5
58505      -46.7
58506      -49.3
58507      -52.1
58508      -55.4
58509      -59.5
58510      -64.9
58511      -69.8
58512      -71.7
58513      -66.2
58514      -58.9
58515      -52.2
58516      -45.9
58517      -37.1
58518      -32.4
58519      -22.5
58520      -17.6
58521      -14.1
58522      -15.9
58523      -16.8
58524      -16.6
58525      -14.6
58526      -14.4
58527      -14.0
58528          -
58529       -7.8
58530       -3.6
58531       -4.1
58532       -3.6
58533       -3.0
58534       -5.7
58535       -1.7
58536        1.4
58537       -1.0
58538        1.6
58539        1.1
58540        1.0
58541        2.1
58542        3.3
58543        3.4
58544        5.1
58545        4.8
58546        6.7
58547        9.8
58548       10.0
58549       14.8
58550       17.9
58551       14.9
58552       11.8
58553       10.9
58554       11.1
58555        9.3
58556        6.4
58557        0.6
58558       -2.2
58559       -6.9
58560       -7.9
58561      -10.4
58562       -9.7
58563       -7.0
58564       -8.2
58565       -8.4
58566       -5.4
58567       -5.2
58568       -5.8
58569       -3.9
58570       -0.3
58571       -3.7
58572       -6.6
58573       -8.1
58574       -9.0
58575       -9.5
58576      -11.2
58577      -12.3
58578      -12.8
58579      -15.2
58580      -17.8
58581      -16.1
58582      -20.0
58583      -24.6
58584      -25.7
58585      -22.7
58586      -18.4
58587      -13.6
58588      -10.5
58589      -11.8
58590      -16.5
58591      -16.1
58592      -17.4
58593      -20.3
58594      -21.7
58595      -25.4
58596      -26.8
58597      -27.6
58598      -25.8
58599      -22.5
58600      -16.0
58601       -9.2
58602       -5.3
58603        0.8
58604        2.9
58605        0.7
58606        2.7
58607       -0.5
58608       -1.6
58609       -4.1
58610       -4.5
58611       -2.9
58612       -0.1
58613        2.3
58614        0.6
58615        0.6
58616        5.3
58617        6.4
58618        5.8
58619        6.3
58620       -2.2
58621       -6.2
58622       -7.6
58623       -9.5
58624      -10.2
58625      -11.4
58626      -14.5
58627      -15.6
58628      -14.1
58629      -11.2
58630       -9.8
58631       -9.4
58632       -8.6
58633       -7.3
58634       -5.1
58635       -2.7
58636       -2.8
58637        1.2
58638        1.0
58639        1.9
58640        5.2
58641        7.2
58642        6.9
58643        5.1
58644        2.6
58645        0.7
58646        3.8
58647        2.4
58648        4.5
58649        6.5
58650        2.7
58651        0.9
58652        2.9
58653        2.9
58654        1.9
58655        0.9
58656       -2.2
58657       -1.2
58658       -1.2
58659       -0.7
58660       -1.9
58661       -0.8
58662        0.6
58663       -0.9
58664       -2.5
58665       -3.3
58666       -4.0
58667       -4.6
58668       -6.9
58669       -7.6
58670       -3.9
58671       -2.3
58672       -2.4
58673       -2.3
58674        1.7
58675        3.7
58676        5.4
58677        6.1
58678        9.5
58679        8.4
58680        9.3
58681        9.1
58682       10.7
58683        8.0
58684        9.1
58685        7.7
58686        8.4
58687        6.0
58688        4.3
58689        5.8
58690        9.0
58691       10.5
58692       12.5
58693       15.3
58694       15.2
58695       14.0
58696       16.4
58697       17.3
58698       15.0
58699        9.8
58700        8.5
58701        8.0
58702        6.2
58703        5.8
58704        3.8
58705        3.8
58706        3.5
58707        3.1
58708        4.3
58709        0.6
58710       -4.4
58711       -5.2
58712        0.3
58713        3.9
58714        8.1
58715        9.9
58716        6.8
58717        3.9
58718        4.3
58719       -0.5
58720       -2.3
58721       -8.3
58722      -11.2
58723      -11.2
58724       -9.9
58725      -10.2
58726       -8.6
58727       -5.1
58728       -6.0
58729       -5.7
58730       -4.0
58731       -1.9
58732        3.0
58733        1.9
58734        3.3
58735        2.3
58736        2.2
58737        0.8
58738       -3.5
58739       -6.7
58740      -10.8
58741      -12.7
58742      -13.9
58743      -12.7
58744      -13.1
58745      -12.1
58746       -9.9
58747       -7.4
58748       -5.0
58749       -6.5
58750       -3.9
58751       -3.7
58752        0.6
58753        4.4
58754        4.0
58755        5.1
58756        0.6
58757        1.9
58758        4.0
58759        2.4
58760        1.8
58761        0.8
58762       -0.7
58763       -2.6
58764       -4.2
58765       -2.4
58766       -1.3
58767       -1.2
58768        3.3
58769       -0.0
58770       -1.7
58771       -5.1
58772       -8.3
58773      -12.2
58774      -14.8
58775      -14.3
58776      -13.3
58777      -13.9
58778      -16.0
58779      -17.3
58780      -12.1
58781       -4.7
58782      -10.6
58783      -17.2
58784      -15.1
58785        0.4
58786       -3.4
58787      -11.0
58788      -35.4
58789       -9.8
58790       -8.7
58791       -5.1
58792       -5.5
58793       -8.5
58794       -8.2
58795      -11.6
58796       -8.9
58797      -10.5
58798       -8.9
58799       -6.9
58800       -7.8
58801       -4.8
58802       -7.1
58803       -7.1
58804       -5.0
58805      -10.2
58806      -10.2
58807       -9.5
58808      -11.6
58809      -10.7
58810      -16.3
58811      -18.7
58812      -17.1
58813      -14.1
58814      -14.7
58815      -16.1
58816      -15.6
58817      -12.2
58818      -10.6
58819       -6.4
58820       -4.1
58821       -7.6
58822       -9.9
58823       -7.2
58824        8.5
58825       22.7
58826       42.3
58827       55.5
58828       56.4
58829       48.9
58830       37.6
58831       27.9
58832       14.9
58833        2.5
58834       -5.8
58835      -10.2
58836      -12.9
58837      -10.3
58838       -8.2
58839       -6.2
58840      -11.1
58841      -11.1
58842      -11.0
58843       -8.1
58844       -7.3
58845       -8.6
58846       -4.5
58847       -1.5
58848       -1.6
58849       -1.0
58850       -0.5
58851        0.5
58852        1.3
58853        3.1
58854        0.4
58855        2.5
58856        0.5
58857       -0.5
58858       -4.9
58859       -6.3
58860       -7.4
58861       -9.8
58862      -12.3
58863      -12.3
58864      -14.4
58865      -16.7
58866      -13.7
58867      -14.4
58868      -14.6
58869      -13.6
58870      -16.3
58871      -17.3
58872      -15.1
58873      -12.6
58874      -13.8
58875      -12.5
58876      -14.5
58877      -13.5
58878      -10.1
58879       -6.8
58880       -8.3
58881      -10.6
58882       -7.5
58883       -6.8
58884       -4.5
58885       -5.6
58886       -4.0
58887       -6.6
58888       -6.0
58889      -10.4
58890      -10.2
58891       -8.0
58892       -7.4
58893       -4.8
58894       -5.2
58895       -5.4
58896       -3.7
58897       -1.5
58898       -0.4
58899      -13.4
58900      -27.4
58901      -27.1
58902      -26.3
58903      -25.4
58904      -24.3
58905      -23.7
58906      -16.8
58907      -14.5
58908      -13.1
58909       -9.6
58910       -6.1
58911       -4.0
58912       -7.9
58913      -10.1
58914      -10.5
58915       -7.6
58916       -9.7
58917       -6.6
58918       -4.2
58919       -5.3
58920       -4.7
58921       -4.6
58922       -4.6
58923       -4.3
58924       -4.2
58925       -3.4
58926       -2.7
58927       -2.8
58928       -2.0
58929       -3.5
58930       -3.8
58931       -3.6
58932       -5.1
58933       -4.1
58934       -1.9
58935       -1.5
58936        0.0
58937        0.1
58938       -1.1
58939       -0.1
58940        1.1
58941        4.5
58942        4.1
58943        6.6
58944        6.7
58945        7.0
58946        9.7
58947        9.7
58948       10.6
58949        5.0
58950        3.9
58951        5.0
58952        5.1
58953          -
58954          -
58955          -
58956          -
58957          -
58958          -
58959       -1.1
58960       -2.0
58961       -3.8
58962       -5.2
58963       -6.5
58964       -8.1
58965      -10.7
58966      -10.2
58967          -
58968      -14.3
58969      -19.2
58970      -17.8
58971      -21.4
58972      -21.1
58973      -19.6
58974      -20.8
58975      -21.9
58976      -24.4
58977      -21.5
58978      -22.7
58979      -23.0
58980      -21.6
58981      -25.0
58982      -23.3
58983      -22.6
58984      -22.6
58985      -23.2
58986      -23.7
58987      -22.4
58988      -22.1
58989      -19.1
58990      -17.7
58991      -18.6
58992      -17.1
58993      -16.1
58994      -13.3
58995      -11.5
58996      -13.5
58997      -15.1
58998      -18.3
58999      -17.3
59000      -20.5
59001      -22.1
59002      -20.9
59003      -21.5
59004      -22.3
59005      -21.6
59006      -22.4
59007      -18.9
59008      -13.8
59009      -13.6
59010      -14.3
59011      -14.0
59012      -16.5
59013      -17.6
59014      -16.8
59015      -16.0
59016      -13.9
59017      -12.4
59018      -13.4
59019      -12.2
59020      -13.7
59021      -16.4
59022      -11.2
59023      -10.4
59024      -11.1
59025       -8.4
59026       -9.6
59027       -9.8
59028       -6.6
59029       -6.5
59030       -6.5
59031       -8.6
59032       -9.8
59033       -9.8
59034      -10.2
59035      -10.2
59036      -13.9
59037      -13.4
59038      -13.2
59039      -15.8
59040      -13.9
59041      -11.7
59042      -10.5
59043       -8.5
59044       -6.4
59045       -9.3
59046       -7.8
59047       -7.2
59048       -6.7
59049      -10.2
59050       -7.0
59051       -5.3
59052       -1.8
59053        0.2
59054       -0.0
59055       -0.9
59056       -0.7
59057       -2.5
59058       -4.1
59059       -6.7
59060       -5.8
59061       -5.6
59062       -4.1
59063       -0.6
59064        3.4
59065        1.4
59066        0.6
59067       -2.9
59068        2.7
59069        3.9
59070        2.8
59071        3.2
59072        6.2
59073        4.3
59074       -2.6
59075       -7.8
59076      -11.7
59077      -11.6
59078      -11.6
59079      -14.4
59080      -15.3
59081      -19.7
59082      -24.5
59083      -32.1
59084      -35.0
59085      -34.6
59086      -39.7
59087      -40.6
59088      -44.6
59089      -46.5
59090      -48.9
59091      -50.3
59092      -50.1
59093      -55.5
59094      -54.9
59095      -57.4
59096      -55.6
59097      -55.6
59098      -49.7
59099      -52.0
59100      -49.0
59101      -46.6
59102      -44.2
59103      -40.6
59104      -39.1
59105      -38.1
59106      -33.1
59107      -32.4
59108      -27.2
59109      -23.5
59110      -17.6
59111      -14.4
59112      -10.8
59113       -6.1
59114       -5.9
59115       -5.9
59116       -8.5
59117       -3.0
59118       -2.6
59119       -3.7
59120       -2.6
59121        0.8
59122       -2.1
59123       -2.3
59124       -4.4
59125       -6.4
59126       -7.0
59127       -7.8
59128       -7.9
59129      -10.1
59130      -10.7
59131      -13.9
59132      -13.4
59133      -11.4
59134      -11.4
59135      -10.7
59136      -10.4
59137      -11.5
59138      -14.2
59139      -14.9
59140      -15.7
59141      -12.2
59142      -11.5
59143      -13.0
59144      -12.9
59145      -14.1
59146      -13.4
59147      -16.0
59148      -15.8
59149      -16.0
59150      -17.7
59151      -17.6
59152      -19.7
59153      -17.9
59154      -20.2
59155      -20.3
59156      -19.0
59157      -22.9
59158      -21.7
59159      -26.4
59160      -26.0
59161      -24.6
59162      -23.3
59163      -18.8
59164      -18.0
59165      -17.1
59166      -14.5
59167      -16.3
59168      -19.7
59169      -18.0
59170      -18.8
59171      -19.5
59172      -16.5
59173      -15.8
59174      -14.3
59175       -9.3
59176       -9.8
59177      -10.0
59178       -2.7
59179       -1.7
59180        0.0
59181       -4.8
59182       -7.2
59183       -5.6
59184       -3.0
59185       -3.7
59186       -4.0
59187       -2.0
59188       -0.8
59189        1.3
59190        4.7
59191        6.3
59192        9.6
59193       12.3
59194       11.3
59195       11.1
59196        9.8
59197        9.5
59198        9.4
59199        8.4
59200        9.5
59201        7.5
59202        6.2
59203        9.0
59204        9.6
59205       13.5
59206       17.5
59207       17.2
59208       18.9
59209       18.9
59210       19.8
59211       18.4
59212       18.3
59213       16.6
59214       14.3
59215        8.3
59216        9.8
59217        6.5
59218        1.1
59219       -4.1
59220       -5.3
59221       -7.4
59222       -7.3
59223      -10.1
59224      -11.5
59225       -8.8
59226      -10.9
59227      -15.0
59228      -12.6
59229      -13.3
59230      -13.9
59231      -14.2
59232      -14.5
59233      -15.7
59234      -16.4
59235      -19.7
59236      -18.9
59237      -17.1
59238      -19.8
59239      -19.4
59240      -15.6
59241      -15.4
59242      -19.0
59243      -27.3
59244      -28.2
59245      -29.8
59246      -27.6
59247      -29.8
59248      -29.8
59249      -28.1
59250      -29.1
59251      -29.5
59252      -27.7
59253      -25.7
59254      -23.3
59255      -20.7
59256      -21.9
59257      -21.3
59258      -20.3
59259      -19.7
59260      -16.7
59261      -13.2
59262      -16.0
59263      -13.3
59264      -13.1
59265      -11.6
59266      -14.1
59267      -11.1
59268      -10.7
59269       -5.4
59270       -3.5
59271       -2.7
59272        0.6
59273        3.6
59274        1.2
59275        1.9
59276        7.5
59277        9.3
59278        7.3
59279        4.1
59280        5.1
59281        5.6
59282        2.3
59283          -
59284          -
59285          -
59286          -
59287          -
59295          -
59296          -
59297          -
59298        5.8
59299        3.3
59300       10.2
59301        8.2
59302       13.6
59303       12.6
59304        9.4
59305        5.8
59306       -0.2
59307        1.3
59308        1.1
59309        2.5
59310        4.2
59311        5.9
59312        5.6
59313        7.2
59314        3.0
59315        0.8
59316        1.0
59317        0.7
59318       -0.1
59319      -41.5
59320      -41.7
59321      -44.8
59322      -48.6
59323      -50.8
59324      -49.4
59325      -50.8
59326      -53.8
59327      -57.3
59328      -60.7
59329      -64.7
59330      -69.5
59331      -75.3
59332      -77.8
59333      -75.7
59334      -75.7
59335      -71.7
59336      -72.4
59337      -74.0
59338      -71.3
59339      -71.1
59340      -67.8
59341      -64.0
59342      -58.5
59343      -54.0
59344      -49.0
59345      -46.3
59346      -44.5
59347      -39.0
59348      -33.4
59349      -29.2
59350      -30.7
59351      -23.8
59352      -16.6
59353      -15.7
59354      -11.4
59355       -0.9
59356        8.1
59357       10.6
59358       15.1
59359       24.9
59360       27.4
59361       29.6
59362       37.3
59363       45.7
59364       53.3
59365       61.1
59366       67.9
59367       69.5
59368       66.0
59369       59.6
59370       52.8
59371       45.4
59372       41.5
59373       39.4
59374       35.9
59375       27.2
59376       23.4
59377       17.3
59378        7.6
59379        2.9
59380       -2.3
59381       -1.8
59382       -2.2
59383       -2.8
59384        0.9
59385       -2.1
59386       -3.2
59387       -3.0
59388       -6.5
59389       -6.1
59390      -12.0
59391      -10.0
59392       -7.4
59393       -8.0
59394       -7.0
59395       -6.9
59396       -5.8
59397       -4.9
59398       -6.1
59399      -10.2
59400      -10.4
59401      -11.0
59402      -15.0
59403      -13.9
59404      -12.0
59405      -13.3
59406      -15.5
59407      -15.9
59408      -16.7
59409      -15.5
59410      -14.3
59411      -12.8
59412      -10.7
59413       -8.0
59414       -8.4
59415       -9.8
59416       -9.2
59417      -10.3
59418      -14.2
59419      -13.3
59420      -12.2
59421      -10.6
59422      -13.7
59423      -16.0
59424      -14.5
59425      -15.3
59426      -16.7
59427      -16.2
59428      -14.9
59429      -11.6
59430       -9.2
59431      -11.8
59432      -13.8
59433      -16.6
59434      -20.1
59435      -18.6
59436      -19.2
59437      -15.4
59438      -17.2
59439      -16.2
59440      -19.0
59441      -20.9
59442      -23.1
59443      -23.1
59444      -26.0
59445      -26.7
59446      -25.3
59447      -24.4
59448      -25.3
59449      -23.5
59450      -25.0
59451      -26.3
59452      -28.3
59453      -33.7
59454      -31.3
59455      -27.9
59456      -24.0
59457      -21.2
59458      -15.3
59459      -11.8
59460       -9.8
59461       -8.6
59462       -9.7
59463       -5.8
59464       -3.0
59465       -3.0
59466       -7.5
59467       -5.7
59468       -5.2
59469       -4.0
59470        1.7
59471        3.4
59472        4.4
59473        9.9
59474        9.8
59475       10.2
59476        9.7
59477        9.3
59478       10.8
59479       17.5
59480       18.5
59481       19.2
59482       19.2
59483       16.0
59484       14.7
59485       13.7
59486       11.8
59487       12.9
59488       18.0
59489       19.2
59490       20.6
59491       20.3
59492       21.6
59493       18.6
59494       14.0
59495       12.3
59496       15.5
59497       16.6
59498       14.9
59499       16.0
59500       17.6
59501       18.2
59502          -
59503      -52.0
59504      -40.7
59505      -29.2
59506          -
59507          -
59508          -
59509          -
59510          -
59511          -
59512       23.0
59513       26.7
59514       35.0
59515       39.4
59516       43.9
59517       48.2
59518       52.3
59519       58.7
59520       61.9
59521       66.9
59522       64.7
59523       61.5
59524       55.1
59525       53.4
59526       48.8
59527       48.8
59528       47.4
59529       42.9
59530       33.6
59531       25.3
59532       16.5
59533        9.6
59534        4.4
59535        3.7
59536        4.6
59537        1.7
59538       -3.9
59539       -5.8
59540      -14.1
59541      -21.7
59542      -24.3
59543      -28.2
59544      -31.0
59545      -34.9
59546      -38.7
59547      -39.0
59548      -41.4
59549      -43.0
59550      -38.8
59551      -40.5
59552      -36.6
59553      -39.3
59554      -41.2
59555      -43.7
59556      -47.9
59557      -48.7
59558      -49.1
59559      -47.4
59560      -47.7
59561      -47.5
59562      -46.1
59563      -45.2
59564      -43.8
59565      -42.0
59566      -34.3
59567      -30.7
59568      -27.0
59569      -25.7
59570      -20.0
59571      -17.2
59572      -15.4
59573      -14.7
59574       -8.7
59575       -1.4
59576       -0.7
59577        1.6
59578        7.9
59579       14.1
59580       16.2
59581       23.1
59582       27.1
59583       35.8
59584       40.0
59585       46.4
59586       53.4
59587       61.2
59588       64.1
59589       67.6
59590       74.1
59591       78.0
59592       72.0
59593       68.6
59594       65.8
59595       63.4
59596       62.8
59597       62.5
59598       60.5
59599       61.3
59600       59.7
59601       60.7
59602       57.3
59603       55.4
59604       56.1
59605       56.8
59606       56.8
59607       55.4
59608       52.7
59609       46.1
59610       43.5
59611       44.6
59612       44.0
59613       38.2
59614       31.8
59615       27.8
59616       13.5
59617        5.7
59618       -5.5
59619      -14.2
59620      -24.4
59621      -37.6
59622      -48.1
59623      -51.9
59624      -57.9
59625      -64.5
59626      -71.1
59627      -75.1
59628      -74.2
59629      -66.5
59630      -63.0
59631      -56.0
59632      -51.9
59633      -45.4
59634      -39.1
59635      -31.8
59636      -25.0
59637      -17.3
59638      -12.0
59639       -6.2
59640       -1.5
59641       -1.0
59642        3.7
59643        3.5
59644        3.2
59645        2.3
59646        3.0
59647        0.9
59648       -0.8
59649       -2.4
59650       -3.1
59651       -3.3
59652       -2.2
59653       -2.5
59654       -2.0
59655       -3.4
59656       -6.6
59657       -4.9
59658       -3.1
59659       -1.7
59660       -0.9
59661       -0.1
59662       -3.0
59663       -3.5
59664       -4.4
59665       -6.2
59666       -9.6
59667      -12.2
59668      -14.1
59669      -12.0
59670      -10.9
59671      -11.6
59672      -13.3
59673      -16.9
59674      -18.3
59675      -15.3
59676      -14.5
59677      -12.1
59678      -13.7
59679      -11.2
59680      -11.4
59681      -10.2
59682       -7.3
59683       -4.7
59684        1.6
59685        5.5
59686        5.2
59687        7.4
59688        8.4
59689       11.6
59690       11.0
59691        9.5
59692        3.6
59693        0.8
59694       -8.7
59695      -11.4
59696      -12.8
59697      -12.8
59698      -14.9
59699      -18.3
59700      -16.1
59701      -16.8
59702      -18.9
59703      -22.0
59704      -17.4
59705      -16.4
59706      -17.7
59707      -10.1
59708       -9.8
59709       -5.7
59710        0.1
59711        3.0
59712        4.8
59713        5.1
59714        4.5
59715        4.1
59716        4.5
59717        4.4
59718        7.0
59719        3.6
59720        5.9
59721        5.0
59722        3.4
59723        2.5
59724        6.3
59725        7.3
59726        8.1
59727        6.6
59728        6.4
59729        9.6
59730       13.4
59731        8.0
59732        9.3
59733       12.0
59734       13.9
59735       11.7
59736       10.1
59737        7.4
59738        9.2
59739        9.8
59740        3.4
59741        1.5
59742       -3.4
59743       -4.5
59744       -5.5
59745       -8.5
59746       -9.3
59747      -14.5
59748      -18.3
59749      -18.7
59750      -19.5
59751      -25.6
59752      -30.6
59753      -34.9
59754      -36.5
59755      -33.0
59756      -32.1
59757      -28.8
59758      -25.9
59759      -28.4
59760      -23.7
59761      -23.6
59762      -21.6
59763      -24.3
59764      -26.1
59765      -24.7
59766      -25.1
59767      -26.0
59768      -27.0
59769      -24.0
59770      -21.2
59771      -16.7
59772      -14.3
59773      -13.9
59774      -10.0
59775       -8.4
59776       -4.0
59777       -8.0
59778       -7.6
59779       -4.6
59780       -3.8
59781       -4.0
59782       -0.5
59783       -3.2
59784        2.2
59785       -0.2
59786       -3.6
59787       -3.6
59788       -3.4
59789       -3.9
59790       -3.5
59791       -2.6
59792       -6.2
59793       -9.3
59794      -11.8
59795      -15.7
59796      -14.5
59797      -16.8
59798      -13.4
59799      -14.8
59800      -15.7
59801      -13.5
59802       -5.8
59803        1.9
59804        7.1
59805       15.0
59806       21.1
59807       27.1
59808       24.7
59809       29.4
59810       34.9
59811       37.0
59812       40.7
59813       45.7
59814       40.0
59815       34.5
59816       27.9
59817       18.0
59818        9.5
59819        3.6
59820        0.2
59821       -4.8
59822       -5.4
59823       -4.4
59824       -9.5
59825       -9.1
59826       -5.4
59827       -3.9
59828       -0.7
59829       -0.1
59830        2.7
59831        1.8
59832        6.1
59833        8.8
59834       14.0
59835       13.7
59836       14.6
59837       18.6
59838       26.2
59839       31.2
59840       32.5
59841       33.7
59842       38.4
59843       38.6
59844       40.3
59845       43.6
59846       50.4
59847       54.5
59848       61.0
59849       66.2
59850       67.2
59851       63.4
59852       58.7
59853       53.9
59854       54.0
59855       54.3
59856       53.6
59857       51.1
59858       49.2
59859       40.8
59860       38.4
59861       37.5
59862       33.8
59863       31.7
59864       26.5
59865       23.3
59866       23.0
59867       21.6
59868       21.3
59869       19.4
59870       16.1
59871       11.3
59872       10.2
59873        7.6
59874        8.6
59875        5.1
59876       -0.5
59877       -4.6
59878       -8.1
59879      -12.6
59880      -15.2
59881      -17.7
59882      -15.9
59883      -16.9
59884      -22.6
59885      -25.2
59886      -25.9
59887      -28.9
59888      -30.8
59889      -29.8
59890      -31.1
59891      -32.9
59892      -27.1
59893      -27.6
59894      -30.6
59895      -33.6
59896      -34.4
59897      -30.8
59898      -27.9
59899      -32.2
59900      -32.7
59901      -29.5
59902      -31.4
59903      -31.9
59904      -32.0
59905      -29.9
59906      -29.4
59907      -32.3
59908      -29.5
59909      -27.0
59910      -28.9
59911      -26.4
59912      -26.4
59913      -26.0
59914      -21.8
59915      -13.9
59916      -14.2
59917      -12.0
59918       -7.9
59919       -6.3
59920       -0.8
59921        2.6
59922        3.5
59923        8.6
59924       11.1
59925       11.8
59926       12.3
59927       12.4
59928       13.6
59929       19.0
59930       21.9
59931       26.0
59932       27.1
59933       29.3
59934       33.1
59935       33.5
59936       35.4
59937       38.8
59938       41.8
59939       44.9
59940       43.6
59941       44.8
59942       43.9
59943       46.1
59944       48.2
59945       52.2
59946       54.5
59947       55.9
59948       55.1
59949       55.5
59950       53.2
59951       60.3
59952       59.9
59953       60.4
59954       62.2
59955       64.7
59956       65.8
59957       66.2
59958       61.2
59959       59.2
59960       55.9
59961       53.1
59962       46.4
59963       41.6
59964       36.3
59965       32.8
59966       32.5
59967       29.7
59968       25.2
59969       18.3
59970       17.9
59971       15.9
59972        7.7
59973        0.1
59974       -4.9
59975       -9.2
59976      -13.6
59977      -17.8
59978      -16.8
59979      -17.2
59980      -12.5
59981      -14.5
59982      -12.4
59983      -12.9
59984      -12.1
59985      -13.3
59986      -11.8
59987      -14.0
59988      -15.9
59989      -18.4
59990      -13.1
59991      -10.3
59992      -12.6
59993      -11.6
59994      -10.5
59995      -12.2
59996       -9.2
59997       -9.7
59998      -11.1
59999       -9.7
60000       -9.6
60001      -10.9
60002      -10.7
60003       -9.5
60004       -6.7
60005       -4.7
60006       -2.2
60007       -2.5
60008       -2.0
60009       -2.6
60010       -6.8
60011       -9.6
60012      -12.0
60013      -13.3
60014      -12.7
60015      -13.5
60016      -11.4
60017      -15.5
60018      -12.6
60019      -12.5
60020      -12.8
60021       -9.8
60022      -11.8
60023      -14.8
60024      -13.7
60025      -10.2
60026      -13.8
60027      -19.0
60028      -22.5
60029      -23.0
60030      -20.6
60031      -21.3
60032      -22.9
60033      -23.9
60034      -29.8
60035      -28.7
60036      -29.9
60037      -28.4
60038      -28.4
60039      -30.5
60040      -27.3
60041      -24.4
60042      -18.9
60043      -14.2
60044       -1.4
60045        2.7
60046        5.1
60047       10.2
60048       16.3
60049       31.2
60050       43.3
60051       58.4
60052       63.8
60053       69.0
60054       73.2
60055       74.4
60056       72.0
60057       71.4
60058       75.6
60059       81.7
60060       83.8
60061       85.0
60062       88.1
60063       86.7
60064       84.6
60065       82.7
60066       86.1
60067       81.4
60068       78.3
60069       75.0
60070       63.9
60071       54.7
60072       45.3
60073       36.9
60074       29.6
60075       16.4
60076        7.2
60077       -4.3
60078      -11.7
60079      -21.3
60080      -23.3
60081      -24.6
60082      -24.7
60083      -29.0
60084      -27.1
60085      -30.6
60086      -27.3
60087      -25.1
60088      -17.5
60089       -9.5
60090          -
60091      -20.7
60092      -13.4
60093       -7.0
60094       -2.3
60095        0.7
60096        3.4
60097        3.5
60098        3.4
60099       -0.9
60100       -3.0
60101       -5.1
60102       -8.1
60103       -6.0
60104       -2.6
60105       -2.4
60106       -2.8
60107       -5.1
60108       -6.8
60109       -6.7
60110       -6.3
60111       -5.4
60112       -4.3
60113       -0.3
60114        1.3
60115        1.2
60116        0.9
60117        4.1
60118        7.1
60119        9.8
60120       12.0
60121       14.7
60122       16.2
60123       15.5
60124       13.5
60125        6.0
60126        4.4
60127       -0.9
60128       -5.0
60129      -10.3
60130      -13.6
60131      -14.1
60132      -13.1
60133      -11.5
60134      -10.7
60135          -
60136          -
60137          -
60138       -6.1
60139       -2.6
60140          -
60141        0.7
60142        1.6
60143        4.6
60144        5.9
60145        7.1
60146       10.3
60147        9.5
60148        6.7
60149        4.2
60150        1.3
60151        3.4
60152        4.9
60153        6.8
60154        5.5
60155        4.4
60156        3.2
60157        1.1
60158          -
60159       -1.2
60160       -0.6
60161       -1.9
60162       -3.5
60163          -
60164       -1.1
60165       32.2
60166       37.9
60167       38.2
60168       30.0
60169       20.7
60170       14.6
60171        9.8
60172       -0.3
60173       -8.2
60174      -10.7
60175      -10.0
60176      -12.3
60177       -9.7
60178      -10.2
60179       -9.2
60180       -4.3
60181       -2.0
60182        1.3
60183        2.3
60184        1.6
60185        0.3
60186        1.8
60187        2.8
60188       -1.3
60189       -7.6
60190      -10.0
60191      -12.7
60192      -13.2
60193       -8.7
60194       -5.8
60195       -1.7
60196        1.3
60197        5.6
60198        8.4
60199        9.8
60200        9.3
60201        7.5
60202        9.2
60203       11.0
60204        9.0
60205       10.9
60206        5.4
60207       -1.7
60208       -0.9
60209        3.9
60210        4.5
60211       -1.7
60212       -6.6
60213          -
60214          -
60215       -8.1
60216       -6.4
60217       -1.3
60218        5.3
60219       11.8
60220       15.8
60221       10.3
60222        6.0
60223        0.6
60224       -3.0
60225       -5.0
60226      -10.9
60227      -14.7
60228      -13.1
60229      -11.1
60230       -8.8
60231       -4.1
60232        0.2
60233        7.2
60234       10.4
60235        7.5
60236        3.9
60237        1.1
60238        1.3
60239        0.3
60240        0.7
60241       -1.7
60242       -3.8
60243       -6.1
60244       23.2
60245       27.6
60246       36.5
60247       41.7
60248        5.1
60249        5.5
60250        2.3
60251       -5.4
60252       -9.8
60253       -9.4
60254       -7.9
60255       -9.4
60256      -10.3
60257       -5.4
60258       -4.2
60259       -3.0
60260       -0.9
60261        0.0
60262        2.3
60263        5.4
60264       -0.3
60265       -3.2
60266       -3.7
60267       -0.4
60268        0.3
60269        3.4
60270        2.9
60271        1.4
60272        2.4
60273        1.0
60274        1.5
60275        1.1
60276        0.9
60277        3.7
60278        0.3
60279       -2.0
60280        2.4
60281        6.4
60282        4.5
60283        4.8
60284        2.7
60285        1.2
60286       -2.5
60287       -4.3
60288       -1.9
60289        0.7
60290        4.6
60291        4.2
60292        3.7
60293        2.0
60294        1.5
60295        0.1
60296       -0.7
60297        0.6
60298        2.9
60299        0.3
60300       -1.5
60301        0.5
60302        0.9
60303        1.7
60304        6.1
60305        7.3
60306        4.3
60307       -1.8
60308       -5.8
60309       -4.7
60310       -2.7
60311       -2.4
60312        4.5
60313        6.5
60314        5.7
60315        3.0
60316        4.8
60317        5.0
60318        3.7
60319        2.6
60320        1.9
60321        2.6
60322        0.3
60323        2.6
60324        2.0
60325        0.0
60326       -3.3
60327       -1.8
60328       -0.4
60329        1.7
60330       -0.5
60331       -2.3
60332        0.6
60333        1.9
60334        3.0
60335        4.5
60336        1.3
60337        1.5
60338        4.1
60339        6.5
60340        3.9
60341        2.4
60342        0.7
60343       -2.0
60344       -0.6
60345        1.6
60346       -2.2
60347       -4.1
60348       -1.5
60349        0.6
60350        5.2
60351        2.3
60352        0.1
60353        1.6
60354       -0.5
60355       -1.5
60356       -0.8
60357       -1.8
60358       -4.4
60359       -4.4
60360        0.4
60361        1.2
60362        0.8
60363        2.9
60364        4.0
60365        1.0
60366        1.9
60367        1.9
60368        0.8
60369        2.9
60370        3.5
60371        3.5
60372        5.2
60373        3.9
60374       -0.7
60375       -6.0
60376        0.4
60377        0.6
60378        0.8
60379       -0.5
60380        0.8
60381        0.4
60382        0.5
60383        0.2
60384       -3.3
60385       -1.3
60386        1.2
60387        4.6
60388        7.2
60389       10.7
60390        5.8
60391        0.1
60392          -
60393          -
60394          -
60395          -
60396        8.8
60397       11.0
60398        0.9
60399        4.6
60400       16.2
60401       32.7
60402       20.2
60403        6.2
60404        1.5
60405        6.3
60406        2.3
60407        2.1
60408        0.5
60409       -3.2
60410       -0.9
60411       -0.2
60412       -2.8
60413       -2.4
60414       -1.9
60415       -4.8
60416       -2.8
60417       -2.2
60418       -4.3
60419       -1.4
60420        0.0
60421       -0.2
60422       -5.7
60423       -6.0
60424       -5.7
60425       -3.5
60426       -4.5
60427       -3.2
60428       -5.6
60429       -4.9
60430       -5.9
60431       -1.0
60432        0.4
60433       -3.9
60434       -4.2
60435       -0.9
60436       -0.0
60437       -1.5
60438       -1.2
60439       -3.6
60440       -2.5
60441        1.7
60442        4.2
60443        4.5
60444        6.0
60445        9.2
60446        8.9
60447        4.7
60448        1.3
60449       -1.7
60450        1.5
60451        2.4
60452        9.4
60453       13.1
60454       12.1
60455        5.4
60456        2.1
60457        1.8
60458        0.3
60459       -0.2
60460        0.4
60461       -3.2
60462       -5.8
60463       -2.4
60464        6.5
60465       14.0
60466        4.2
60467        8.1
60468        8.1
60469       -7.5
60470      -11.7
60471       -8.6
60472       -2.9
60473        1.1
60474        5.5
60475        4.6
60476       -1.7
60477       -6.2
60478          -
60479       -0.7
60480        1.8
60481        4.1
60482        1.1
60483       -2.9
60484       -6.3
60485       -6.0
60486       -5.6
60487       -0.1
60488        2.2
60489        4.2
60490        8.0
60491       11.3
60492       12.8
60493       14.9
60494        9.6
60495        1.3
60496       -1.9
60497       -4.7
60498       -5.2
60499       -7.8
60500       -2.5
60501       -0.4
60502       -3.2
60503       -7.2
60504       -4.2
60505        1.5
60506        4.9
60507        6.2
60508       -0.6
60509       -2.8
60510       -2.1
60511       -1.5
60512        1.7
60513        3.7
60514        3.5
60515        1.5
60516        1.2
60517        2.0
60518        1.1
60519       -0.1
60520       -2.3
60521       -4.8
60522       -4.6
60523       -3.0
60524       -0.8
60525       -0.3
60526        1.6
60527       -1.5
60528        0.2
60529       -0.2
60530       -0.7
60531        2.1
60532       -1.6
60533       -3.1
60534       -6.2
60535       -9.7
60536      -10.5
60537       -5.5
60538        3.5
60539        5.4
60540        0.6
60541       -3.0
60542       -0.7
60543       -1.9
60544       -1.8
60545       -0.9
60546        0.5
60547        2.7
60548        1.0
60549       -0.4
60550        1.1
60551       -0.9
60552       -1.4
60553       -2.2
60554       -1.5
60555       -1.0
60556       -1.6
60557        0.5
60558        1.5
60559       -3.1
60560       -1.9
60561       -1.3
60562        2.1
60563        3.7
60564        4.4
60565        2.6
60566        0.8
60567        3.2
60568        5.3
60569        2.5
60570        2.5
60571        1.8
60572        4.7
60573       -0.2
60574       -2.0
60575       -1.3
60576       -2.0
60577       -2.3
60578       -1.0
60579        3.0
60580        4.3
60581        3.4
60582       -3.3
60583       -5.6
60584       -2.1
60585        2.9
60586        0.7
60587       -4.7
60588       -7.3
60589       -2.3
60590       -0.2
60591       -0.7
60592        0.9
60593        4.3
60594        4.0
60595       -0.1
60596       -1.5
60597       -3.8
60598       -7.9
60599      -14.3
60600      -12.3
60601       -0.7
60602        9.2
60603        5.5
60604       -5.7
60605       -7.0
60606        0.3
60607        4.2
60608       -1.8
60609       -7.0
60610       -4.6
60611       -4.7
60612       -5.4
60613       -2.0
60614       -1.5
60615       -5.3
60616       -8.5
60617       -5.0
60618       -7.1
60619       -7.5
60620       -6.1
60621       -3.7
60622       -1.5
60623       -0.4
60624       -0.2
60625        0.5
60626        1.4
60627        1.6
60628        2.7
60629        2.9
60630        0.7
60631        0.6
60632       -0.8
60633        0.1
60634       -1.9
60635       -0.5
60636       -0.6
60637        0.6
60638        3.4
60639        4.3
60640        5.1
60641        4.2
60642        2.7
60643       -2.7
60644       -6.3
60645       -4.3
60646       -2.2
60647        1.6
60648        5.9
60649        4.7
60650       -3.1
60651       -6.9
60652       -5.8
60653       -5.8
60654       -6.3
60655       -5.9
60656       -5.5
60657       -6.8
60658       -5.8
60659       -6.5
60660       -5.4
60661       -3.3
60662       -1.4
60663        0.0
60664        1.0
60665        2.1
60666        4.2
60667        4.7
60668        2.1
60669       -3.0
60670       -3.5
60671       -1.9
60672       -1.9
60673       -2.9
60674       -1.3
60675       -2.0
60676       -1.0
60677        2.1
60678        1.0
60679        2.8
60680        5.8
60681        1.5
60682       -0.4
60683       -3.8
60684       -4.3
60685       -0.3
60686        0.1
60687        3.1
60688        3.5
60689        2.9
60690        1.0
60691          -
60692        1.2
60693       -0.4
60694       -3.1
60695       -3.4
60696       -2.5
60697       -1.9
60698        0.5
60699        3.5
60700        2.3
60701        1.9
60702       -0.9
60703       -4.7
60704       -2.3
60705        4.4
60706        7.3
60707        3.1
60708       -3.1
60709       -6.9
60710       -9.5
60711      -14.5
60712          -
60713       -8.1
60714      -13.2
60715       -7.8
60716       -2.0
60717        4.6
60718        9.1
60719       13.5
60720       14.9
60721       13.5
60722       14.9
60723       12.5
60724       10.9
60725        5.7
60726       -0.3
60727       -3.1
60728          -
60729          -
60730          -
60731       11.4
60732       13.8
60733          -
60734        7.6
60735        1.8
60736       -4.0
60737       -9.3
60738      -10.0
60739        0.7
60740        6.8
60741        6.7
60742        5.7
60743        3.5
60744        1.2
60745       -1.0
60746       -5.5
60747       -3.6
60748       -1.5
60749       -2.4
60750       -0.3
60751       -1.0
60752       -3.1
60753       -1.8
60754       -1.5
60755        1.4
60756        0.6
60757        0.4
60758       -0.4
60759       -2.6
60760       -4.1
60761       -2.4
60762        2.1
60763        3.9
60764        2.9
60765        7.0
60766        3.5
60767        0.2
60768       -2.8
60769       -4.8
60770       -2.9
60771       -0.4
60772        1.9
60773        4.0
60774        5.0
60775        1.3
60776       -1.1
60777       -3.1
60778       -8.0
60779       -9.2
60780        0.2
60781        5.2
60782        4.7
60783        4.6
60784        3.6
60785        2.2
60786       -2.2
60787       -2.7
60788       -3.0
60789       -2.8
60790       -5.7
60791       -5.9
60792       -4.8
60793       -5.4
60794       -5.5
60795       -5.4
60796       -4.2
60797       -2.2
60798       -1.9
60799        0.9
60800        3.0
60801        2.0
60802        3.1
60803        5.4
60804        4.2
60805        2.8
60806       -1.2
60807       -4.1
60808       -1.9
60809        1.0
60810       -0.0
60811        2.2
60812        2.6
60813        1.1
60814       -1.0
60815       -1.4
60816       -3.5
60817       -3.6
60818       -6.7
60819       -5.9
60820       -1.5
60821        0.3
60822        2.2
60823        7.2
60824       13.7
60825       16.9
60826        8.5
60827       -2.9
60828      -16.6
60829      -21.9
60830       -9.3
60831        2.7
60832        2.7
60833       -0.5
60834       -2.9
60835       -3.8
60836       -6.9
60837      -10.4
60838      -11.9
60839      -10.8
60840       -8.6
60841       -4.0
60842       -0.6
60843        4.1
60844        8.1
60845        9.6
60846        5.6
60847        1.8
60848       -0.6
60849        2.6
60850        4.6
60851        4.7
60852        4.3
60853        1.1
60854       -3.8
60855       -5.5
60856       -6.7
60857       -6.5
60858       -9.7
60859          -
60860       -7.8
60861       -5.7
60862       -3.6
60863       -0.9
60864        2.7
60865        8.0
60866        7.6
60867        4.0
60868        4.5
60869        2.3
60870        0.3
60871       -2.0
60872       -1.1
60873       -2.7
60874       -4.2
60875       -4.8
60876       -4.0
60877       -7.2
60878       -6.3
60879       -8.2
60880       -7.0
60881       -9.1
60882       -8.9
60883       -6.4
60884       -7.2
60885       -2.8
60886        0.9
60887       -1.2
60888       -3.4
60889       -4.4
60890       -1.1
60891       -2.5
60892       -0.9
60893        2.2
60894        5.3
60895        2.9
60896       -2.2
60897       -5.3
60898       -2.9
60899       -3.3
60900       -3.9
60901       -2.7
60902       -0.5
60903       -1.1
60904        0.8
60905        1.3
60906        0.5
60907       -0.3
60908       -1.7
60909       -3.1
60910       -1.8
60911       -2.9
60912       -4.1
60913       -6.1
60914       -2.9
60915       -4.2
60916       -2.1
60917       -1.4
60918       -0.1
60919        1.1
60920       -0.0
60921       -3.8
60922       -0.6
60923        1.1
60924        1.8
60925        6.3
60926        4.8
60927        5.4
60928        4.2
60929        3.6
60930       -1.1
60931       -2.1
60932       -7.9
60933      -16.1
60934      -20.4
60935          -
60936          -
60937          -
60938          -
60939          -
60940       27.6
60941       32.8
60942       17.2
60943       -6.7
60944      -31.7
60945      -21.7
60946       17.3
60947       49.3
60948        1.5
60949        1.9
60950        7.5
60951        4.5
60952       -9.0
60953      -14.2
60954       -8.2
60955       -0.7
60956        5.1
60957        4.1
60958       -1.5
60959       -5.0
60960       -6.2
60961       -5.8
60962       -2.0
60963        0.2
60964        0.6
60965        1.2
60966        2.6
60967        5.2
60968          -
60969          -
60970          -
60971       -0.9
60972       -2.1
60973       -7.2
60974          -
60975          -
60976          -
60977          -
60978          -
60979          -
60980          -
60981          -
61003       12.7
61004       13.9
61005        2.8
61006       -7.1
61007       -2.0
61008        5.2
61009        3.3
61010       -0.7
61011       -3.8
61012       -2.3
61013        0.6
61014        4.2
61015        5.0
61016        8.0
61017       10.7
61018        8.9
61019        3.7
61020        1.3
61021       -1.5
61022       -3.1
61023       -7.1
61024       -3.6
61025        2.2
61026        5.9
61027        5.4
61028       -0.5
61029       -2.9
61030       -2.5
61031       -4.5
61032       -6.5
61033       -5.4
61034       -5.1
61035       -0.5
61036       -1.2
61037        4.1
61038        8.1
61039        6.8
61040        1.2
61041       -0.3
61042       -2.0
61043       -1.3
61044       -2.3
61045       -2.8
61046       -2.3
61047       -4.2
61048       -2.8
61049        1.3
61050        2.2
61051        2.5
61052        6.4
61053        5.3
61054       -3.1
61055       -8.9
61056       -4.8
61057       -0.7
61058        5.3
61059        7.9
61060        5.4
61061        2.6
61062       -0.0
61063       -3.2
61064       -5.8
61065       -6.7
61066       -5.2
61067       -4.4
61068       -1.2
61069       -1.6
61070       -1.6
61071        1.6
61072       10.8
61073       13.8
61074       16.4
61075       10.9
61076        3.0
61077       -4.9
61078       -2.5
61079          -
61080          -
61081        9.8
61082       12.7
61083       12.1
61084        9.2
61085        6.5
61086        6.6
61087          -
61088          -
61089       -2.6
61090       -4.0
61091       -1.7
61092       -3.4
61093       -1.1
61094        6.4
61095       10.6
61096        8.9
61097        7.1
61098        2.1
61099       -1.8
61100       -6.5
61101      -10.3
61102      -11.2
61103       -8.5
61104       -6.5
61105       -7.0
61106       -5.2
61107       -3.1
61108       -2.7
61109       -3.7
61110        2.6
61111        3.2
61112        1.6
61113       -0.5
61114       -2.4
61115       -1.8
61116        0.2
61117        2.9
61118        1.1
61119        2.5
61120        3.6
61121        5.6
61122        6.5
61123        4.6
61124       -2.6
61125       -7.1
61126       -8.0
61127       -6.0
61128       -2.7
61129        1.0
61130        1.6
61131        3.2
61132        3.4
61133       10.1
61134       12.5
61135       13.9
61136          -
61137       -5.1
61138       -2.5
61139        6.5
61140        5.8
61141        5.4
61142        3.7
61143        2.2
61144       -2.4
61145       -2.1
61146        2.9
61147       10.2
61148        9.1
61149        8.0
61150        2.8
61151        0.3
61152       -4.4
61153       -7.5
61154       -2.6
61155       -0.6
61156       -3.4
61157       -6.9
61158       -6.3
61159       -2.5
61160       -0.9
61161        3.7
61162          -
61163          -
61164          -
61165      -20.4
61166      -16.0
61167       -6.3
61168        3.1
61169        0.8
61170       -1.7
61171       -6.7
61172       -6.7
61173        3.1
61174       18.9
61175       20.8
61176        3.1
61177        1.2
61178        2.4
61179        4.0
61180        6.6
61181          -
61182      -21.7
61183       36.4
61184       56.0
61185       21.0
61186      -12.6
61187      -17.5
61188       -4.7
61189        8.5
61190        5.2
61191          -
61192       -6.0
61193       -5.5
61194       -2.6
61195       -0.6
61196        0.2
61197          -
61198        3.7
61199        9.9
61200        8.2
61201        1.7
61202       -0.1
61203       -3.5
61204       -0.4
61205        0.2
61206        2.3
61207        1.4
61208       -0.9
61209       -4.3
61210       -7.5
61211       -5.5
61212       -4.3
61213          -
61214          -
61215          -
61216      191.7
61217          -
61218       -4.2
61219       -3.2

# UTC remains available from the monthly Circular T at
# (http://www.bipm.org/en/bipm-services/timescales/time-ftp/Circular-T.html).
