# MJD  [UTCr-UTC(UAE)]/ns
61045      -69.9
61046      -71.3
61047      -75.2
61048      -76.0
61049      -77.5
61050      -79.0
61051      -82.3
61052      -80.3
61053      -80.9
61054      -82.4
61055      -86.5
61056      -86.4
61057      -87.7
61058      -91.1
61059      -93.3
61060      -94.9
61061      -93.6
61062      -97.0
61063     -100.0
61064     -103.9
61065     -106.0
61066     -109.0
61067     -110.2
61068     -114.4
61069     -118.6
61070     -117.6
61071     -118.8
61072     -120.3
61073     -119.3
61074     -123.5
61075     -124.3
61076     -126.5
61077     -131.7
61078     -129.6
61079     -126.8
61080     -126.6
61081     -124.9
61082     -123.8
61083     -123.2
61084     -120.4
61085     -119.3
61086     -116.3
61087     -114.4
61088     -111.7
61089     -107.5
61090     -105.3
61091     -100.6
61092      -99.4
61093      -97.7
61094      -94.7
61095      -92.8
61096      -92.6
61097      -91.8
61098      -89.8
61099      -89.9
61100      -88.0
61101      -84.2
61102      -81.1
61103      -77.8
61104      -74.3
61105      -74.6
61106      -74.3
61107      -74.3
61108      -72.1
61109      -72.6
61110      -67.6
61111      -64.2
61112      -57.9
61113      -59.8
61114      -58.6
61115      -55.7
61116      -53.4
61117      -51.6
61118      -48.2
61119      -44.6
61120      -43.2
61121      -39.6
61122      -37.3
61123      -34.8
61124      -33.1
61125      -32.6
61126      -29.1
61127      -25.8
61128      -24.6
61129      -20.1
61130      -18.6
61131      -17.8
61132      -16.4
61133      -16.4
61134      -17.7
61135      -15.1
61136      -14.3
61137      -10.6
61138       -8.0
61139       -5.5
61140       -7.9
61141       -6.1
61142       -5.4
61143       -5.6
61144       -9.5
61145      -10.5
61146      -10.2
61147       -7.5
61148       -6.8
61149       -7.4
61150       -7.7
61151       -7.6
61152       -5.5
61153       -6.0
61154       -3.9
61155       -2.8
61156       -6.5
61157       -5.8
61158       -5.3
61159       -5.1
61160       -4.8
61161       -2.2
61162       -1.6
61163       -0.3
61164       -1.7
61165       -0.6
61166       -4.0
61167       -3.5
61168       -2.1
61169       -2.0
61170       -2.8
61171       -2.7
61172       -1.1
61173       -3.7
61174       -4.7
61175       -5.0
61176       -5.9
61177       -5.1
61178       -3.9
61179       -4.8
61180       -4.6
61181       -4.6
61182       -6.6
61183       -7.7
61184      -13.0
61185      -15.0
61186      -14.1
61187      -17.5
61188      -16.6
61189      -16.0
61190      -19.7
61191      -18.8
61192      -17.8
61193      -18.8
61194      -20.1
61195      -22.1
61196      -21.7
61197      -20.9
61198      -19.7
61199      -19.8
61200      -19.6
61201      -19.1
61202      -18.5
61203      -16.7
61204      -18.8
61205      -20.2
61206      -19.5
61207      -19.9
61208      -21.4
61209      -19.5
61210      -18.5
61211      -16.5
61212      -16.0
61213      -15.1
61214      -16.6
61215      -16.9
61216      -16.0
61217      -16.2
61218      -14.8
61219      -15.2

# UTC remains available from the monthly Circular T at
# (http://www.bipm.org/en/bipm-services/timescales/time-ftp/Circular-T.html).
