# MJD  [UTCr-UTC(IGNA)]/ns
56467     2168.5
56468     2184.2
56469     2204.0
56470     2217.2
56471     2235.4
56472     2253.2
56473     2267.6
56474     2287.9
56475     2303.3
56476     2323.7
56477     2341.3
56478     2358.3
56479     2379.0
56480     2397.2
56481     2414.5
56482     2435.0
56483     2455.8
56484     2475.6
56485     2493.5
56486     2515.2
56487     2537.1
56488     2555.9
56489     2569.3
56490     2585.7
56491     2605.4
56492     2621.0
56493     2641.6
56494     2662.1
56495     2681.1
56496     2700.0
56497     2720.6
56498     2741.7
56499     2765.2
56500     2787.6
56501     2809.5
56502     2828.8
56503     2852.8
56504     2872.6
56505     2887.2
56506     2908.0
56507     2922.6
56508     2943.9
56509     2965.8
56510     2985.6
56511     3006.4
56512     3025.8
56513     3046.5
56514     3067.2
56515     3086.9
56516     3104.1
56517     3124.3
56518     3140.9
56519     3164.7
56520     3183.4
56521     3196.2
56522     3220.7
56523     3239.9
56524     3261.5
56525     3281.7
56526     3303.6
56527     3326.3
56528     3344.7
56529     3367.2
56530     3387.8
56531     3407.6
56532     3425.0
56533     3447.6
56534     3466.1
56535     3485.9
56536     3503.2
56537     3525.5
56538     3543.4
56539     3564.3
56540     3585.3
56541     3605.3
56542          -
56543          -
56544     3664.8
56545     3682.5
56546     3700.9
56547     3721.4
56548     3743.6
56549     3764.3
56550     3786.1
56551     3814.5
56552          -
56553     3847.6
56554     3867.0
56555     3889.5
56556     3906.8
56557     3926.0
56558     3946.1
56559     3967.4
56560     3987.3
56561     4007.2
56562     4028.5
56563     4044.4
56564     4071.2
56565     4090.8
56566     4111.3
56567     4131.6
56568     4152.0
56569     4167.6
56570     4183.0
56571     4203.9
56572     4217.8
56573     4236.2
56574     4253.0
56575     4275.4
56576     4294.9
56577     4316.0
56578     4331.6
56579     4350.5
56580     4368.9
56581     4385.7
56582     4407.1
56583     4425.9
56584     4445.3
56585     4464.3
56586     4483.7
56587     4503.4
56588     4521.0
56589     4542.1
56590     4562.4
56591     4583.0
56592     4602.8
56593     4621.9
56594     4637.8
56595     4654.7
56596     4669.3
56597     4686.0
56598     4705.1
56599     4724.0
56600     4743.7
56601     4763.2
56602     4778.5
56603     4799.6
56604     4817.1
56605     4836.3
56606     4854.3
56607     4874.2
56608     4896.3
56609     4917.7
56610     4938.8
56611     4959.7
56612     4977.3
56613     4995.7
56614     5013.0
56615     5034.7
56616     5054.3
56617     5073.5
56618     5088.8
56619     5103.9
56620     5125.5
56621     5144.1
56622     5161.7
56623     5180.8
56624     5201.0
56625     5222.1
56626     5240.7
56627     5261.9
56628     5281.7
56629     5299.8
56630     5317.5
56631     5335.7
56632     5350.1
56633     5368.5
56634     5384.9
56635     5408.9
56636     5422.7
56637     5443.4
56638     5464.6
56639     5479.6
56640     5496.3
56641     5514.7
56642     5537.4
56643     5559.4
56644     5577.1
56645     5594.7
56646     5612.4
56647     5632.7
56648     5653.2
56649     5672.7
56650     5693.5
56651     5705.5
56652     5723.8
56653     5745.9
56654     5761.6
56655     5786.5
56656     5806.9
56657     5823.6
56658     5841.9
56659     5859.2
56660     5878.2
56661     5899.5
56662     5920.9
56663     5940.8
56664     5956.5
56665     5977.5
56666     5990.4
56667     6008.6
56668     6027.3
56669     6048.5
56670     6065.0
56671     6086.4
56672     6104.6
56673     6123.5
56674     6146.7
56675     6161.8
56676     6179.6
56677     6200.4
56678     6221.0
56679     6239.1
56680     6257.2
56681     6274.7
56682     6294.8
56683     6315.1
56684     6334.6
56685     6353.2
56686     6370.4
56687     6387.5
56688     6406.9
56689     6427.4
56690     6442.0
56691     6457.4
56692     6473.2
56693     6492.3
56694     6508.9
56695     6522.7
56696     6540.3
56697     6560.5
56698     6578.8
56699     6602.3
56700     6620.3
56701          -
56702          -
56703          -
56704          -
56719          -
56720          -
56721          -
56722          -
56723      208.0
56724      220.6
56725      237.1
56726      254.6
56727      271.5
56728      289.8
56729      304.6
56730      320.2
56731      342.6
56732      362.5
56733      382.6
56734      402.6
56735      420.9
56736      433.1
56737      447.7
56738      462.1
56739      477.9
56740      498.5
56741      522.3
56742      537.6
56743      554.2
56744      570.8
56745      593.1
56746          -
56747          -
56748          -
56749      657.3
56750      675.8
56751      692.2
56752      706.0
56753      724.1
56754      740.5
56755      754.2
56756      773.6
56757      790.4
56758      807.8
56759      826.9
56760      845.8
56761      863.2
56762      882.2
56763      902.2
56764      915.6
56765      933.2
56766      949.9
56767      965.3
56768      983.2
56769     1001.0
56770     1015.1
56771     1031.0
56772     1045.6
56773     1064.7
56774     1078.1
56775     1096.4
56776     1112.0
56777     1128.8
56778     1146.6
56779     1162.2
56780     1185.7
56781     1202.2
56782     1225.1
56783     1241.0
56784     1259.4
56785     1274.2
56786     1282.7
56787          -
56788          -
56789          -
56790     1362.4
56791     1378.6
56792     1392.2
56793     1410.7
56794     1428.3
56795     1445.6
56796     1463.5
56797     1481.9
56798     1497.2
56799     1511.6
56800     1529.9
56801     1552.3
56802     1571.0
56803     1585.4
56804     1605.9
56805     1622.2
56806     1638.6
56807     1653.9
56808     1663.5
56809     1677.5
56810     1693.8
56811     1712.0
56812     1727.5
56813     1748.6
56814     1768.0
56815     1781.3
56816     1797.7
56817     1811.1
56818     1827.2
56819     1844.5
56820     1860.3
56821     1877.6
56822     1889.2
56823     1905.4
56824     1914.4
56825     1929.9
56826     1944.6
56827     1965.6
56828     1982.9
56829     2002.5
56830     2017.6
56831     2031.9
56832     2050.9
56833     2064.8
56834     2073.5
56835          -
56836          -
56837          -
56838          -
56839     2172.1
56840     2191.0
56841     2212.2
56842     2229.2
56843     2244.3
56844     2260.7
56845     2281.9
56846     2302.2
56847     2319.7
56848     2338.3
56849     2355.3
56850     2367.4
56851     2387.8
56852     2405.1
56853     2417.2
56854     2432.0
56855     2451.4
56856     2469.8
56857     2484.3
56858     2497.9
56859     2514.4
56860     2530.9
56861     2550.1
56862     2566.5
56863          -
56864          -
56865          -
56866     2635.9
56867     2650.2
56868     2666.4
56869     2684.3
56870     2700.8
56871          -
56872          -
56873     2751.0
56874     2768.6
56875     2785.8
56876     2804.8
56877     2823.3
56878     2841.3
56879     2857.8
56880     2868.3
56881     2882.5
56882     2904.0
56883     2919.1
56884     2934.6
56885     2951.9
56886     2969.0
56887     2988.5
56888     3006.9
56889     3021.7
56890     3037.9
56891     3054.0
56892     3066.1
56893     3081.6
56894     3097.5
56895     3118.0
56896     3135.0
56897     3153.5
56898     3177.5
56899     3193.9
56900     3211.0
56901     3226.2
56902     3244.3
56903     3261.1
56904     3280.3
56905     3298.8
56906     3320.8
56907     3336.5
56908     3353.3
56909     3370.5
56910     3390.6
56911     3406.2
56912     3426.4
56913     3440.9
56914     3457.8
56915     3476.1
56916     3494.1
56917     3512.0
56918     3529.1
56919     3544.2
56920     3563.2
56921     3580.1
56922     3597.3
56923     3614.4
56924     3632.2
56925     3652.4
56926     3671.0
56927     3688.9
56928     3698.6
56929     3724.4
56930     3738.8
56931     3758.3
56932     3774.4
56933     3791.4
56934     3808.0
56935     3823.2
56936     3848.6
56937     3868.3
56938     3883.4
56939     3897.6
56940     3919.2
56941     3937.3
56942     3948.1
56943     3963.0
56944     3982.4
56945     3997.8
56946     4013.7
56947     4032.1
56948     4048.7
56949     4067.6
56950     4083.6
56951     4105.5
56952     4124.6
56953     4143.8
56954     4164.6
56955     4182.6
56956     4200.9
56957     4222.2
56958     4239.2
56959     4255.4
56960     4274.4
56961     4290.5
56962     4305.9
56963     4324.4
56964     4343.0
56965     4363.2
56966     4380.1
56967     4392.9
56968     4417.8
56969     4434.1
56970     4446.6
56971     4461.4
56972     4481.3
56973     4499.3
56974     4514.9
56975     4534.0
56976     4547.2
56977     4562.4
56978     4580.5
56979     4596.4
56980     4613.9
56981     4632.5
56982     4642.9
56983     4664.1
56984     4682.2
56985     4703.6
56986     4717.8
56987     4736.8
56988     4753.3
56989     4774.4
56990     4793.4
56991     4813.7
56992     4831.0
56993     4849.6
56994     4872.8
56995          -
56996          -
56997          -
56998          -
57013          -
57014          -
57015          -
57016          -
57017          -
57018          -
57019          -
58308      -80.9
58309      -82.3
58310      -82.0
58311      -83.7
58312      -88.3
58313      -88.8
58314      -87.2
58315      -87.0
58316      -93.0
58317      -96.7
58318     -104.1
58319     -113.8
58320     -118.6
58321     -117.9
58322     -120.0
58323     -809.3
58324      147.4
58325          -
58326          -
58327          -
58328          -
58329        5.8
58330        8.5
58331        6.8
58332        7.5
58333        7.9
58334      -25.0
58335        6.3
58336        4.2
58337        3.6
58338        4.7
58339        5.6
58340        5.1
58341        4.7
58342        4.2
58343        5.4
58344        3.4
58345        3.7
58346       -0.0
58347        0.8
58348        6.4
58349        7.2
58350        7.9
58351        4.3
58352        4.3
58353        4.8
58354        5.9
58355        5.4
58356        3.8
58357        5.2
58358        7.4
58359        4.1
58360        7.8
58361        3.4
58362        3.6
58363        3.1
58364        6.0
58365        6.4
58366        5.6
58367        4.1
58368        4.0
58369        9.5
58370        5.5
58371       10.0
58372       10.0
58373        7.8
58374        5.3
58375        6.4
58376        6.6
58377        4.9
58378        8.9
58379        5.0
58380        9.4
58381        6.1
58382        5.3
58383        4.4
58384        9.2
58385        8.7
58386        8.6
58387        7.7
58388        9.8
58389        8.3
58390        7.5
58391        4.7
58392        5.2
58393        7.7
58394        4.0
58395        7.4
58396        4.6
58397        4.6
58398        9.1
58399        7.6
58400        6.9
58401       10.6
58402        5.4
58403        8.3
58404        4.0
58405        5.3
58406        1.2
58407        3.2
58408        5.0
58409        3.0
58410        3.1
58411        6.8
58412        4.0
58413        6.4
58414       11.3
58415        8.2
58416        9.8
58417        8.7
58418       10.1
58419       10.7
58420        7.1
58421        9.7
58422        6.6
58423        7.8
58424        9.4
58425       10.1
58426        4.9
58427        6.1
58428        7.5
58429        9.6
58430        9.5
58431        7.5
58432        9.6
58433        8.3
58434       10.1
58435        5.5
58436        8.2
58437        5.0
58438        8.6
58439        8.7
58440        6.8
58441        8.4
58442        4.5
58443        5.9
58444        6.9
58445        7.8
58446        6.5
58447        8.9
58448        8.5
58449       13.0
58450        8.5
58451        6.0
58452        6.8
58453        4.0
58454        6.2
58455        5.4
58456        6.3
58457        8.2
58458        3.9
58459        9.6
58460       11.3
58461       11.9
58462       10.9
58463       11.9
58464       11.6
58465       12.5
58466       10.5
58467        8.7
58468        7.8
58469        9.2
58470       13.1
58471       10.3
58472       11.2
58473       11.8
58474       12.9
58475        6.4
58476        8.8
58477       10.7
58478        8.3
58479       11.1
58480       10.9
58481       14.0
58482       14.4
58483          -
58484   -24149.2
58485   -23876.6
58486   -23890.8
58487   -23894.9
58488   -23897.0
58489   -23904.5
58490   -23900.5
58491          -
58492          -
58493          -
58494          -
58495          -
58496          -
58497     2176.2
58498     2175.7
58499     2185.2
58500     2184.4
58501     2188.7
58502     2188.3
58503     2183.9
58504     2183.9
58505     2182.7
58506     2213.6
58507       15.2
58508       11.7
58509       10.0
58510       17.0
58511       10.1
58512        9.2
58513        8.1
58514       10.7
58515       10.5
58516        6.6
58517       11.6
58518        5.9
58519        5.9
58520        5.7
58521        5.4
58522        7.3
58523       10.1
58524        7.8
58539          -
58540          -
58541          -
58542          -
58543          -
58544          -
58545          -
58546          -
58547          -
58548          -
58549          -
58550          -
58551        5.5
58552        5.2
58553        4.3
58554        6.6
58555        5.4
58556        8.5
58557        5.7
58558        5.7
58559        8.7
58560        7.8
58561        6.1
58562        4.9
58563        7.0
58564        2.1
58565        7.3
58566        7.5
58567        6.4
58568        9.7
58569        5.1
58570        3.7
58571        3.1
58572        2.5
58573       -0.2
58574        1.5
58575        1.8
58576        3.2
58577        4.4
58578        4.7
58579        4.7
58580        5.5
58581        5.6
58582        6.8
58583       11.9
58584       10.9
58585       10.8
58586        8.6
58587       10.5
58588        6.6
58589        6.7
58590        6.8
58591        4.8
58592        3.3
58593        4.7
58594        7.2
58595        7.5
58596        5.8
58597        7.0
58598       13.2
58599        9.7
58600       10.1
58601       10.7
58602        7.8
58603        7.3
58604        5.4
58605        9.1
58606        8.7
58607        7.8
58608        5.1
58609        8.9
58610        8.4
58611        8.7
58612       12.8
58613       11.4
58614       10.4
58615       12.1
58616       12.7
58617        9.0
58618        5.9
58619        7.1
58620        7.2
58621        6.1
58622        7.9
58623        5.4
58624        2.9
58625        3.8
58626        8.8
58627       10.3
58628        8.8
58629        7.7
58630       10.9
58631        5.0
58632        8.8
58633        4.8
58634       10.7
58635        7.1
58636        6.1
58637        7.4
58638       14.6
58639       10.6
58640        7.3
58641        8.1
58642        8.8
58643        6.5
58644        6.2
58645       10.6
58646        1.8
58647        4.9
58648        7.0
58649        7.0
58650        4.6
58651        6.1
58652        8.0
58653        6.2
58654        4.3
58655        6.9
58656        4.3
58657        6.6
58658        3.3
58659        5.9
58660        4.2
58661       -0.1
58662        1.8
58663        5.8
58664        0.4
58665        6.2
58666        4.2
58667        6.9
58668        4.9
58669        2.7
58670        5.0
58671        0.3
58672        3.3
58673        5.7
58674        3.7
58675        1.7
58676        7.2
58677        1.8
58678        4.4
58679        4.3
58680        6.3
58681        5.0
58682        2.7
58683        1.1
58684        3.9
58685        5.4
58686        9.3
58687        6.0
58688       10.3
58689        4.9
58690        7.3
58691        5.2
58692        3.3
58693        6.8
58694        6.4
58695        3.0
58696        7.6
58697        6.8
58698        6.7
58699        4.6
58700        9.8
58701        6.6
58702        9.9
58703       10.2
58704        5.7
58705        9.8
58706        8.4
58707        8.5
58708        4.0
58709        5.4
58710        6.5
58711        8.6
58712        8.6
58713        7.9
58714        5.5
58715        8.6
58716        8.2
58717        8.5
58718        9.3
58719        7.0
58720        9.3
58721       12.3
58722        9.6
58723        9.2
58724       11.1
58725       11.3
58726       10.7
58727       12.2
58728       11.3
58729        9.0
58730        7.2
58731       11.4
58732        8.6
58733        8.5
58734        7.8
58735       10.3
58736        7.4
58737       15.2
58738       13.0
58739        9.5
58740        4.6
58741        1.9
58742       -4.0
58743      -12.3
58744      -15.0
58745      -15.1
58746      -19.8
58747      -24.3
58748      -28.9
58749          -
58750          -
58751          -
58752          -
58753          -
58754          -
58755          -
58756          -
58757      -63.7
58758      -69.8
58759      -78.5
58760      -78.6
58761      -83.2
58762      -82.7
58763      -89.4
58764      -97.0
58765      -98.7
58766     -102.5
58767     -104.0
58768     -111.0
58769     -114.7
58770     -120.0
58771     -125.3
58772     -132.7
58773      -48.0
58774       10.6
58775        7.2
58776        5.4
58777        4.3
58778        2.5
58779       -1.8
58780       -6.8
58781       -4.3
58782       -6.7
58783       -7.2
58784      -11.4
58785       -8.9
58786      -14.2
58787      -13.8
58788      -15.3
58789      -20.9
58790      -28.1
58791      -32.9
58792      -34.4
58793          -
58794          -
58795          -
58796          -
58797          -
58812          -
58813          -
58814          -
58815          -
58816          -
58817          -
58818          -
58854          -
58855          -
58856          -
58857      -62.2
58858      -59.1
58859      -79.8
58860      -82.7
58861      -87.7
58862      -89.7
58863      -98.8
58864     -103.8
58865     -105.3
58866     -109.4
58867     -111.3
58868     -117.4
58869     -121.7
58870     -122.7
58871     -133.1
58872     -134.9
58873     -138.6
58874     -136.4
58875     -136.9
58876     -144.3
58877     -147.9
58878     -153.2
58879     -158.2
58880     -164.1
58881     -168.3
58882     -168.5
58883     -168.9
58884     -170.3
58885     -166.6
58886     -163.4
58887     -167.6
58888     -176.3
58889     -176.5
58890     -180.6
58891     -183.0
58892     -183.9
58893     -190.0
58894     -190.2
58895     -191.3
58896     -197.9
58897     -206.0
58898     -202.4
58899     -212.3
58900     -215.2
58901     -213.8
58902          -
58903          -
58904          -
58905          -
58906          -
58907          -
58908          -
58909          -
59400     7075.4
59401     7085.5
59402     7096.6
59403     7105.0
59404     7116.0
59405     7125.6
59406     7139.6
59407     7151.4
59408     7162.6
59409     7178.0
59410     7190.5
59411     7204.4
59412     7215.6
59413     7228.8
59414     7241.1
59415     7248.7
59416     7260.4
59417          -
59418          -
59419          -
59420          -
59421          -
59422          -
59423          -
59424          -
59425     7383.3
59426     7391.9
59427     7402.3
59428     7415.7
59429     7426.6
59430     7435.0
59431     7450.0
59432     7461.4
59433     7472.7
59434     7481.2
59435     7496.1
59436     7502.6
59437     7518.7
59438     7533.4
59439     7542.3
59440     7551.0
59441     7559.3
59442     7575.2
59443     7591.8
59444          -
59445     7618.7
59446     7634.2
59447     7639.0
59448     7648.9
59449     7663.4
59450     7679.0
59451     7690.8
59452     7705.7
59453     7719.2
59454     7731.1
59455     7743.2
59456          -
59457          -
59458          -
59459          -
59460          -
59461          -
59462          -
59463     7830.8
59464     7840.4
59465     7853.6
59466     7863.5
59467     7880.8
59468     7889.7
59469     7895.8
59470     7906.5
59471     7923.0
59472     7933.4
59473     7951.8
59474     7960.1
59475     7974.0
59476     7983.7
59477     7993.4
59478     8004.6
59479     8023.4
59480     8036.5
59481     8047.4
59482     8059.0
59483     8070.1
59484     8081.2
59485     8091.1
59486     8100.6
59487     8112.9
59488     8120.2
59489     8135.0
59490     8150.5
59491     8160.1
59492     8169.1
59493     8181.8
59494     8195.0
59495     8210.4
59496     8226.8
59497     8238.9
59498     8248.4
59499     8260.4
59500     8274.5
59501     8287.6
59502     8301.3
59503     8312.6
59504     8325.2
59505     8337.4
59506     8346.8
59507     8352.7
59508     8364.0
59509     8374.7
59510     8387.8
59511     8396.8
59512     8406.5
59513     8421.0
59514     8433.4
59515     8446.6
59516     8457.9
59517     8468.4
59518     8483.2
59519     8504.4
59520     8511.8
59521     8528.3
59522     8537.0
59523     8549.4
59524     8554.0
59525     8553.6
59526     8551.3
59527     8543.8
59528     8539.6
59529     8529.2
59530     8522.3
59531     8518.6
59532     8516.3
59533     8508.8
59534     8499.8
59535     8491.7
59536     8489.3
59537     8483.6
59538     8484.7
59539     8476.9
59540     8474.9
59541     8471.6
59542     8468.4
59543     8461.3
59544     8461.5
59545     8451.4
59546     8454.7
59547     8452.3
59548     8449.2
59549     8447.4
59550     8443.3
59551     8437.9
59552     8432.6
59553     8431.3
59554     8430.2
59555     8425.7
59556     8420.3
59557     8417.5
59558     8412.5
59559     8411.2
59560     8408.0
59561     8407.4
59562     8399.2
59563     8393.9
59564     8393.1
59565     8389.8
59566     8378.5
59567     8379.2
59617     -242.1
59618     -234.4
59619     -232.9
59620     -221.3
59621     -221.5
59622     -219.7
59623     -219.5
59624     -217.5
59625     -217.7
59626       36.4
59627        1.4
59628      -11.1
59629       40.8
59630       31.3
59631       22.4
59632       10.7
59633        2.3
59634       -1.8
59635       -7.7
59636       -9.1
59637      -37.6
59638      -61.3
59639      -88.7
59640     -117.2
59641     -141.8
59642     -173.1
59643     -204.8
59644     -234.4
59645     -258.3
59646     -288.2
59647     -314.6
59648     -343.3
59649     -371.0
59650     -396.5
59651     -426.7
59652     -448.6
59653     -481.2
59654     -511.9
59655     -540.7
59656     -570.5
59657     -601.8
59658     -634.7
59659     -665.9
59660     -697.8
59661     -724.8
59662     -758.8
59663     -789.7
59664     -817.6
59665     -845.2
59666     -872.1
59667     -894.8
59668     -926.8
59669     -955.9
59670     -989.8
59671    -1015.2
59672    -1040.9
59673    -1065.8
59674    -1091.8
59675    -1119.7
59676    -1150.7
59677    -1179.4
59678    -1211.4
59679    -1236.9
59680    -1268.2
59681    -1294.5
59682      -11.8
59683       -5.7
59684      -11.5
59685      -21.3
59686      -28.1
59687      -32.0
59688      -44.1
59689      -54.4
59690      -55.7
59691      -61.7
59692      -64.3
59693      -70.9
59694      -82.6
59695      -91.3
59696      -95.0
59697      -94.2
59698          -
59699          -
59700          -
59701     -128.5
59702     -129.9
59703     -131.4
59704     -134.6
59705     -134.9
59706     -141.5
59707     -144.9
59708     -152.9
59709     -157.4
59710     -167.5
59711     -173.6
59712      -31.7
59713      -33.3
59714      -35.3
59715      -40.0
59716      -44.9
59717      -57.8
59718      -70.0
59719      -73.1
59720      -78.6
59721      -77.4
59722      -80.5
59723      -83.6
59724      -86.7
59725      -89.0
59726      -90.9
59727      -98.2
59728     -103.1
59729     -110.7
59730     -113.9
59731     -114.9
59732     -125.4
59733       -7.9
59734       14.1
59735       30.5
59736       49.1
59737       70.5
59738       92.6
59739      114.3
59740      131.8
59741      153.5
59742      178.8
59743      197.1
59744      216.8
59745      233.2
59746      251.4
59747      273.0
59748      291.2
59749      310.9
59750      328.8
59751      347.4
59752      366.1
59753      384.2
59754          -
59755      -28.1
59756       -6.1
59757       10.5
59758       30.7
59759       54.3
59760       73.0
59761       92.3
59762       13.7
59763       34.0
59764       48.3
59765       69.3
59766       89.3
59767      102.5
59768      121.2
59769      138.0
59770      160.0
59771      184.0
59772      206.4
59773      230.3
59774      246.7
59775      267.1
59776      286.9
59777      305.3
59778      323.0
59779      340.3
59780      362.0
59781      380.6
59782      403.3
59783      422.9
59784      443.7
59785      463.8
59786      483.2
59787      507.2
59788    -1276.0
59789          -
59790          -
59791          -
59792          -
59793          -
59794        3.3
59795        7.9
59796        9.1
59797        8.2
59798        9.3
59799       14.0
59800        8.8
59801       10.0
59802        9.1
59803        8.6
59804        7.0
59805        7.4
59806        6.3
59807        7.2
59808        7.2
59809        7.9
59810        7.4
59811        7.5
59812        7.7
59813        8.2
59814        8.0
59815        8.0
59816        7.8
59817        8.0
59818        8.1
59819        9.3
59820        8.2
59821        7.9
59822        7.9
59823        7.9
59824        8.2
59825        8.6
59826       10.9
59827       11.4
59828       10.2
59829        9.2
59830        8.2
59831        7.1
59832        6.9
59833        6.0
59834        5.6
59835        7.7
59836        7.6
59837       10.7
59838        9.5
59839       11.2
59840       11.0
59841       10.3
59842       11.4
59843          -
59844          -
59845       19.2
59846       22.2
59847       22.7
59848       27.9
59849       32.0
59850       32.6
59851       39.8
59852       48.4
59853       50.9
59854       54.5
59855       52.7
59856       62.1
59857       66.0
59858       61.5
59859       69.9
59860       76.8
59861       80.2
59862       83.8
59863       84.2
59864       86.1
59865       91.5
59866       95.8
59867       98.0
59868       96.8
59869      103.1
59870      102.9
59871      104.5
59872      114.4
59873      115.0
59874      118.3
59875      119.0
59876      116.2
59877      119.6
59878      124.9
59879      132.9
59880      130.7
59881      134.9
59882      134.5
59883      138.2
59884      147.2
59885      154.4
59886      157.4
59887      165.5
59888      165.7
59889      163.7
59890      170.0
59891      176.6
59892      183.6
59893          -
59894          -
59895          -
59896          -
59897          -
59898          -
59899      202.8
59900          -
59901       38.7
59902       22.8
59903        2.8
59904      -10.0
59905      -27.6
59906      -49.5
59907      -66.5
59908      -87.2
59909      -92.3
59910     -107.4
59911     -116.8
59912     -135.5
59913     -155.6
59914     -170.7
59915     -186.5
59916     -195.8
59917     -212.3
59918     -223.1
59919     -236.4
59920     -248.8
59921     -262.5
59922     -279.1
59923     -298.6
59924     -307.5
59925     -322.0
59926     -334.8
59927     -349.0
59928     -363.4
59929     -377.4
59930     -391.1
59931     -409.9
59932     -424.0
59933     -438.6
59934     -455.2
59935     -468.9
59936     -485.8
59937     -505.6
59938     -520.8
59939     -535.7
59940     -550.8
59941     -567.9
59942     -581.7
59943     -593.6
59944     -609.3
59945     -623.4
59946     -635.8
59947     -651.0
59948     -658.4
59949     -684.7
59950     -690.7
59951     -708.2
59952     -727.7
59953     -747.1
59954     -767.7
59955     -779.9
59956     -793.7
59957     -804.2
59958     -820.0
59959     -834.1
59960     -851.0
59961     -865.7
59962     -881.4
59963     -895.5
59964     -908.6
59965     -917.1
59966     -938.1
59967     -952.5
59968     -971.4
59969     -991.6
59970    -1004.5
59971    -1018.8
59972    -1032.0
59973    -1048.3
59974    -1064.8
59975    -1077.0
59976    -1093.1
59977    -1106.1
59978    -1119.3
59979    -1132.1
59980    -1146.3
59981    -1161.3
59982    -1176.2
59983    -1192.5
59984    -1205.2
59985    -1216.0
59986    -1230.3
59987    -1242.9
59988    -1253.4
59989    -1265.2
59990    -1274.9
59991    -1292.7
59992    -1312.7
59993    -1333.8
59994    -1344.3
59995    -1359.0
59996    -1369.8
59997    -1391.3
59998    -1406.2
59999    -1425.0
60000    -1436.2
60001    -1446.6
60002    -1460.1
60003    -1480.5
60004    -1488.2
60005    -1508.3
60006    -1519.3
60007    -1530.8
60008    -1543.4
60009    -1555.1
60010    -1570.3
60011    -1580.8
60012    -1597.6
60013    -1610.7
60014    -1623.3
60015    -1634.6
60016    -1644.7
60017    -1660.8
60018    -1660.9
60019    -1682.1
60020    -1699.3
60021    -1715.4
60022    -1733.9
60023    -1747.8
60024    -1765.7
60025    -1784.3
60026    -1797.1
60027    -1801.4
60028    -1825.0
60029    -1848.0
60030    -1860.9
60031    -1851.8
60032          -
60033    -1900.8
60034    -1916.7
60035    -1931.5
60036    -1949.0
60037    -1968.4
60038    -1984.0
60039    -2004.6
60040    -2021.1
60041    -2037.2
60042    -2055.3
60043    -2069.9
60044    -2079.2
60045    -2095.1
60046    -2108.3
60047    -2129.4
60048    -2142.3
60049    -2156.8
60050    -2168.4
60051    -2178.5
60052    -2190.5
60053    -2202.6
60054    -2219.5
60055    -2235.4
60056    -2247.7
60057    -2266.0
60058    -2276.6
60059    -2292.0
60060    -2307.7
60061    -2320.2
60062    -2333.3
60063    -2352.9
60064    -2375.4
60065    -2394.2
60066    -2405.5
60067    -2425.8
60068    -2443.7
60069    -2460.6
60070    -2474.1
60071    -2488.2
60072    -2511.0
60073    -2531.4
60074    -2546.9
60075    -2560.5
60076    -2579.7
60077    -2602.1
60078    -2618.5
60079    -2636.1
60080    -2657.7
60081    -2671.1
60082    -2689.1
60083    -2701.5
60084    -2717.8
60085    -2731.6
60086    -2752.4
60087    -2763.7
60088    -2774.5
60089    -2791.1
60090    -2801.5
60091    -2812.6
60092    -2829.1
60093    -2845.6
60094    -2861.0
60095    -2880.3
60096    -2896.0
60097    -2908.6
60098    -2926.3
60099    -2943.6
60100    -2959.0
60101    -2974.1
60102    -2989.3
60103    -2999.7
60104    -3011.6
60105    -3027.5
60106    -3040.8
60107    -3057.8
60108    -3075.2
60109    -3092.5
60110    -3115.1
60111    -3125.8
60112    -3138.2
60113    -3150.9
60114    -3168.7
60115    -3181.2
60116    -3197.6
60117    -3212.3
60118    -3225.3
60119    -3238.2
60120    -3252.5
60121    -3270.9
60122    -3282.2
60123    -3294.5
60124    -3317.6
60125    -3331.9
60126    -3347.9
60127    -3363.0
60128    -3383.7
60129    -3404.1
60130    -3418.9
60131    -3428.1
60132    -3442.2
60133    -3455.5
60134    -3472.1
60135    -3481.9
60136    -3496.1
60137    -3513.6
60138    -3534.5
60139    -3555.3
60140    -3572.2
60141    -3593.8
60142    -3607.7
60143    -3618.4
60144    -3630.2
60145    -3644.8
60146    -3655.6
60147    -3669.2
60148    -3678.5
60149    -3691.2
60150    -3701.0
60151    -3718.2
60152    -3735.6
60153    -3751.5
60154    -3762.0
60155    -3773.8
60156    -3787.4
60157    -3797.1
60158    -3815.0
60159    -3831.4
60160    -3846.4
60161    -3857.6
60162    -3873.8
60163    -3885.9
60164    -3895.5
60165    -3908.4
60166    -3926.6
60167    -3943.3
60168    -3959.6
60169    -3975.1
60170    -3986.7
60171    -4000.1
60172    -4011.7
60173    -4029.1
60174    -4044.5
60175    -4055.9
60176    -4066.2
60177    -4079.5
60178    -4094.3
60179    -4108.3
60180    -4121.0
60181    -4133.9
60182    -4154.4
60183    -4169.2
60184    -4184.3
60185    -4199.6
60186    -4217.7
60187    -4234.2
60188    -4247.7
60189    -4262.5
60190    -4275.4
60191    -4292.4
60192    -4305.6
60193    -4326.8
60194    -4343.3
60195    -4354.8
60196    -4371.0
60197    -4382.3
60198    -4398.6
60199    -4412.7
60200    -4425.2
60201    -4441.2
60202    -4451.6
60203    -4468.6
60204    -4485.2
60205    -4502.6
60206    -4518.8
60207    -4534.3
60208    -4553.0
60209    -4568.3
60210    -4576.4
60211    -4595.2
60212    -4603.5
60213    -4614.8
60214    -4627.5
60215    -4650.9
60216    -4668.4
60217    -4678.5
60218    -4692.7
60219    -4701.9
60220    -4719.4
60221    -4735.5
60222    -4745.5
60223    -4760.5
60224    -4764.6
60225          -
60240          -
60241    -5022.9
60242    -5036.7
60243    -5054.0
60244    -5063.7
60245    -5082.0
60246    -5089.4
60247    -5105.2
60248    -5122.2
60249    -5134.6
60250    -5148.9
60251    -5156.1
60252    -5170.8
60253    -5182.5
60254    -5202.9
60255    -5217.1
60256    -5233.5
60257    -5250.9
60258    -5268.2
60259    -5283.5
60260    -5299.6
60261    -5318.9
60262    -5340.7
60263    -5354.8
60264    -5368.5
60265    -5383.3
60266    -5400.9
60267    -5421.1
60268    -5439.1
60269    -5446.0
60270    -5454.0
60271    -5470.6
60272    -5486.1
60273    -5497.4
60274    -5512.3
60275    -5522.2
60276    -5534.3
60277    -5549.6
60278    -5569.7
60279    -5587.5
60280    -5598.3
60281    -5625.3
60282    -5633.3
60283    -5649.7
60284    -5667.5
60285    -5678.7
60286    -5695.4
60287    -5708.4
60288    -5720.5
60289    -5739.4
60290    -5747.6
60291    -5765.7
60292    -5780.6
60293    -5801.4
60294    -5814.8
60295    -5826.8
60296    -5847.2
60297    -5859.2
60298    -5874.3
60299    -5886.9
60300    -5895.7
60301    -5906.6
60302    -5925.0
60303    -5935.2
60304    -5954.9
60305    -5971.4
60306    -5976.1
60307    -5987.0
60308    -5998.4
60309    -6018.4
60310    -6027.3
60311    -6040.4
60312    -6061.9
60313    -6075.1
60314    -6089.1
60315    -6102.1
60316    -6120.0
60317    -6134.2
60318    -6145.7
60319    -6154.6
60320    -6168.7
60321    -6188.2
60322    -6196.7
60323    -6217.7
60324    -6230.7
60325    -6246.1
60326    -6264.0
60327    -6278.1
60328    -6290.0
60329    -6307.3
60330    -6312.9
60331    -6328.1
60332    -6339.6
60333    -6348.1
60334    -6371.4
60335    -6382.0
60336    -6401.7
60337    -6416.2
60338    -6423.3
60339    -6443.3
60340    -6460.3
60341    -6469.5
60342    -6484.3
60343    -6502.6
60344    -6514.6
60345    -6526.5
60346    -6543.4
60347    -6554.9
60348    -6572.1
60349    -6587.5
60350    -6603.5
60351    -6616.6
60352    -6628.2
60353    -6645.3
60354    -6663.0
60355    -6678.2
60356    -6690.7
60357    -6703.5
60358    -6714.5
60359    -6724.9
60360    -6736.1
60361    -6757.5
60362    -6773.8
60363    -6783.3
60364    -6795.5
60365    -6810.9
60366    -6824.9
60367    -6830.7
60368    -6843.3
60369    -6860.5
60370    -6873.0
60371    -6884.7
60372    -6898.6
60373    -6906.1
60374    -6928.4
60375    -6945.3
60376    -6960.8
60377    -6972.8
60378    -6990.3
60379    -7010.1
60380    -7024.8
60381    -7037.1
60382    -7053.4
60383    -7074.7
60384    -7086.6
60385    -7095.7
60386    -7112.4
60387    -7125.1
60388    -7143.0
60389    -7155.1
60390    -7164.3
60391    -7176.2
60392    -7191.9
60393    -7203.7
60394    -7216.6
60395    -7230.1
60396    -7247.2
60397    -7241.9
60398    -7286.7
60399    -7300.5
60400    -7315.3
60401          -
60402          -
60403          -
60404    -7371.7
60405    -7383.2
60406    -7408.6
60407    -7428.2
60408    -7446.5
60409    -7460.1
60410    -7476.3
60411    -7492.3
60412    -7510.5
60413    -7525.3
60414    -7543.6
60415    -7557.2
60416    -7564.7
60417    -7574.9
60418    -7588.2
60419    -7601.2
60420    -7604.3
60421    -7618.9
60422    -7631.1
60423    -7647.1
60424    -7659.7
60425    -7677.7
60426    -7695.0
60427    -7707.1
60428    -7721.9
60429    -7739.7
60430    -7757.9
60431    -7776.5
60432    -7792.3
60433    -7804.9
60434    -7829.0
60435    -7847.1
60436    -7858.6
60437    -7875.3
60438    -7889.6
60439    -7906.1
60440    -7918.2
60441    -7919.3
60442    -7941.9
60443    -7958.7
60444    -7969.6
60445    -7988.5
60446    -7999.2
60447    -8011.3
60448    -8023.2
60449    -8038.8
60450    -8053.8
60451    -8076.5
60452    -8094.0
60453    -8109.0
60454    -8116.0
60455    -8134.7
60456    -8152.5
60457    -8164.1
60458    -8180.8
60459    -8197.3
60460    -8210.7
60461    -8226.9
60462    -8240.3
60463    -8247.8
60464    -8261.4
60465    -8271.2
60466    -8285.5
60467    -8297.9
60468    -8308.8
60469    -8321.3
60470    -8338.5
60471    -8353.7
60472    -8370.7
60473    -8385.5
60474    -8401.1
60475          -
60476          -
60477          -
60485          -
60486          -
60487          -
60488          -
60489          -
60490          -
60491          -
60492          -
60493          -
60494          -
60495          -
60496          -
60497          -
60498          -

# UTC remains available from the monthly Circular T at
# (http://www.bipm.org/en/bipm-services/timescales/time-ftp/Circular-T.html).
