# MJD  [UTCr-UTC(BEV)]/ns
56467       18.9
56468       20.0
56469       21.2
56470       20.4
56471       19.9
56472       24.6
56473       26.0
56474       33.4
56475       30.4
56476          -
56477          -
56478          -
56479          -
56480          -
56481       26.4
56482       26.8
56483       26.3
56484       28.8
56485       25.9
56486       27.6
56487       29.5
56488       30.9
56489       34.6
56490       34.7
56491       37.5
56492       39.7
56493       41.2
56494       39.4
56495       41.6
56496       41.8
56497       45.1
56498       46.1
56499       47.5
56500       50.7
56501       49.7
56502       47.0
56503       47.5
56504       50.4
56505       51.2
56506       50.3
56507       48.4
56508       49.5
56509       50.5
56510       51.0
56511       56.2
56512       56.5
56513       58.5
56514       57.3
56515       60.9
56516       60.1
56517       63.5
56518       62.7
56519       59.9
56520       65.0
56521       65.5
56522       67.4
56523       63.9
56524       64.3
56525       62.0
56526       56.9
56527       54.0
56528       48.8
56529       45.6
56530       45.5
56531       43.7
56532       42.0
56533       39.8
56534       38.5
56535       35.6
56536       33.0
56537       30.1
56538       26.0
56539       28.2
56540       27.4
56541       25.8
56542       19.6
56543       18.0
56544       12.9
56545       11.1
56546        6.4
56547        3.0
56548        2.1
56549       -1.8
56550       -5.1
56551       -4.3
56552       -5.5
56553       -7.0
56554       -6.1
56555      -10.7
56556      -12.7
56557      -17.0
56558      -20.9
56559      -23.8
56560      -24.7
56561      -30.5
56562      -32.3
56563      -35.2
56564      -35.9
56565      -42.6
56566      -45.9
56567      -49.5
56568      -50.8
56569      -55.2
56570      -58.2
56571      -59.5
56572      -61.3
56573      -58.4
56574      -57.9
56575      -56.7
56576      -60.3
56577      -57.9
56578      -57.1
56579      -55.8
56580      -51.5
56581      -53.7
56582      -49.9
56583      -48.9
56584      -47.4
56585      -45.3
56586      -45.1
56587      -46.0
56588      -45.7
56589      -42.0
56590      -41.4
56591      -38.5
56592      -38.4
56593      -36.1
56594      -37.0
56595      -31.8
56596      -25.5
56597      -26.1
56598      -20.5
56599      -20.9
56600      -19.8
56601      -15.1
56602      -11.8
56603       -7.9
56604       -9.6
56605      -11.6
56606      -10.3
56607       -5.2
56608       -0.5
56609       -0.2
56610        4.1
56611        4.1
56612        5.3
56613        5.2
56614        6.7
56615        9.4
56616       12.9
56617       13.0
56618       16.2
56619       17.0
56620       19.1
56621       15.9
56622       17.6
56623       19.7
56624       20.2
56625       24.6
56626       25.6
56627       26.6
56628       29.9
56629       35.3
56630       41.2
56631       40.9
56632       43.6
56633       45.4
56634       46.6
56635       46.9
56636       45.2
56637       43.7
56638       41.8
56639       42.3
56640       39.2
56641       35.3
56642       35.1
56643       37.8
56644       36.7
56645       36.5
56646       37.3
56647       35.9
56648       38.7
56649       35.2
56650       34.5
56651       35.5
56652       31.8
56653       29.6
56654       28.7
56655       31.9
56656       31.4
56657       29.7
56658       27.8
56659       28.6
56660       25.1
56661       23.1
56662       21.6
56663       24.7
56664       21.8
56665       19.1
56666       19.4
56667       21.1
56668       17.6
56669       17.4
56670       11.5
56671        9.6
56672        8.5
56673        6.3
56674        4.0
56675        0.2
56676       -0.2
56677       -0.4
56678       -0.3
56679       -1.3
56680       -0.2
56681       -1.0
56682       -1.8
56683       -2.8
56684       -6.0
56685       -8.4
56686       -9.3
56687      -12.4
56688      -16.4
56689      -15.2
56690      -17.2
56691      -17.3
56692      -18.3
56693      -23.3
56694      -20.3
56695      -23.2
56696      -21.2
56697      -17.8
56698      -17.5
56699      -14.0
56700      -14.6
56701       -9.8
56702       -9.9
56703       -6.5
56704       -5.5
56705       -7.0
56706       -5.5
56707       -8.5
56708       -9.0
56709       -5.7
56710       -8.4
56711       -6.0
56712       -7.8
56713       -8.5
56714      -10.2
56715      -12.2
56716      -13.7
56717      -10.1
56718      -10.3
56719      -12.5
56720       -8.3
56721      -11.4
56722      -14.4
56723      -11.6
56724       -8.3
56725       -8.8
56726       -9.5
56727      -10.8
56728       -9.2
56729      -10.0
56730      -11.2
56731      -14.5
56732      -12.6
56733      -12.1
56734      -18.6
56735      -20.1
56736      -20.5
56737      -23.4
56738      -20.6
56739      -20.8
56740      -16.2
56741      -14.2
56742      -12.0
56743      -11.7
56744      -11.8
56745      -10.2
56746      -10.8
56747      -11.0
56748      -13.3
56749      -11.6
56750       -7.7
56751       -6.8
56752       -7.5
56753       -6.9
56754       -7.1
56755       -7.9
56756      -10.0
56757      -10.2
56758      -10.3
56759       -8.9
56760       -9.2
56761       -4.4
56762       -3.5
56763        1.1
56764       -3.4
56765       -3.0
56766       -6.1
56767       -4.8
56768       -6.0
56769       -3.4
56770        3.8
56771        1.2
56772       -0.3
56773        1.8
56774        1.3
56775        1.5
56776       -0.8
56777       -3.2
56778       -3.0
56779       -9.3
56780       -8.3
56781       -6.2
56782        1.1
56783        1.0
56784       -0.5
56785       -0.3
56786        1.4
56787        3.5
56788        3.3
56789        2.0
56790       -0.0
56791        0.6
56792       -1.9
56793       -2.0
56794       -4.6
56795       -2.7
56796       -3.0
56797       -1.2
56798       -5.0
56799       -3.8
56800       -2.3
56801       -2.1
56802       -5.4
56803       -8.2
56804      -11.6
56805      -12.4
56806      -10.4
56807      -12.4
56808      -17.2
56809      -18.3
56810      -16.4
56811      -12.0
56812      -12.1
56813      -11.9
56814      -15.2
56815      -13.5
56816      -15.7
56817      -16.0
56818      -16.4
56819      -17.7
56820      -19.4
56821      -19.9
56822      -18.4
56823      -21.0
56824      -18.5
56825      -21.4
56826      -22.7
56827      -23.4
56828      -23.6
56829      -22.9
56830      -27.8
56831      -29.1
56832      -29.0
56833      -27.2
56834      -28.4
56835      -29.4
56836      -32.9
56837      -29.8
56838      -31.4
56839      -32.0
56840      -31.3
56841      -30.7
56842      -32.3
56843      -33.6
56844      -36.5
56845      -34.6
56846      -36.3
56847      -38.7
56848      -36.4
56849      -36.1
56850      -34.4
56851      -33.5
56852      -33.1
56853      -32.8
56854      -32.6
56855      -32.4
56856      -32.9
56857      -33.0
56858      -31.8
56859      -31.5
56860      -29.6
56861      -27.6
56862      -28.7
56863      -25.0
56864      -23.8
56865      -22.8
56866      -19.1
56867      -17.7
56868      -19.8
56869      -19.9
56870      -17.8
56871      -15.1
56872      -14.9
56873      -14.1
56874      -12.6
56875       -9.7
56876       -6.9
56877       -8.1
56878      -11.1
56879      -11.7
56880      -11.1
56881       -9.2
56882       -9.8
56883      -10.8
56884       -8.2
56885       -7.6
56886       -7.8
56887       -9.8
56888       -9.8
56889      -12.6
56890      -14.1
56891      -13.1
56892      -16.7
56893      -17.9
56894      -15.7
56895      -14.9
56896      -12.6
56897       -5.3
56898       -6.0
56899       -5.2
56900       -4.9
56901       -4.9
56902       -5.3
56903       -7.9
56904       -5.5
56905       -5.3
56906       -6.0
56907       -3.6
56908       -1.9
56909       -3.9
56910       -4.4
56911       -4.4
56912       -6.0
56913       -5.1
56914       -3.4
56915       -5.2
56916       -5.7
56917       -3.5
56918       -4.7
56919       -4.1
56920       -3.3
56921       -2.8
56922       -4.9
56923       -5.8
56924       -4.3
56925       -6.6
56926       -4.1
56927       -4.0
56928       -2.7
56929       -1.7
56930       -2.3
56931        0.4
56932        2.3
56933        4.2
56934        4.6
56935        4.4
56936        0.8
56937       -0.9
56938        1.0
56939        1.5
56940        3.4
56941        4.7
56942        6.8
56943        6.0
56944        5.2
56945        2.8
56946        2.9
56947        5.6
56948        5.2
56949        7.5
56950        4.6
56951        4.2
56952        4.1
56953        8.3
56954       10.2
56955       10.7
56956        8.6
56957        8.3
56958        8.3
56959        7.7
56960        7.7
56961        8.4
56962        8.1
56963        8.0
56964        8.7
56965        8.4
56966       10.2
56967        9.2
56968        9.6
56969       12.1
56970       15.7
56971       14.5
56972       15.8
56973       18.5
56974       19.6
56975       20.7
56976       20.0
56977       25.6
56978       28.7
56979       25.4
56980       21.0
56981       20.2
56982       19.2
56983       21.9
56984       23.9
56985       28.6
56986       32.0
56987       32.9
56988       33.2
56989       36.3
56990       37.0
56991       37.6
56992       35.9
56993       35.7
56994       36.1
56995       35.3
56996       39.7
56997       44.5
56998       43.1
56999       45.6
57000       49.5
57001       51.4
57002       50.8
57003       50.2
57004       50.7
57005       47.3
57006       44.5
57007       42.1
57008       40.9
57009       40.5
57010       43.0
57011       41.0
57012       38.9
57013       41.1
57014       42.6
57015       42.2
57016       39.1
57017       38.6
57018       34.7
57019       31.0
57020       29.9
57021       28.4
57022       28.8
57023       26.9
57024       26.8
57025       28.2
57026       29.2
57027       25.1
57028       20.8
57029       21.8
57030       20.8
57031       19.0
57032       17.4
57033       18.9
57034       14.0
57035       13.3
57036       11.1
57037        9.8
57038       11.0
57039       10.6
57040        8.5
57041        7.8
57042        5.6
57043        5.1
57044        8.7
57045        8.1
57046        3.6
57047        5.0
57048        6.3
57049        8.3
57050        8.9
57051        9.8
57052        9.5
57053        5.6
57054        4.1
57055        7.0
57056        5.3
57057        3.6
57058       -0.2
57059       -1.1
57060       -3.3
57061       -2.9
57062       -3.2
57063       -6.0
57064       -8.3
57065       -9.5
57066       -9.9
57067      -10.6
57068      -13.3
57069      -18.3
57070      -18.9
57071      -18.4
57072      -20.6
57073      -21.9
57074      -26.3
57075      -30.7
57076      -30.9
57077      -30.0
57078      -31.3
57079      -35.4
57080      -37.2
57081      -35.2
57082      -36.8
57083      -40.8
57084      -38.5
57085      -34.0
57086      -33.0
57087      -31.5
57088      -30.6
57089      -30.1
57090      -32.6
57091      -36.1
57092      -34.4
57093      -34.9
57094      -36.4
57095      -33.6
57096      -31.2
57097      -29.0
57098      -28.0
57099      -28.3
57100      -27.1
57101      -26.9
57102      -31.3
57103      -34.5
57104      -31.2
57105      -29.2
57106      -26.4
57107      -29.8
57108      -29.6
57109      -26.8
57110      -28.7
57111      -29.7
57112      -27.5
57113      -25.6
57114      -24.6
57115      -24.6
57116      -25.5
57117      -22.8
57118      -19.5
57119      -21.6
57120      -21.1
57121      -16.7
57122      -14.9
57123      -15.0
57124      -15.1
57125      -13.1
57126      -14.5
57127      -15.1
57128      -15.2
57129      -18.8
57130      -18.2
57131      -16.8
57132      -16.8
57133      -19.0
57134      -24.6
57135      -24.1
57136      -21.8
57137      -22.8
57138      -23.2
57139      -24.6
57140      -27.0
57141      -25.7
57142      -23.5
57143      -23.5
57144      -25.1
57145      -26.5
57146      -24.1
57147      -27.3
57148      -28.3
57149      -28.9
57150      -29.0
57151      -25.0
57152      -24.6
57153      -23.7
57154      -25.5
57155      -27.8
57156      -26.6
57157      -26.4
57158      -27.7
57159      -28.8
57160      -33.0
57161      -33.9
57162      -35.3
57163      -36.4
57164      -36.9
57165      -34.4
57166      -35.1
57167      -35.1
57168      -35.4
57169      -39.9
57170      -42.3
57171      -42.4
57172      -43.1
57173      -46.0
57174      -40.9
57175      -39.1
57176      -39.8
57177      -44.4
57178      -41.6
57179      -39.9
57180      -39.8
57181      -41.8
57182      -42.2
57183      -44.1
57184      -46.7
57185      -45.1
57186      -44.2
57187      -45.7
57188      -47.2
57189      -48.5
57190      -49.5
57191      -51.4
57192      -51.5
57193      -55.1
57194      -54.1
57195      -54.5
57196      -52.0
57197      -51.0
57198      -48.4
57199      -42.4
57200      -37.7
57201      -37.8
57202      -36.7
57203      -35.6
57204      -31.5
57205      -27.3
57206      -27.7
57207      -29.7
57208      -28.1
57209      -22.8
57210      -22.4
57211      -23.7
57212      -23.4
57213      -24.1
57214      -21.2
57215      -15.7
57216      -18.1
57217      -15.7
57218      -16.3
57219      -15.6
57220      -12.7
57221       -9.2
57222       -7.9
57223       -4.6
57224       -3.8
57225        2.9
57226        5.4
57227        7.7
57228        8.3
57229       11.0
57230       15.4
57231       18.3
57232       23.6
57233       25.3
57234       26.9
57235       33.5
57236       34.7
57237       35.5
57238       35.8
57239       32.9
57240       36.9
57241       34.5
57242       30.0
57243       25.8
57244       27.6
57245       28.3
57246       26.9
57247       22.4
57248       17.5
57249       15.3
57250       12.6
57251        9.9
57252        8.5
57253        8.7
57254        6.1
57255        5.4
57256        6.5
57257        8.8
57258        5.7
57259        3.4
57260        6.9
57261        3.0
57262        1.3
57263       -0.7
57264        0.5
57265        2.3
57266       -4.8
57267       -2.0
57268        0.5
57269       -2.3
57270       -4.2
57271       -7.2
57272       -8.9
57273      -11.6
57274      -10.2
57275      -15.2
57276      -15.2
57277      -17.5
57278      -17.7
57279      -19.5
57280      -20.3
57281      -22.0
57282      -24.4
57283      -26.4
57284      -31.1
57285      -30.9
57286      -28.1
57287      -26.4
57288      -24.8
57289      -23.3
57290      -19.3
57291      -14.0
57292      -16.4
57293      -13.9
57294      -12.2
57295      -10.3
57296       -6.2
57297       -4.0
57298       -0.9
57299        1.8
57300        1.5
57301        1.8
57302       -0.4
57303        1.1
57304        3.4
57305        4.5
57306        7.9
57307       11.1
57308       12.5
57309       13.7
57310       12.6
57311       13.1
57312       13.7
57313       13.9
57314       14.2
57315       14.7
57316       12.2
57317        9.8
57318       11.1
57319       13.2
57320       15.6
57321       18.5
57322       20.8
57323       21.6
57324       21.9
57325       23.0
57326       23.1
57327       27.0
57328       27.6
57329       29.1
57330       27.3
57331       28.9
57332       29.9
57333       34.3
57334       37.9
57335       37.0
57336       37.2
57337       34.2
57338       33.4
57339       33.1
57340       33.5
57341       34.1
57342       32.1
57343       36.1
57344       33.6
57345       35.8
57346       38.0
57347       36.4
57348       35.5
57349       35.4
57350       35.2
57351       34.2
57352       34.4
57353       33.0
57354       32.0
57355       30.0
57356       26.4
57357       25.9
57358       23.2
57359       18.7
57360       16.9
57361       16.1
57362       16.0
57363       13.9
57364       14.7
57365       16.7
57366       17.2
57367       17.2
57368       17.0
57369       14.1
57370       14.1
57371       12.7
57372       13.0
57373       11.9
57374        8.4
57375       10.1
57376       10.1
57377       10.4
57378       12.9
57379        8.4
57380        8.6
57381        8.1
57382        7.1
57383        8.9
57384       11.0
57385        9.0
57386       11.8
57387        8.2
57388        5.5
57389        4.3
57390        3.6
57391       -1.9
57392       -4.6
57393      -11.7
57394      -15.1
57395      -17.1
57396      -20.4
57397      -20.8
57398      -21.6
57399      -19.3
57400      -17.1
57401      -13.0
57402       -8.8
57403       -3.8
57404       -1.7
57405       -2.1
57406       -0.6
57407        2.8
57408        6.1
57409        5.9
57410       11.8
57411       12.3
57412       14.2
57413       16.6
57414       22.9
57415       25.8
57416       29.7
57417       34.8
57418       39.3
57419       43.1
57420       44.4
57421       45.6
57422       46.5
57423       42.6
57424       44.1
57425       46.1
57426       42.7
57427       43.2
57428       41.9
57429       40.8
57430       39.0
57431       35.6
57432       32.9
57433       31.7
57434       32.2
57435       26.7
57436       25.3
57437       19.0
57438       15.4
57439       11.1
57440        7.5
57441        2.1
57442       -3.0
57443       -7.5
57444      -16.0
57445      -20.5
57446      -26.6
57447      -33.2
57448      -37.9
57449      -43.2
57450      -50.9
57451      -55.2
57452      -59.1
57453      -60.5
57454      -64.0
57455      -66.3
57456      -61.8
57457      -62.2
57458      -59.5
57459      -57.8
57460      -57.9
57461      -52.2
57462      -48.3
57463      -41.9
57464      -38.8
57465      -40.2
57466      -35.6
57467      -32.1
57468      -32.2
57469      -34.9
57470      -33.9
57471      -34.4
57472      -35.0
57473      -38.2
57474      -40.1
57475      -39.5
57476      -38.3
57477      -37.6
57478      -32.8
57479      -25.8
57480      -22.9
57481      -25.0
57482      -21.0
57483      -17.9
57484      -16.2
57485      -14.9
57486      -14.8
57487      -13.2
57488      -13.4
57489      -11.6
57490      -10.5
57491       -7.3
57492       -5.7
57493       -3.3
57494       -2.2
57495       -1.1
57496        0.7
57497       -0.2
57498       -2.0
57499       -3.1
57500       -2.9
57501       -0.2
57502        0.5
57503        0.1
57504        5.0
57505        5.6
57506        4.6
57507        7.1
57508        7.0
57509        8.7
57510        9.3
57511        8.8
57512        9.9
57513       12.9
57514       16.5
57515       19.0
57516       20.2
57517       19.2
57518       22.5
57519       22.0
57520       20.1
57521       20.5
57522       22.2
57523       21.3
57524       24.6
57525       23.8
57526       22.5
57527       22.7
57528       22.0
57529       24.5
57530       26.3
57531       30.3
57532       32.5
57533       34.0
57534       29.8
57535       30.8
57536       32.9
57537       35.5
57538       34.9
57539       33.5
57540       36.2
57541       37.9
57542       41.2
57543       43.4
57544       41.6
57545       40.6
57546       41.5
57547       41.9
57548       38.6
57549       39.1
57550       34.9
57551       34.0
57552       33.9
57553       31.3
57554       34.8
57555       38.1
57556       35.5
57557       36.9
57558       35.2
57559       31.8
57560       32.1
57561       33.4
57562       31.5
57563       35.3
57564       35.4
57565       36.8
57566       32.9
57567       34.5
57568       32.2
57569       33.1
57570       35.0
57571       33.5
57572       31.7
57573       35.8
57574       36.8
57575       36.9
57576       38.3
57577       38.3
57578       38.6
57579       42.8
57580       37.8
57581       39.3
57582       34.4
57583       33.2
57584       32.9
57585       29.7
57586       32.6
57587       30.7
57588       29.2
57589       27.2
57590       27.4
57591       29.1
57592       28.2
57593       26.4
57594       23.4
57595       20.3
57596       16.1
57597       14.7
57598       18.9
57599       19.1
57600       21.9
57601       21.7
57602       21.5
57603       24.2
57604       28.5
57605       25.9
57606       22.6
57607       21.8
57608       17.5
57609       16.3
57610       12.8
57611       14.9
57612       19.8
57613       22.8
57614       22.2
57615       17.7
57616       19.1
57617       18.5
57618       17.0
57619       18.8
57620       19.7
57621       16.5
57622       20.2
57623       21.2
57624       18.9
57625       22.8
57626       26.3
57627       25.4
57628       24.4
57629       25.0
57630       25.3
57631       26.1
57632       24.5
57633       23.5
57634       25.6
57635       26.9
57636       22.8
57637       23.0
57638       23.5
57639       23.1
57640       23.5
57641       22.1
57642       20.3
57643       19.7
57644       22.4
57645       18.8
57646       18.3
57647       19.7
57648       19.7
57649       19.3
57650       20.7
57651       22.7
57652       22.6
57653       21.5
57654       28.1
57655       30.3
57656       29.5
57657       32.5
57658       31.8
57659       35.3
57660       33.3
57661       30.2
57662       30.9
57663       31.1
57664       30.7
57665       30.6
57666       28.8
57667       29.6
57668       28.4
57669       25.6
57670       24.4
57671       25.8
57672       28.0
57673       28.1
57674       27.7
57675       28.1
57676       25.5
57677       25.8
57678       28.0
57679       29.5
57680       32.9
57681       28.0
57682       30.3
57683       31.9
57684       30.4
57685       32.2
57686       37.2
57687       39.8
57688       45.2
57689       46.2
57690       45.8
57691       43.5
57692       46.5
57693       45.6
57694       42.8
57695       47.2
57696       48.7
57697       46.8
57698       47.2
57699       52.2
57700       52.9
57701       54.9
57702       55.8
57703       52.9
57704       53.7
57705       53.9
57706       52.7
57707       52.2
57708       52.8
57709       52.4
57710       56.3
57711       52.6
57712       51.7
57713       49.8
57714       49.1
57715       50.6
57716       47.6
57717       49.2
57718       49.5
57719       49.7
57720       48.3
57721       47.1
57722       48.1
57723       50.3
57724       48.2
57725       45.8
57726       43.4
57727       43.7
57728       46.3
57729       46.6
57730       47.2
57731       48.6
57732       52.6
57733       55.2
57734       58.6
57735       62.5
57736       61.8
57737       63.3
57738       62.0
57739       60.6
57740       61.6
57741       63.0
57742       67.7
57743       68.1
57744       68.4
57745       69.0
57746       68.1
57747       69.7
57748       67.2
57749       68.0
57750       70.0
57751       70.0
57752       70.7
57753       66.7
57754       64.0
57755       63.2
57756       62.3
57757       63.7
57758       64.2
57759       63.9
57760       63.0
57761       58.6
57762       58.9
57763       58.7
57764       58.9
57765       58.5
57766       56.7
57767       54.7
57768       52.6
57769       51.4
57770       49.1
57771       48.9
57772       45.4
57773       42.2
57774       42.8
57775       42.5
57776       38.7
57777       36.8
57778       37.0
57779       34.4
57780       31.2
57781       30.6
57782       30.1
57783       33.1
57784       31.5
57785       31.3
57786       34.1
57787       36.3
57788       35.1
57789       31.3
57790       31.5
57791       29.5
57792       27.9
57793       22.4
57794       23.1
57795       19.9
57796       19.0
57797       17.1
57798       15.2
57799       13.3
57800       12.7
57801       10.7
57802       12.9
57803       16.0
57804       13.5
57805       13.4
57806        9.7
57807        8.2
57808        3.7
57809       -0.2
57810       -2.8
57811       -3.3
57812       -2.5
57813       -4.3
57814       -6.6
57815       -6.4
57816       -8.0
57817      -10.7
57818      -18.5
57819      -20.5
57820      -22.3
57821      -22.7
57822      -24.4
57823      -25.3
57824      -26.8
57825      -26.6
57826      -26.6
57827      -22.5
57828      -21.5
57829      -20.9
57830      -18.1
57831      -12.2
57832      -11.7
57833       -7.7
57834       -7.4
57835       -2.5
57836        0.2
57837        1.1
57838        3.4
57839        0.1
57840       -0.4
57841       -4.0
57842       -5.2
57843       -4.2
57844       -5.2
57845       -6.5
57846       -1.4
57847        1.4
57848        4.8
57849        7.2
57850        6.2
57851        7.2
57852        8.3
57853        8.0
57854       10.7
57855       12.7
57856       14.0
57857       15.4
57858       13.0
57859       11.5
57860       13.7
57861       14.2
57862       11.6
57863       15.5
57864       14.4
57865       14.8
57866       14.8
57867       19.1
57868       22.0
57869       24.4
57870       27.2
57871       30.2
57872       31.7
57873       31.7
57874       34.8
57875       35.1
57876       30.7
57877       29.1
57878       25.6
57879       23.9
57880       19.8
57881       12.4
57882        8.9
57883        8.1
57884        3.9
57885        0.8
57886        1.5
57887       -2.6
57888       -5.1
57889       -7.5
57890       -6.0
57891       -6.2
57892       -8.6
57893       -9.2
57894      -11.1
57895      -14.2
57896      -14.9
57897      -17.0
57898      -19.0
57899      -24.9
57900      -24.2
57901      -25.9
57902      -25.8
57903      -24.9
57904      -26.9
57905      -29.6
57906       27.2
57907       27.9
57908       32.5
57909       34.9
57910       38.4
57911       37.6
57912       37.6
57913       38.5
57914       37.5
57915       38.4
57916       40.4
57917       41.0
57918       41.5
57919       42.2
57920       40.7
57921       41.2
57922       43.7
57923       43.3
57924       42.1
57925       41.9
57926       44.1
57927       45.1
57928       45.6
57929       46.5
57930       51.1
57931       48.3
57932       47.5
57933       46.8
57934       45.4
57935       45.3
57936       46.9
57937       44.3
57938       46.9
57939       48.0
57940       49.4
57941       50.2
57942       50.8
57943       49.4
57944       51.1
57945       51.3
57946       54.5
57947       56.4
57948       57.8
57949       57.1
57950       57.5
57951       58.7
57952       56.4
57953       55.4
57954       55.4
57955       57.7
57956       58.3
57957       59.4
57958       60.6
57959       58.8
57960       60.4
57961       62.0
57962       62.5
57963       60.1
57964       62.1
57965       59.8
57966       59.9
57967       61.2
57968       62.1
57969       58.7
57970       56.6
57971       57.1
57972       51.3
57973       49.8
57974       51.0
57975       47.6
57976       46.0
57977       46.8
57978       44.1
57979       45.7
57980       46.0
57981       45.4
57982       45.1
57983       46.8
57984       45.0
57985       44.5
57986       43.4
57987       40.2
57988       38.1
57989       39.6
57990       39.9
57991       39.2
57992       38.0
57993       37.3
57994       36.9
57995       37.0
57996       36.6
57997       37.3
57998       36.0
57999       36.0
58000       34.4
58001       35.6
58002       37.0
58003       36.9
58004       36.3
58005       31.0
58006       30.3
58007       26.7
58008       25.5
58009       22.6
58010       23.7
58011       22.9
58012       25.0
58013       24.7
58014       24.6
58015       27.0
58016       25.0
58017       24.4
58018       24.3
58019       22.6
58020       21.2
58021       19.8
58022       18.3
58023       15.9
58024       11.7
58025       11.6
58026        8.6
58027        6.2
58028        6.3
58029        8.2
58030        8.3
58031        5.2
58032        1.2
58033        3.2
58034        2.6
58035        2.9
58036        3.3
58037        5.6
58038        6.5
58039        7.7
58040        8.9
58041        9.8
58042        7.2
58043        5.3
58044        5.0
58045        4.1
58046        4.8
58047        4.4
58048        2.6
58049        2.0
58050        2.0
58051        2.2
58052        3.3
58053        4.4
58054        4.3
58055        3.7
58056        3.0
58057        6.4
58058        5.6
58059        7.3
58060        4.0
58061        3.8
58062        2.0
58063        0.0
58064       -1.6
58065       -2.4
58066       -3.8
58067       -3.1
58068       -4.9
58069       -6.6
58070       -5.4
58071       -3.1
58072       -4.5
58073       -5.0
58074       -5.2
58075       -5.4
58076       -7.5
58077       -7.2
58078       -4.7
58079       -6.6
58080       -6.1
58081       -8.7
58082      -10.8
58083      -10.2
58084      -10.1
58085      -12.8
58086      -13.7
58087      -14.0
58088      -16.7
58089      -17.2
58090      -16.8
58091      -14.3
58092      -15.0
58093      -15.6
58094      -17.4
58095      -17.7
58096      -15.4
58097      -18.4
58098      -18.5
58099      -16.0
58100      -16.9
58101      -16.9
58102      -16.0
58103      -16.0
58104      -17.3
58105      -18.0
58106      -17.9
58107      -17.2
58108      -18.1
58109      -18.8
58110      -20.3
58111      -21.2
58112      -22.3
58113      -26.2
58114      -25.3
58115      -25.5
58116      -23.0
58117      -23.8
58118      -24.9
58119      -24.1
58120      -23.4
58121      -25.0
58122      -26.3
58123      -30.2
58124      -30.8
58125      -32.9
58126      -34.1
58127      -34.5
58128      -32.6
58129      -30.4
58130      -31.3
58131      -29.0
58132      -31.3
58133      -28.2
58134      -28.6
58135      -27.8
58136      -28.9
58137      -29.1
58138      -28.6
58139      -29.4
58140      -29.9
58141      -31.5
58142      -32.1
58143      -31.8
58144      -31.9
58145      -31.4
58146      -33.5
58147      -31.2
58148      -28.6
58149      -27.0
58150      -26.9
58151      -27.3
58152      -30.2
58153      -30.6
58154      -28.7
58155      -25.8
58156      -24.3
58157      -21.3
58158      -20.4
58159          -
58160          -
58161      -22.9
58162      -21.9
58163      -22.9
58164      -22.5
58165      -20.4
58166      -18.7
58167      -18.2
58168      -16.9
58169      -14.0
58170      -12.2
58171       -9.9
58172       -8.9
58173       -7.7
58174       -9.0
58175       -7.2
58176       -6.0
58177       -9.1
58178       -5.8
58179       -5.2
58180       -4.8
58181       -3.4
58182       -1.5
58183        2.3
58184        5.5
58185        3.6
58186        1.6
58187       -0.5
58188       -4.5
58189       -2.5
58190       -1.5
58191       -0.1
58192        2.2
58193        3.3
58194        1.5
58195       -1.8
58196       -3.7
58197       -3.9
58198       -5.6
58199       -8.2
58200      -10.8
58201       -8.9
58202       -8.5
58203       -9.3
58204       -7.4
58205       -6.1
58206       -8.0
58207       -7.5
58208       -6.2
58209       -4.9
58210       -1.6
58211       -2.9
58212       -4.7
58213       -3.0
58214       -3.4
58215       -2.7
58216       -3.1
58217       -2.9
58218       -1.5
58219       -0.1
58220       -0.2
58221       -0.5
58222        0.6
58223        2.1
58224        2.2
58225        2.3
58226        5.1
58227        2.9
58228        2.1
58229        0.8
58230       -1.2
58231       -3.0
58232       -2.1
58233       -3.2
58234       -1.0
58235        0.5
58236       -1.0
58237       -1.2
58238        0.9
58239        1.9
58240        0.7
58241        1.1
58242       -1.1
58243       -3.0
58244       -3.1
58245       -3.0
58246       -3.6
58247       -2.8
58248       -3.9
58249       -1.8
58250       -0.9
58251        0.7
58252        0.5
58253        1.1
58254        1.4
58255        1.9
58256        0.1
58257        1.6
58258        4.0
58259        3.6
58260        1.0
58261       -1.6
58262       -4.0
58263       -3.9
58264       -3.7
58265       -4.4
58266        2.8
58267        3.7
58268        4.0
58269        4.9
58270        8.3
58271        6.7
58272        6.3
58273       10.6
58274        9.5
58275        7.7
58276        6.6
58277        2.8
58278        5.5
58279        4.2
58280        4.2
58281        2.8
58282        1.7
58283        2.2
58284        2.3
58285        1.1
58286        4.1
58287        3.9
58288        0.9
58289        2.8
58290        3.1
58291        1.9
58292        2.1
58293        2.5
58294        3.4
58295       -1.0
58296       -2.9
58297       -6.8
58298       -5.9
58299       -7.6
58300       -7.9
58301      -12.3
58302      -12.4
58303      -13.4
58304      -16.6
58305      -19.8
58306      -20.4
58307      -17.4
58308      -17.8
58309      -16.5
58310      -16.4
58311      -15.0
58312      -18.4
58313      -20.4
58314      -23.2
58315      -21.6
58316      -17.8
58317      -19.6
58318      -21.8
58319      -22.0
58320      -22.1
58321      -22.3
58322      -22.6
58323      -20.7
58324      -19.3
58325      -20.3
58326      -21.5
58327      -23.4
58328      -24.0
58329      -22.4
58330      -21.4
58331      -23.4
58332      -26.6
58333      -28.1
58334      -28.5
58335      -28.0
58336      -30.7
58337      -29.2
58338      -32.4
58339      -37.4
58340      -36.5
58341      -37.8
58342      -38.6
58343      -39.5
58344      -37.1
58345      -38.0
58346      -35.2
58347      -33.4
58348      -32.6
58349      -28.8
58350      -25.6
58351      -23.9
58352      -22.8
58353      -22.8
58354      -21.6
58355      -19.3
58356      -18.3
58357      -18.3
58358      -15.8
58359      -11.4
58360       -7.0
58361       -5.3
58362       -5.7
58363       -6.9
58364       -6.2
58365       -5.1
58366       -3.9
58367       -2.6
58368       -0.5
58369        1.8
58370        3.3
58371        2.9
58372        7.3
58373       10.5
58374       10.9
58375        9.2
58376        9.7
58377       11.8
58378       14.7
58379       15.5
58380       14.5
58381       16.1
58382       21.2
58383       22.6
58384       21.7
58385       22.0
58386       23.7
58387       22.0
58388       22.5
58389       18.9
58390       19.8
58391       18.7
58392       16.1
58393       16.3
58394       17.9
58395       18.7
58396       18.1
58397       16.3
58398       14.1
58399       17.8
58400       17.5
58401       17.6
58402       16.3
58403       17.2
58404       16.9
58405       14.4
58406       12.2
58407       12.5
58408       12.7
58409       14.5
58410       16.1
58411       15.1
58412       15.5
58413       17.2
58414       14.0
58415       18.1
58416       18.4
58417       18.7
58418       19.8
58419       17.5
58420       17.3
58421       15.6
58422       14.7
58423       11.4
58424        8.6
58425        4.7
58426        7.3
58427        8.8
58428        7.9
58429        4.7
58430        2.0
58431        1.2
58432        2.5
58433        3.8
58434        3.5
58435        2.8
58436        2.2
58437        2.3
58438        3.9
58439        5.2
58440        1.9
58441        4.1
58442        5.6
58443        4.3
58444        2.6
58445        0.2
58446        0.2
58447        1.4
58448        0.0
58449        0.5
58450       -0.3
58451       -4.3
58452       -6.3
58453       -8.1
58454       -9.9
58455       -8.5
58456      -10.7
58457      -12.5
58458      -13.1
58459      -15.1
58460      -16.4
58461      -16.5
58462      -16.1
58463      -17.9
58464      -18.6
58465      -21.8
58466      -20.5
58467      -22.6
58468      -24.8
58469      -28.6
58470      -31.1
58471      -29.5
58472      -27.6
58473      -25.6
58474      -24.1
58475      -24.2
58476      -21.2
58477      -22.1
58478      -22.6
58479      -22.0
58480      -18.8
58481      -18.4
58482      -15.2
58483      -13.0
58484      -14.8
58485      -15.6
58486      -14.3
58487      -11.3
58488       -8.2
58489       -6.5
58490       -5.8
58491       -5.4
58492       -5.2
58493       -4.5
58494       -5.6
58495       -5.0
58496       -5.9
58497       -4.0
58498       -2.8
58499       -2.9
58500       -0.8
58501        1.5
58502        1.7
58503        2.8
58504       10.2
58505        7.7
58506        8.6
58507        8.8
58508       11.2
58509       11.6
58510       10.2
58511       12.1
58512       15.2
58513       15.3
58514       16.7
58515       12.8
58516        9.1
58517        9.6
58518        5.3
58519        5.8
58520        6.5
58521        8.2
58522       10.1
58523       10.7
58524       12.7
58525       13.6
58526       13.3
58527       13.9
58528       12.8
58529       11.5
58530       12.5
58531       10.8
58532       13.7
58533       14.3
58534       14.3
58535       19.0
58536       21.2
58537       25.0
58538       26.9
58539       28.5
58540       31.7
58541       30.6
58542       32.3
58543       34.8
58544       36.5
58545       37.9
58546       37.4
58547       38.9
58548       32.9
58549       30.2
58550       27.0
58551       25.4
58552       27.0
58553       24.6
58554       23.5
58555       22.2
58556       23.4
58557       21.4
58558       18.0
58559       12.2
58560       10.1
58561       10.4
58562        8.8
58563        8.2
58564        8.8
58565        7.6
58566        6.6
58567        4.5
58568        4.5
58569        2.4
58570        3.8
58571        4.0
58572        2.3
58573       -1.4
58574       -4.2
58575       -6.6
58576       -7.4
58577      -11.9
58578      -14.5
58579      -16.0
58580      -18.1
58581      -18.3
58582      -22.5
58583      -23.8
58584      -24.9
58585      -25.7
58586      -27.5
58587      -29.9
58588      -32.2
58589      -31.6
58590          -
58591      -43.4
58592      -44.0
58593      -45.5
58594      -46.5
58595      -47.2
58596      -48.7
58597          -
58598      -56.2
58599      -58.6
58600      -63.1
58601      -66.2
58602      -67.1
58603      -63.7
58604          -
58605          -
58606      -59.9
58607      -58.5
58608      -56.8
58609      -55.7
58610      -56.2
58611      -55.1
58612      -51.9
58613      -52.5
58614          -
58615      -47.9
58616      -47.4
58617      -47.7
58618      -45.4
58619      -43.5
58620      -42.4
58621      -44.4
58622      -43.6
58623      -41.8
58624      -37.9
58625      -32.4
58626      -31.4
58627      -29.8
58628      -27.5
58629      -31.7
58630      -32.2
58631          -
58632          -
58633      -32.6
58634      -34.2
58635      -34.9
58636      -32.6
58637      -32.5
58638      -32.5
58639      -31.3
58640      -34.6
58641      -34.2
58642      -38.8
58643      -37.9
58644      -37.0
58645      -40.0
58646      -40.5
58647     -113.5
58648      -46.2
58649      -44.9
58650      -42.7
58651      -43.2
58652      -41.7
58653      -40.8
58654      -39.7
58655      -40.5
58656      -40.7
58657      -42.6
58658      -42.6
58659      -43.0
58660      -42.3
58661      -42.6
58662      -42.0
58663      -40.9
58664      -40.4
58665      -39.0
58666      -39.6
58667      -35.5
58668      -32.3
58669      -28.6
58670      -28.8
58671      -30.5
58672      -27.2
58673      -27.8
58674      -26.8
58675      -26.7
58676      -27.4
58677      -30.1
58678      -29.0
58679      -26.5
58680      -22.5
58681      -20.5
58682      -19.1
58683      -20.2
58684      -20.5
58685      -20.8
58686      -17.3
58687      -12.3
58688      -11.2
58689      -10.7
58690      -11.8
58691      -11.2
58692      -12.1
58693      -11.3
58694      -12.2
58695       -8.9
58696       -8.2
58697       -6.0
58698       -7.6
58699       -4.4
58700       -0.4
58701        2.4
58702        4.8
58703        5.2
58704        4.8
58705        5.9
58706        6.5
58707        7.5
58708        8.0
58709       10.0
58710       10.5
58711       13.7
58712       15.5
58713       16.8
58714       20.3
58715       20.8
58716       21.4
58717       23.5
58718       27.9
58719       27.9
58720       30.4
58721       30.5
58722       31.5
58723       34.5
58724       38.3
58725       39.4
58726       38.2
58727       37.2
58728       33.5
58729       31.8
58730       34.8
58731       33.0
58732       30.8
58733       28.1
58734       25.4
58735       18.7
58736       18.4
58737       18.6
58738       14.2
58739       13.0
58740       15.0
58741       14.6
58742       17.1
58743       18.1
58744       17.1
58745       17.0
58746       12.4
58747        8.9
58748        1.1
58749        0.1
58750       -1.8
58751       -5.7
58752       -5.1
58753       -8.0
58754       -7.8
58755      -11.4
58756      -14.1
58757      -15.8
58758      -18.9
58759      -21.0
58760      -21.2
58761      -21.3
58762      -23.2
58763      -25.3
58764      -27.2
58765      -29.6
58766      -28.4
58767      -28.9
58768      -28.6
58769      -24.6
58770      -23.4
58771      -21.2
58772      -22.0
58773      -18.6
58774      -20.9
58775      -22.0
58776      -20.6
58777      -21.7
58778      -21.3
58779      -20.1
58780      -18.5
58781      -19.2
58782      -17.4
58783      -20.7
58784      -21.8
58785      -19.5
58786      -19.9
58787      -18.7
58788      -19.5
58789      -20.6
58790      -23.2
58791      -20.5
58792      -20.3
58793      -22.4
58794      -22.0
58795      -19.4
58796      -17.9
58797      -16.6
58798      -12.3
58799      -13.3
58800      -12.7
58801      -11.9
58802      -12.2
58803      -10.1
58804       -9.2
58805      -10.8
58806      -10.8
58807       -7.9
58808       -6.8
58809       -6.5
58810       -7.5
58811       -6.4
58812       -6.9
58813       -4.1
58814       -1.8
58815       -4.1
58816       -6.0
58817       -5.3
58818       -5.8
58819       -2.1
58820       -3.5
58821       -1.7
58822        0.9
58823        2.6
58824        2.6
58825        3.4
58826        6.5
58827        5.9
58828        5.3
58829        7.8
58830        5.9
58831        8.5
58832        6.5
58833        9.1
58834        9.4
58835        5.1
58836        5.5
58837        9.1
58838        7.2
58839        6.5
58840        5.3
58841        1.9
58842        1.6
58843        2.8
58844        4.2
58845        2.4
58846        1.6
58847        0.7
58848       -1.5
58849       -0.8
58850       -3.2
58851       -3.5
58852       -4.3
58853       -2.0
58854       -1.3
58855       -1.3
58856       -3.1
58857       -3.9
58858       -7.3
58859       -9.3
58860      -12.1
58861      -15.3
58862      -16.3
58863      -17.1
58864      -12.2
58865      -14.8
58866      -17.0
58867      -21.5
58868      -22.3
58869      -23.0
58870      -23.3
58871      -26.0
58872      -25.3
58873      -23.2
58874      -24.1
58875      -25.0
58876      -23.6
58877      -24.7
58878      -27.5
58879      -30.3
58880      -30.9
58881      -36.2
58882      -33.2
58883      -34.5
58884      -38.1
58885      -37.3
58886      -39.8
58887      -41.9
58888      -44.6
58889      -45.6
58890      -45.5
58891      -46.7
58892      -47.6
58893      -50.2
58894      -51.0
58895      -50.8
58896      -51.9
58897      -55.8
58898      -54.0
58899      -50.9
58900      -48.9
58901          -
58902          -
58903      -50.0
58904      -50.0
58905      -45.8
58906      -42.9
58907      -41.6
58908      -39.8
58909      -41.2
58910      -37.8
58911      -35.5
58912      -32.2
58913      -34.5
58914      -32.6
58915      -29.3
58916      -32.9
58917      -29.8
58918      -29.8
58919      -28.2
58920      -28.5
58921      -25.7
58922      -22.1
58923      -20.5
58924      -19.7
58925      -14.0
58926      -11.2
58927       -9.8
58928      -11.0
58929       -7.3
58930       -7.6
58931       -4.1
58932        1.2
58933        2.8
58934        4.4
58935        6.5
58936        9.1
58937        6.8
58938        8.0
58939        6.6
58940        8.4
58941        8.8
58942        6.7
58943        7.3
58944        7.3
58945        5.4
58946        7.4
58947        8.6
58948       11.1
58949       11.3
58950       14.4
58951       15.2
58952       17.7
58953       19.4
58954       19.0
58955       15.4
58956       16.9
58957       19.1
58958       19.7
58959       21.3
58960       21.5
58961       19.6
58962       22.1
58963       23.6
58964       24.6
58965       27.5
58966       27.6
58967       24.7
58968       24.5
58969       27.3
58970       30.8
58971       30.7
58972       33.1
58973       35.8
58974       38.6
58975       38.3
58976       41.2
58977       42.5
58978       39.5
58979       40.5
58980       40.1
58981       36.3
58982       39.8
58983       40.9
58984       39.7
58985       35.9
58986       36.3
58987       38.7
58988       39.1
58989       38.6
58990       39.0
58991       39.1
58992       39.3
58993       37.9
58994       36.3
58995       33.6
58996       31.7
58997       31.4
58998       30.3
58999       30.0
59000       32.1
59001       32.7
59002       34.4
59003       33.8
59004       33.1
59005       29.8
59006       27.5
59007       27.2
59008       29.4
59009       29.3
59010       29.6
59011       26.7
59012       19.8
59013       18.4
59014       19.5
59015       18.9
59016       20.1
59017       20.3
59018       19.2
59019       17.0
59020       15.6
59021       16.8
59022       16.5
59023       15.7
59024       14.8
59025       12.9
59026       10.4
59027       12.1
59028       13.3
59029       10.4
59030        8.1
59031       10.1
59032        7.9
59033       10.4
59034       11.3
59035        9.5
59036        8.2
59037        8.3
59038        8.3
59039        9.2
59040       10.5
59041        8.1
59042        7.9
59043        8.4
59044        9.9
59045        8.1
59046        0.9
59047       -0.4
59048        2.3
59049        3.0
59050        2.6
59051        1.2
59052        1.1
59053        0.0
59054       -0.6
59055        1.8
59056        2.5
59057        3.2
59058        2.2
59059        3.0
59060        3.8
59061        4.9
59062        3.8
59063        2.8
59064        1.3
59065       -0.1
59066        1.9
59067        3.1
59068        4.3
59069        5.1
59070        6.7
59071        7.1
59072        4.2
59073        2.5
59074        7.2
59075        4.9
59076        5.6
59077        1.1
59078        3.2
59079        2.4
59080        2.6
59081        0.7
59082       -2.0
59083       -5.5
59084       -6.4
59085       -7.6
59086       -7.0
59087       -2.9
59088       -1.4
59089       -1.8
59090       -2.0
59091       -2.2
59092        0.4
59093       -2.5
59094       -2.0
59095       -7.9
59096       -7.8
59097       -5.5
59098      -10.1
59099      -14.7
59100      -13.5
59101      -17.8
59102      -20.5
59103      -21.7
59104      -24.3
59105      -23.1
59106      -23.8
59107      -27.1
59108      -29.8
59109      -31.5
59110      -30.2
59111      -32.8
59112      -33.4
59113      -33.0
59114      -32.1
59115      -33.2
59116      -32.0
59117      -29.2
59118      -26.1
59119      -23.5
59120      -21.1
59121      -19.8
59122      -17.9
59123      -16.9
59124      -13.5
59125      -11.9
59126       -9.2
59127       -6.9
59128       -4.2
59129       -0.1
59130        1.0
59131        1.8
59132       -0.7
59133       -2.7
59134        1.8
59135        6.1
59136        8.1
59137       11.6
59138       11.4
59139       12.9
59140       12.3
59141       13.6
59142       14.2
59143       16.3
59144       20.8
59145       21.8
59146       20.2
59147       19.8
59148       23.8
59149       25.7
59150       28.2
59151       29.5
59152       30.3
59153       29.6
59154       32.6
59155       34.1
59156       37.1
59157          -
59158       34.9
59159       35.6
59160       35.8
59161       38.7
59162       41.1
59163       42.4
59164       43.7
59165       46.3
59166       48.1
59167       46.1
59168       46.9
59169       44.4
59170       44.3
59171       42.6
59172       42.4
59173       40.7
59174       41.5
59175       42.1
59176       41.7
59177       39.2
59178       40.2
59179       41.4
59180       40.3
59181       41.0
59182       38.2
59183       36.1
59184       37.4
59185       37.0
59186       40.3
59187       42.8
59188       44.7
59189       43.6
59190       38.3
59191       36.5
59192       34.2
59193       32.6
59194       31.8
59195       27.6
59196       25.9
59197       23.9
59198       19.0
59199       14.8
59200       12.7
59201       11.8
59202        5.0
59203        1.3
59204       -3.6
59205       -1.1
59206       -2.2
59207       -7.1
59208       -8.3
59209       -9.6
59210       -9.8
59211       -7.0
59212      -11.0
59213       -8.1
59214      -10.7
59215       -9.9
59216      -11.9
59217      -11.0
59218      -14.2
59219      -11.2
59220      -11.1
59221      -13.6
59222      -15.0
59223      -16.1
59224      -18.2
59225      -20.6
59226      -18.1
59227      -20.3
59228      -20.6
59229      -20.9
59230      -22.6
59231      -22.4
59232      -24.9
59233      -24.3
59234      -24.1
59235      -22.5
59236      -22.3
59237      -21.2
59238      -21.7
59239      -22.4
59240      -22.5
59241      -20.0
59242      -22.0
59243      -22.8
59244      -20.9
59245      -21.7
59246      -20.8
59247      -19.8
59248      -21.0
59249      -20.8
59250      -18.9
59251      -19.1
59252      -21.9
59253      -29.3
59254      -30.6
59255      -32.7
59256      -30.6
59257      -30.0
59258      -28.1
59259      -28.4
59260      -32.5
59261      -37.6
59262      -38.5
59263      -37.5
59264      -39.9
59265      -43.1
59266      -44.3
59267      -42.7
59268      -41.9
59269      -44.1
59270      -46.5
59271      -49.5
59272      -51.5
59273      -52.4
59274      -57.2
59275      -53.7
59276      -49.6
59277      -50.3
59278      -44.8
59279      -42.4
59280      -39.6
59281      -33.6
59282      -31.9
59283      -27.2
59284      -23.7
59285      -19.3
59286      -16.4
59287      -13.8
59288       -9.3
59289       -8.4
59290       -4.0
59291       -2.9
59292       -0.2
59293        7.4
59294        9.3
59295       15.7
59296       18.0
59297       17.4
59298       14.8
59299       13.4
59300       12.2
59301       13.9
59302       14.0
59303       12.5
59304       11.3
59305       11.9
59306       11.8
59307       12.0
59308       13.8
59309       15.7
59310       18.8
59311       19.1
59312       17.9
59313       18.3
59314       17.1
59315       14.9
59316       15.1
59317       15.7
59318       17.4
59319       13.2
59320       11.7
59321        9.5
59322       11.5
59323       10.0
59324        9.0
59325        5.7
59326        3.4
59327        4.7
59328        6.0
59329        6.0
59330        3.7
59331        3.8
59332        6.1
59333        8.1
59334       10.3
59335        9.4
59336        7.6
59337        7.3
59338        6.9
59339        9.8
59340       10.4
59341       10.5
59342       14.5
59343       13.9
59344       13.3
59345       12.1
59346       11.3
59347       10.8
59348       12.3
59349       12.2
59350       12.2
59351       10.0
59352        9.0
59353        7.7
59354        5.7
59355        6.8
59356        8.1
59357        8.0
59358        7.7
59359        3.2
59360        1.4
59361        0.1
59362        2.5
59363        1.7
59364        2.7
59365        0.3
59366        1.1
59367        6.1
59368        6.4
59369        6.3
59370        9.0
59371       13.3
59372       14.0
59373       12.8
59374       15.2
59375       15.9
59376       13.4
59377       11.8
59378       11.4
59379       14.3
59380       17.0
59381       14.6
59382       17.3
59383       20.1
59384       20.4
59385       22.5
59386       23.5
59387       26.6
59388       28.4
59389       24.4
59390       25.8
59391       26.4
59392       24.4
59393       23.7
59394       20.4
59395       21.6
59396       22.5
59397       24.4
59398       23.6
59399       22.6
59400       22.2
59401       23.0
59402       21.5
59403       22.3
59404       20.6
59405       22.3
59406       21.2
59407       16.5
59408       14.1
59409       13.0
59410       15.3
59411       18.2
59412       16.2
59413       19.3
59414       18.6
59415       21.1
59416       24.6
59417       24.2
59418       27.7
59419       34.5
59420       36.1
59421       35.6
59422       35.4
59423       36.0
59424       36.7
59425       39.4
59426       40.1
59427       43.0
59428       39.4
59429       41.2
59430       39.1
59431       39.1
59432       39.0
59433       35.3
59434       34.5
59435       28.3
59436       27.3
59437       24.4
59438       23.6
59439       23.4
59440       26.3
59441       25.0
59442       25.8
59443       26.8
59444       26.6
59445       24.1
59446       21.0
59447       21.9
59448       26.3
59449       27.6
59450       27.9
59451       28.8
59452       25.7
59453       27.1
59454       25.4
59455       22.6
59456       25.5
59457       24.3
59458       22.8
59459       24.2
59460       24.9
59461       24.6
59462       23.2
59463       20.6
59464       19.5
59465       19.5
59466       18.9
59467       16.5
59468       18.4
59469       14.3
59470       12.2
59471       13.4
59472       10.1
59473        7.3
59474        7.6
59475        7.1
59476        6.3
59477        2.2
59478        0.2
59479       -0.6
59480       -2.6
59481       -3.0
59482       -3.0
59483       -6.9
59484       -7.7
59485       -6.5
59486      -10.4
59487       -9.5
59488      -11.6
59489      -11.4
59490      -12.3
59491      -13.2
59492      -16.1
59493      -17.3
59494      -19.4
59495      -19.7
59496      -19.8
59497      -23.8
59498      -24.8
59499      -24.8
59500      -28.3
59501      -32.0
59502      -33.1
59503      -31.4
59504      -29.2
59505      -28.9
59506      -31.5
59507      -32.8
59508      -34.5
59509      -35.2
59510      -34.8
59511      -37.7
59512      -41.0
59513      -42.2
59514      -42.0
59515      -40.8
59516      -38.1
59517      -36.8
59518      -38.1
59519      -35.3
59520      -35.4
59521      -35.3
59522      -32.1
59523      -28.7
59524      -32.7
59525      -34.0
59526      -32.1
59527      -31.2
59528      -26.5
59529      -25.4
59530      -24.9
59531      -21.9
59532      -20.6
59533      -19.7
59534      -18.9
59535      -14.3
59536      -11.9
59537      -12.1
59538       -7.3
59539       -4.0
59540       -3.0
59541       -7.7
59542       -9.4
59543       -9.1
59544      -10.9
59545      -11.6
59546      -11.0
59547       -9.7
59548      -12.8
59549      -15.4
59550      -17.3
59551      -15.3
59552      -17.1
59553      -17.7
59554      -17.6
59555      -17.2
59556      -19.3
59557      -18.6
59558      -18.2
59559      -23.7
59560      -28.0
59561      -30.6
59562      -29.9
59563      -30.0
59564      -32.9
59565      -35.4
59566      -37.4
59567      -36.6
59568      -38.9
59569      -39.5
59570      -39.7
59571      -38.1
59572      -37.7
59573      -37.1
59574      -36.9
59575      -37.2
59576      -34.5
59577      -35.0
59578      -32.7
59579      -28.2
59580      -27.6
59581      -28.1
59582      -25.4
59583      -21.1
59584      -14.7
59585      -15.6
59586      -10.3
59587       -5.0
59588        0.8
59589        4.7
59590        6.8
59591       10.3
59592       11.6
59593       13.7
59594       14.5
59595       18.1
59596       22.9
59597       29.5
59598       31.8
59599       39.9
59600       44.7
59601       49.6
59602       55.4
59603       62.1
59604       61.8
59605       63.4
59606       61.2
59607       62.1
59608       63.3
59609       68.2
59610       64.7
59611       66.2
59612       70.1
59613       67.6
59614       66.8
59615       66.0
59616       62.6
59617       61.1
59618       59.3
59619       55.7
59620       54.0
59621       50.5
59622       46.9
59623       45.5
59624       42.4
59625       43.5
59626       41.8
59627       37.0
59628       36.0
59629       36.3
59630       35.9
59631       32.9
59632       29.1
59633       28.8
59634       23.2
59635       22.6
59636       20.3
59637       20.5
59638       18.4
59639       14.7
59640       15.8
59641       12.6
59642        8.5
59643        6.2
59644        6.5
59645        4.0
59646        4.5
59647        7.6
59648        8.3
59649        8.5
59650        8.0
59651       10.0
59652        7.7
59653        4.1
59654        3.8
59655       -0.7
59656       -6.7
59657       -7.2
59658       -9.2
59659      -10.1
59660      -13.8
59661      -14.6
59662      -14.0
59663      -11.1
59664      -10.4
59665      -10.9
59666      -10.9
59667      -10.1
59668      -10.3
59669      -13.4
59670      -13.8
59671      -15.1
59672      -15.1
59673      -17.9
59674      -18.7
59675      -19.1
59676      -19.8
59677      -19.6
59678      -21.3
59679      -24.7
59680      -28.3
59681      -30.8
59682      -34.2
59683      -38.8
59684      -39.0
59685      -40.9
59686      -41.2
59687      -42.7
59688      -43.1
59689      -45.9
59690      -47.8
59691      -50.9
59692      -52.7
59693      -52.6
59694      -47.4
59695      -47.0
59696      -49.2
59697      -49.6
59698      -46.7
59699      -47.4
59700      -47.8
59701      -45.3
59702      -43.0
59703      -43.0
59704      -44.5
59705      -39.7
59706      -36.2
59707      -37.6
59708      -42.3
59709      -46.9
59710      -46.2
59711      -46.8
59712      -46.0
59713      -44.5
59714      -44.0
59715      -43.2
59716      -45.0
59717      -42.7
59718      -40.4
59719      -36.5
59720      -37.2
59721      -37.9
59722      -35.7
59723      -36.1
59724      -36.0
59725      -32.9
59726      -30.9
59727      -30.9
59728      -27.4
59729      -25.2
59730      -22.6
59731      -18.6
59732      -19.5
59733      -19.7
59734      -19.9
59735      -15.7
59736      -12.3
59737       -9.0
59738      -10.9
59739       -9.3
59740       -7.8
59741       -1.7
59742       -4.6
59743       -3.7
59744       -3.8
59745       -2.5
59746       -3.1
59747       -1.8
59748       -4.8
59749       -6.2
59750       -2.2
59751       -1.4
59752        1.0
59753        1.9
59754        2.6
59755        2.3
59756        1.6
59757        2.4
59758        2.6
59759        5.8
59760        8.1
59761        8.7
59762        6.0
59763        8.5
59764        6.7
59765        6.7
59766        9.7
59767       12.8
59768       15.8
59769       15.6
59770       14.5
59771       15.7
59772       21.8
59773       23.0
59774       21.0
59775       20.1
59776       22.7
59777       22.5
59778       20.9
59779       20.6
59780       20.9
59781       21.3
59782       22.8
59783       21.4
59784       21.0
59785       19.9
59786       19.8
59787       20.0
59788       17.3
59789       18.5
59790       19.3
59791       18.8
59792       17.7
59793       23.2
59794       27.5
59795       28.2
59796       29.7
59797       28.2
59798       30.9
59799       31.6
59800       32.6
59801       33.2
59802       33.1
59803       34.0
59804       39.7
59805       42.9
59806       42.2
59807       44.5
59808       44.8
59809       46.0
59810       42.5
59811       44.2
59812       45.9
59813       46.2
59814       39.4
59815       35.0
59816       34.2
59817       32.5
59818       27.6
59819       24.3
59820       25.4
59821       20.6
59822       17.5
59823       20.4
59824       18.5
59825       18.0
59826       16.4
59827       15.2
59828       14.8
59829       15.1
59830       13.2
59831       11.6
59832        8.8
59833        8.2
59834        1.4
59835       -1.5
59836       -7.1
59837       -4.6
59838      -11.8
59839      -15.9
59840      -21.5
59841      -25.4
59842      -27.4
59843      -31.0
59844      -35.5
59845      -36.4
59846      -39.7
59847      -40.8
59848      -42.5
59849      -42.7
59850      -39.8
59851      -37.9
59852      -38.3
59853      -37.9
59854      -33.1
59855      -34.7
59856      -31.4
59857      -29.1
59858      -30.6
59859      -29.0
59860      -28.8
59861      -25.8
59862      -26.3
59863      -26.7
59864      -23.5
59865      -16.6
59866      -10.6
59867       -8.2
59868      -10.8
59869      -10.4
59870       -6.9
59871       -6.0
59872       -3.5
59873       -6.9
59874       -7.9
59875       -7.6
59876       -6.7
59877       -2.3
59878        1.0
59879        6.8
59880        8.5
59881        9.3
59882        6.1
59883        8.9
59884       11.0
59885       13.4
59886       15.3
59887       11.9
59888       10.9
59889       11.8
59890       11.1
59891       12.4
59892       15.8
59893       14.4
59894       16.6
59895       18.3
59896       22.9
59897       32.2
59898       33.7
59899       37.4
59900       39.8
59901       41.8
59902       42.5
59903       46.1
59904       47.3
59905       48.9
59906       47.9
59907       45.1
59908       46.3
59909       46.8
59910       44.7
59911       41.2
59912       36.5
59913       31.9
59914       33.9
59915       35.5
59916       31.9
59917       31.6
59918       31.2
59919       32.8
59920       30.1
59921       31.2
59922       29.7
59923       26.1
59924       23.0
59925       23.8
59926       23.2
59927       20.6
59928       20.5
59929       21.2
59930       19.4
59931       20.8
59932       23.1
59933       24.9
59934       24.2
59935       23.0
59936       21.5
59937       21.4
59938       18.0
59939       21.9
59940       23.8
59941       21.8
59942       19.1
59943       13.0
59944       12.1
59945       12.6
59946       14.2
59947       10.8
59948       14.9
59949       11.1
59950        7.0
59951        4.0
59952        3.5
59953        3.5
59954        0.3
59955       -0.2
59956       -1.8
59957       -4.3
59958       -7.7
59959       -7.9
59960       -3.7
59961       -3.4
59962        1.1
59963        3.4
59964        1.0
59965       -2.2
59966        1.0
59967       -1.4
59968        0.4
59969        0.5
59970       -0.8
59971       -2.9
59972       -8.4
59973      -10.2
59974      -14.2
59975      -14.6
59976      -21.2
59977      -21.2
59978      -22.3
59979      -25.7
59980      -25.5
59981      -24.8
59982      -21.9
59983      -19.4
59984      -17.4
59985      -15.2
59986      -13.8
59987      -13.1
59988       -8.8
59989       -2.4
59990       -1.6
59991       -1.8
59992       -5.0
59993       -7.4
59994       -4.5
59995       -3.8
59996       -1.7
59997        0.3
59998        1.6
59999        3.4
60000        2.3
60001        7.1
60002        8.7
60003       12.3
60004       15.5
60005       16.9
60006       14.6
60007       18.0
60008       21.7
60009       19.7
60010       20.1
60011       20.2
60012       20.6
60013       21.6
60014       20.7
60015       23.4
60016       23.3
60017       22.7
60018       25.2
60019       28.7
60020       29.2
60021       32.6
60022       32.1
60023       31.8
60024       34.3
60025       41.2
60026       43.8
60027       48.1
60028       49.7
60029       50.4
60030       52.9
60031       53.2
60032       48.9
60033       49.7
60034       47.5
60035       45.4
60036       40.0
60037       38.8
60038       32.0
60039       29.5
60040       25.9
60041       24.0
60042       29.2
60043       27.8
60044       23.8
60045       14.2
60046       13.3
60047        4.9
60048        4.1
60049       -0.4
60050       -1.5
60051       -0.5
60052       -2.4
60053       -3.1
60054       -4.7
60055       -7.2
60056       -8.8
60057       -5.1
60058       -4.5
60059       -6.4
60060       -4.0
60061       -4.2
60062       -8.4
60063       -8.6
60064       -5.1
60065       -8.2
60066       -8.8
60067       -9.4
60068       -9.7
60069      -11.4
60070      -13.0
60071      -15.7
60072      -18.1
60073      -16.8
60074      -16.9
60075      -10.6
60076      -18.5
60077      -21.3
60078      -25.9
60079      -26.0
60080      -28.7
60081      -26.7
60082      -24.6
60083      -25.2
60084      -27.1
60085      -27.1
60086      -24.1
60087      -26.6
60088      -24.9
60089      -26.5
60090      -23.1
60091      -21.7
60092      -23.4
60093      -18.7
60094      -23.7
60095      -24.3
60096      -21.7
60097      -24.4
60098      -25.8
60099      -24.6
60100      -24.0
60101      -25.0
60102      -27.9
60103      -28.8
60104      -25.4
60105      -26.4
60106      -29.0
60107      -30.0
60108      -29.9
60109      -29.5
60110      -29.5
60111      -31.1
60112      -33.9
60113      -37.1
60114      -41.5
60115      -43.3
60116      -46.7
60117      -49.4
60118      -47.4
60119      -50.2
60120      -48.8
60121          -
60122      -47.1
60123      -47.9
60124      -38.9
60125      -37.6
60126      -35.5
60127      -31.8
60128      -29.2
60129      -25.1
60130      -21.5
60131      -17.1
60132      -16.3
60133      -13.4
60134       -9.4
60135       -4.1
60136       -2.2
60137       -0.6
60138        1.0
60139        4.3
60140       10.0
60141       10.9
60142       15.8
60143       16.6
60144       16.4
60145       16.1
60146       17.0
60147       19.9
60148       24.5
60149       26.2
60150       23.9
60151       25.4
60152       24.4
60153       25.0
60154       28.1
60155       28.2
60156       20.9
60157       20.3
60158       20.7
60159       15.9
60160       15.7
60161       15.1
60162       15.4
60163       14.1
60164       17.5
60165       19.1
60166       17.1
60167       12.2
60168        8.7
60169        5.0
60170        0.8
60171       -5.2
60172       -4.5
60173       -3.7
60174       -4.0
60175       -4.4
60176       -0.7
60177        2.0
60178        0.8
60179       -2.7
60180       -3.3
60181       -4.8
60182       -2.8
60183       -0.9
60184       -0.9
60185       -1.4
60186       -1.6
60187       -3.3
60188       -6.2
60189       -6.9
60190      -10.1
60191      -16.0
60192      -17.6
60193      -19.4
60194      -22.5
60195      -27.6
60196      -30.5
60197      -30.7
60198      -28.6
60199      -22.4
60200      -21.8
60201      -18.7
60202      -23.7
60203      -25.5
60204      -26.1
60205      -24.5
60206      -21.2
60207      -17.7
60208      -11.2
60209       -5.5
60210       -3.9
60211        0.4
60212        0.8
60213        0.8
60214        1.1
60215        5.6
60216       10.1
60217       11.8
60218       14.5
60219       16.2
60220       21.3
60221       21.2
60222       22.7
60223       27.1
60224       26.6
60225       28.6
60226       29.9
60227       34.5
60228       35.2
60229       36.6
60230       35.7
60231       43.7
60232       49.8
60233       53.4
60234       56.9
60235       61.8
60236       61.7
60237       68.0
60238       66.6
60239       71.0
60240       73.0
60241       73.0
60242       74.2
60243       74.8
60244       73.2
60245       76.3
60246       75.9
60247       78.2
60248       79.0
60249       79.7
60250       85.3
60251       88.0
60252       88.2
60253       90.2
60254       96.9
60255      102.3
60256       97.5
60257       96.3
60258       95.1
60259      100.3
60260       99.4
60261       99.7
60262       97.9
60263       88.9
60264       86.2
60265       87.0
60266       82.1
60267       80.4
60268       76.7
60269       77.6
60270       71.3
60271       66.8
60272       61.0
60273       58.2
60274       52.9
60275       49.3
60276       38.9
60277       29.0
60278       22.8
60279       17.4
60280       13.0
60281        6.9
60282        2.9
60283       -2.6
60284      -10.7
60285      -15.7
60286      -20.0
60287      -22.1
60288      -28.1
60289      -38.9
60290      -42.9
60291      -34.3
60292      -31.4
60293      -28.1
60294      -27.8
60295      -23.6
60296      -25.6
60297      -18.4
60298      -18.9
60299      -19.7
60300      -23.4
60301      -22.8
60302      -21.0
60303      -25.0
60304      -26.5
60305      -28.9
60306      -32.7
60307      -32.0
60308      -30.7
60309      -28.5
60310      -28.0
60311      -27.3
60312      -23.5
60313      -22.7
60314      -25.4
60315      -25.3
60316      -23.7
60317      -27.3
60318      -30.1
60319      -33.0
60320      -31.1
60321      -23.6
60322      -19.8
60323      -20.2
60324      -22.7
60325      -23.2
60326      -24.5
60327      -26.1
60328      -29.5
60329      -27.2
60330      -25.4
60331      -27.9
60332      -23.9
60333      -18.7
60334      -17.1
60335      -15.8
60336      -13.5
60337      -15.5
60338      -14.3
60339      -11.1
60340       -8.0
60341       -7.8
60342       -7.3
60343       -5.5
60344       -6.2
60345       -0.8
60346        3.7
60347        4.3
60348        4.2
60349       -0.5
60350       -4.3
60351       -1.2
60352       -3.2
60353       -2.5
60354       -1.2
60355       -0.4
60356       -1.1
60357       -4.2
60358       -5.3
60359       -5.2
60360       -5.2
60361       -4.3
60362       -3.0
60363       -4.5
60364       -5.3
60365       -0.8
60366       -0.0
60367       -1.7
60368       -3.9
60369       -4.9
60370       -8.9
60371      -11.5
60372      -12.4
60373      -12.3
60374      -15.9
60375      -17.3
60376      -15.6
60377      -16.4
60378      -13.9
60379      -17.5
60380      -15.4
60381      -16.4
60382      -19.6
60383      -15.6
60384      -17.4
60385      -16.3
60386      -16.5
60387      -15.7
60388      -20.3
60389      -18.9
60390      -19.4
60391      -18.6
60392      -13.5
60393      -10.1
60394      -10.4
60395       -9.3
60396       -7.6
60397       -6.9
60398       -5.9
60399       -6.7
60400       -4.3
60401       -4.0
60402       -3.1
60403       -3.5
60404        0.1
60405        3.5
60406       -0.9
60407       -4.5
60408       -4.0
60409       -6.1
60410       -8.9
60411       -8.7
60412       -9.4
60413      -13.3
60414      -11.4
60415      -10.7
60416      -12.4
60417      -12.3
60418      -15.4
60419      -17.5
60420      -18.8
60421      -19.7
60422      -22.7
60423      -17.6
60424      -12.4
60425      -16.8
60426      -18.4
60427      -23.0
60428      -22.6
60429      -21.1
60430      -15.9
60431      -15.1
60432      -15.7
60433      -15.9
60434      -19.3
60435      -14.5
60436      -16.0
60437      -16.4
60438      -15.2
60439      -13.1
60440      -11.5
60441      -11.2
60442       -9.7
60443       -8.4
60444       -7.2
60445       -2.6
60446       -2.5
60447       -3.4
60448        0.8
60449       -4.5
60450       -0.5
60451        0.5
60452        2.1
60453        2.3
60454        1.0
60455        2.5
60456        3.3
60457       -0.2
60458       -4.2
60459       -3.0
60460       -2.9
60461       -2.6
60462       -0.9
60463       -1.0
60464       -3.5
60465       -4.4
60466       -6.2
60467       -5.3
60468       -3.2
60469       -0.9
60470       -3.3
60471       -1.4
60472        1.0
60473        2.3
60474        0.0
60475        0.6
60476        2.9
60477        1.4
60478        3.7
60479        4.2
60480        1.1
60481        1.9
60482        0.9
60483        3.7
60484        6.8
60485        8.7
60486        7.1
60487        9.9
60488        9.4
60489        9.9
60490        4.5
60491        3.3
60492       -1.9
60493       -3.2
60494       -3.4
60495       -2.4
60496       -2.2
60497       -1.5
60498       -3.2
60499       -2.5
60500        0.1
60501       -0.7
60502       -3.1
60503       -0.8
60504        3.4
60505        5.6
60506        1.2
60507        7.4
60508        5.2
60509        2.0
60510        0.5
60511        0.8
60512       -1.0
60513       -4.6
60514       -6.7
60515       -5.0
60516       -9.7
60517       -8.7
60518      -15.1
60519      -15.5
60520      -16.6
60521      -19.3
60522      -20.2
60523      -24.9
60524      -26.7
60525      -27.1
60526      -29.8
60527      -27.4
60528      -25.4
60529      -28.5
60530      -27.9
60531      -28.0
60532      -23.7
60533      -24.7
60534      -28.2
60535      -27.1
60536      -27.8
60537      -31.2
60538      -31.5
60539      -31.5
60540      -30.0
60541      -28.5
60542      -31.3
60543      -33.0
60544      -36.2
60545      -37.0
60546      -33.4
60547      -30.3
60548      -30.7
60549      -33.0
60550      -30.2
60551      -29.0
60552      -28.6
60553      -32.9
60554      -33.1
60555      -32.5
60556      -32.5
60557      -33.6
60558      -33.0
60559      -36.0
60560      -35.6
60561      -37.9
60562      -38.7
60563      -39.3
60564      -39.5
60565      -42.0
60566      -40.7
60567      -39.9
60568      -37.0
60569      -38.4
60570      -43.5
60571      -44.1
60572      -48.7
60573      -45.9
60574      -51.1
60575      -50.6
60576      -52.1
60577      -48.6
60578      -44.7
60579      -43.8
60580      -38.3
60581      -31.4
60582      -26.6
60583      -22.8
60584      -20.3
60585      -21.1
60586      -19.5
60587      -11.8
60588       -8.2
60589       -2.5
60590       -4.1
60591       -1.1
60592       -2.8
60593       -2.0
60594        2.0
60595        5.1
60596        3.9
60597        6.8
60598       13.9
60599       13.4
60600       13.4
60601       13.4
60602       14.6
60603       16.0
60604       17.3
60605       15.7
60606       17.3
60607       21.9
60608       26.5
60609       30.5
60610       29.1
60611       30.7
60612       31.0
60613       31.3
60614       32.2
60615       33.5
60616       37.8
60617       41.2
60618       39.7
60619       40.8
60620       39.2
60621       43.1
60622       40.6
60623       40.9
60624       40.2
60625       44.1
60626       39.2
60627       36.5
60628       31.6
60629       30.7
60630          -
60631          -
60632          -
60633       26.5
60634       25.5
60635       25.2
60636       21.8
60637       20.1
60638       22.9
60639       23.5
60640       22.0
60641       24.0
60642       26.9
60643       26.4
60644       25.5
60645       23.7
60646       20.2
60647       20.4
60648       21.0
60649       17.7
60650       15.1
60651       14.4
60652       16.3
60653       13.7
60654       12.1
60655        9.2
60656        7.6
60657        2.8
60658        1.5
60659        1.1
60660       -1.2
60661       -1.0
60662       -4.1
60663       -5.3
60664       -4.3
60665       -6.2
60666       -8.7
60667      -13.5
60668      -14.3
60669      -16.9
60670      -22.0
60671      -24.3
60672      -24.6
60673      -25.1
60674      -29.0
60675      -28.6
60676      -31.0
60677      -28.9
60678      -26.1
60679      -26.3
60680      -24.7
60681      -23.8
60682      -23.7
60683      -22.6
60684      -21.4
60685      -19.9
60686      -22.2
60687      -18.1
60688      -19.4
60689      -20.3
60690      -20.9
60691      -19.0
60692      -15.2
60693      -14.9
60694      -17.7
60695      -18.5
60696      -15.0
60697      -14.7
60698      -14.6
60699      -12.6
60700      -12.1
60701      -11.8
60702       -7.9
60703       -7.2
60704       -7.6
60705       -7.8
60706      -11.5
60707      -11.8
60708      -11.7
60709       -8.6
60710       -5.4
60711       -2.8
60712       -3.3
60713       -2.4
60714       -3.1
60715       -0.8
60716       -1.2
60717       -1.7
60718       -0.1
60719       -0.0
60720        3.0
60721        3.9
60722        3.1
60723        1.5
60724        3.6
60725        2.7
60726        2.1
60727        2.8
60728        5.3
60729        6.3
60730        6.8
60731        8.1
60732        9.0
60733        8.0
60734        8.3
60735        7.7
60736        6.0
60737        8.0
60738       12.0
60739       12.3
60740       13.7
60741       15.0
60742       14.8
60743       16.7
60744       16.5
60745       20.2
60746       20.7
60747       23.4
60748       26.8
60749       26.5
60750       30.8
60751       35.0
60752       33.5
60753       34.1
60754       33.4
60755       34.7
60756       35.1
60757       34.7
60758       33.0
60759       32.1
60760       34.8
60761       34.9
60762       34.2
60763       32.4
60764       30.4
60765       27.9
60766       25.8
60767       25.0
60768       24.7
60769       24.8
60770       22.9
60771       23.0
60772       22.9
60773       21.9
60774       17.4
60775       17.9
60776       17.1
60777       12.4
60778       13.4
60779       12.4
60780       11.8
60781       10.3
60782        7.3
60783        2.7
60784        2.1
60785       -0.6
60786       -1.3
60787       -3.1
60788       -3.3
60789       -5.6
60790       -5.1
60791       -3.2
60792        0.8
60793        0.8
60794        2.7
60795        8.3
60796        6.5
60797        8.6
60798        9.1
60799        7.5
60800        8.7
60801        8.4
60802        9.0
60803        6.2
60804        8.5
60805       11.7
60806       11.2
60807       10.6
60808       12.0
60809       13.1
60810       12.7
60811       15.4
60812       16.3
60813       16.0
60814       16.5
60815       14.4
60816       13.0
60817       14.7
60818       15.5
60819       18.1
60820       17.3
60821       21.1
60822       20.5
60823       20.3
60824       19.2
60825       20.0
60826       20.8
60827       25.2
60828       23.5
60829       24.8
60830       23.8
60831       22.0
60832       25.0
60833       24.9
60834       25.0
60835       26.1
60836       25.6
60837       26.0
60838       21.5
60839       23.4
60840       21.6
60841       17.2
60842       15.1
60843       12.8
60844       10.4
60845        9.2
60846        7.4
60847        7.0
60848        5.1
60849        4.0
60850        2.9
60851        0.6
60852       -1.3
60853       -3.3
60854       -6.4
60855       -5.3
60856       -3.9
60857       -6.3
60858       -7.3
60859       -4.7
60860       -6.4
60861      -10.2
60862      -13.7
60863      -15.9
60864      -17.6
60865      -20.4
60866      -17.9
60867      -18.5
60868      -16.2
60869      -16.9
60870      -22.0
60871      -19.5
60872      -19.2
60873      -19.7
60874      -22.4
60875      -22.6
60876      -24.2
60877      -26.8
60878      -30.0
60879      -30.7
60880      -29.4
60881      -28.6
60882      -29.2
60883      -29.3
60884      -27.8
60885      -29.1
60886      -27.6
60887      -29.6
60888      -30.0
60889      -30.6
60890      -29.6
60891      -28.4
60892      -24.0
60893      -26.9
60894      -26.7
60895      -27.6
60896      -28.8
60897      -28.6
60898      -24.8
60899      -23.4
60900      -25.5
60901      -23.9
60902      -24.5
60903      -23.8
60904      -22.7
60905      -22.4
60906      -20.1
60907      -18.7
60908      -19.9
60909      -22.0
60910      -21.6
60911      -22.7
60912      -23.9
60913      -24.5
60914      -21.7
60915      -20.4
60916      -21.4
60917      -21.0
60918      -22.7
60919      -22.6
60920      -23.6
60921      -25.5
60922      -26.6
60923      -26.4
60924      -24.8
60925      -25.5
60926      -24.9
60927      -23.5
60928      -19.2
60929      -18.3
60930      -13.6
60931      -12.6
60932      -10.5
60933      -11.5
60934       -9.7
60935       -8.1
60936       -8.8
60937       -7.1
60938       -5.2
60939       -5.1
60940       -2.4
60941       -2.0
60942       -2.9
60943        0.3
60944       -0.4
60945       -1.0
60946       -2.2
60947       -0.7
60948        1.5
60949        2.1
60950        3.2
60951        6.1
60952        5.4
60953        6.4
60954        9.1
60955       10.1
60956       10.7
60957       11.1
60958       12.3
60959       13.4
60960       14.7
60961       17.6
60962       16.8
60963       11.2
60964        7.9
60965        7.9
60966        7.1
60967        9.6
60968       10.5
60969       13.8
60970       14.4
60971       15.1
60972       15.7
60973       17.5
60974       15.3
60975       17.2
60976       18.5
60977       17.3
60978       18.8
60979       16.4
60980       17.7
60981       20.2
60982       23.3
60983       24.2
60984       25.9
60985       25.6
60986       26.7
60987       25.9
60988       24.1
60989       21.9
60990       19.3
60991       17.7
60992       14.6
60993       14.7
60994       11.6
60995        6.1
60996        1.6
60997        1.6
60998        3.9
60999        4.1
61000        1.8
61001        4.0
61002        2.0
61003        3.4
61004       -1.3
61005        0.8
61006        0.4
61007       -4.0
61008       -4.9
61009       -4.5
61010       -1.8
61011       -2.0
61012       -0.7
61013       -2.8
61014        0.5
61015       -1.4
61016       -1.2
61017       -5.9
61018       -7.5
61019       -4.6
61020       -9.1
61021      -10.7
61022      -11.9
61023      -12.8
61024      -16.3
61025      -16.9
61026      -18.0
61027      -18.8
61028      -22.2
61029      -20.5
61030      -20.4
61031      -22.4
61032      -21.0
61033      -20.8
61034      -25.3
61035      -25.8
61036      -25.0
61037      -27.0
61038      -31.2
61039      -29.8
61040      -30.8
61041      -32.0
61042      -33.3
61043      -32.2
61044      -34.2
61045      -33.1
61046      -38.7
61047      -42.1
61048      -39.7
61049      -37.7
61050      -31.8
61051      -34.1
61052      -30.6
61053      -26.3
61054      -26.9
61055      -24.9
61056      -20.3
61057      -18.9
61058      -16.2
61059      -13.6
61060       -8.6
61061       -9.3
61062       -8.9
61063       -8.6
61064       -5.0
61065        1.0
61066        1.4
61067        0.9
61068        2.2
61069        5.7
61070        4.5
61071        4.5
61072        6.0
61073        7.6
61074        7.9
61075        6.6
61076        7.0
61077        5.5
61078        1.5
61079        0.7
61080       -3.4
61081       -6.6
61082       -7.6
61083       -8.9
61084       -9.1
61085      -12.6
61086      -12.5
61087      -13.4
61088      -13.4
61089      -10.7
61090       -8.1
61091       -8.9
61092      -10.2
61093      -10.9
61094      -13.0
61095       -9.4
61096       -6.8
61097       -3.3
61098       -0.1
61099        1.5
61100       -1.4
61101        1.2
61102        4.5
61103        6.1
61104       11.9
61105       15.8
61106       13.8
61107       15.2
61108       16.4
61109       15.7
61110       15.6
61111       20.7
61112       23.7
61113       24.6
61114       30.0
61115       32.4
61116       34.9
61117       34.8
61118       37.1
61119       35.1
61120       36.2
61121       36.6
61122       39.6
61123       38.2
61124       40.3
61125       37.6
61126       33.0
61127       31.8
61128       32.5
61129       34.7
61130       33.0
61131       31.9
61132       32.8
61133       33.9
61134       30.9
61135       31.3
61136       30.7
61137       30.4
61138       30.1
61139       31.0
61140       30.1
61141       28.4
61142       28.4
61143       29.6
61144       26.6
61145       23.4
61146       25.5
61147       20.7
61148       21.3
61149       19.9
61150       18.9
61151       11.0
61152       11.1
61153        6.8
61154        6.9
61155        5.5
61156        9.2
61157        9.9
61158       10.0
61159       15.2
61160       14.4
61161       14.5
61162       11.0
61163       15.5
61164       16.9
61165       16.5
61166       11.5
61167        7.4
61168        5.5
61169        5.9
61170        7.9
61171       10.1
61172       13.6
61173       19.1
61174       22.4
61175       25.0
61176       27.4
61177       29.8
61178       33.3
61179       35.5
61180       32.7
61181       29.3
61182       26.5
61183       24.2
61184       20.4
61185       14.8
61186       11.6
61187        8.2
61188        2.5
61189       -1.2
61190       -1.6
61191       -3.2
61192       -3.6
61193       -5.9
61194       -6.3
61195       -7.3
61196      -10.6
61197      -10.5
61198      -11.9
61199       -6.3
61200       -8.4
61201       -8.8
61202       -6.9
61203       -5.4
61204       -9.1
61205      -12.4
61206       -9.0
61207      -10.1
61208       -8.8
61209       -7.9
61210       -7.4
61211       -6.5
61212          -
61213          -
61214       -6.8
61215       -7.7
61216       -3.1
61217       -3.3
61218       -1.3
61219        1.2

# UTC remains available from the monthly Circular T at
# (http://www.bipm.org/en/bipm-services/timescales/time-ftp/Circular-T.html).
