# MJD  [UTCr-UTC(IFAG)]/ns
56467     -643.3
56468     -646.6
56469     -650.9
56470     -652.3
56471     -651.0
56472     -652.8
56473     -655.8
56474     -658.7
56475     -660.2
56476     -661.3
56477     -658.4
56478     -660.4
56479     -659.6
56480     -659.2
56481     -661.3
56482     -663.8
56483     -665.1
56484     -666.2
56485     -668.2
56486     -672.4
56487     -671.9
56488     -672.6
56489     -674.9
56490     -679.0
56491     -681.8
56492     -681.1
56493     -680.6
56494     -682.9
56495     -683.3
56496     -685.3
56497     -686.2
56498     -687.8
56499     -690.4
56500     -691.3
56501     -695.5
56502     -695.8
56503     -694.5
56504     -692.9
56505     -692.0
56506     -694.5
56507     -697.8
56508     -702.2
56509     -702.9
56510     -707.1
56511     -708.8
56512     -711.6
56513     -712.2
56514     -711.7
56515     -711.2
56516     -711.2
56517     -710.5
56518     -707.8
56519     -711.7
56520     -715.0
56521     -718.7
56522     -720.0
56523     -721.2
56524     -718.0
56525     -722.4
56526     -725.9
56527     -726.8
56528     -734.4
56529     -736.6
56530     -737.4
56531     -741.2
56532     -743.6
56533     -746.0
56534     -747.1
56535     -746.0
56536     -745.1
56537     -747.3
56538     -749.3
56539     -754.7
56540     -755.4
56541     -759.4
56542     -759.8
56543     -760.7
56544     -761.1
56545     -760.3
56546     -762.6
56547     -768.3
56548     -772.3
56549     -776.8
56550     -777.2
56551     -777.7
56552     -779.2
56553     -778.7
56554     -784.0
56555     -787.1
56556     -790.0
56557     -794.9
56558     -797.4
56559     -795.1
56560     -800.2
56561     -799.1
56562     -801.7
56563     -800.4
56564     -799.8
56565     -802.6
56566     -806.8
56567     -809.6
56568     -815.2
56569     -817.2
56570     -818.4
56571     -823.7
56572     -824.4
56573     -828.2
56574     -829.1
56575     -833.4
56576     -837.2
56577     -841.8
56578     -844.5
56579     -844.2
56580     -844.6
56581     -846.8
56582     -848.7
56583     -847.8
56584     -848.5
56585     -848.3
56586     -853.6
56587     -856.5
56588     -859.2
56589     -859.3
56590     -859.5
56591     -859.0
56592     -863.4
56593     -863.1
56594     -863.1
56595     -865.7
56596     -871.3
56597     -875.1
56598     -876.9
56599     -875.4
56600     -879.7
56601     -882.8
56602     -885.9
56603     -885.2
56604     -887.0
56605     -891.8
56606     -892.6
56607     -879.8
56608     -882.4
56609     -883.7
56610     -882.1
56611     -886.4
56612     -888.2
56613     -888.0
56614     -889.7
56615     -890.7
56616     -891.5
56617     -893.4
56618     -895.8
56619     -898.9
56620     -901.2
56621     -902.7
56622     -903.1
56623     -905.9
56624     -907.9
56625     -910.5
56626     -911.2
56627     -908.9
56628     -908.8
56629     -909.2
56630     -908.7
56631     -915.6
56632     -918.3
56633     -917.6
56634     -925.5
56635     -938.3
56636     -940.5
56637     -943.5
56638     -942.9
56639     -944.8
56640     -944.3
56641     -943.9
56642     -945.8
56643     -951.1
56644     -953.4
56645     -954.3
56646     -954.3
56647     -951.7
56648     -951.1
56649     -951.5
56650     -953.1
56651     -954.0
56652     -960.3
56653     -962.1
56654     -962.0
56655     -964.4
56656     -964.8
56657     -965.7
56658     -965.4
56659     -969.9
56660     -970.0
56661     -970.4
56662     -977.3
56663     -976.9
56664     -979.6
56665     -977.9
56666     -978.4
56667     -978.8
56668     -983.5
56669     -985.1
56670     -987.7
56671     -992.3
56672     -994.7
56673     -994.8
56674    -1002.1
56675     -999.9
56676    -1002.8
56677    -1007.9
56678    -1011.9
56679    -1018.5
56680    -1023.3
56681    -1025.7
56682    -1031.7
56683    -1032.9
56684    -1036.6
56685    -1040.1
56686    -1043.1
56687    -1044.0
56688    -1046.3
56689    -1051.0
56690    -1051.9
56691    -1052.0
56692    -1054.1
56693    -1058.2
56694    -1063.3
56695    -1066.4
56696    -1071.3
56697    -1074.2
56698    -1075.0
56699    -1076.3
56700    -1073.2
56701    -1072.1
56702    -1076.3
56703    -1075.5
56704    -1077.9
56705    -1076.5
56706    -1077.7
56707    -1079.5
56708    -1077.9
56709    -1080.0
56710    -1085.1
56711    -1087.7
56712    -1088.6
56713    -1094.5
56714    -1096.1
56715    -1096.7
56716    -1099.0
56717    -1100.9
56718    -1102.9
56719    -1102.7
56720    -1101.9
56721    -1102.3
56722    -1102.6
56723    -1104.4
56724    -1107.7
56725    -1109.1
56726    -1114.5
56727    -1115.7
56728    -1116.1
56729    -1116.4
56730    -1119.9
56731    -1119.3
56732    -1118.9
56733    -1121.7
56734    -1122.0
56735    -1122.0
56736    -1124.9
56737    -1126.5
56738    -1125.6
56739    -1126.3
56740    -1125.9
56741    -1126.8
56742    -1126.1
56743    -1130.0
56744    -1134.0
56745    -1138.4
56746    -1136.7
56747    -1134.3
56748    -1136.1
56749    -1139.2
56750    -1140.1
56751    -1142.7
56752    -1142.0
56753    -1144.6
56754    -1139.2
56755    -1140.9
56756    -1144.9
56757    -1148.4
56758    -1146.2
56759    -1146.2
56760    -1147.8
56761    -1146.9
56762    -1142.5
56763    -1143.9
56764    -1144.2
56765    -1145.5
56766    -1146.5
56767    -1150.3
56768    -1155.0
56769    -1155.5
56770    -1153.7
56771    -1156.3
56772    -1156.5
56773    -1157.7
56774    -1156.2
56775    -1159.7
56776    -1159.0
56777    -1161.5
56778    -1163.2
56779    -1164.3
56780    -1166.0
56781    -1167.3
56782    -1169.2
56783    -1168.2
56784    -1169.1
56785    -1166.8
56786    -1168.0
56787    -1166.6
56788    -1162.6
56789    -1163.1
56790    -1165.8
56791    -1167.7
56792    -1168.3
56793    -1171.7
56794    -1169.5
56795    -1171.3
56796    -1168.8
56797    -1173.4
56798    -1175.5
56799    -1176.9
56800    -1180.0
56801    -1182.3
56802    -1178.2
56803    -1177.5
56804    -1182.3
56805    -1182.2
56806    -1183.0
56807    -1185.9
56808    -1186.3
56809    -1187.4
56810    -1186.2
56811    -1188.3
56812    -1189.8
56813    -1191.2
56814    -1191.8
56815    -1192.1
56816    -1192.9
56817    -1195.9
56818    -1196.3
56819    -1197.5
56820    -1203.1
56821    -1207.0
56822    -1212.7
56823    -1215.7
56824    -1216.8
56825    -1221.5
56826    -1223.6
56827    -1220.3
56828    -1217.2
56829    -1218.4
56830    -1214.5
56831    -1216.5
56832    -1218.6
56833    -1216.8
56834    -1216.3
56835    -1218.3
56836    -1221.8
56837    -1227.0
56838    -1227.2
56839    -1227.2
56840    -1228.3
56841    -1228.4
56842    -1225.7
56843    -1228.8
56844    -1231.0
56845    -1229.3
56846    -1230.9
56847    -1233.6
56848    -1231.6
56849    -1231.9
56850    -1235.4
56851    -1237.6
56852    -1229.9
56853    -1228.0
56854    -1229.0
56855    -1228.5
56856    -1228.1
56857    -1227.3
56858    -1230.7
56859    -1231.3
56860    -1235.7
56861    -1235.2
56862    -1235.4
56863    -1236.5
56864    -1238.0
56865    -1239.0
56866    -1237.8
56867    -1235.7
56868    -1234.4
56869    -1233.3
56870    -1234.2
56871    -1234.7
56872    -1237.2
56873    -1238.3
56874    -1233.5
56875    -1234.8
56876    -1233.7
56877    -1235.0
56878    -1233.1
56879    -1232.8
56880    -1235.0
56881    -1235.8
56882    -1231.6
56883    -1232.9
56884    -1230.3
56885    -1230.4
56886    -1227.8
56887    -1225.1
56888    -1225.7
56889    -1221.1
56890    -1221.3
56891    -1218.9
56892    -1216.3
56893    -1212.2
56894    -1211.4
56895    -1209.2
56896    -1211.3
56897    -1215.3
56898    -1215.1
56899    -1213.7
56900    -1211.5
56901    -1208.8
56902    -1210.7
56903    -1208.6
56904    -1209.0
56905    -1211.0
56906    -1212.6
56907    -1210.6
56908    -1208.8
56909    -1205.8
56910    -1203.2
56911    -1203.9
56912    -1202.0
56913    -1198.2
56914    -1193.9
56915    -1192.2
56916    -1191.1
56917    -1188.5
56918    -1185.5
56919    -1185.8
56920    -1186.9
56921    -1187.8
56922    -1188.6
56923    -1187.9
56924    -1184.7
56925    -1186.2
56926    -1186.4
56927    -1183.9
56928    -1182.8
56929    -1178.8
56930    -1175.9
56931    -1176.5
56932    -1174.7
56933    -1170.3
56934    -1170.4
56935    -1169.1
56936    -1164.5
56937    -1168.1
56938    -1168.2
56939    -1167.8
56940    -1167.6
56941    -1164.4
56942    -1165.7
56943    -1170.2
56944    -1169.6
56945    -1168.1
56946    -1173.6
56947    -1175.9
56948    -1173.8
56949    -1170.6
56950    -1167.8
56951    -1163.3
56952    -1162.5
56953    -1161.0
56954    -1159.6
56955    -1158.2
56956    -1157.1
56957    -1154.7
56958    -1155.1
56959    -1153.9
56960    -1150.5
56961    -1152.8
56962    -1152.3
56963    -1149.1
56964    -1147.1
56965    -1141.9
56966    -1138.7
56967    -1137.3
56968    -1136.1
56969    -1132.1
56970    -1133.3
56971    -1131.7
56972    -1131.6
56973    -1134.1
56974    -1129.8
56975    -1128.7
56976    -1124.6
56977    -1122.0
56978    -1121.8
56979    -1121.5
56980    -1121.0
56981    -1119.9
56982    -1115.9
56983    -1112.1
56984    -1109.7
56985    -1106.7
56986    -1102.8
56987    -1104.9
56988    -1101.1
56989    -1096.9
56990    -1096.3
56991    -1098.1
56992    -1097.1
56993    -1094.2
56994    -1091.2
56995    -1093.5
56996    -1094.6
56997    -1095.2
56998    -1095.9
56999    -1091.6
57000    -1089.8
57001    -1092.0
57002    -1094.9
57003    -1095.2
57004    -1091.9
57005    -1087.5
57006    -1088.8
57007    -1086.0
57008    -1084.3
57009    -1082.6
57010    -1078.5
57011    -1081.3
57012    -1085.9
57013    -1088.2
57014    -1084.6
57015    -1084.2
57016    -1082.1
57017    -1079.7
57018    -1077.1
57019    -1076.7
57020    -1076.7
57021    -1071.6
57022    -1074.1
57023    -1075.9
57024    -1075.4
57025    -1076.6
57026    -1076.8
57027    -1078.1
57028    -1075.2
57029    -1074.7
57030    -1077.3
57031    -1074.0
57032    -1075.6
57033    -1076.1
57034    -1078.3
57035    -1075.7
57036    -1075.7
57037    -1073.8
57038    -1072.6
57039    -1072.5
57040    -1074.2
57041    -1074.9
57042    -1073.7
57043    -1074.2
57044    -1073.2
57045    -1072.0
57046    -1071.1
57047    -1068.2
57048    -1064.6
57049    -1061.5
57050    -1064.9
57051    -1064.1
57052    -1064.7
57053    -1064.4
57054    -1062.2
57055    -1056.9
57056    -1056.1
57057    -1054.2
57058    -1049.6
57059    -1048.1
57060    -1047.2
57061    -1048.2
57062    -1046.7
57063    -1044.7
57064    -1047.8
57065    -1050.6
57066    -1048.2
57067    -1048.2
57068    -1046.9
57069    -1045.3
57070    -1045.2
57071    -1046.0
57072    -1044.8
57073    -1043.2
57074    -1040.4
57075    -1040.2
57076    -1037.8
57077    -1035.4
57078    -1035.7
57079    -1036.8
57080    -1035.8
57081    -1035.4
57082    -1039.1
57083    -1040.2
57084    -1036.8
57085    -1034.8
57086    -1030.2
57087    -1023.5
57088    -1022.7
57089    -1021.0
57090    -1022.0
57091    -1020.4
57092    -1018.3
57093    -1016.9
57094    -1015.3
57095    -1012.9
57096    -1012.4
57097    -1006.4
57098    -1004.2
57099    -1003.2
57100    -1003.1
57101    -1000.2
57102    -1000.1
57103     -996.6
57104     -990.4
57105     -988.9
57106     -986.2
57107     -987.6
57108     -986.3
57109     -983.3
57110     -983.1
57111     -981.5
57112     -979.4
57113     -977.1
57114     -975.2
57115     -973.2
57116     -970.9
57117     -970.5
57118     -970.6
57119     -971.9
57120     -971.8
57121     -971.8
57122     -970.3
57123     -968.0
57124     -967.3
57125     -963.4
57126     -962.3
57127     -963.7
57128     -962.2
57129     -961.5
57130     -955.6
57131     -954.5
57132     -953.4
57133     -949.3
57134     -949.1
57135     -948.7
57136     -945.3
57137     -947.1
57138     -949.3
57139     -946.9
57140     -945.6
57141     -946.3
57142     -948.2
57143     -948.2
57144     -949.3
57145     -947.3
57146     -951.1
57147     -952.7
57148     -952.9
57149     -952.7
57150     -952.8
57151     -951.7
57152     -948.5
57153     -951.1
57154     -950.3
57155     -952.7
57156     -951.4
57157     -950.4
57158     -951.2
57159     -948.7
57160     -949.6
57161     -954.1
57162     -958.5
57163     -962.8
57164     -960.3
57165     -957.0
57166     -956.4
57167     -957.9
57168     -960.6
57169     -961.4
57170     -961.9
57171     -959.4
57172     -955.9
57173     -958.0
57174     -953.8
57175     -951.5
57176     -946.9
57177     -945.9
57178     -945.9
57179     -948.6
57180     -947.0
57181     -945.8
57182     -944.8
57183     -946.3
57184     -941.3
57185     -941.7
57186     -944.5
57187     -942.3
57188     -935.2
57189     -932.7
57190     -931.7
57191     -930.9
57192     -930.2
57193     -932.9
57194     -931.7
57195     -930.6
57196     -929.8
57197     -928.8
57198     -925.1
57199     -922.9
57200     -920.9
57201     -917.4
57202     -914.6
57203     -912.8
57204     -915.9
57205     -913.2
57206     -910.9
57207     -907.1
57208     -902.6
57209     -901.8
57210     -902.1
57211     -900.3
57212     -902.0
57213     -904.5
57214     -904.8
57215     -905.0
57216     -906.3
57217     -905.1
57218     -906.1
57219     -905.4
57220     -907.3
57221     -904.7
57222     -906.0
57223     -905.5
57224     -907.1
57225     -907.9
57226     -906.3
57227     -906.8
57228     -905.1
57229     -902.8
57230     -902.3
57231     -900.3
57232     -901.2
57233     -901.1
57234     -900.1
57235     -898.9
57236     -899.1
57237     -894.0
57238     -892.2
57239     -891.7
57240     -888.6
57241     -886.6
57242     -884.3
57243     -889.2
57244     -884.6
57245     -883.7
57246     -881.5
57247     -882.3
57248     -880.8
57249     -880.9
57250     -879.6
57251          -
57252          -
57253     -873.9
57254     -873.1
57255     -879.4
57256     -877.1
57257     -872.8
57258     -874.0
57259     -872.1
57260     -870.5
57261     -869.7
57262     -868.1
57263     -867.6
57264     -865.1
57265     -868.3
57266     -851.4
57267       36.0
57268     -895.9
57269     -591.8
57270     -850.0
57271     -319.5
57272     -870.5
57273     -869.1
57274     -867.8
57275     -870.6
57276     -872.3
57277     -869.0
57278     -871.3
57279     -871.2
57280     -873.9
57281     -874.6
57282     -870.3
57283     -868.3
57284     -865.7
57285     -868.1
57286     -865.4
57287     -865.5
57288     -867.2
57289     -865.7
57290     -866.5
57291     -866.8
57292     -864.2
57293     -866.7
57294     -867.0
57295     -862.4
57296     -863.5
57297     -864.1
57298     -864.3
57299     -863.2
57300     -861.2
57301     -861.3
57302     -863.4
57303     -863.5
57304     -861.3
57305     -861.3
57306     -859.8
57307     -858.2
57308     -855.9
57309     -852.8
57310     -849.4
57311     -848.0
57312     -848.1
57313     -846.7
57314     -845.4
57315     -849.1
57316     -852.8
57317     -855.7
57318     -857.7
57319     -856.1
57320     -853.3
57321     -851.9
57322     -853.7
57323     -855.6
57324     -852.8
57325     -855.1
57326     -851.0
57327     -848.7
57328     -844.4
57329     -842.3
57330     -842.7
57331     -842.9
57332     -845.4
57333     -844.1
57334     -842.9
57335     -841.8
57336     -839.8
57337     -838.6
57338     -840.5
57339     -843.9
57340     -842.4
57341     -843.3
57342     -843.5
57343     -845.9
57344     -851.5
57345     -853.8
57346     -852.6
57347     -853.7
57348     -854.6
57349     -855.6
57350     -854.2
57351     -856.7
57352     -855.1
57353     -857.3
57354     -861.1
57355     -858.4
57356     -855.0
57357     -852.4
57358     -852.1
57359     -855.5
57360     -855.3
57361     -855.7
57362     -855.2
57363     -862.7
57364     -865.5
57365     -866.8
57366     -864.4
57367     -864.8
57368     -866.1
57369     -866.2
57370     -862.6
57371     -862.6
57372     -861.6
57373     -862.9
57374     -859.1
57375     -859.8
57376     -862.1
57377     -859.3
57378     -864.5
57379     -861.0
57380     -862.8
57381     -863.5
57382     -865.0
57383     -862.0
57384     -862.6
57385     -862.5
57386     -868.6
57387     -864.1
57388     -864.8
57389     -864.1
57390     -861.2
57391     -862.2
57392     -858.2
57393     -854.9
57394     -855.5
57395     -854.1
57396     -852.5
57397     -853.0
57398     -856.2
57399     -856.5
57400     -859.5
57401     -859.5
57402     -857.6
57403     -852.5
57404     -853.1
57405     -857.1
57406     -861.8
57407     -861.2
57408     -865.3
57409     -865.9
57410     -863.8
57411     -863.2
57412     -861.3
57413     -863.2
57414     -860.4
57415     -862.2
57416     -865.1
57417     -863.2
57418     -864.1
57419     -865.7
57420     -863.5
57421     -861.7
57422     -860.6
57423     -860.8
57424     -861.9
57425     -861.2
57426     -864.3
57427     -862.3
57428     -866.8
57429     -869.4
57430     -876.3
57431     -878.0
57432     -874.6
57433     -882.1
57434     -880.4
57435     -878.1
57436     -880.0
57437     -881.8
57438     -884.4
57439     -884.0
57440     -882.3
57441     -882.8
57442     -886.1
57443     -889.7
57444     -888.7
57445     -887.0
57446     -889.5
57447     -888.8
57448     -892.5
57449     -892.3
57450     -891.7
57451     -896.2
57452     -896.0
57453     -898.1
57454     -901.6
57455     -903.0
57456     -905.4
57457     -902.0
57458     -900.5
57459     -898.5
57460     -900.0
57461     -896.7
57462     -896.2
57463     -895.5
57464     -896.3
57465     -895.9
57466     -898.6
57467     -897.8
57468     -901.5
57469     -907.2
57470     -907.6
57471     -912.6
57472     -913.6
57473     -910.0
57474     -915.3
57475     -916.4
57476     -916.6
57477     -917.9
57478     -919.6
57479     -922.8
57480     -920.8
57481     -922.9
57482     -920.7
57483     -919.9
57484     -925.2
57485     -927.5
57486     -926.8
57487     -925.9
57488     -930.0
57489     -928.4
57490     -928.1
57491     -935.2
57492     -935.4
57493     -939.0
57494     -940.6
57495     -938.5
57496     -943.8
57497     -947.1
57498     -949.0
57499     -950.0
57500     -954.5
57501     -953.7
57502     -952.3
57503     -951.2
57504     -946.0
57505     -946.4
57506     -945.0
57507     -945.8
57508     -943.9
57509     -946.4
57510     -949.5
57511     -948.4
57512     -948.1
57513     -947.8
57514     -942.4
57515     -944.0
57516     -947.5
57517     -949.3
57518     -946.3
57519     -945.0
57520     -946.8
57521     -947.3
57522     -944.2
57523     -941.9
57524     -937.1
57525     -935.7
57526     -934.5
57527     -936.4
57528     -937.0
57529     -938.0
57530     -937.9
57531     -934.8
57532     -930.9
57533     -931.0
57534     -931.8
57535     -936.1
57536     -950.7
57537     -839.1
57538     -945.3
57539     -945.6
57540     -948.0
57541     -948.7
57542     -951.1
57543     -958.0
57544     -959.2
57545     -962.4
57546     -960.4
57547     -960.8
57548     -960.9
57549     -959.7
57550     -955.6
57551     -952.7
57552     -954.8
57553     -953.8
57554     -952.5
57555     -949.3
57556     -949.8
57557     -948.9
57558     -944.0
57559     -941.5
57560     -943.8
57561     -944.8
57562     -946.6
57563     -943.6
57564     -945.5
57565     -944.4
57566     -941.5
57567     -941.2
57568     -945.9
57569     -947.4
57570     -947.0
57571     -949.3
57572     -950.2
57573     -950.4
57574     -953.7
57575     -954.3
57576     -953.3
57577     -948.7
57578     -946.4
57579     -941.2
57580     -940.3
57581     -946.2
57582     -941.9
57583     -941.4
57584     -942.9
57585     -941.7
57586     -941.5
57587     -941.6
57588     -941.6
57589     -942.7
57590     -943.0
57591     -945.3
57592     -947.1
57593     -943.2
57594     -943.4
57595     -945.9
57596     -945.8
57597     -945.6
57598     -949.7
57599     -951.6
57600     -950.2
57601     -948.4
57602     -946.9
57603     -947.1
57604     -946.7
57605     -951.6
57606     -953.2
57607     -955.0
57608     -956.8
57609     -954.5
57610     -951.6
57611     -954.8
57612     -955.5
57613     -953.4
57614     -950.5
57615     -950.0
57616     -951.4
57617     -952.6
57618     -949.9
57619     -946.2
57620     -942.6
57621     -941.2
57622     -941.7
57623     -939.3
57624     -938.8
57625     -938.9
57626     -937.7
57627     -936.3
57628     -935.5
57629     -936.8
57630     -936.8
57631     -938.4
57632     -942.7
57633     -944.1
57634     -941.9
57635     -940.1
57636     -945.6
57637     -944.3
57638     -942.4
57639     -944.5
57640     -942.9
57641     -943.5
57642     -946.8
57643     -942.9
57644     -937.9
57645     -935.8
57646     -939.8
57647     -942.1
57648     -942.8
57649     -940.3
57650     -939.1
57651     -936.9
57652     -936.9
57653     -936.3
57654     -929.0
57655     -929.7
57656     -930.7
57657     -934.2
57658     -934.5
57659     -937.4
57660     -933.0
57661     -933.2
57662     -934.3
57663     -940.9
57664     -938.5
57665     -942.1
57666     -944.1
57667     -944.1
57668     -942.5
57669     -942.3
57670     -940.7
57671     -942.0
57672     -940.8
57673     -940.0
57674     -943.1
57675     -943.6
57676     -943.9
57677     -949.8
57678     -952.7
57679     -953.6
57680     -951.5
57681     -950.5
57682     -951.4
57683     -950.9
57684     -953.4
57685     -954.9
57686     -958.9
57687     -960.3
57688     -959.6
57689     -962.6
57690     -962.1
57691     -965.3
57692     -970.1
57693     -969.2
57694     -969.5
57695     -969.5
57696     -972.7
57697     -973.5
57698     -977.7
57699     -976.7
57700     -974.6
57701     -975.4
57702     -977.5
57703     -979.2
57704     -979.4
57705     -976.6
57706     -975.1
57707     -974.8
57708     -975.1
57709     -974.4
57710     -975.3
57711     -974.9
57712     -972.3
57713     -976.4
57714     -974.0
57715     -970.8
57716     -967.4
57717     -970.4
57718     -968.1
57719     -967.4
57720     -965.3
57721     -960.8
57722     -962.7
57723     -961.1
57724     -957.2
57725     -956.6
57726     -955.7
57727     -957.8
57728     -958.7
57729     -957.3
57730     -957.4
57731     -955.1
57732     -958.5
57733     -955.4
57734     -947.6
57735     -943.9
57736     -941.9
57737     -941.0
57738     -943.5
57739     -938.4
57740     -933.0
57741     -931.0
57742     -932.5
57743     -936.5
57744     -941.3
57745     -946.3
57746     -947.3
57747     -947.2
57748     -947.1
57749     -946.8
57750     -950.7
57751     -948.1
57752     -945.8
57753          -
57754     -947.3
57755     -945.6
57756     -947.5
57757     -945.8
57758     -941.7
57759     -939.0
57760     -941.3
57761     -941.3
57762     -944.4
57763     -943.3
57764     -943.9
57765     -943.5
57766     -945.9
57767     -945.7
57768     -949.9
57769     -947.8
57770     -944.7
57771     -944.6
57772     -944.6
57773     -944.7
57774     -941.8
57775     -946.9
57776     -948.2
57777     -948.5
57778     -948.0
57779     -950.5
57780     -947.6
57781     -946.0
57782     -945.7
57783     -944.5
57784     -945.1
57785     -943.1
57786     -941.3
57787     -942.0
57788     -941.2
57789     -939.5
57790     -939.0
57791     -941.0
57792     -936.9
57793     -942.2
57794     -943.7
57795     -947.2
57796     -948.6
57797     -946.5
57798     -946.7
57799     -943.6
57800     -946.2
57801     -947.6
57802     -951.6
57803     -950.2
57804     -949.7
57805     -950.0
57806     -950.8
57807     -949.2
57808     -948.6
57809     -947.0
57810     -944.9
57811     -941.6
57812     -938.8
57813     -937.6
57814     -938.0
57815     -935.6
57816     -933.9
57817     -935.0
57818     -938.5
57819     -939.4
57820     -938.2
57821     -941.8
57822     -939.9
57823     -936.7
57824     -941.9
57825     -945.1
57826     -948.4
57827     -951.6
57828     -953.1
57829     -952.7
57830     -954.5
57831     -956.2
57832     -952.4
57833     -952.4
57834     -950.5
57835     -949.1
57836     -945.6
57837     -945.2
57838     -945.5
57839     -948.2
57840     -947.8
57841     -948.8
57842     -952.0
57843     -947.3
57844     -950.6
57845     -950.7
57846     -943.3
57847     -945.0
57848     -938.9
57849     -934.7
57850     -936.0
57851     -929.9
57852     -931.8
57853     -928.6
57854     -928.4
57855     -926.2
57856     -928.5
57857     -928.0
57858     -929.3
57859     -929.5
57860     -929.2
57861     -932.6
57862     -935.0
57863     -933.6
57864     -934.6
57865     -934.8
57866     -932.4
57867     -937.8
57868     -933.8
57869     -930.6
57870     -932.5
57871     -931.8
57872     -935.6
57873     -935.7
57874     -929.3
57875     -926.8
57876     -926.8
57877     -929.9
57878     -930.3
57879     -926.8
57880     -925.7
57881     -929.2
57882     -923.5
57883     -925.8
57884     -923.4
57885     -918.4
57886     -919.3
57887     -918.5
57888     -920.9
57889     -921.3
57890     -922.4
57891     -923.6
57892     -924.9
57893     -926.5
57894     -929.1
57895     -933.6
57896     -934.7
57897     -936.1
57898     -935.6
57899     -937.8
57900     -938.8
57901     -938.0
57902     -936.0
57903     -942.2
57904     -945.5
57905     -946.4
57906     -951.0
57907     -954.4
57908     -952.2
57909     -956.4
57910     -954.7
57911     -952.3
57912     -952.3
57913     -954.5
57914     -953.3
57915     -952.5
57916     -952.1
57917     -951.7
57918     -951.1
57919     -952.2
57920     -953.8
57921     -957.3
57922     -954.5
57923     -956.9
57924     -959.9
57925     -958.9
57926     -955.5
57927     -949.6
57928     -949.3
57929     -946.7
57930     -944.6
57931     -943.2
57932     -937.3
57933     -937.4
57934     -936.3
57935     -936.0
57936     -934.6
57937     -938.2
57938     -937.5
57939     -938.6
57940     -938.1
57941     -939.4
57942     -939.8
57943     -939.4
57944     -938.2
57945     -944.6
57946     -945.1
57947     -946.3
57948     -947.2
57949     -948.5
57950     -947.8
57951     -947.0
57952     -951.8
57953     -954.0
57954     -954.3
57955     -957.0
57956     -957.9
57957     -956.6
57958     -953.0
57959     -951.9
57960     -949.5
57961     -951.2
57962     -952.6
57963     -956.5
57964     -958.4
57965     -964.6
57966     -956.6
57967     -956.6
57968     -958.7
57969     -958.0
57970     -960.0
57971     -958.7
57972     -961.6
57973     -960.7
57974     -963.0
57975     -960.5
57976     -960.2
57977     -958.2
57978     -955.1
57979     -953.1
57980     -955.1
57981     -955.1
57982     -953.0
57983     -958.9
57984     -963.0
57985     -960.7
57986     -957.8
57987     -953.6
57988     -952.0
57989     -948.8
57990     -947.9
57991     -950.5
57992     -952.0
57993     -951.0
57994     -947.4
57995     -946.6
57996     -946.4
57997     -942.5
57998     -937.1
57999     -938.7
58000     -937.9
58001     -939.2
58002     -938.8
58003     -939.6
58004     -935.0
58005     -933.0
58006     -930.7
58007     -929.4
58008     -927.1
58009     -931.7
58010     -931.7
58011     -929.5
58012     -933.8
58013     -931.3
58014     -934.5
58015     -934.6
58016     -934.8
58017     -936.2
58018     -934.8
58019     -931.9
58020     -929.1
58021     -930.4
58022     -931.4
58023     -935.5
58024     -935.3
58025     -936.6
58026     -933.4
58027     -932.2
58028     -929.3
58029     -926.3
58030     -927.5
58031     -926.0
58032     -928.9
58033     -929.6
58034     -928.7
58035     -926.0
58036     -923.2
58037     -921.9
58038     -920.0
58039     -920.0
58040     -923.5
58041     -923.8
58042     -927.3
58043     -931.1
58044     -933.0
58045     -934.9
58046     -934.8
58047     -940.3
58048     -941.2
58049     -940.3
58050     -938.7
58051     -935.9
58052     -936.2
58053     -934.0
58054     -935.8
58055     -936.4
58056     -933.8
58057     -927.0
58058     -927.4
58059     -926.3
58060     -929.0
58061     -929.1
58062     -931.2
58063     -927.0
58064     -930.7
58065     -935.8
58066     -933.9
58067     -931.7
58068     -931.5
58069     -929.8
58070     -930.8
58071     -933.7
58072     -932.1
58073     -933.1
58074     -933.0
58075     -932.8
58076     -931.8
58077     -929.2
58078     -924.1
58079     -923.0
58080     -919.8
58081     -919.8
58082     -919.9
58083     -920.4
58084     -921.8
58085     -919.1
58086     -918.3
58087     -916.9
58088     -920.1
58089     -924.4
58090     -926.5
58091     -922.1
58092     -925.7
58093     -926.6
58094     -924.8
58095     -923.4
58096     -925.9
58097     -926.2
58098     -931.5
58099     -935.4
58100     -933.2
58101     -934.0
58102     -932.5
58103     -930.7
58104     -932.5
58105     -933.0
58106     -932.5
58107     -932.4
58108     -933.3
58109     -934.7
58110     -934.9
58111     -934.4
58112     -929.7
58113     -931.5
58114     -932.2
58115     -935.9
58116     -933.3
58117     -935.1
58118     -933.9
58119     -934.0
58120     -932.6
58121     -933.1
58122     -928.0
58123     -924.8
58124     -929.2
58125     -931.3
58126     -936.8
58127     -941.5
58128     -941.0
58129     -940.7
58130     -940.7
58131     -938.0
58132     -933.2
58133     -933.0
58134     -932.0
58135     -930.9
58136     -932.6
58137     -934.1
58138     -934.9
58139     -933.0
58140     -933.8
58141     -940.2
58142     -943.0
58143     -939.5
58144     -940.3
58145     -941.2
58146     -938.2
58147     -941.6
58148     -938.7
58149     -939.0
58150     -937.7
58151     -937.1
58152     -938.4
58153     -936.2
58154     -937.1
58155     -938.0
58156     -938.2
58157     -940.2
58158     -943.3
58159     -943.4
58160     -946.2
58161     -950.3
58162     -950.1
58163     -950.2
58164     -948.4
58165     -949.6
58166     -949.1
58167     -952.1
58168     -954.2
58169     -959.1
58170     -963.5
58171     -965.9
58172     -971.3
58173     -968.6
58174     -963.9
58175     -960.3
58176     -961.5
58177     -966.3
58178     -962.8
58179     -962.8
58180     -964.3
58181     -964.0
58182     -966.4
58183     -971.2
58184     -975.4
58185     -978.3
58186     -975.2
58187     -973.5
58188     -973.8
58189     -971.6
58190     -973.9
58191     -972.6
58192     -977.8
58193     -980.9
58194     -981.0
58195     -985.1
58196     -985.8
58197     -984.7
58198     -985.0
58199     -987.0
58200     -986.7
58201     -981.8
58202     -978.7
58203     -978.5
58204     -976.0
58205     -970.8
58206     -967.0
58207     -964.1
58208     -961.7
58209     -958.2
58210     -959.9
58211     -958.7
58212     -962.1
58213     -966.6
58214     -967.5
58215     -969.8
58216     -968.0
58217     -964.8
58218     -965.4
58219     -965.6
58220     -963.8
58221     -961.0
58222     -960.4
58223     -958.1
58224     -959.2
58225     -960.2
58226     -957.0
58227     -955.4
58228     -954.2
58229     -953.6
58230     -950.2
58231     -949.7
58232     -945.2
58233     -945.7
58234     -948.6
58235     -948.5
58236     -950.4
58237     -943.0
58238     -944.3
58239     -943.5
58240     -942.8
58241     -945.7
58242     -944.7
58243     -945.7
58244     -948.5
58245     -949.3
58246     -972.4
58247    -1000.1
58248     -996.3
58249     -988.6
58250     -986.4
58251     -984.2
58252     -996.1
58253     -492.1
58254     -492.5
58255     -489.9
58256     -488.4
58257     -485.9
58258     -484.9
58259     -482.4
58260     -478.5
58261     -479.2
58262     -478.3
58263     -478.1
58264     -477.7
58265     -473.4
58266     -468.2
58267     -963.8
58268     -959.6
58269     -957.1
58270     -959.2
58271     -954.7
58272     -955.9
58273     -953.8
58274     -954.2
58275     -955.2
58276     -950.3
58277     -948.0
58278     -948.5
58279     -947.2
58280     -945.6
58281     -942.8
58282     -945.0
58283     -946.6
58284     -948.3
58285     -946.5
58286     -945.7
58287     -946.2
58288     -946.9
58289     -944.5
58290     -942.8
58291     -946.4
58292     -947.6
58293     -945.0
58294     -940.4
58295     -939.2
58296     -937.5
58297     -937.3
58298     -934.3
58299     -932.5
58300     -931.4
58301     -929.4
58302     -929.2
58303     -927.2
58304     -929.6
58305     -929.4
58306     -926.0
58307     -927.4
58308     -928.9
58309     -929.2
58310     -926.9
58311     -924.9
58312     -925.2
58313     -929.1
58314     -928.1
58315     -927.4
58316     -924.3
58317     -924.0
58318     -924.8
58319     -928.8
58320     -928.5
58321     -927.1
58322     -929.4
58323     -932.1
58324     -931.1
58325     -932.3
58326     -934.5
58327     -940.8
58328     -942.5
58329     -944.6
58330     -950.7
58331     -955.1
58332     -956.6
58333     -958.3
58334     -961.1
58335     -961.4
58336     -962.8
58337     -969.9
58338     -971.4
58339     -975.3
58340     -979.4
58341     -983.3
58342     -982.7
58343     -984.2
58344     -985.3
58345     -989.1
58346     -990.6
58347     -991.4
58348     -995.9
58349     -996.4
58350     -998.7
58351    -1001.6
58352    -1004.5
58353    -1006.2
58354    -1012.4
58355    -1015.1
58356    -1016.4
58357    -1018.7
58358    -1020.7
58359    -1021.4
58360    -1021.9
58361    -1015.5
58362    -1012.4
58363    -1011.0
58364    -1007.4
58365    -1005.2
58366    -1003.6
58367    -1003.3
58368     -999.6
58369     -999.4
58370     -996.3
58371     -994.0
58372     -992.6
58373     -989.9
58374     -987.4
58375     -981.2
58376     -976.9
58377     -978.1
58378     -971.9
58379     -967.5
58380     -961.1
58381     -958.2
58382     -954.0
58383     -951.3
58384     -950.5
58385     -948.1
58386     -949.1
58387     -944.8
58388     -940.8
58389     -938.5
58390     -935.3
58391     -932.8
58392     -929.5
58393     -925.0
58394     -920.7
58395     -916.8
58396     -914.2
58397     -909.4
58398     -903.7
58399     -897.0
58400     -892.6
58401     -893.6
58402     -892.4
58403     -886.2
58404     -883.0
58405     -879.1
58406     -877.0
58407     -873.3
58408     -874.1
58409     -877.9
58410     -875.2
58411     -874.6
58412     -874.1
58413     -872.9
58414     -871.0
58415     -872.6
58416     -871.8
58417     -872.8
58418     -870.9
58419     -871.6
58420     -873.0
58421     -870.6
58422     -870.0
58423     -868.2
58424     -865.7
58425     -867.2
58426     -864.4
58427     -859.4
58428     -859.7
58429     -858.9
58430     -854.6
58431     -849.9
58432     -848.7
58433     -848.0
58434     -847.7
58435     -848.2
58436     -847.4
58437     -847.3
58438     -847.3
58439     -844.7
58440     -847.2
58441     -846.6
58442     -847.8
58443     -847.5
58444     -847.0
58445     -845.5
58446     -844.3
58447     -846.5
58448     -848.6
58449     -849.1
58450     -850.6
58451          -
58452          -
58453          -
58454          -
58455     -851.2
58456     -853.0
58457     -851.9
58458     -854.4
58459     -857.0
58460     -858.2
58461     -861.3
58462     -862.2
58463     -864.2
58464     -864.4
58465     -864.5
58466     -863.5
58467     -864.3
58468     -863.7
58469     -864.2
58470     -869.3
58471     -871.9
58472     -870.7
58473     -872.2
58474     -874.1
58475     -877.9
58476     -879.8
58477     -880.0
58478     -883.8
58479     -884.2
58480     -890.0
58481     -892.2
58482     -897.2
58483     -902.8
58484     -904.5
58485     -905.1
58486     -903.9
58487     -906.6
58488     -911.1
58489     -913.1
58490     -916.0
58491     -923.9
58492     -930.4
58493     -932.1
58494     -936.8
58495     -940.0
58496     -943.4
58497     -944.9
58498     -947.0
58499     -952.2
58500     -955.7
58501     -959.3
58502     -963.2
58503     -965.4
58504     -969.6
58505     -975.9
58506     -978.6
58507     -983.7
58508     -987.5
58509     -989.4
58510     -987.7
58511     -988.5
58512     -989.3
58513     -993.4
58514     -994.6
58515     -997.3
58516     -998.1
58517     -999.1
58518    -1007.1
58519    -1009.1
58520    -1012.8
58521    -1015.9
58522    -1016.5
58523    -1019.9
58524    -1023.2
58525    -1025.1
58526    -1026.4
58527    -1026.8
58528    -1027.1
58529    -1027.4
58530    -1026.6
58531    -1027.7
58532    -1030.3
58533    -1027.4
58534    -1027.0
58535    -1023.5
58536    -1021.0
58537    -1019.2
58538    -1019.5
58539    -1019.1
58540    -1018.6
58541    -1019.4
58542    -1021.2
58543    -1019.1
58544    -1018.6
58545    -1017.7
58546    -1018.5
58547    -1019.2
58548    -1017.7
58549    -1017.6
58550    -1015.6
58551    -1015.9
58552    -1015.8
58553    -1012.9
58554    -1016.5
58555    -1011.8
58556    -1010.8
58557    -1013.8
58558    -1014.9
58559    -1012.6
58560    -1009.5
58561    -1009.6
58562    -1008.5
58563    -1008.7
58564    -1006.1
58565    -1003.1
58566    -1003.2
58567    -1002.7
58568    -1000.2
58569     -997.7
58570     -995.5
58571     -991.1
58572     -991.2
58573     -989.8
58574     -987.1
58575     -985.9
58576     -982.1
58577     -978.9
58578     -973.3
58579     -970.3
58580     -969.4
58581     -966.6
58582     -963.4
58583     -958.6
58584     -956.9
58585     -955.3
58586     -954.5
58587     -949.2
58588     -945.1
58589     -942.2
58590     -940.3
58591     -939.1
58592     -934.3
58593     -930.9
58594     -925.5
58595     -919.7
58596     -912.9
58597     -910.0
58598     -907.0
58599     -901.1
58600     -897.7
58601     -892.5
58602     -886.9
58603     -881.2
58604     -878.7
58605     -875.0
58606     -870.8
58607     -868.3
58608     -865.1
58609     -866.2
58610     -866.9
58611     -864.0
58612     -861.1
58613     -859.7
58614     -858.3
58615     -856.1
58616     -856.0
58617     -859.4
58618     -859.5
58619     -857.3
58620     -853.5
58621     -852.6
58622     -853.9
58623     -851.0
58624     -848.0
58625     -844.4
58626     -842.9
58627     -838.8
58628     -835.2
58629     -836.5
58630     -832.4
58631     -832.7
58632     -829.4
58633     -830.7
58634     -824.6
58635     -819.1
58636     -813.1
58637     -812.6
58638     -813.0
58639     -811.7
58640     -807.4
58641     -804.6
58642     -804.4
58643     -804.2
58644     -808.0
58645     -807.4
58646     -808.4
58647     -809.5
58648     -812.8
58649     -812.3
58650     -814.5
58651     -814.5
58652     -813.7
58653     -815.7
58654     -818.0
58655     -819.0
58656     -816.6
58657     -820.7
58658     -825.6
58659     -831.1
58660     -832.7
58661     -835.2
58662     -838.8
58663     -842.6
58664     -843.8
58665     -846.6
58666     -850.3
58667     -858.0
58668     -858.2
58669     -862.9
58670     -866.5
58671     -869.7
58672     -871.9
58673     -874.2
58674     -874.6
58675     -879.1
58676     -882.7
58677     -887.3
58678     -887.6
58679     -889.4
58680     -891.5
58681     -892.6
58682     -895.8
58683     -899.2
58684     -900.9
58685     -904.4
58686     -904.4
58687     -904.9
58688     -905.8
58689     -909.9
58690     -913.0
58691     -915.3
58692     -918.7
58693     -922.5
58694     -926.7
58695     -929.1
58696     -932.3
58697     -935.2
58698     -937.8
58699     -941.9
58700     -941.7
58701     -947.8
58702     -953.3
58703     -957.4
58704     -959.2
58705     -957.6
58706     -958.9
58707     -959.7
58708     -959.2
58709     -957.7
58710     -956.8
58711     -955.1
58712     -957.1
58713     -960.2
58714     -953.8
58715     -952.6
58716     -947.9
58717     -948.7
58718     -948.2
58719     -948.5
58720     -949.8
58721     -947.5
58722     -946.2
58723     -944.4
58724     -942.1
58725     -941.9
58726     -940.9
58727     -940.1
58728     -939.5
58729     -940.5
58730     -940.7
58731     -942.7
58732     -942.9
58733     -944.2
58734     -938.7
58735     -940.4
58736     -939.6
58737     -936.5
58738     -935.6
58739     -932.9
58740     -927.7
58741     -924.8
58742     -926.3
58743     -927.8
58744     -927.8
58745     -925.5
58746     -921.8
58747     -922.7
58748     -920.5
58749     -922.2
58750     -918.0
58751     -915.8
58752     -915.2
58753     -913.5
58754     -915.6
58755     -912.8
58756     -911.9
58757     -911.3
58758     -909.5
58759     -910.7
58760     -907.3
58761     -902.5
58762     -899.5
58763     -894.7
58764     -890.2
58765     -886.4
58766     -884.6
58767     -883.0
58768     -879.8
58769     -876.9
58770     -873.7
58771     -867.8
58772     -867.5
58773     -867.6
58774     -862.5
58775     -858.7
58776     -854.0
58777     -850.2
58778     -847.0
58779     -845.7
58780     -839.9
58781     -835.8
58782     -829.5
58783     -824.5
58784     -818.9
58785     -811.1
58786     -812.4
58787     -812.7
58788     -813.2
58789     -811.9
58790     -810.0
58791     -805.9
58792     -805.7
58793     -811.1
58794     -811.3
58795     -810.8
58796     -812.3
58797     -815.1
58798     -813.9
58799     -814.5
58800     -811.1
58801     -810.5
58802     -809.9
58803     -808.0
58804     -808.1
58805     -814.2
58806     -814.0
58807     -814.7
58808     -815.9
58809     -815.0
58810     -817.6
58811     -817.3
58812     -818.8
58813     -819.5
58814     -819.1
58815     -815.5
58816     -817.1
58817     -816.1
58818     -819.3
58819     -819.5
58820     -818.8
58821     -819.5
58822     -821.0
58823     -822.7
58824     -824.0
58825     -820.6
58826     -819.6
58827     -820.9
58828     -821.4
58829     -823.8
58830     -820.8
58831     -823.5
58832     -828.3
58833     -832.5
58834     -835.0
58835     -836.1
58836     -834.3
58837     -836.0
58838     -838.0
58839     -835.3
58840     -830.2
58841     -829.4
58842     -832.6
58843     -835.1
58844     -833.2
58845     -840.1
58846     -845.2
58847     -846.3
58848     -850.0
58849     -851.1
58850     -852.7
58851     -858.3
58852     -864.7
58853     -871.1
58854     -872.3
58855     -876.4
58856     -878.0
58857     -880.6
58858     -882.5
58859     -887.6
58860     -893.2
58861     -897.1
58862     -900.8
58863     -907.1
58864     -912.6
58865     -913.6
58866     -908.7
58867     -906.3
58868     -903.2
58869     -903.4
58870     -904.1
58871     -908.5
58872     -910.6
58873     -907.4
58874     -909.2
58875     -907.5
58876     -908.1
58877     -905.3
58878     -905.7
58879     -909.3
58880     -908.4
58881     -910.0
58882     -907.1
58883     -903.2
58884     -900.8
58885     -898.5
58886     -897.9
58887     -897.7
58888     -897.9
58889     -893.8
58890     -893.3
58891     -891.6
58892     -895.4
58893     -899.1
58894     -898.2
58895     -898.5
58896     -898.4
58897     -898.9
58898     -895.4
58899     -895.1
58900     -897.3
58901     -898.0
58902     -898.2
58903     -901.3
58904     -900.0
58905     -897.2
58906     -900.0
58907     -904.0
58908     -905.2
58909     -899.3
58910     -900.6
58911     -903.3
58912     -902.5
58913     -897.6
58914     -895.6
58915     -892.1
58916     -888.5
58917     -887.0
58918     -885.9
58919     -885.0
58920     -883.4
58921     -883.7
58922     -883.8
58923     -881.3
58924     -879.3
58925     -877.9
58926     -877.7
58927     -875.5
58928     -873.9
58929     -875.2
58930     -875.0
58931     -875.6
58932     -875.8
58933     -876.8
58934     -878.4
58935     -879.6
58936     -879.0
58937     -878.0
58938     -878.8
58939     -878.4
58940     -879.5
58941     -883.3
58942     -884.9
58943     -884.9
58944     -886.4
58945     -883.9
58946     -882.6
58947     -884.1
58948     -882.7
58949     -880.9
58950     -881.5
58951     -877.9
58952     -877.6
58953     -875.8
58954     -872.9
58955     -872.5
58956     -870.8
58957     -871.0
58958     -869.4
58959     -863.6
58960     -861.3
58961     -856.2
58962     -853.7
58963     -851.8
58964     -848.4
58965     -849.8
58966     -846.9
58967     -843.1
58968     -843.0
58969     -839.8
58970     -837.3
58971     -831.6
58972     -827.8
58973     -829.7
58974     -822.8
58975     -816.8
58976     -812.8
58977     -812.1
58978     -806.7
58979     -803.0
58980     -800.2
58981     -798.2
58982     -798.6
58983     -800.8
58984     -803.5
58985     -803.0
58986     -804.6
58987     -807.0
58988     -806.0
58989     -808.4
58990     -809.7
58991     -808.4
58992     -810.1
58993     -809.7
58994     -810.8
58995     -809.0
58996     -810.3
58997     -813.0
58998     -810.7
58999     -814.3
59000     -816.4
59001     -817.9
59002     -818.8
59003     -820.3
59004     -820.9
59005     -819.6
59006     -820.5
59007     -822.4
59008     -820.3
59009     -820.2
59010     -823.6
59011     -821.7
59012     -821.3
59013     -821.8
59014     -819.7
59015     -818.0
59016     -818.4
59017     -818.4
59018     -817.5
59019     -814.8
59020     -816.6
59021     -815.4
59022     -816.0
59023     -815.9
59024     -817.7
59025     -819.1
59026     -815.5
59027     -816.3
59028     -817.5
59029     -818.0
59030     -815.9
59031     -811.8
59032     -809.0
59033     -805.2
59034     -804.9
59035     -805.8
59036     -808.0
59037     -807.7
59038     -809.6
59039     -807.5
59040     -808.5
59041     -809.0
59042     -805.2
59043     -804.1
59044     -803.3
59045     -804.4
59046     -806.9
59047     -804.7
59048     -804.3
59049     -804.4
59050     -803.1
59051     -805.1
59052     -804.8
59053     -805.0
59054     -802.9
59055     -802.6
59056     -802.3
59057     -799.3
59058     -798.1
59059     -798.2
59060     -796.6
59061     -792.1
59062     -789.7
59063     -789.9
59064     -790.2
59065     -789.4
59066     -789.0
59067     -786.9
59068     -783.9
59069     -784.6
59070     -784.5
59071     -784.6
59072     -785.2
59073     -785.5
59074     -784.2
59075     -784.0
59076     -783.7
59077     -783.9
59078     -783.1
59079     -780.3
59080     -775.0
59081     -773.9
59082     -776.0
59083     -773.7
59084     -772.3
59085     -769.8
59086     -768.3
59087     -769.1
59088     -769.7
59089     -769.9
59090     -772.5
59091     -772.8
59092     -773.8
59093     -772.9
59094     -772.3
59095     -771.8
59096     -771.9
59097     -775.5
59098     -773.8
59099     -776.4
59100     -777.0
59101     -776.6
59102     -777.9
59103     -779.7
59104     -780.9
59105     -781.8
59106     -779.3
59107     -776.7
59108     -771.3
59109     -770.3
59110     -770.1
59111     -770.8
59112     -772.8
59113     -772.6
59114     -771.2
59115     -769.2
59116     -769.8
59117     -767.6
59118     -766.7
59119     -764.2
59120     -763.4
59121     -763.1
59122     -762.4
59123     -764.5
59124     -762.0
59125     -761.8
59126     -761.0
59127     -761.4
59128     -761.7
59129     -760.7
59130     -759.7
59131     -758.9
59132     -757.9
59133     -759.2
59134     -757.3
59135     -759.0
59136     -757.9
59137     -759.1
59138     -759.4
59139     -758.8
59140     -759.8
59141     -757.1
59142     -757.8
59143     -757.0
59144     -758.3
59145     -757.8
59146     -759.6
59147     -760.5
59148     -761.5
59149     -760.7
59150     -762.6
59151     -763.4
59152     -764.0
59153     -765.5
59154     -764.7
59155     -768.2
59156     -770.1
59157     -773.1
59158     -772.1
59159     -769.2
59160     -770.4
59161     -769.9
59162     -768.0
59163     -770.3
59164     -772.2
59165     -771.2
59166     -772.1
59167     -773.1
59168     -773.1
59169     -772.0
59170     -772.3
59171     -773.9
59172     -771.3
59173     -771.1
59174     -769.9
59175     -767.7
59176     -767.5
59177     -768.3
59178     -768.3
59179     -772.0
59180     -771.6
59181     -771.4
59182     -769.7
59183     -770.4
59184     -770.7
59185     -770.2
59186     -771.9
59187     -773.2
59188     -775.3
59189     -777.0
59190     -778.1
59191     -778.4
59192     -776.1
59193     -776.0
59194     -773.8
59195     -770.6
59196     -770.4
59197     -770.9
59198     -771.1
59199     -772.6
59200     -769.9
59201     -769.8
59202     -771.8
59203     -773.2
59204     -775.5
59205     -777.3
59206     -774.9
59207     -772.3
59208     -774.5
59209     -775.5
59210     -778.7
59211     -777.9
59212     -777.3
59213     -779.3
59214     -777.8
59215     -775.6
59216     -777.9
59217     -776.7
59218     -777.7
59219     -779.3
59220     -781.5
59221     -782.5
59222     -781.4
59223     -783.4
59224     -780.8
59225     -780.0
59226     -780.9
59227     -781.3
59228     -780.4
59229     -781.5
59230     -778.5
59231     -779.0
59232     -781.5
59233     -784.7
59234     -788.2
59235     -791.0
59236     -792.3
59237     -795.2
59238     -797.0
59239     -794.2
59240     -790.7
59241     -792.2
59242     -793.9
59243     -794.1
59244     -792.2
59245     -792.0
59246     -793.3
59247     -790.9
59248     -794.2
59249     -796.6
59250     -797.5
59251     -800.2
59252     -799.8
59253     -799.4
59254     -798.3
59255     -797.2
59256     -798.8
59257     -797.8
59258     -797.8
59259     -796.6
59260     -797.7
59261     -800.2
59262     -801.5
59263     -801.9
59264     -804.1
59265     -806.3
59266     -805.2
59267     -802.1
59268     -804.3
59269     -804.6
59270     -805.8
59271     -807.5
59272     -806.7
59273     -810.0
59274     -810.9
59275     -809.0
59276     -807.8
59277     -809.4
59278     -808.5
59279     -811.9
59280     -811.4
59281     -813.2
59282     -815.7
59283     -816.2
59284     -818.5
59285     -816.2
59286     -816.6
59287     -813.9
59288     -813.2
59289     -814.5
59290     -816.7
59291     -818.9
59292     -822.8
59293     -822.1
59294     -823.1
59295     -821.9
59296     -822.6
59297     -823.4
59298     -822.6
59299     -824.9
59300     -825.4
59301     -828.0
59302     -826.0
59303     -828.6
59304     -828.2
59305     -827.2
59306     -826.8
59307     -828.2
59308     -829.3
59309     -829.4
59310     -827.6
59311     -828.4
59312     -824.4
59313     -822.5
59314     -823.8
59315     -824.9
59316     -823.9
59317     -819.9
59318     -818.4
59319     -818.4
59320     -819.2
59321     -818.3
59322     -818.4
59323     -820.6
59324     -818.5
59325     -819.4
59326     -820.1
59327     -820.7
59328     -819.4
59329     -821.3
59330     -820.8
59331     -819.5
59332     -822.1
59333     -823.1
59334     -822.0
59335     -820.8
59336     -820.4
59337     -819.4
59338     -819.6
59339     -823.1
59340     -827.6
59341     -827.2
59342     -824.1
59343     -826.9
59344     -829.1
59345     -825.7
59346     -825.0
59347     -825.9
59348     -829.5
59349     -831.4
59350     -833.0
59351     -834.8
59352     -836.4
59353     -837.2
59354     -838.5
59355     -840.8
59356     -839.9
59357     -839.2
59358     -842.2
59359     -841.8
59360     -838.9
59361     -837.5
59362     -841.2
59363     -840.2
59364     -839.3
59365     -843.0
59366     -844.3
59367     -842.4
59368     -845.1
59369     -846.4
59370     -842.1
59371     -839.8
59372     -837.0
59373     -837.1
59374     -837.1
59375     -836.1
59376     -835.8
59377     -836.2
59378     -836.5
59379     -835.3
59380     -835.0
59381     -834.8
59382     -835.8
59383     -836.8
59384     -834.4
59385     -835.4
59386     -833.3
59387     -830.2
59388     -830.3
59389     -828.9
59390     -828.2
59391     -828.0
59392     -824.4
59393     -823.7
59394     -821.7
59395     -819.4
59396     -820.7
59397     -822.3
59398     -821.0
59399     -819.8
59400     -819.4
59401     -821.0
59402     -821.1
59403     -823.8
59404     -824.7
59405     -824.3
59406     -820.8
59407     -822.1
59408     -822.4
59409     -824.2
59410     -825.3
59411     -824.7
59412     -825.0
59413     -824.6
59414     -824.3
59415     -822.5
59416     -821.3
59417     -819.3
59418     -816.5
59419     -816.0
59420     -812.6
59421     -810.3
59422     -810.5
59423     -807.6
59424     -805.1
59425     -803.7
59426     -805.1
59427     -805.1
59428     -805.2
59429     -803.3
59430     -801.2
59431     -801.0
59432     -801.8
59433     -804.7
59434     -803.6
59435     -804.7
59436     -804.6
59437     -806.0
59438     -809.7
59439     -806.3
59440     -807.6
59441     -807.7
59442     -807.4
59443     -806.0
59444     -807.3
59445     -808.8
59446     -806.4
59447     -806.4
59448     -807.0
59449     -808.7
59450     -806.0
59451     -807.6
59452     -805.2
59453     -803.7
59454     -803.9
59455     -807.0
59456     -805.2
59457     -803.9
59458     -803.8
59459     -804.9
59460     -805.6
59461     -807.6
59462     -810.0
59463     -808.9
59464     -810.7
59465     -812.3
59466     -811.2
59467     -813.2
59468     -812.5
59469     -811.4
59470     -813.4
59471     -812.2
59472     -809.2
59473     -811.1
59474     -809.0
59475     -808.1
59476     -808.5
59477     -809.5
59478     -810.2
59479     -809.1
59480     -810.1
59481     -809.4
59482     -810.7
59483     -814.5
59484     -816.6
59485     -818.7
59486     -820.6
59487     -820.8
59488     -821.4
59489     -821.7
59490     -821.3
59491     -819.8
59492     -820.1
59493     -819.6
59494     -821.4
59495     -821.3
59496     -820.3
59497     -819.6
59498     -818.7
59499     -820.0
59500     -822.2
59501     -826.1
59502     -826.6
59503     -827.5
59504     -827.1
59505     -827.2
59506     -826.2
59507     -824.0
59508     -823.9
59509     -826.1
59510     -825.3
59511     -825.8
59512     -825.0
59513     -823.7
59514     -822.4
59515     -823.3
59516     -821.7
59517     -820.7
59518     -823.9
59519     -824.3
59520     -825.1
59521     -822.5
59522     -822.1
59523     -820.1
59524     -822.1
59525     -820.9
59526     -820.1
59527     -822.0
59528     -822.8
59529     -820.6
59530     -819.3
59531     -819.8
59532     -822.3
59533     -820.1
59534     -819.8
59535     -817.4
59536     -815.5
59537     -818.8
59538     -820.1
59539     -820.5
59540     -819.7
59541     -820.0
59542     -820.7
59543     -821.4
59544     -821.6
59545     -821.8
59546     -820.8
59547     -816.5
59548     -813.1
59549     -814.7
59550     -815.8
59551     -815.1
59552     -815.6
59553     -813.7
59554     -811.8
59555     -811.0
59556     -811.8
59557     -812.4
59558     -812.7
59559     -810.9
59560     -811.5
59561     -808.1
59562     -805.4
59563     -804.3
59564     -803.7
59565     -802.1
59566     -804.1
59567     -804.1
59568     -803.7
59569     -800.2
59570     -799.0
59571     -800.7
59572     -801.1
59573     -803.1
59574     -804.7
59575     -805.9
59576     -806.0
59577     -807.8
59578     -808.0
59579     -805.0
59580     -806.2
59581     -807.9
59582     -809.3
59583     -806.9
59584     -805.8
59585     -806.8
59586     -809.1
59587     -809.0
59588     -810.2
59589     -811.8
59590     -812.8
59591     -812.1
59592     -815.1
59593     -816.3
59594     -816.4
59595     -814.5
59596     -814.8
59597     -814.8
59598     -817.5
59599     -816.9
59600     -816.2
59601     -814.8
59602     -814.4
59603     -812.9
59604     -813.9
59605     -812.8
59606     -809.8
59607     -810.7
59608          -
59609          -
59610          -
59611          -
59612          -
59613          -
59614          -
59615          -
59616          -
59624     -820.4
59625     -820.9
59626     -820.4
59627     -822.8
59628     -822.2
59629     -821.6
59630     -821.5
59631     -820.3
59632     -818.9
59633     -821.8
59634          -
59635          -
59636          -
59637          -
59638          -
59639          -
59640          -
59641          -
59642          -
59643          -
59644          -
59659     -813.8
59660     -816.4
59661     -818.1
59662     -819.3
59663     -820.3
59664     -819.8
59665     -821.2
59666     -823.7
59667     -823.2
59668     -826.7
59669          -
59670          -
59671          -
59672          -
59673     -830.6
59674     -829.7
59675     -828.9
59676          -
59677          -
59678          -
59679          -
59680     -830.1
59681     -832.7
59682     -831.8
59683     -830.9
59684          -
59685          -
59686          -
59687     -827.9
59688     -822.9
59689     -822.7
59690     -825.7
59691     -829.1
59692     -828.9
59693     -826.9
59694     -825.2
59695     -825.4
59696     -826.5
59697     -825.7
59698     -827.9
59699     -829.6
59700     -831.4
59701     -836.4
59702     -839.7
59703     -842.2
59704     -842.9
59705     -842.2
59706     -844.2
59707     -845.6
59708     -848.1
59709     -849.3
59710     -845.2
59711     -843.2
59712     -843.1
59713     -841.1
59714     -840.4
59715     -839.4
59716     -837.6
59717     -837.7
59718     -836.1
59719     -839.0
59720     -840.1
59721     -839.0
59722     -841.0
59723     -840.6
59724     -839.7
59725     -842.4
59726     -842.1
59727     -843.6
59728     -844.6
59729     -844.9
59730     -847.7
59731     -847.5
59732     -844.6
59733     -845.5
59734     -844.4
59735     -845.8
59736     -847.4
59737     -845.1
59738     -845.4
59739     -844.0
59740     -846.1
59741     -847.3
59742     -848.7
59743     -849.7
59744     -848.5
59745     -849.2
59746     -848.7
59747     -851.2
59748     -852.2
59749     -853.0
59750     -855.5
59751     -857.4
59752     -859.1
59753     -858.3
59754     -859.1
59755     -862.5
59756     -862.7
59757     -864.9
59758     -867.4
59759     -868.3
59760     -871.0
59761     -871.5
59762     -873.4
59763     -874.7
59764     -876.9
59765     -875.5
59766     -875.4
59767     -874.1
59768     -874.1
59769     -872.9
59770     -871.9
59771     -873.0
59772     -868.2
59773     -869.0
59774     -870.5
59775     -871.4
59776     -873.6
59777     -873.4
59778     -873.3
59779     -874.6
59780     -874.7
59781     -874.1
59782     -874.7
59783     -874.6
59784     -871.6
59785     -872.7
59786     -871.5
59787     -869.5
59788     -867.5
59789     -867.9
59790     -867.2
59791     -865.5
59792     -867.2
59793     -869.4
59794     -871.0
59795     -872.4
59796     -872.2
59797     -872.9
59798     -871.5
59799     -868.9
59800     -869.6
59801     -869.3
59802     -871.4
59803     -866.9
59804     -866.8
59805     -870.9
59806     -870.8
59807     -868.2
59808     -867.5
59809     -868.6
59810     -867.7
59811     -867.5
59812     -864.9
59813     -866.0
59814     -866.5
59815     -864.4
59816     -863.2
59817     -864.4
59818     -862.7
59819     -862.1
59820     -859.2
59821     -856.4
59822     -855.9
59823     -859.4
59824     -860.4
59825     -861.9
59826     -861.4
59827     -863.2
59828     -865.4
59829     -863.8
59830     -863.0
59831     -862.6
59832     -861.0
59833     -860.2
59834     -861.8
59835     -863.8
59836     -864.6
59837     -864.9
59838     -866.5
59839     -868.7
59840     -871.2
59841     -871.8
59842     -869.8
59843     -869.3
59844     -869.4
59845     -868.6
59846     -870.8
59847     -871.2
59848     -872.2
59849     -873.0
59850     -872.3
59851     -873.4
59852     -876.5
59853     -874.8
59854     -873.6
59855     -877.2
59856     -877.9
59857     -875.6
59858     -872.4
59859     -873.9
59860     -872.4
59861     -874.7
59862     -879.4
59863     -877.7
59864     -875.3
59865     -874.2
59866     -874.0
59867     -870.6
59868     -871.0
59869     -873.1
59870     -872.4
59871     -874.0
59872     -875.1
59873     -873.6
59874     -869.8
59875     -868.0
59876     -866.4
59877     -864.4
59878     -865.0
59879     -865.0
59880     -863.4
59881     -861.9
59882     -861.8
59883     -860.7
59884     -859.3
59885     -859.6
59886     -859.7
59887     -859.8
59888     -858.8
59889     -858.5
59890     -855.7
59891     -856.6
59892     -855.8
59893     -854.9
59894     -854.7
59895     -856.9
59896     -861.5
59897     -863.6
59898     -862.0
59899     -863.6
59900     -866.7
59901     -865.3
59902     -864.3
59903     -863.2
59904     -863.8
59905     -862.4
59906     -862.2
59907     -861.3
59908     -859.7
59909     -857.3
59910     -857.8
59911     -858.4
59912     -860.6
59913          -
59914          -
59915          -
59916          -
59917          -
59918          -
59919          -
59920          -
59921          -
59922     -856.3
59923     -857.1
59924     -855.0
59925     -853.1
59926     -850.7
59927     -851.7
59928     -853.8
59929     -854.5
59930     -854.4
59931     -855.2
59932     -856.8
59933     -853.1
59934     -852.5
59935     -848.0
59936     -847.9
59937     -848.3
59938     -848.4
59939     -849.6
59940     -848.6
59941     -844.5
59942     -846.9
59943     -846.3
59944     -843.8
59945     -844.6
59946     -843.5
59947     -842.9
59948     -842.3
59949     -845.0
59950     -848.3
59951     -848.1
59952     -846.9
59953     -845.8
59954     -846.3
59955     -846.8
59956     -848.7
59957     -848.0
59958     -848.5
59959     -844.3
59960     -842.4
59961     -841.6
59962     -840.7
59963     -840.3
59964     -840.5
59965     -837.5
59966     -835.2
59967     -834.5
59968     -832.5
59969     -830.5
59970     -831.2
59971     -831.7
59972     -832.1
59973     -832.4
59974     -834.0
59975     -834.7
59976     -836.2
59977     -839.3
59978     -837.3
59979     -841.0
59980     -840.0
59981     -844.7
59982     -844.7
59983     -845.8
59984     -844.4
59985     -845.1
59986     -846.5
59987     -845.8
59988     -844.7
59989     -841.3
59990     -839.5
59991     -837.0
59992     -833.8
59993     -831.8
59994     -831.3
59995     -831.3
59996     -832.2
59997     -830.2
59998     -828.0
59999     -831.5
60000     -828.4
60001     -829.1
60002     -832.1
60003     -830.0
60004     -828.9
60005     -829.7
60006     -831.7
60007     -831.5
60008     -829.0
60009     -831.6
60010     -832.5
60011     -830.7
60012     -832.6
60013     -830.9
60014     -832.7
60015     -834.4
60016     -835.1
60017     -836.7
60018     -838.8
60019     -836.8
60020     -836.0
60021     -837.7
60022     -836.3
60023     -837.4
60024     -833.0
60025     -832.2
60026     -828.5
60027     -829.0
60028     -830.5
60029     -833.1
60030     -835.1
60031     -830.2
60032     -829.0
60033     -827.6
60034     -828.6
60035     -827.2
60036     -828.4
60037     -830.1
60038     -829.7
60039     -829.5
60040     -830.8
60041     -831.1
60042     -834.9
60043     -834.3
60044     -831.1
60045     -830.1
60046     -831.9
60047     -831.7
60048     -829.9
60049     -826.1
60050     -824.8
60051     -824.6
60052     -825.4
60053     -825.0
60054     -822.7
60055     -823.4
60056     -824.3
60057     -827.2
60058     -827.8
60059     -829.3
60060     -830.6
60061     -831.5
60062     -830.4
60063     -830.9
60064     -831.2
60065     -830.9
60066     -831.1
60067     -827.0
60068     -826.3
60069     -825.5
60070     -821.9
60071     -818.7
60072     -819.9
60073     -822.2
60074     -826.6
60075     -828.9
60076     -825.0
60077     -823.8
60078     -825.0
60079     -824.8
60080     -825.4
60081     -827.1
60082     -825.0
60083     -825.2
60084     -822.8
60085     -822.4
60086     -820.5
60087     -818.6
60088     -819.7
60089     -818.1
60090     -820.1
60091     -820.1
60092     -820.7
60093     -819.2
60094     -820.4
60095     -819.5
60096     -822.0
60097     -820.6
60098     -819.5
60099     -815.3
60100     -815.3
60101     -816.8
60102     -818.3
60103     -815.7
60104     -812.1
60105     -810.9
60106     -808.7
60107     -807.8
60108     -809.8
60109     -809.9
60110     -810.9
60111     -812.3
60112     -814.1
60113     -811.3
60114     -809.9
60115     -812.9
60116     -811.5
60117     -814.3
60118     -816.2
60119     -817.6
60120     -817.7
60121     -817.0
60122     -819.3
60123     -819.0
60124     -817.9
60125     -820.8
60126     -820.9
60127     -818.5
60128     -818.5
60129     -817.0
60130     -816.1
60131     -811.3
60132     -810.0
60133     -812.4
60134     -813.7
60135     -812.8
60136     -811.9
60137     -808.2
60138     -807.5
60139     -805.3
60140     -805.7
60141     -809.4
60142     -807.4
60143     -806.2
60144     -805.9
60145     -804.0
60146     -800.8
60147     -797.3
60148     -795.5
60149     -796.3
60150     -795.7
60151     -797.7
60152     -797.1
60153     -798.2
60154     -796.5
60155     -794.4
60156     -793.2
60157     -791.1
60158     -792.5
60159     -790.1
60160     -790.2
60161     -792.3
60162     -792.0
60163     -790.5
60164     -790.1
60165     -789.8
60166     -789.3
60167     -793.2
60168     -795.6
60169     -793.5
60170     -791.7
60171     -791.5
60172     -791.9
60173     -792.6
60174     -791.6
60175     -790.3
60176     -790.0
60177     -791.0
60178     -789.1
60179     -789.9
60180     -791.3
60181     -792.0
60182     -791.9
60183     -793.7
60184     -789.1
60185     -790.0
60186     -785.3
60187     -782.9
60188     -782.1
60189     -779.2
60190     -778.3
60191     -780.2
60192     -782.3
60193     -780.2
60194     -780.6
60195     -779.0
60196     -778.5
60197     -776.2
60198     -777.4
60199     -778.0
60200     -776.5
60201     -775.8
60202     -776.4
60203     -773.7
60204     -776.5
60205     -780.3
60206     -779.4
60207     -777.8
60208     -777.7
60209     -778.7
60210     -781.2
60211     -781.1
60212     -783.2
60213     -782.1
60214     -786.4
60215     -786.2
60216     -784.8
60217     -787.4
60218     -785.9
60219     -789.4
60220     -789.5
60221     -790.4
60222     -792.6
60223     -792.9
60224     -791.6
60225     -790.4
60226     -791.5
60227     -793.0
60228     -795.3
60229     -795.2
60230     -798.1
60231     -795.8
60232     -795.6
60233     -797.7
60234     -798.5
60235     -797.7
60236     -799.3
60237     -799.1
60238     -801.1
60239     -803.4
60240     -804.8
60241     -808.3
60242     -806.9
60243     -811.5
60244     -812.5
60245     -811.2
60246     -813.1
60247     -813.3
60248     -818.1
60249     -820.3
60250     -818.4
60251     -821.1
60252     -823.0
60253     -824.4
60254     -821.7
60255     -820.5
60256     -819.9
60257     -818.6
60258     -817.7
60259     -818.4
60260     -821.2
60261     -822.6
60262     -827.4
60263     -824.5
60264     -828.5
60265     -829.4
60266     -829.6
60267     -829.2
60268     -829.1
60269     -828.8
60270     -827.8
60271     -826.7
60272     -825.3
60273     -826.4
60274     -827.7
60275     -828.8
60276     -829.5
60277     -826.9
60278     -826.6
60279     -825.0
60280     -824.7
60281     -825.5
60282     -830.0
60283     -831.6
60284     -828.7
60285     -827.6
60286     -829.2
60287     -831.1
60288     -833.2
60289     -832.2
60290     -828.0
60291     -829.3
60292     -828.2
60293     -829.6
60294     -828.6
60295     -828.1
60296     -830.7
60297     -829.7
60298     -831.6
60299     -832.5
60300     -834.0
60301     -834.0
60302     -831.4
60303     -831.6
60304     -831.7
60305     -832.1
60306     -831.3
60307     -832.3
60308     -830.8
60309     -827.8
60310     -825.7
60311     -826.7
60312     -826.6
60313     -824.7
60314     -824.5
60315     -822.5
60316     -818.0
60317     -815.6
60318     -814.8
60319     -816.6
60320     -816.4
60321     -815.6
60322     -816.8
60323     -820.1
60324     -823.4
60325     -823.9
60326     -822.5
60327     -818.7
60328     -819.5
60329     -821.8
60330     -822.0
60331     -822.8
60332     -822.4
60333     -821.8
60334     -818.6
60335     -819.5
60336     -818.2
60337     -818.1
60338     -815.4
60339     -811.8
60340     -812.5
60341     -813.9
60342     -812.1
60343     -814.7
60344     -815.4
60345     -811.4
60346     -810.1
60347     -806.6
60348     -807.9
60349     -808.3
60350     -804.1
60351     -805.2
60352     -803.5
60353     -803.6
60354     -804.0
60355     -806.2
60356     -807.7
60357     -803.3
60358     -803.7
60359     -805.8
60360     -805.7
60361     -803.1
60362     -801.1
60363     -804.5
60364     -803.6
60365     -800.5
60366     -798.7
60367     -799.2
60368     -795.4
60369     -793.7
60370     -791.1
60371     -793.2
60372     -792.8
60373     -790.7
60374     -790.9
60375     -787.5
60376     -784.2
60377     -781.8
60378     -778.9
60379     -777.8
60380     -780.1
60381     -776.1
60382     -776.2
60383     -775.5
60384     -773.6
60385     -773.0
60386     -774.1
60387     -773.3
60388     -773.7
60389     -773.9
60390     -774.3
60391     -771.5
60392     -770.5
60393     -767.1
60394     -766.0
60395     -762.2
60396     -763.7
60397     -760.7
60398     -759.8
60399     -755.7
60400     -751.0
60401     -750.5
60402     -751.8
60403     -751.8
60404     -750.9
60405     -753.6
60406     -755.3
60407     -753.2
60408     -750.3
60409     -747.2
60410     -746.1
60411     -746.5
60412     -745.1
60413     -745.7
60414     -743.8
60415     -744.7
60416     -741.4
60417     -742.2
60418     -740.7
60419     -738.6
60420     -738.0
60421     -737.1
60422     -737.4
60423     -736.3
60424     -734.0
60425     -732.8
60426     -733.8
60427     -729.1
60428     -728.2
60429     -726.1
60430     -725.2
60431     -725.8
60432     -729.3
60433     -729.5
60434     -732.8
60435     -736.0
60436     -735.4
60437     -737.2
60438     -736.9
60439     -735.3
60440     -736.2
60441     -733.4
60442     -733.7
60443     -733.8
60444     -736.4
60445     -738.7
60446     -740.2
60447     -739.3
60448     -739.0
60449     -739.2
60450     -740.0
60451     -739.1
60452     -740.5
60453     -741.7
60454     -740.8
60455     -739.3
60456     -739.9
60457     -739.0
60458     -738.5
60459     -739.9
60460     -739.9
60461     -740.9
60462     -741.1
60463     -739.2
60464     -742.4
60465     -744.6
60466     -741.9
60467     -740.3
60468     -741.4
60469     -739.5
60470     -740.1
60471     -738.0
60472     -735.0
60473     -735.2
60474     -735.7
60475     -736.4
60476     -737.4
60477     -737.1
60478     -737.1
60479     -737.2
60480     -733.8
60481     -734.9
60482     -735.0
60483     -733.0
60484     -734.4
60485     -736.9
60486     -738.9
60487     -736.3
60488     -736.5
60489     -739.6
60490     -737.3
60491     -734.9
60492     -733.4
60493     -734.0
60494     -738.1
60495     -737.2
60496     -739.8
60497     -740.6
60498     -741.4
60499     -738.7
60500     -735.7
60501     -735.0
60502     -733.5
60503     -735.0
60504     -735.6
60505     -733.4
60506     -731.4
60507     -731.9
60508     -734.2
60509     -733.7
60510     -731.4
60511     -731.2
60512     -729.2
60513     -728.0
60514     -726.7
60515     -727.2
60516     -726.7
60517     -727.2
60518     -728.3
60519     -731.1
60520     -730.2
60521     -731.7
60522     -733.8
60523     -731.3
60524     -730.6
60525     -728.7
60526     -730.5
60527     -732.7
60528     -734.5
60529     -741.3
60530     -745.4
60531     -745.2
60532     -743.6
60533     -742.1
60534     -744.5
60535     -745.3
60536     -746.2
60537     -750.3
60538     -749.2
60539     -751.6
60540     -751.9
60541     -750.1
60542     -746.6
60543     -747.2
60544     -746.9
60545     -748.6
60546     -744.1
60547     -743.0
60548     -742.7
60549     -743.1
60550     -744.0
60551     -742.7
60552     -741.6
60553     -741.3
60554     -739.9
60555     -741.4
60556     -738.7
60557     -741.8
60558     -744.1
60559     -745.2
60560     -745.1
60561     -745.2
60562     -744.2
60563     -740.2
60564     -737.9
60565     -739.7
60566     -737.7
60567     -743.8
60568     -743.0
60569     -740.5
60570     -737.8
60571     -740.9
60572     -738.4
60573     -738.7
60574     -742.5
60575     -741.0
60576     -741.0
60577     -740.7
60578     -740.0
60579     -739.4
60580     -739.6
60581     -738.4
60582     -736.4
60583     -734.0
60584     -734.3
60585     -733.8
60586     -735.6
60587     -736.1
60588     -737.3
60589     -740.2
60590     -746.2
60591     -745.9
60592     -747.4
60593     -744.7
60594     -744.3
60595     -744.2
60596     -742.7
60597     -743.3
60598     -742.9
60599     -740.6
60600     -740.5
60601     -740.4
60602     -739.0
60603     -739.1
60604     -739.5
60605     -740.6
60606     -741.6
60607     -745.1
60608     -744.9
60609     -743.2
60610     -743.6
60611     -742.7
60612     -745.6
60613     -747.4
60614     -750.8
60615     -750.4
60616     -751.2
60617     -752.9
60618     -754.9
60619     -755.9
60620     -755.8
60621     -757.9
60622     -756.4
60623     -753.7
60624     -753.5
60625     -753.1
60626     -755.8
60627     -753.3
60628     -753.6
60629     -751.5
60630     -751.1
60631     -751.9
60632     -754.1
60633     -754.1
60634     -751.8
60635     -754.4
60636     -755.0
60637     -752.4
60638     -752.4
60639     -751.4
60640     -751.1
60641     -748.1
60642     -748.9
60643     -747.8
60644     -745.9
60645     -749.6
60646     -748.0
60647     -748.2
60648     -748.6
60649     -746.9
60650     -746.4
60651     -746.1
60652     -744.5
60653     -742.1
60654     -742.2
60655     -740.9
60656     -734.9
60657     -732.9
60658     -733.7
60659     -733.4
60660     -733.0
60661     -735.4
60662     -735.1
60663     -735.8
60664     -733.9
60665     -731.1
60666     -727.8
60667     -723.7
60668     -722.8
60669     -721.0
60670     -723.0
60671     -721.3
60672     -720.5
60673     -722.9
60674     -723.0
60675     -726.5
60676     -724.1
60677     -723.0
60678     -720.7
60679     -720.3
60680     -722.6
60681     -722.7
60682     -718.8
60683     -719.8
60684     -718.1
60685     -718.7
60686     -716.6
60687     -717.0
60688     -720.2
60689     -721.7
60690     -721.8
60691     -719.5
60692     -715.6
60693     -713.4
60694     -715.3
60695     -718.0
60696     -716.2
60697     -711.4
60698     -713.0
60699     -713.3
60700     -713.7
60701     -714.2
60702     -710.6
60703     -711.7
60704     -708.7
60705     -707.2
60706     -706.8
60707     -706.7
60708     -706.3
60709     -706.8
60710     -706.4
60711     -703.9
60712     -703.8
60713     -702.7
60714     -703.6
60715     -697.9
60716     -697.1
60717     -692.6
60718     -690.8
60719     -691.5
60720     -691.5
60721     -691.4
60722     -688.4
60723     -687.3
60724     -687.7
60725     -688.3
60726     -686.5
60727     -685.3
60728     -685.1
60729     -683.3
60730     -680.2
60731     -679.4
60732     -682.7
60733     -681.6
60734     -681.1
60735     -682.5
60736     -681.6
60737     -680.5
60738     -677.7
60739     -674.4
60740     -671.2
60741     -669.9
60742     -672.0
60743     -671.1
60744     -669.4
60745     -672.1
60746     -675.1
60747     -676.2
60748     -672.7
60749     -673.3
60750     -676.7
60751     -675.9
60752     -678.6
60753     -679.0
60754     -681.6
60755     -685.3
60756     -687.0
60757     -689.1
60758     -689.0
60759     -690.1
60760     -692.1
60761     -694.4
60762     -692.5
60763     -693.2
60764     -692.7
60765     -691.5
60766     -691.6
60767     -692.5
60768     -694.1
60769     -692.5
60770     -690.2
60771     -687.8
60772     -688.8
60773     -689.2
60774     -691.6
60775     -695.9
60776     -694.8
60777     -693.6
60778     -696.9
60779     -695.7
60780     -696.1
60781     -695.1
60782     -697.2
60783     -695.5
60784     -696.5
60785     -696.3
60786     -693.7
60787     -695.0
60788     -698.0
60789     -694.9
60790     -694.8
60791     -691.8
60792     -696.1
60793     -696.6
60794     -698.6
60795     -699.8
60796     -695.8
60797     -698.1
60798     -700.9
60799     -698.9
60800     -714.7
60801     -711.7
60802     -710.7
60803     -716.5
60804     -720.3
60805     -727.0
60806     -730.3
60807     -733.0
60808     -739.4
60809     -742.1
60810     -739.9
60811     -738.8
60812     -742.4
60813     -745.0
60814     -744.6
60815     -746.2
60816     -747.5
60817     -749.2
60818     -750.6
60819     -751.8
60820     -754.3
60821     -756.4
60822     -754.6
60823     -756.9
60824     -755.0
60825     -752.6
60826     -753.4
60827     -758.2
60828     -762.1
60829     -766.1
60830     -764.1
60831     -762.3
60832     -760.8
60833     -760.7
60834     -762.9
60835     -762.4
60836     -760.1
60837     -760.4
60838     -759.2
60839     -758.8
60840     -756.6
60841     -753.3
60842     -755.2
60843     -757.2
60844     -754.0
60845     -753.2
60846     -751.3
60847     -747.9
60848     -745.5
60849     -746.2
60850     -744.7
60851     -744.1
60852     -742.0
60853     -741.8
60854     -738.5
60855     -734.3
60856     -732.0
60857     -730.8
60858     -730.7
60859     -734.8
60860     -732.8
60861     -735.7
60862     -731.5
60863     -733.3
60864     -732.5
60865     -735.4
60866     -731.8
60867     -733.7
60868     -729.3
60869     -728.6
60870     -724.4
60871     -721.6
60872     -717.1
60873     -718.1
60874     -713.8
60875     -717.3
60876     -718.6
60877     -720.1
60878     -719.6
60879     -723.9
60880     -725.8
60881     -725.6
60882     -724.1
60883     -724.4
60884     -721.4
60885     -721.8
60886     -724.4
60887     -723.4
60888     -723.4
60889     -722.5
60890     -720.9
60891     -723.2
60892     -723.0
60893     -723.5
60894     -722.4
60895     -720.1
60896     -717.8
60897     -720.4
60898     -718.3
60899     -719.0
60900     -719.4
60901     -720.7
60902     -717.3
60903     -717.9
60904     -715.8
60905     -715.8
60906     -717.0
60907     -714.8
60908     -713.9
60909     -717.2
60910     -714.7
60911     -710.4
60912     -709.1
60913     -711.2
60914     -707.7
60915     -705.2
60916     -706.7
60917     -707.2
60918     -705.7
60919     -708.0
60920     -708.0
60921     -708.3
60922     -710.8
60923     -710.8
60924     -712.0
60925     -713.0
60926     -710.7
60927     -710.4
60928     -712.3
60929     -712.7
60930     -711.9
60931     -714.1
60932     -712.2
60933     -709.6
60934     -708.4
60935     -706.5
60936     -708.9
60937     -710.0
60938     -712.3
60939     -712.6
60940     -715.5
60941     -717.5
60942     -720.5
60943     -719.6
60944     -720.7
60945     -720.7
60946     -719.8
60947     -715.3
60948     -719.7
60949     -718.2
60950     -719.9
60951     -720.8
60952     -721.4
60953     -723.8
60954     -727.6
60955     -729.1
60956     -731.1
60957     -731.6
60958     -731.5
60959     -734.9
60960     -736.6
60961     -736.1
60962     -736.6
60963     -737.9
60964     -739.8
60965     -741.4
60966     -743.4
60967     -744.6
60968     -747.3
60969     -751.2
60970     -756.9
60971     -758.9
60972     -762.7
60973     -763.1
60974     -760.8
60975     -760.9
60976     -764.7
60977     -764.8
60978     -768.1
60979     -771.2
60980     -769.5
60981     -768.1
60982     -772.3
60983     -778.8
60984     -779.9
60985     -776.7
60986     -777.8
60987     -781.7
60988     -784.5
60989     -786.2
60990     -789.8
60991     -794.2
60992     -794.4
60993     -791.5
60994     -789.2
60995     -789.1
60996     -793.1
60997     -794.0
60998     -794.9
60999     -794.7
61000     -796.0
61001     -795.8
61002     -798.3
61003     -796.9
61004     -797.3
61005     -799.2
61006     -798.5
61007     -802.4
61008     -803.8
61009     -805.2
61010     -808.0
61011     -805.3
61012     -806.7
61013     -809.6
61014     -811.2
61015     -814.3
61016     -815.7
61017     -816.0
61018     -814.8
61019     -813.5
61020     -813.9
61021     -812.5
61022     -815.1
61023     -815.6
61024     -812.7
61025     -812.8
61026     -812.1
61027     -815.0
61028     -813.2
61029     -815.0
61030     -816.7
61031     -816.6
61032     -814.0
61033     -816.2
61034     -821.3
61035     -822.6
61036     -821.8
61037     -825.2
61038     -822.8
61039     -822.4
61040     -819.6
61041     -818.9
61042     -818.4
61043     -820.5
61044     -821.3
61045     -824.8
61046     -824.7
61047     -826.3
61048     -827.1
61049     -828.6
61050     -831.6
61051     -833.6
61052     -838.5
61053     -838.4
61054     -841.3
61055     -843.0
61056     -843.1
61057     -844.4
61058     -846.8
61059     -853.0
61060     -860.9
61061     -860.3
61062     -860.2
61063     -861.8
61064     -864.3
61065     -863.7
61066     -866.1
61067     -868.8
61068     -870.8
61069     -874.9
61070     -873.4
61071     -878.5
61072     -877.5
61073     -882.8
61074     -887.1
61075     -888.4
61076     -889.1
61077     -891.7
61078     -895.0
61079     -898.4
61080     -902.3
61081     -909.4
61082     -914.4
61083     -918.5
61084     -923.7
61085     -929.6
61086     -927.7
61087     -926.7
61088     -928.5
61089     -933.0
61090     -937.2
61091     -940.1
61092     -947.4
61093     -947.4
61094     -948.9
61095     -943.8
61096     -940.3
61097     -938.1
61098     -936.6
61099     -938.2
61100     -939.8
61101     -941.0
61102     -941.5
61103     -947.5
61104     -954.3
61105     -958.7
61106     -962.8
61107     -968.7
61108     -969.1
61109     -972.9
61110     -976.0
61111     -977.4
61112     -978.9
61113     -983.3
61114     -984.8
61115     -985.4
61116     -986.9
61117     -990.4
61118     -992.3
61119    -1002.6
61120    -1001.3
61121    -1002.7
61122    -1002.4
61123    -1002.3
61124    -1002.3
61125    -1008.8
61126    -1012.2
61127    -1018.0
61128    -1017.4
61129    -1025.8
61130    -1031.6
61131    -1033.0
61132    -1032.1
61133    -1036.8
61134    -1040.4
61135    -1040.4
61136    -1047.7
61137    -1049.3
61138    -1053.2
61139    -1056.6
61140    -1057.5
61141    -1055.6
61142    -1056.4
61143    -1057.9
61144    -1054.4
61145    -1053.2
61146    -1054.9
61147    -1051.6
61148    -1047.5
61149    -1043.9
61150    -1041.1
61151    -1040.9
61152    -1043.5
61153    -1040.5
61154    -1038.5
61155    -1035.8
61156    -1029.4
61157    -1025.9
61158    -1027.1
61159    -1023.6
61160    -1017.3
61161    -1013.1
61162    -1009.0
61163    -1006.0
61164    -1005.5
61165    -1001.3
61166     -999.1
61167    -1001.7
61168     -997.2
61169     -992.7
61170     -986.9
61171     -985.2
61172     -982.1
61173     -978.3
61174     -971.8
61175     -967.3
61176     -961.3
61177     -958.9
61178     -957.0
61179     -953.5
61180     -949.4
61181     -946.1
61182     -948.0
61183     -947.5
61184     -946.1
61185     -943.3
61186     -936.6
61187     -932.0
61188     -927.4
61189     -923.4
61190     -922.1
61191     -918.5
61192     -915.6
61193     -912.3
61194     -908.4
61195     -904.2
61196     -905.0
61197     -900.6
61198     -895.7
61199     -892.7
61200     -890.3
61201     -889.5
61202     -885.5
61203     -877.3
61204     -875.0
61205     -874.7
61206     -872.9
61207     -870.4
61208     -863.8
61209     -864.4
61210     -864.3
61211     -860.5
61212     -854.2
61213     -852.9
61214     -849.7
61215     -847.7
61216     -846.4
61217     -848.8
61218     -847.0
61219     -844.0

# UTC remains available from the monthly Circular T at
# (http://www.bipm.org/en/bipm-services/timescales/time-ftp/Circular-T.html).
