# MJD  [UTCr-UTC(USNO)]/ns
56467       -1.7
56468       -1.6
56469       -1.4
56470       -2.1
56471       -2.0
56472       -2.1
56473       -2.1
56474       -0.8
56475       -0.6
56476       -0.7
56477       -0.6
56478       -0.6
56479       -0.8
56480       -0.5
56481       -1.4
56482       -1.2
56483       -1.1
56484       -1.9
56485       -1.6
56486       -1.2
56487       -1.5
56488       -0.8
56489       -1.0
56490       -0.4
56491       -0.4
56492       -0.7
56493       -0.3
56494        0.3
56495        1.0
56496        1.1
56497        1.8
56498        2.2
56499        2.2
56500        2.1
56501        1.5
56502        1.9
56503        1.5
56504        1.7
56505        1.4
56506        1.9
56507        1.7
56508        1.3
56509        1.5
56510        1.9
56511        1.6
56512        1.5
56513        1.5
56514        1.7
56515        2.2
56516        0.9
56517        1.2
56518        1.1
56519        1.4
56520        1.3
56521        1.5
56522        0.9
56523        1.1
56524        1.5
56525        1.9
56526        1.4
56527        1.8
56528        1.6
56529        1.6
56530        1.4
56531        1.4
56532        1.4
56533        1.1
56534        1.6
56535        1.6
56536        1.2
56537        0.6
56538        0.5
56539        1.2
56540        1.1
56541        0.9
56542        1.0
56543        0.4
56544        1.0
56545        0.7
56546        1.0
56547        1.0
56548        1.0
56549        1.4
56550        1.8
56551        2.5
56552        2.6
56553        2.7
56554        2.6
56555        2.5
56556        2.5
56557        2.2
56558        0.8
56559        0.9
56560        0.4
56561        0.5
56562       -0.2
56563        0.1
56564       -0.1
56565       -1.1
56566       -1.3
56567       -1.4
56568       -1.7
56569       -1.6
56570       -1.4
56571       -1.8
56572       -0.8
56573       -1.1
56574       -0.3
56575       -1.1
56576       -1.3
56577       -1.5
56578       -1.1
56579       -1.1
56580       -1.2
56581       -0.6
56582       -1.1
56583       -0.5
56584       -0.3
56585       -0.3
56586       -1.0
56587       -1.4
56588       -1.6
56589       -1.7
56590       -2.0
56591       -2.6
56592       -2.8
56593       -3.4
56594       -3.8
56595       -4.2
56596       -5.0
56597       -5.1
56598       -5.3
56599       -5.5
56600       -5.8
56601       -5.9
56602       -6.0
56603       -6.4
56604       -6.4
56605       -7.0
56606       -7.1
56607       -5.6
56608       -5.5
56609       -5.0
56610       -5.1
56611       -4.7
56612       -4.5
56613       -5.7
56614       -6.0
56615       -4.9
56616       -4.3
56617       -4.4
56618       -4.3
56619       -4.0
56620       -3.1
56621       -3.6
56622       -4.0
56623       -4.4
56624       -3.4
56625       -4.4
56626       -4.0
56627       -4.1
56628       -1.0
56629       -0.8
56630       -0.6
56631       -0.5
56632       -1.1
56633       -1.2
56634       -0.2
56635       -2.2
56636       -1.2
56637       -1.5
56638       -1.3
56639       -1.0
56640       -1.4
56641       -1.0
56642       -1.2
56643       -1.2
56644       -0.3
56645       -0.5
56646       -0.5
56647       -0.6
56648       -0.4
56649        0.0
56650        0.2
56651        0.5
56652        0.5
56653        0.5
56654        0.9
56655        1.2
56656        1.8
56657        2.1
56658        2.1
56659        2.4
56660        2.8
56661        2.8
56662        2.8
56663        3.3
56664        3.7
56665        3.5
56666        3.8
56667        4.2
56668        3.7
56669        4.1
56670        3.9
56671        3.8
56672        3.4
56673        3.7
56674        3.8
56675        3.8
56676        3.7
56677        4.4
56678        4.5
56679        4.1
56680        4.2
56681        3.6
56682        3.3
56683        3.5
56684        1.6
56685        1.1
56686        0.9
56687        1.2
56688        1.0
56689        0.9
56690        0.8
56691        0.4
56692        0.1
56693       -0.2
56694       -0.2
56695        0.2
56696        0.1
56697       -0.2
56698       -0.0
56699        0.1
56700        0.2
56701        0.3
56702        0.6
56703        0.9
56704        0.7
56705        1.3
56706        1.0
56707        1.6
56708        1.0
56709        0.6
56710        0.2
56711       -0.2
56712        0.2
56713        0.3
56714        0.4
56715        0.7
56716        0.5
56717        0.7
56718        1.0
56719        1.1
56720        0.8
56721        1.5
56722        1.3
56723        1.4
56724        1.9
56725        2.0
56726        1.3
56727        1.3
56728        1.4
56729        2.2
56730        1.8
56731        2.2
56732        2.1
56733        0.1
56734        0.2
56735        0.1
56736       -0.3
56737       -0.3
56738        0.2
56739       -0.4
56740        0.0
56741        0.0
56742        0.1
56743        0.1
56744        0.0
56745       -0.4
56746       -0.6
56747       -0.6
56748       -0.2
56749       -0.5
56750       -1.0
56751       -1.2
56752       -0.9
56753       -1.0
56754        0.8
56755        0.6
56756        0.8
56757        0.8
56758        0.4
56759        0.1
56760        0.5
56761        0.4
56762        0.7
56763        0.8
56764        0.7
56765        0.6
56766        0.3
56767        0.0
56768       -1.4
56769       -1.4
56770       -1.3
56771       -1.6
56772       -1.9
56773       -2.1
56774       -2.4
56775       -2.1
56776       -2.6
56777       -3.5
56778       -3.7
56779       -3.2
56780       -3.6
56781       -3.4
56782       -1.2
56783       -1.8
56784       -1.8
56785       -2.2
56786       -2.1
56787       -2.5
56788       -2.0
56789       -2.1
56790       -2.7
56791       -2.9
56792       -2.7
56793       -3.4
56794       -2.7
56795       -2.7
56796       -1.0
56797       -1.2
56798       -2.2
56799       -2.6
56800       -2.3
56801       -2.1
56802       -1.5
56803       -3.2
56804       -3.2
56805       -2.9
56806       -3.1
56807       -2.9
56808       -2.6
56809       -2.1
56810       -0.5
56811       -0.4
56812       -0.6
56813       -0.3
56814       -0.1
56815       -0.2
56816       -0.5
56817       -0.5
56818       -0.4
56819       -0.5
56820       -0.8
56821       -0.8
56822       -0.3
56823        0.1
56824       -0.6
56825       -0.8
56826       -0.9
56827       -1.3
56828       -0.9
56829       -0.6
56830       -0.6
56831       -1.1
56832       -1.2
56833       -1.3
56834       -1.4
56835       -1.1
56836       -1.5
56837       -1.2
56838       -1.2
56839       -1.1
56840       -1.3
56841       -1.7
56842       -1.9
56843       -1.7
56844       -1.8
56845       -0.6
56846       -0.7
56847       -1.1
56848       -1.3
56849       -1.8
56850       -1.6
56851       -1.6
56852       -0.5
56853       -0.4
56854       -0.1
56855        0.5
56856        0.4
56857       -0.3
56858       -0.8
56859        0.4
56860        0.2
56861        0.2
56862       -0.2
56863        0.4
56864        0.6
56865        0.2
56866       -0.3
56867       -0.3
56868       -0.3
56869       -0.6
56870       -0.8
56871       -1.0
56872       -0.9
56873       -1.0
56874       -0.6
56875       -0.7
56876       -0.8
56877       -0.8
56878       -0.9
56879       -1.0
56880       -3.2
56881       -3.6
56882       -3.5
56883       -3.0
56884       -3.3
56885       -3.5
56886       -3.4
56887       -3.8
56888       -4.1
56889       -4.0
56890       -4.2
56891       -4.7
56892       -4.6
56893       -4.3
56894       -4.1
56895       -4.4
56896       -4.4
56897       -4.2
56898       -3.6
56899       -3.9
56900       -4.5
56901       -4.7
56902       -4.7
56903       -5.1
56904       -4.9
56905       -5.2
56906       -5.3
56907       -5.5
56908       -5.0
56909       -5.5
56910       -5.6
56911       -5.6
56912       -6.0
56913       -5.3
56914       -5.6
56915       -4.2
56916       -3.7
56917       -4.1
56918       -4.4
56919       -3.6
56920       -4.0
56921       -4.4
56922       -4.8
56923       -4.6
56924       -4.6
56925       -5.2
56926       -4.6
56927       -3.9
56928       -3.5
56929       -3.2
56930       -3.5
56931       -3.6
56932       -3.3
56933       -3.0
56934       -3.7
56935       -2.7
56936       -1.1
56937       -1.0
56938       -1.3
56939       -0.6
56940       -0.7
56941       -0.5
56942       -0.3
56943       -1.4
56944       -1.4
56945       -1.6
56946       -1.6
56947       -1.5
56948       -1.2
56949       -0.8
56950       -1.6
56951       -0.8
56952       -0.8
56953       -0.6
56954       -0.1
56955       -0.1
56956       -0.6
56957       -2.0
56958       -1.9
56959       -2.1
56960       -1.9
56961       -1.1
56962       -0.4
56963       -0.2
56964       -0.2
56965       -0.3
56966       -0.6
56967       -0.6
56968       -0.6
56969       -0.1
56970       -0.2
56971       -0.3
56972       -0.2
56973       -0.5
56974       -0.5
56975       -0.4
56976       -0.5
56977       -0.6
56978       -1.8
56979       -1.8
56980       -1.9
56981       -2.4
56982       -2.1
56983       -2.0
56984       -2.0
56985       -1.8
56986       -1.8
56987       -2.4
56988       -1.9
56989       -2.0
56990       -2.2
56991       -2.5
56992       -3.2
56993       -3.2
56994       -2.9
56995       -2.8
56996       -2.4
56997       -2.2
56998       -2.2
56999       -0.5
57000       -0.6
57001       -0.7
57002       -0.9
57003       -1.2
57004       -1.8
57005       -2.0
57006       -1.5
57007       -1.4
57008       -1.5
57009       -1.3
57010       -1.3
57011       -1.3
57012       -1.6
57013       -1.0
57014       -1.0
57015       -0.8
57016       -0.9
57017       -1.0
57018       -1.1
57019       -0.6
57020       -0.8
57021       -0.7
57022       -0.7
57023       -0.6
57024       -0.6
57025       -0.5
57026       -0.4
57027       -0.6
57028       -0.3
57029       -0.6
57030       -0.2
57031       -0.7
57032       -0.9
57033       -0.7
57034       -1.4
57035       -1.5
57036       -1.8
57037       -1.4
57038       -1.5
57039       -1.7
57040       -1.7
57041       -1.4
57042       -1.7
57043       -1.7
57044       -1.7
57045       -2.1
57046       -2.3
57047       -2.3
57048       -2.8
57049       -2.3
57050       -2.5
57051       -2.1
57052       -2.5
57053       -2.2
57054       -2.4
57055        2.2
57056        2.0
57057        1.9
57058        1.7
57059        2.3
57060        2.3
57061        2.8
57062        1.6
57063        1.8
57064        2.5
57065        2.4
57066        2.9
57067        2.8
57068        2.8
57069        2.7
57070        2.5
57071        2.4
57072        2.9
57073        3.0
57074        3.5
57075        3.8
57076        4.3
57077        4.7
57078        5.1
57079        5.3
57080        5.1
57081        5.6
57082        5.1
57083        4.2
57084        4.1
57085        4.4
57086        4.8
57087        5.2
57088        4.8
57089        4.9
57090        2.6
57091        1.7
57092        1.6
57093        1.9
57094        2.1
57095        2.0
57096        2.0
57097        2.1
57098        2.3
57099        2.4
57100        2.2
57101        1.7
57102        1.8
57103        2.0
57104        1.7
57105        1.6
57106        1.7
57107        1.3
57108        1.3
57109        1.7
57110        1.8
57111        1.1
57112        1.3
57113        1.3
57114        1.2
57115        1.0
57116        1.1
57117        1.3
57118        2.9
57119        2.4
57120        1.5
57121        2.1
57122        2.0
57123        1.8
57124        1.5
57125        2.7
57126        2.7
57127        2.5
57128        3.0
57129        2.7
57130        2.8
57131        3.2
57132        1.9
57133        2.0
57134        1.8
57135        1.5
57136        1.6
57137        1.7
57138        1.5
57139        3.1
57140        3.0
57141        2.9
57142        2.9
57143        2.6
57144        2.4
57145        2.5
57146        0.7
57147        0.7
57148        0.5
57149        0.8
57150        1.0
57151        1.1
57152        0.9
57153        0.8
57154        1.2
57155        1.7
57156        1.7
57157        1.8
57158        1.2
57159        1.1
57160        1.2
57161        0.6
57162        1.2
57163        1.6
57164        1.8
57165        1.8
57166        1.6
57167        1.6
57168        1.6
57169        1.3
57170        0.9
57171        1.0
57172        0.6
57173        0.9
57174        2.0
57175        2.1
57176        1.8
57177        1.5
57178        1.4
57179        1.6
57180        1.1
57181        1.5
57182        0.9
57183        0.7
57184        0.4
57185        0.7
57186        0.8
57187        0.4
57188       -0.9
57189       -0.4
57190       -0.5
57191       -0.7
57192       -0.7
57193       -1.0
57194       -0.9
57195       -1.4
57196       -1.8
57197       -1.5
57198       -2.1
57199       -1.7
57200       -1.8
57201       -1.2
57202       -1.3
57203       -1.6
57204       -1.7
57205       -2.0
57206       -2.4
57207       -2.4
57208       -2.4
57209       -0.1
57210       -0.0
57211        0.0
57212        0.1
57213        0.1
57214        0.1
57215        0.1
57216       -0.6
57217       -0.4
57218       -0.3
57219       -0.6
57220       -0.5
57221       -0.5
57222       -0.7
57223       -1.5
57224       -1.8
57225       -1.6
57226       -1.7
57227       -1.8
57228       -2.0
57229       -2.2
57230       -1.8
57231       -1.6
57232       -1.6
57233       -1.4
57234       -1.5
57235       -1.5
57236       -1.4
57237       -1.1
57238       -0.9
57239       -1.0
57240       -1.0
57241       -1.2
57242       -1.4
57243       -1.5
57244       -0.2
57245        0.1
57246        0.4
57247       -0.1
57248       -0.2
57249       -0.1
57250       -0.4
57251       -1.0
57252       -1.0
57253       -1.0
57254       -0.8
57255       -0.8
57256       -0.7
57257       -0.5
57258       -1.6
57259       -1.4
57260       -1.6
57261       -1.2
57262       -1.4
57263       -1.4
57264       -1.2
57265       -1.1
57266       -1.3
57267       -1.3
57268       -1.5
57269       -1.7
57270       -1.6
57271       -1.4
57272       -1.9
57273       -2.0
57274       -2.1
57275       -2.5
57276       -2.7
57277       -2.4
57278       -2.9
57279       -2.9
57280       -2.7
57281       -2.7
57282       -2.4
57283       -2.4
57284       -2.6
57285       -2.8
57286       -1.0
57287       -1.1
57288       -0.9
57289       -0.9
57290       -1.0
57291       -1.2
57292       -1.1
57293       -1.1
57294       -1.3
57295       -1.8
57296       -1.8
57297       -1.8
57298       -1.9
57299       -1.7
57300       -0.5
57301       -0.7
57302       -0.6
57303       -0.9
57304       -0.9
57305       -1.2
57306       -0.4
57307        0.1
57308        0.1
57309       -0.6
57310       -0.7
57311       -1.1
57312       -1.1
57313       -1.4
57314       -2.7
57315       -2.6
57316       -2.9
57317       -2.5
57318       -2.5
57319       -2.3
57320       -2.5
57321       -2.1
57322       -2.1
57323       -1.9
57324       -2.0
57325       -2.2
57326       -2.3
57327       -1.9
57328       -1.3
57329       -1.6
57330       -1.7
57331       -1.7
57332       -1.6
57333       -1.2
57334       -1.1
57335        0.0
57336        0.1
57337        0.2
57338        0.3
57339        0.3
57340       -0.0
57341       -0.4
57342        0.2
57343        0.0
57344       -0.2
57345        0.1
57346        0.2
57347        0.1
57348        0.1
57349        1.0
57350        0.4
57351        0.3
57352       -0.3
57353       -0.2
57354        0.1
57355        0.0
57356        1.6
57357        1.9
57358        1.9
57359        2.1
57360        1.4
57361        1.3
57362        1.5
57363       -0.9
57364       -1.1
57365       -1.6
57366       -1.4
57367       -1.5
57368       -1.6
57369       -1.9
57370       -1.9
57371       -1.8
57372       -1.9
57373       -1.8
57374       -1.2
57375       -1.1
57376       -0.7
57377        1.0
57378        1.8
57379        1.7
57380        2.5
57381        2.6
57382        2.5
57383        2.8
57384        3.5
57385        3.8
57386        4.1
57387        4.8
57388        4.9
57389        5.2
57390        5.2
57391        3.7
57392        3.7
57393        3.8
57394        3.8
57395        4.4
57396        5.1
57397        5.4
57398        5.3
57399        4.9
57400        5.0
57401        5.2
57402        5.0
57403        5.3
57404        5.1
57405        2.6
57406        2.4
57407        2.5
57408        2.7
57409        2.4
57410        2.1
57411        2.1
57412        2.2
57413        2.6
57414        2.6
57415        2.4
57416        2.3
57417        2.1
57418        2.2
57419        2.5
57420        2.2
57421        2.5
57422        2.4
57423        2.7
57424        2.6
57425        3.1
57426        0.4
57427        0.3
57428        0.8
57429        0.2
57430        0.1
57431        0.3
57432        0.4
57433        0.5
57434        0.5
57435        1.4
57436        1.2
57437        1.3
57438        1.2
57439        1.4
57440        1.5
57441        1.8
57442        1.9
57443        2.3
57444        2.3
57445        2.1
57446        2.3
57447        2.0
57448        2.0
57449        2.4
57450        2.0
57451        2.2
57452        2.3
57453        2.0
57454        3.0
57455        2.9
57456        2.9
57457        2.4
57458        1.9
57459        1.8
57460        1.6
57461        2.1
57462        1.9
57463        1.8
57464        1.6
57465        1.7
57466        1.7
57467        1.1
57468        0.5
57469        0.4
57470        0.5
57471        0.5
57472        0.1
57473        0.3
57474        0.1
57475       -0.1
57476       -0.3
57477       -0.4
57478        0.1
57479        0.6
57480        1.0
57481        1.3
57482        4.2
57483        4.2
57484        4.3
57485        4.2
57486        4.2
57487        4.2
57488        4.0
57489        4.9
57490        4.6
57491        4.5
57492        4.5
57493        4.5
57494        4.6
57495        4.9
57496        3.1
57497        3.0
57498        2.8
57499        2.8
57500        2.9
57501        2.8
57502        2.7
57503        3.2
57504        3.2
57505        3.5
57506        2.6
57507        2.1
57508        2.2
57509        2.2
57510        0.3
57511        0.4
57512       -0.1
57513        0.1
57514        0.2
57515        0.3
57516        0.2
57517       -0.5
57518       -0.3
57519       -0.2
57520       -0.3
57521       -0.7
57522       -0.7
57523       -1.2
57524       -0.4
57525       -0.3
57526       -0.9
57527       -0.9
57528       -0.9
57529       -1.1
57530       -1.2
57531       -0.6
57532       -1.0
57533       -1.3
57534       -1.3
57535       -1.4
57536       -1.7
57537       -2.0
57538       -1.2
57539       -1.3
57540       -1.5
57541       -1.8
57542       -1.9
57543       -1.3
57544       -1.4
57545       -2.7
57546       -2.4
57547       -2.5
57548       -2.9
57549       -2.7
57550       -2.6
57551       -2.7
57552       -2.0
57553       -2.5
57554       -2.4
57555       -2.3
57556       -1.9
57557       -2.0
57558       -1.9
57559       -0.7
57560       -0.8
57561       -0.7
57562       -0.5
57563       -0.8
57564       -0.9
57565       -0.7
57566       -0.2
57567       -1.1
57568       -0.4
57569       -0.2
57570       -0.4
57571       -0.2
57572       -0.0
57573        1.1
57574        1.2
57575        1.6
57576        1.8
57577        1.6
57578        2.0
57579        2.7
57580        2.4
57581        2.3
57582        1.9
57583        1.6
57584        1.7
57585        2.0
57586        2.5
57587        3.1
57588        3.0
57589        3.0
57590        3.2
57591        3.2
57592        3.1
57593        2.8
57594        2.5
57595        2.1
57596        2.1
57597        2.0
57598        1.7
57599        2.1
57600        2.4
57601        3.9
57602        4.0
57603        4.4
57604        4.7
57605        4.7
57606        4.3
57607        4.7
57608        2.5
57609        2.0
57610        1.4
57611        1.7
57612        1.6
57613        1.4
57614        1.5
57615        1.4
57616        1.1
57617        1.0
57618        0.7
57619        1.4
57620        1.4
57621        0.9
57622        1.2
57623        1.8
57624        2.2
57625        2.2
57626        2.0
57627        2.1
57628        2.4
57629        2.5
57630        2.2
57631        2.5
57632        2.3
57633        2.7
57634        2.7
57635        2.4
57636       -1.8
57637       -1.8
57638       -2.2
57639       -3.2
57640       -3.4
57641       -3.8
57642       -4.0
57643       -2.5
57644       -2.5
57645       -2.8
57646       -3.0
57647       -3.2
57648       -2.5
57649       -2.6
57650       -1.2
57651       -0.9
57652       -0.7
57653       -0.5
57654       -0.0
57655        0.3
57656        0.2
57657        1.0
57658        0.9
57659        1.0
57660        0.5
57661        0.4
57662        0.2
57663        0.5
57664        1.1
57665        1.6
57666        1.5
57667        1.5
57668        1.0
57669        1.0
57670        0.0
57671       -0.1
57672       -0.8
57673       -0.8
57674       -0.2
57675       -0.4
57676       -0.1
57677       -0.4
57678        0.5
57679        0.5
57680        0.2
57681        0.2
57682        0.4
57683        0.5
57684        0.3
57685        0.4
57686        0.8
57687        1.1
57688        1.2
57689        1.0
57690        1.1
57691        0.7
57692       -0.5
57693       -0.6
57694       -0.7
57695       -0.8
57696       -0.7
57697       -0.4
57698        0.4
57699        1.7
57700        1.9
57701        2.2
57702        2.2
57703        2.3
57704        2.2
57705        2.0
57706        2.9
57707        3.1
57708        3.4
57709        3.1
57710        3.0
57711        3.0
57712        2.8
57713        2.7
57714        2.4
57715        2.5
57716        2.5
57717        2.6
57718        2.3
57719        3.0
57720        1.7
57721        1.6
57722        1.9
57723        2.1
57724        2.1
57725        2.2
57726        2.3
57727        1.1
57728        1.2
57729        1.3
57730        1.5
57731        1.6
57732        1.9
57733        2.0
57734        3.9
57735        4.1
57736        4.3
57737        4.1
57738        4.2
57739        4.1
57740        4.7
57741        2.6
57742        2.5
57743        2.1
57744        2.4
57745        2.1
57746        2.2
57747        2.2
57748        1.6
57749        1.5
57750        1.3
57751        1.2
57752        1.3
57753        1.6
57754        1.7
57755        0.9
57756        1.2
57757        1.9
57758        1.9
57759        1.7
57760        1.7
57761        1.7
57762        1.0
57763        1.2
57764        1.3
57765        1.6
57766        1.8
57767        1.3
57768        1.1
57769        2.2
57770        2.0
57771        2.3
57772        2.0
57773        2.3
57774        2.3
57775        2.0
57776        1.2
57777        1.2
57778        1.4
57779        1.6
57780        1.5
57781        1.6
57782        1.6
57783        3.1
57784        3.1
57785        3.5
57786        3.7
57787        3.9
57788        4.6
57789        5.0
57790        4.0
57791        4.2
57792        4.5
57793        4.7
57794        4.8
57795        5.5
57796        5.6
57797        5.5
57798        5.4
57799        5.5
57800        5.2
57801        5.5
57802        5.0
57803        5.0
57804        3.8
57805        3.6
57806        3.8
57807        4.0
57808        4.3
57809        3.9
57810        3.7
57811        4.1
57812        4.3
57813        4.2
57814        3.3
57815        4.1
57816        4.2
57817        4.5
57818        0.7
57819        0.3
57820        0.0
57821        0.1
57822        0.1
57823       -0.4
57824       -0.8
57825       -1.4
57826       -1.9
57827       -2.0
57828       -2.1
57829       -2.2
57830       -2.6
57831       -2.8
57832       -2.5
57833       -2.7
57834       -2.8
57835       -3.1
57836       -3.2
57837       -3.8
57838       -4.3
57839       -4.9
57840       -5.0
57841       -5.1
57842       -5.3
57843       -5.4
57844       -5.5
57845       -5.3
57846        1.5
57847       -0.2
57848        0.3
57849        0.2
57850        0.3
57851        0.2
57852        0.6
57853        1.5
57854        1.5
57855        1.7
57856        1.7
57857        1.6
57858        1.8
57859        1.5
57860        3.4
57861        3.5
57862        3.4
57863        3.5
57864        3.4
57865        3.2
57866        3.3
57867        2.4
57868        2.2
57869        2.4
57870        2.1
57871        2.1
57872        2.2
57873        2.2
57874        3.0
57875        3.2
57876        3.4
57877        3.1
57878        3.3
57879        4.3
57880        3.9
57881       -3.1
57882       -2.8
57883       -2.8
57884       -2.3
57885       -2.9
57886       -2.8
57887       -2.6
57888       -3.5
57889       -3.5
57890       -3.7
57891       -3.4
57892       -3.4
57893       -3.2
57894       -2.5
57895       -3.0
57896       -2.5
57897       -2.3
57898       -2.0
57899       -2.1
57900       -1.9
57901       -1.8
57902       -1.3
57903       -1.5
57904       -0.9
57905       -1.1
57906       -1.0
57907       -1.7
57908       -0.7
57909        0.1
57910        0.1
57911        1.0
57912        0.4
57913        0.8
57914        0.9
57915        1.2
57916        2.8
57917        2.8
57918        3.3
57919        3.3
57920        3.7
57921        3.9
57922        3.8
57923        1.5
57924        1.2
57925        0.9
57926        0.9
57927        0.8
57928        0.9
57929        1.0
57930        3.0
57931        3.0
57932        3.0
57933        3.2
57934        3.1
57935        2.6
57936        3.0
57937       -0.8
57938       -0.3
57939       -0.6
57940       -0.2
57941       -0.5
57942       -0.3
57943       -0.2
57944        0.7
57945        0.8
57946        0.8
57947        2.2
57948        2.4
57949        2.1
57950        2.0
57951        0.1
57952        0.3
57953       -0.0
57954        0.1
57955        0.3
57956        0.3
57957        0.0
57958        1.2
57959        0.5
57960        0.7
57961        0.2
57962        0.2
57963       -0.5
57964       -0.2
57965        0.0
57966        0.1
57967        0.2
57968        0.0
57969        0.3
57970        0.4
57971        0.4
57972        1.3
57973        1.1
57974        1.1
57975        1.0
57976        1.2
57977        1.2
57978        1.3
57979        2.1
57980        2.4
57981        2.1
57982        1.9
57983        2.1
57984        2.2
57985        1.9
57986        1.8
57987        1.7
57988        1.9
57989        1.7
57990        1.7
57991        1.6
57992        1.5
57993        1.4
57994        1.5
57995        1.5
57996        1.2
57997        1.3
57998        1.2
57999        1.3
58000        1.7
58001        1.8
58002        1.6
58003        1.7
58004        2.0
58005        2.1
58006        2.2
58007        2.3
58008        2.4
58009        2.3
58010        2.5
58011        2.4
58012        2.6
58013        2.8
58014        2.9
58015        2.6
58016        2.6
58017        2.7
58018        2.7
58019        2.6
58020        2.4
58021        2.6
58022        2.4
58023        2.3
58024        2.2
58025        2.2
58026        2.2
58027        2.1
58028        2.0
58029        2.1
58030        1.9
58031        1.6
58032        1.5
58033        1.6
58034        1.3
58035        1.3
58036        1.0
58037        0.7
58038        0.8
58039        0.7
58040        0.6
58041        0.7
58042        1.0
58043        0.6
58044        0.3
58045        0.3
58046        0.1
58047       -0.0
58048       -0.1
58049       -0.1
58050       -0.2
58051       -0.6
58052       -0.5
58053       -0.6
58054       -0.6
58055       -0.9
58056       -1.2
58057       -1.5
58058       -1.3
58059       -1.2
58060       -0.8
58061       -0.7
58062       -0.6
58063       -0.5
58064       -0.3
58065       -0.2
58066       -0.1
58067        0.0
58068        0.2
58069        0.5
58070       -0.0
58071        0.3
58072        0.2
58073        0.4
58074        0.3
58075        0.4
58076        0.5
58077        0.5
58078        0.5
58079        0.9
58080        1.3
58081        1.1
58082        1.3
58083        1.2
58084        1.1
58085        1.3
58086        1.3
58087        2.0
58088        1.8
58089        1.8
58090        1.6
58091        2.6
58092        2.4
58093        2.4
58094        2.4
58095        2.4
58096        2.1
58097        2.3
58098        2.1
58099        2.2
58100        2.1
58101        2.3
58102        2.4
58103        2.5
58104        2.3
58105        2.1
58106        2.0
58107        1.9
58108        1.8
58109        1.9
58110        1.8
58111        1.8
58112        2.0
58113        2.0
58114        2.1
58115        1.9
58116        2.3
58117        2.2
58118        2.1
58119        3.2
58120        3.3
58121        3.5
58122        3.4
58123        3.8
58124        4.0
58125        3.9
58126        3.8
58127        3.6
58128        3.3
58129        3.4
58130        2.8
58131        2.9
58132        3.3
58133        3.4
58134        2.7
58135        2.6
58136        2.8
58137        3.0
58138        2.8
58139        2.5
58140        0.6
58141        0.2
58142        0.3
58143       -0.1
58144       -0.3
58145       -0.7
58146       -1.1
58147        0.1
58148       -0.4
58149       -0.9
58150       -0.6
58151       -0.8
58152       -0.8
58153       -1.3
58154        0.1
58155       -0.2
58156       -0.0
58157       -0.1
58158       -0.1
58159        0.2
58160        0.3
58161        0.5
58162        0.5
58163        0.5
58164        0.9
58165        0.9
58166        1.1
58167        1.1
58168        0.9
58169        1.3
58170        1.2
58171        1.5
58172        1.6
58173        1.4
58174        1.5
58175        1.4
58176        1.2
58177        2.0
58178        1.7
58179        1.6
58180        1.7
58181        2.0
58182        1.9
58183        2.2
58184        2.4
58185        2.5
58186        2.8
58187        2.6
58188        2.8
58189        2.8
58190        2.8
58191        3.0
58192        2.8
58193        3.2
58194        2.6
58195        2.3
58196        2.6
58197        2.7
58198        2.7
58199        2.8
58200        2.9
58201        2.9
58202        2.9
58203        2.9
58204        3.0
58205        3.1
58206        3.1
58207        3.0
58208        2.9
58209        3.0
58210        2.4
58211        2.8
58212        2.9
58213        2.7
58214        2.4
58215        2.5
58216        2.2
58217        0.5
58218        0.5
58219        0.4
58220        0.3
58221        0.1
58222        0.1
58223        0.2
58224       -0.7
58225       -0.3
58226       -0.3
58227       -0.3
58228       -0.4
58229       -0.5
58230       -0.4
58231       -0.5
58232       -0.8
58233       -0.6
58234       -1.1
58235       -1.3
58236       -1.1
58237       -1.0
58238       -1.3
58239       -1.3
58240       -1.1
58241       -1.8
58242       -2.1
58243       -2.6
58244       -2.9
58245       -1.8
58246       -2.0
58247       -2.1
58248       -2.3
58249       -2.1
58250       -2.0
58251       -2.0
58252       -2.4
58253       -2.6
58254       -2.7
58255       -3.0
58256       -2.7
58257       -2.5
58258       -2.5
58259       -1.9
58260       -1.9
58261       -2.3
58262       -2.5
58263       -2.8
58264       -2.9
58265       -3.0
58266       -3.5
58267       -3.8
58268       -4.0
58269       -4.2
58270       -4.4
58271       -4.4
58272       -4.7
58273       -2.8
58274       -2.7
58275       -2.5
58276       -2.8
58277       -3.4
58278       -3.6
58279       -3.9
58280       -3.6
58281       -3.5
58282       -3.4
58283       -3.2
58284       -2.9
58285       -2.5
58286       -2.1
58287       -1.6
58288       -1.5
58289       -1.4
58290       -1.2
58291       -0.7
58292       -0.5
58293       -0.4
58294        0.0
58295        0.2
58296        0.4
58297        0.5
58298        0.7
58299        1.0
58300        1.0
58301        1.2
58302        1.3
58303        1.3
58304        1.4
58305        1.4
58306        1.6
58307        1.6
58308        1.2
58309        1.2
58310        0.8
58311        0.8
58312        0.8
58313        1.2
58314        1.2
58315        1.1
58316        1.1
58317        0.9
58318        1.0
58319        1.2
58320        1.3
58321        0.9
58322        1.3
58323        1.7
58324        1.6
58325        1.5
58326        1.6
58327        1.3
58328        1.3
58329        0.8
58330        1.0
58331        1.0
58332        1.0
58333        0.9
58334        0.9
58335        1.0
58336       -0.4
58337       -0.6
58338       -0.8
58339       -1.0
58340       -1.0
58341       -0.9
58342       -1.2
58343       -1.3
58344       -1.1
58345       -1.1
58346       -0.8
58347       -1.5
58348       -1.3
58349       -1.0
58350       -0.7
58351       -0.9
58352       -1.3
58353       -0.6
58354       -0.5
58355       -0.5
58356       -0.6
58357       -1.4
58358       -1.0
58359       -0.9
58360       -1.0
58361       -0.9
58362       -1.2
58363       -0.9
58364       -0.1
58365       -0.0
58366        0.3
58367        0.2
58368        0.1
58369       -0.2
58370        0.2
58371        0.2
58372        0.1
58373        0.6
58374        0.4
58375        0.6
58376        0.4
58377        0.2
58378        0.7
58379        0.4
58380        1.0
58381        0.9
58382        0.9
58383        0.8
58384        1.0
58385        1.3
58386        1.3
58387        1.4
58388        1.5
58389        1.1
58390        1.7
58391        1.6
58392       -0.2
58393       -0.3
58394       -0.1
58395       -0.3
58396       -0.4
58397       -0.2
58398       -0.4
58399       -0.7
58400       -0.9
58401       -0.7
58402       -1.0
58403       -1.4
58404       -1.6
58405       -1.5
58406       -1.5
58407       -1.5
58408       -1.4
58409       -1.4
58410       -1.4
58411       -1.2
58412       -1.3
58413       -1.4
58414       -1.2
58415       -0.8
58416       -0.8
58417       -0.7
58418       -0.4
58419       -0.5
58420       -1.0
58421       -0.8
58422       -0.3
58423       -0.5
58424       -0.2
58425       -0.5
58426       -0.2
58427        0.2
58428       -0.2
58429       -0.3
58430       -0.2
58431       -0.3
58432       -0.2
58433       -0.4
58434        0.6
58435        0.3
58436        0.3
58437        0.4
58438        0.3
58439        0.6
58440        0.4
58441       -0.5
58442       -0.9
58443       -1.1
58444       -1.4
58445       -1.4
58446       -1.4
58447       -1.5
58448       -1.5
58449       -1.6
58450       -1.9
58451       -2.0
58452       -2.0
58453       -1.7
58454       -1.9
58455        0.1
58456        0.4
58457        0.3
58458        0.3
58459        0.9
58460        1.3
58461        1.4
58462        1.6
58463        1.8
58464        1.8
58465        1.8
58466        2.1
58467        2.3
58468        2.6
58469        2.5
58470        2.6
58471        2.8
58472        2.7
58473        2.5
58474        2.7
58475        2.5
58476        2.3
58477        2.0
58478        1.7
58479        1.4
58480        1.2
58481        1.2
58482        0.9
58483        0.9
58484        0.6
58485        0.7
58486        0.4
58487        0.5
58488        0.8
58489        0.8
58490        1.6
58491        1.9
58492        2.1
58493        2.3
58494        2.1
58495        2.6
58496        2.5
58497        2.7
58498        2.4
58499        2.5
58500        2.3
58501        2.4
58502        2.1
58503        1.9
58504        1.7
58505        1.9
58506        2.0
58507        2.2
58508        2.2
58509        2.3
58510        2.3
58511        2.3
58512        2.0
58513        2.1
58514        2.4
58515        2.5
58516        2.5
58517        3.0
58518       -0.5
58519       -0.3
58520       -0.3
58521       -0.5
58522       -0.1
58523       -0.2
58524       -0.1
58525        0.1
58526       -0.1
58527       -0.0
58528       -0.2
58529        0.1
58530        0.1
58531        0.3
58532        0.8
58533        1.0
58534        1.0
58535        0.9
58536        1.1
58537        0.5
58538        0.5
58539        0.5
58540        0.6
58541        0.5
58542        0.7
58543        0.3
58544        0.1
58545        0.1
58546       -0.7
58547       -0.7
58548       -1.2
58549       -1.3
58550       -1.0
58551       -1.4
58552       -1.3
58553       -1.1
58554       -1.3
58555       -1.1
58556       -1.3
58557       -0.9
58558       -1.2
58559       -1.5
58560       -1.7
58561       -1.6
58562       -1.7
58563       -1.8
58564       -2.1
58565       -1.8
58566       -2.0
58567       -1.8
58568       -2.3
58569       -2.6
58570       -2.5
58571       -1.9
58572       -1.5
58573       -1.4
58574       -1.1
58575       -1.2
58576       -1.0
58577       -0.5
58578       -0.5
58579       -0.3
58580        0.1
58581        1.2
58582        1.1
58583        1.3
58584        0.8
58585        0.3
58586        0.3
58587        0.7
58588        0.9
58589        0.8
58590        1.0
58591        1.1
58592        1.4
58593        1.3
58594        1.7
58595        1.8
58596        2.0
58597        2.1
58598        2.2
58599        2.3
58600        2.2
58601        2.3
58602        2.2
58603        2.6
58604        2.8
58605        3.1
58606        3.3
58607        3.8
58608        3.8
58609        1.9
58610        2.0
58611        2.2
58612        2.0
58613        2.2
58614        2.2
58615        2.1
58616        2.2
58617        2.1
58618        2.1
58619        2.0
58620        1.9
58621        2.3
58622        2.2
58623        1.9
58624        2.1
58625        2.0
58626        2.4
58627        2.4
58628        2.2
58629        2.4
58630        2.1
58631        2.3
58632        2.4
58633        2.5
58634        2.3
58635        2.1
58636        1.9
58637        1.9
58638        1.7
58639        1.8
58640        1.7
58641        1.7
58642        1.5
58643        1.6
58644        1.4
58645        1.2
58646        1.2
58647        1.3
58648        1.2
58649        0.9
58650        1.1
58651        0.9
58652        0.7
58653        0.9
58654        1.0
58655        0.7
58656        0.9
58657        0.7
58658       -0.2
58659       -0.5
58660       -0.7
58661       -0.7
58662       -0.5
58663       -0.4
58664       -0.5
58665       -0.7
58666       -0.8
58667       -0.9
58668       -0.9
58669       -1.1
58670       -1.1
58671       -1.1
58672       -0.5
58673       -0.6
58674       -0.5
58675       -0.7
58676       -0.6
58677       -0.5
58678       -0.7
58679       -0.6
58680       -0.2
58681       -0.2
58682        0.2
58683       -0.1
58684        0.0
58685        0.2
58686       -0.1
58687       -0.1
58688       -0.0
58689        0.3
58690        0.4
58691        0.4
58692        0.5
58693        0.6
58694        0.3
58695        0.4
58696        0.7
58697        0.7
58698        1.0
58699        1.1
58700        2.1
58701        2.4
58702        2.2
58703        2.4
58704        2.3
58705        2.0
58706        2.3
58707        2.3
58708        2.2
58709        2.5
58710        2.5
58711        2.4
58712        2.4
58713        2.6
58714        3.0
58715        3.3
58716        3.0
58717        3.1
58718        3.1
58719        3.0
58720        3.1
58721        3.1
58722        3.2
58723        3.4
58724        3.1
58725        3.3
58726        3.2
58727        3.3
58728        3.4
58729        3.3
58730        3.2
58731        3.0
58732        2.9
58733        2.9
58734        3.1
58735        2.2
58736        2.2
58737        2.6
58738        2.5
58739        2.6
58740        2.7
58741        2.5
58742        2.2
58743        2.2
58744        2.2
58745        2.0
58746        1.9
58747        1.9
58748        2.2
58749        2.3
58750        2.2
58751        2.1
58752        2.1
58753        1.8
58754        1.8
58755        1.7
58756        1.6
58757        1.5
58758        1.6
58759        1.8
58760        1.8
58761        1.8
58762        2.1
58763        2.6
58764        2.5
58765        2.6
58766        2.6
58767        2.6
58768        2.6
58769        2.5
58770        2.2
58771        2.3
58772        2.0
58773        1.5
58774        1.7
58775        1.8
58776        1.5
58777        1.3
58778        1.2
58779        1.1
58780        1.3
58781        0.8
58782        0.5
58783        0.5
58784       -0.1
58785       -0.3
58786       -0.4
58787       -0.5
58788       -0.5
58789       -1.2
58790       -1.2
58791       -0.9
58792       -0.7
58793       -0.7
58794       -0.9
58795       -0.8
58796       -1.1
58797       -0.9
58798       -0.9
58799       -0.9
58800       -1.0
58801       -1.1
58802       -1.0
58803       -1.0
58804       -0.9
58805       -0.4
58806       -0.4
58807       -0.5
58808       -0.4
58809       -0.6
58810       -0.3
58811       -0.5
58812       -0.1
58813       -0.2
58814       -0.2
58815       -0.3
58816       -0.5
58817       -0.3
58818       -0.6
58819        1.0
58820        1.0
58821        0.9
58822        0.9
58823        0.6
58824        0.6
58825        0.8
58826        0.8
58827        0.7
58828        0.5
58829        0.9
58830        0.7
58831        0.4
58832        0.7
58833        0.4
58834        0.1
58835        0.2
58836        0.3
58837       -0.0
58838       -0.1
58839       -0.3
58840       -0.3
58841       -0.3
58842       -0.5
58843       -0.5
58844       -1.0
58845       -1.0
58846       -1.1
58847       -1.2
58848       -1.7
58849       -1.4
58850       -1.6
58851       -1.3
58852       -1.4
58853       -1.6
58854       -0.6
58855       -0.5
58856       -0.5
58857       -0.7
58858       -0.6
58859       -0.3
58860       -0.3
58861       -0.5
58862       -0.5
58863       -0.8
58864       -0.5
58865       -0.6
58866       -0.5
58867       -0.5
58868       -0.8
58869       -1.0
58870       -0.5
58871       -0.6
58872       -0.3
58873       -0.6
58874       -1.1
58875       -1.1
58876       -1.5
58877       -2.0
58878       -2.4
58879       -2.7
58880       -2.8
58881       -2.9
58882       -0.7
58883       -1.0
58884       -0.8
58885       -0.9
58886       -0.8
58887       -1.0
58888       -0.8
58889       -0.7
58890       -0.8
58891       -0.4
58892       -0.6
58893       -0.5
58894       -0.8
58895       -0.8
58896       -0.8
58897       -1.1
58898       -0.7
58899       -0.8
58900       -0.9
58901       -1.0
58902       -1.0
58903       -0.5
58904       -0.5
58905       -0.3
58906       -0.4
58907       -0.6
58908       -0.3
58909       -0.1
58910        0.4
58911        0.5
58912        0.4
58913        0.7
58914        0.7
58915        0.8
58916        0.9
58917        1.2
58918        1.6
58919        1.3
58920        1.9
58921        2.3
58922        2.3
58923        2.4
58924        2.1
58925        2.1
58926        2.1
58927        2.1
58928        2.2
58929        2.2
58930        2.2
58931        1.7
58932        1.8
58933        1.9
58934        2.0
58935        1.9
58936        2.0
58937        1.9
58938        1.6
58939        1.8
58940        1.9
58941        2.2
58942        2.3
58943        2.3
58944        2.5
58945        2.4
58946        2.2
58947        2.2
58948        2.3
58949        2.5
58950        2.4
58951        2.5
58952        2.1
58953        2.3
58954        2.1
58955        2.5
58956        2.5
58957        2.7
58958        2.5
58959        2.7
58960        2.9
58961        2.5
58962        2.7
58963        2.4
58964        2.8
58965        2.7
58966        2.6
58967        2.5
58968        2.6
58969        3.0
58970        2.8
58971        3.2
58972        2.9
58973        1.8
58974        1.9
58975        1.8
58976        2.0
58977        2.2
58978        2.0
58979        2.1
58980        1.7
58981        1.8
58982        1.6
58983        1.6
58984        1.3
58985        1.4
58986        1.0
58987        1.1
58988        1.1
58989        1.1
58990        0.9
58991        0.8
58992        0.5
58993        0.6
58994        0.2
58995        0.3
58996       -0.1
58997       -0.1
58998        0.1
58999       -0.2
59000       -0.1
59001        0.3
59002        0.4
59003        0.3
59004        0.4
59005        0.5
59006        0.5
59007        0.6
59008        0.7
59009        0.8
59010        0.9
59011        1.1
59012        1.1
59013        1.3
59014        1.2
59015        1.3
59016        1.6
59017        1.6
59018        1.6
59019        1.7
59020        1.3
59021        1.2
59022        1.3
59023        1.7
59024        1.6
59025        1.4
59026        1.6
59027        1.6
59028        1.5
59029        1.8
59030        1.8
59031        1.9
59032        1.9
59033        1.7
59034        1.7
59035        1.5
59036        0.9
59037        0.4
59038        1.3
59039        1.3
59040        1.2
59041        1.6
59042        1.5
59043        1.5
59044        1.6
59045        1.6
59046        1.6
59047        1.2
59048        1.3
59049        0.9
59050        1.0
59051        0.9
59052        0.7
59053        0.4
59054        0.5
59055        0.7
59056        0.5
59057        0.7
59058        0.7
59059        0.9
59060        0.9
59061        0.5
59062        0.9
59063        0.4
59064       -0.0
59065        0.2
59066        0.3
59067        0.2
59068        0.2
59069        0.3
59070        0.5
59071        0.5
59072        0.5
59073        0.5
59074        0.2
59075        0.1
59076       -0.0
59077        0.1
59078        0.0
59079        0.0
59080        0.1
59081        0.2
59082        0.3
59083        0.0
59084       -0.1
59085        0.7
59086        0.8
59087        0.9
59088        0.9
59089        1.1
59090        1.0
59091        1.2
59092        1.1
59093        1.2
59094        1.1
59095        1.3
59096        1.1
59097        1.3
59098        1.9
59099        0.1
59100        0.3
59101        0.4
59102        0.5
59103        0.4
59104        0.5
59105        0.4
59106        0.9
59107        1.0
59108        0.9
59109        1.0
59110        1.0
59111        1.1
59112        1.0
59113        1.0
59114        1.1
59115        1.0
59116        0.9
59117        0.8
59118        0.6
59119        0.4
59120        0.0
59121        0.2
59122       -0.3
59123       -0.1
59124       -0.1
59125        0.1
59126        0.4
59127       -0.1
59128       -0.2
59129       -0.1
59130       -0.2
59131       -0.2
59132       -0.1
59133        0.1
59134        0.1
59135        0.0
59136        0.4
59137        0.2
59138        0.2
59139        0.3
59140        0.3
59141        0.4
59142        0.5
59143        0.3
59144        0.4
59145        0.6
59146        0.4
59147        0.6
59148        0.7
59149        1.0
59150        0.8
59151        0.8
59152        0.4
59153        0.0
59154       -0.1
59155        0.1
59156        0.3
59157        0.1
59158        0.2
59159        0.2
59160        0.1
59161        0.1
59162        0.3
59163        0.3
59164        0.2
59165        0.2
59166       -0.1
59167       -0.3
59168       -0.2
59169        0.0
59170       -0.2
59171       -0.5
59172       -0.1
59173       -0.2
59174       -0.1
59175       -0.1
59176        0.1
59177       -0.2
59178       -0.5
59179       -0.3
59180       -0.4
59181       -0.4
59182       -0.6
59183        0.1
59184        0.7
59185        0.6
59186        0.9
59187        1.1
59188        1.3
59189        1.6
59190        0.3
59191        0.5
59192        0.4
59193        0.6
59194        0.8
59195        0.6
59196        0.8
59197        0.8
59198        0.8
59199        0.8
59200        1.1
59201        0.9
59202        0.8
59203        0.8
59204        1.5
59205        1.5
59206        1.2
59207        1.5
59208        1.5
59209        1.8
59210        1.8
59211        2.1
59212        2.1
59213        2.4
59214        2.5
59215        2.4
59216        2.3
59217        2.1
59218        1.4
59219        1.2
59220        1.1
59221        1.0
59222        0.8
59223        0.8
59224        0.7
59225        0.8
59226        0.8
59227        0.6
59228        0.6
59229        0.2
59230       -0.1
59231        0.1
59232       -0.3
59233       -0.4
59234       -0.5
59235       -0.3
59236        0.1
59237       -0.3
59238       -0.5
59239       -0.7
59240       -0.7
59241       -0.7
59242       -1.1
59243       -1.3
59244       -0.5
59245       -0.3
59246        0.1
59247        0.2
59248        0.3
59249        0.3
59250        0.0
59251        0.4
59252        0.1
59253       -0.5
59254       -0.5
59255       -0.6
59256       -0.7
59257       -0.6
59258       -0.3
59259       -0.7
59260       -0.7
59261       -0.7
59262       -0.5
59263       -0.6
59264       -0.9
59265       -0.9
59266       -0.8
59267       -0.2
59268        0.1
59269       -0.0
59270       -0.0
59271       -0.3
59272       -0.2
59273        0.2
59274       -0.5
59275       -0.3
59276       -0.8
59277       -0.3
59278       -0.7
59279       -0.6
59280       -0.5
59281       -0.4
59282       -0.4
59283       -0.1
59284       -0.2
59285        0.2
59286       -0.3
59287       -0.1
59288        0.4
59289        0.3
59290        0.2
59291        0.2
59292        0.1
59293        0.0
59294       -0.2
59295       -0.2
59296       -0.3
59297        0.0
59298        0.0
59299       -0.1
59300       -0.2
59301       -0.5
59302       -0.2
59303       -0.3
59304       -0.1
59305        0.4
59306        0.5
59307        0.2
59308        0.4
59309        0.2
59310        0.0
59311        0.2
59312        0.0
59313        0.1
59314        0.0
59315        0.3
59316        0.6
59317        0.3
59318        0.3
59319        0.0
59320        0.3
59321        0.2
59322       -0.3
59323        0.1
59324        0.6
59325        0.5
59326        0.7
59327        0.6
59328        0.7
59329        0.9
59330        0.5
59331        0.4
59332        0.3
59333        0.5
59334       -0.0
59335       -0.4
59336       -0.1
59337        0.7
59338        0.6
59339        0.7
59340        0.6
59341        0.7
59342        0.9
59343        0.6
59344        1.0
59345        0.4
59346        0.5
59347        0.4
59348        0.7
59349        0.5
59350        0.6
59351        0.3
59352        0.4
59353        0.2
59354        0.5
59355        0.2
59356        0.4
59357        0.2
59358       -0.7
59359       -1.4
59360       -1.5
59361       -1.4
59362       -1.4
59363       -2.0
59364       -2.1
59365       -1.8
59366       -1.8
59367       -2.2
59368       -2.5
59369       -2.7
59370       -2.7
59371       -2.6
59372       -2.1
59373       -2.3
59374       -2.5
59375       -2.5
59376       -2.4
59377       -2.2
59378       -2.0
59379       -1.5
59380       -1.3
59381       -1.1
59382       -1.3
59383       -1.1
59384       -1.2
59385       -1.5
59386       -1.5
59387       -1.5
59388       -1.2
59389       -1.1
59390       -0.7
59391       -0.9
59392       -0.8
59393       -1.1
59394       -1.0
59395       -1.1
59396       -1.0
59397       -1.0
59398       -0.7
59399       -1.1
59400       -1.2
59401       -1.1
59402       -1.3
59403       -1.2
59404       -1.7
59405       -1.5
59406       -1.2
59407       -1.2
59408       -1.2
59409       -1.3
59410       -0.5
59411       -0.4
59412       -0.8
59413       -0.3
59414       -0.6
59415       -0.5
59416       -0.5
59417       -0.8
59418       -0.8
59419       -0.7
59420       -0.8
59421       -0.8
59422       -0.8
59423       -0.7
59424       -0.6
59425       -0.4
59426       -0.7
59427       -0.7
59428       -1.8
59429       -2.0
59430       -2.0
59431       -2.0
59432       -2.2
59433       -2.3
59434       -2.2
59435       -2.3
59436       -2.4
59437       -2.2
59438       -2.2
59439       -2.2
59440       -2.1
59441       -1.9
59442       -1.5
59443       -1.4
59444       -1.5
59445       -1.5
59446       -1.5
59447       -1.6
59448       -1.6
59449       -2.0
59450       -1.8
59451       -2.0
59452       -1.8
59453       -2.1
59454       -2.2
59455       -2.2
59456       -2.3
59457       -2.2
59458       -2.4
59459       -2.4
59460       -2.2
59461       -2.1
59462       -2.0
59463       -1.8
59464       -2.4
59465       -2.4
59466       -2.2
59467       -2.8
59468       -3.1
59469       -2.7
59470       -2.5
59471       -2.5
59472       -2.6
59473       -2.5
59474       -2.6
59475       -2.1
59476       -2.0
59477       -2.0
59478       -2.0
59479       -2.0
59480       -1.8
59481       -2.2
59482       -2.2
59483       -2.1
59484       -2.2
59485       -1.9
59486       -1.7
59487       -2.0
59488       -1.9
59489       -1.9
59490       -1.8
59491       -1.2
59492       -1.0
59493       -1.0
59494       -1.0
59495       -1.0
59496       -0.8
59497       -0.9
59498       -1.0
59499       -0.9
59500       -0.7
59501       -1.0
59502       -0.6
59503       -0.3
59504       -0.3
59505       -0.7
59506       -0.3
59507       -0.0
59508       -0.2
59509        0.1
59510       -0.1
59511       -0.3
59512       -0.3
59513       -0.3
59514       -0.2
59515       -0.3
59516        0.2
59517        0.3
59518       -0.0
59519       -0.2
59520        0.2
59521        0.3
59522        0.3
59523        0.3
59524        0.1
59525        0.1
59526        0.2
59527       -0.3
59528       -0.1
59529        0.1
59530        0.2
59531        0.1
59532       -0.3
59533       -0.2
59534       -0.5
59535       -0.5
59536       -0.3
59537       -0.3
59538       -0.3
59539       -0.4
59540       -0.2
59541       -0.3
59542       -0.6
59543       -0.7
59544       -0.4
59545       -0.3
59546       -0.2
59547        0.1
59548       -0.1
59549       -0.1
59550       -0.2
59551        0.1
59552       -0.4
59553       -0.3
59554        0.0
59555        0.2
59556        0.2
59557       -0.0
59558       -0.2
59559       -0.1
59560       -0.0
59561       -0.2
59562        0.1
59563        0.1
59564        0.5
59565        0.7
59566        0.3
59567        0.5
59568        0.5
59569        0.5
59570        0.8
59571        0.8
59572        1.0
59573        1.0
59574        1.1
59575        1.3
59576        1.5
59577        1.5
59578        1.3
59579        1.4
59580        1.4
59581        1.5
59582        1.6
59583        2.2
59584        2.3
59585        2.1
59586        1.4
59587        1.3
59588        1.4
59589       -0.1
59590       -0.6
59591       -0.7
59592       -0.7
59593       -0.3
59594       -0.3
59595       -0.5
59596       -0.5
59597       -0.1
59598       -0.3
59599       -0.4
59600       -0.3
59601       -0.4
59602       -0.0
59603        0.3
59604        0.2
59605       -0.1
59606       -0.2
59607        0.1
59608        0.0
59609       -0.0
59610       -0.5
59611       -0.5
59612       -0.8
59613       -0.9
59614       -0.8
59615       -0.7
59616       -1.1
59617       -0.7
59618       -0.6
59619       -0.5
59620       -0.7
59621       -0.8
59622       -1.1
59623       -0.8
59624       -0.6
59625       -0.6
59626       -0.5
59627       -0.1
59628        0.3
59629        0.2
59630       -0.1
59631       -0.3
59632        0.0
59633        0.4
59634        0.3
59635       -0.1
59636       -0.0
59637        0.0
59638        0.1
59639        0.1
59640        0.1
59641        0.3
59642        0.3
59643        0.3
59644        0.5
59645        0.4
59646        0.7
59647        0.8
59648        0.6
59649        0.6
59650        0.6
59651        0.9
59652        0.5
59653        0.5
59654        0.3
59655        0.4
59656        0.2
59657       -0.1
59658        0.2
59659        0.2
59660        0.4
59661        0.8
59662        0.7
59663        0.6
59664        0.4
59665        0.0
59666       -0.2
59667       -0.3
59668       -0.2
59669        0.4
59670        0.8
59671        0.9
59672        1.1
59673       -0.2
59674       -0.4
59675       -0.2
59676       -0.1
59677       -0.3
59678       -0.4
59679       -0.7
59680       -0.7
59681       -0.9
59682       -0.8
59683       -1.0
59684       -0.9
59685       -0.9
59686       -0.7
59687       -0.8
59688       -0.6
59689       -0.5
59690       -0.6
59691       -0.7
59692       -0.7
59693       -0.3
59694       -0.4
59695       -0.9
59696       -0.9
59697       -1.0
59698       -0.7
59699       -0.6
59700       -0.6
59701       -0.6
59702       -0.6
59703       -0.8
59704       -1.0
59705       -0.8
59706       -0.7
59707       -0.9
59708       -1.3
59709       -1.2
59710       -1.5
59711       -1.5
59712       -1.6
59713       -1.4
59714       -1.0
59715       -0.7
59716       -0.9
59717       -1.2
59718       -1.0
59719       -0.8
59720       -1.0
59721       -1.0
59722       -0.9
59723       -1.0
59724       -0.8
59725       -0.6
59726       -0.4
59727        0.0
59728       -0.5
59729       -0.6
59730       -0.4
59731       -0.2
59732       -0.3
59733       -0.2
59734       -0.8
59735       -0.6
59736       -1.1
59737       -0.9
59738       -1.3
59739       -1.7
59740       -1.2
59741       -1.3
59742       -1.4
59743       -0.8
59744       -0.7
59745       -0.5
59746       -0.6
59747       -0.1
59748        0.3
59749        0.0
59750       -0.1
59751        0.2
59752        0.5
59753        0.4
59754        0.3
59755        0.1
59756        0.4
59757        0.5
59758        0.6
59759        0.5
59760        0.8
59761        0.6
59762        1.0
59763        0.7
59764       -0.7
59765       -0.5
59766       -0.2
59767       -0.7
59768       -0.7
59769       -0.6
59770       -0.6
59771       -0.3
59772       -0.2
59773       -0.1
59774       -0.2
59775        0.1
59776        0.1
59777        0.1
59778        0.1
59779        0.4
59780        0.1
59781        0.6
59782        0.3
59783        0.5
59784        1.1
59785        1.1
59786        1.2
59787        1.2
59788        1.3
59789        1.0
59790        0.9
59791        1.4
59792        1.3
59793        1.7
59794        1.3
59795        1.4
59796        1.4
59797        1.6
59798        1.8
59799        0.9
59800        0.7
59801        0.6
59802        0.6
59803        0.7
59804        0.4
59805        0.4
59806        0.5
59807        0.3
59808        0.4
59809        0.2
59810       -0.3
59811        0.0
59812        0.4
59813        0.7
59814        1.1
59815        0.9
59816        0.9
59817        0.8
59818        0.7
59819        0.7
59820        0.8
59821        1.1
59822        1.0
59823        0.9
59824        1.0
59825        1.0
59826        1.0
59827       -0.1
59828       -0.4
59829       -0.3
59830       -0.3
59831       -0.2
59832       -0.4
59833       -0.0
59834        0.1
59835       -0.1
59836       -0.4
59837       -0.5
59838       -0.3
59839       -0.5
59840       -0.5
59841       -0.3
59842       -0.4
59843       -0.7
59844       -0.6
59845       -0.1
59846       -0.4
59847       -0.4
59848        0.7
59849        0.4
59850        0.4
59851        0.5
59852        0.5
59853        0.9
59854        0.8
59855       -1.0
59856       -0.8
59857       -0.4
59858       -1.2
59859       -1.1
59860       -0.9
59861       -0.9
59862       -0.9
59863       -1.5
59864       -1.4
59865       -0.9
59866       -1.4
59867       -1.7
59868       -1.7
59869       -1.8
59870       -1.9
59871       -2.1
59872       -1.7
59873       -1.7
59874       -1.3
59875       -1.3
59876       -1.6
59877       -1.5
59878       -1.3
59879       -1.6
59880       -1.6
59881       -1.8
59882       -1.9
59883       -1.9
59884       -2.0
59885       -2.2
59886       -2.0
59887       -2.1
59888       -2.1
59889       -2.1
59890       -1.4
59891       -1.6
59892       -1.6
59893       -1.6
59894       -1.5
59895       -1.4
59896       -1.6
59897       -1.5
59898       -1.5
59899       -1.4
59900       -1.4
59901       -1.5
59902       -1.1
59903       -1.2
59904       -1.3
59905       -1.5
59906       -1.4
59907       -1.4
59908       -1.4
59909       -1.1
59910       -1.5
59911       -1.2
59912       -1.1
59913       -1.7
59914       -1.9
59915       -1.9
59916       -2.0
59917       -1.8
59918       -0.8
59919       -0.8
59920       -0.8
59921       -0.7
59922       -0.6
59923       -0.5
59924       -0.7
59925       -1.2
59926       -1.3
59927       -1.2
59928       -1.2
59929       -0.9
59930       -0.9
59931       -1.1
59932       -0.9
59933       -1.1
59934       -1.1
59935       -0.7
59936       -0.3
59937       -0.1
59938       -0.4
59939       -0.6
59940       -0.6
59941       -0.6
59942       -0.4
59943       -0.4
59944       -0.5
59945       -0.4
59946       -0.6
59947       -0.4
59948       -0.1
59949       -0.0
59950       -0.2
59951       -0.3
59952       -0.1
59953        1.2
59954        1.5
59955        1.4
59956        1.6
59957        1.9
59958        2.1
59959        1.8
59960        1.6
59961        1.7
59962        1.6
59963        1.5
59964        1.3
59965        1.1
59966        0.8
59967        0.9
59968        0.7
59969        0.6
59970        0.9
59971        0.8
59972        0.8
59973        0.6
59974        0.9
59975        1.0
59976        0.9
59977        1.2
59978        1.4
59979        1.3
59980        1.7
59981        0.5
59982       -0.1
59983       -0.3
59984       -0.2
59985        0.3
59986        0.1
59987       -0.0
59988        0.4
59989        0.3
59990        0.2
59991        0.5
59992        0.3
59993        0.6
59994        0.1
59995        0.4
59996        0.7
59997        0.9
59998        0.8
59999        0.8
60000        0.6
60001        0.4
60002        0.7
60003        0.6
60004        0.7
60005        0.5
60006        0.5
60007        0.5
60008        0.6
60009       -0.4
60010       -0.2
60011       -0.2
60012       -0.5
60013       -0.4
60014       -0.3
60015       -0.6
60016       -0.9
60017       -0.9
60018       -1.4
60019       -1.3
60020       -1.2
60021       -1.0
60022       -1.7
60023       -1.8
60024       -2.1
60025       -1.9
60026       -2.1
60027       -2.0
60028       -2.2
60029       -2.2
60030       -2.8
60031       -3.0
60032       -3.0
60033       -2.9
60034       -3.0
60035       -2.7
60036       -2.6
60037       -2.9
60038       -2.9
60039       -3.4
60040       -3.2
60041       -3.4
60042       -3.8
60043       -3.6
60044       -0.8
60045       -0.5
60046       -0.5
60047       -0.4
60048       -0.9
60049       -0.8
60050       -0.6
60051       -0.3
60052       -0.0
60053        0.1
60054        0.3
60055        0.0
60056        0.4
60057        0.3
60058        0.4
60059        0.5
60060        0.4
60061        0.4
60062        0.4
60063        0.5
60064        0.5
60065        0.6
60066        0.3
60067        0.5
60068        0.7
60069        0.6
60070        0.4
60071        0.9
60072        0.2
60073        0.4
60074        0.1
60075        0.2
60076        0.0
60077        0.2
60078        0.3
60079        0.4
60080        0.8
60081        1.3
60082        0.9
60083        0.8
60084        0.7
60085        0.7
60086        0.8
60087        0.7
60088        1.2
60089        1.4
60090        1.3
60091        1.6
60092        1.8
60093        2.1
60094        2.0
60095        1.6
60096        1.7
60097        1.9
60098        2.3
60099        2.0
60100        0.5
60101        0.8
60102        0.7
60103        0.5
60104        0.4
60105        0.4
60106        0.1
60107        0.2
60108        0.2
60109       -0.1
60110        0.2
60111       -0.1
60112        0.1
60113        0.1
60114       -0.1
60115       -0.0
60116       -0.3
60117       -0.5
60118       -0.4
60119        0.0
60120       -0.1
60121       -0.3
60122        0.1
60123        0.2
60124       -0.2
60125       -0.3
60126       -0.2
60127       -0.3
60128       -0.2
60129       -0.8
60130       -1.0
60131       -0.8
60132       -0.8
60133       -0.9
60134       -1.1
60135        0.2
60136        0.2
60137        0.1
60138        0.4
60139        0.4
60140        0.2
60141       -0.2
60142        0.2
60143        0.2
60144        0.4
60145        0.2
60146        0.3
60147        0.3
60148        0.0
60149       -0.2
60150       -0.3
60151       -0.4
60152       -0.3
60153       -0.2
60154       -0.6
60155       -0.5
60156       -0.5
60157       -0.3
60158       -0.1
60159       -0.1
60160       -0.3
60161       -0.5
60162       -0.7
60163       -0.1
60164       -0.5
60165       -0.3
60166       -0.1
60167        0.3
60168        0.2
60169        0.6
60170        0.2
60171        0.4
60172        0.4
60173       -0.2
60174        0.1
60175        0.5
60176        0.4
60177        1.0
60178        1.2
60179        0.9
60180        1.0
60181        1.0
60182        1.2
60183        1.1
60184        0.9
60185        1.1
60186        1.3
60187        1.2
60188        1.0
60189        1.2
60190        1.5
60191        0.6
60192        0.6
60193        0.7
60194        1.0
60195        1.2
60196        1.2
60197        1.1
60198        1.2
60199        1.1
60200        1.3
60201        1.2
60202        1.3
60203        1.2
60204        1.2
60205        1.2
60206        1.2
60207        0.9
60208        1.0
60209        1.0
60210        1.2
60211        1.0
60212        1.0
60213        1.1
60214        1.3
60215        0.9
60216        0.6
60217        0.9
60218        0.8
60219        0.2
60220        0.5
60221        0.4
60222        0.2
60223       -0.1
60224        0.1
60225       -0.3
60226       -0.7
60227       -0.7
60228       -0.7
60229       -0.8
60230       -0.6
60231       -0.5
60232       -0.1
60233       -0.4
60234       -0.3
60235       -0.0
60236       -0.2
60237       -0.3
60238       -0.3
60239       -0.4
60240       -1.0
60241       -1.3
60242       -1.2
60243       -1.2
60244       -1.3
60245       -1.1
60246       -1.2
60247       -1.0
60248       -1.2
60249       -1.2
60250       -1.4
60251       -1.4
60252       -1.2
60253       -1.0
60254       -0.4
60255       -0.5
60256       -0.6
60257       -0.7
60258       -0.5
60259       -0.5
60260       -0.2
60261       -0.2
60262       -0.0
60263       -0.2
60264       -0.1
60265       -0.1
60266       -0.2
60267       -0.4
60268       -0.4
60269       -0.1
60270        0.1
60271        0.5
60272        0.2
60273        0.2
60274        0.5
60275        1.2
60276        1.3
60277        1.2
60278        1.4
60279        1.5
60280        1.7
60281        2.0
60282        0.5
60283        0.3
60284        0.2
60285        0.4
60286        0.2
60287        0.1
60288        0.3
60289        0.3
60290        0.1
60291        0.2
60292        0.4
60293        0.3
60294        0.0
60295       -0.1
60296        0.3
60297        0.4
60298        0.0
60299       -0.1
60300       -0.2
60301       -0.3
60302       -0.4
60303       -0.5
60304       -0.6
60305       -0.5
60306       -0.3
60307       -0.4
60308       -0.5
60309       -0.7
60310       -0.5
60311       -0.5
60312       -0.6
60313       -0.7
60314       -0.9
60315       -0.8
60316       -0.6
60317       -1.2
60318       -1.3
60319       -0.9
60320       -1.2
60321       -1.1
60322       -0.9
60323       -1.0
60324       -1.3
60325       -1.2
60326       -1.2
60327       -1.2
60328       -1.4
60329       -1.3
60330       -1.4
60331       -1.3
60332       -1.1
60333       -1.1
60334       -1.0
60335       -0.9
60336       -0.9
60337       -1.0
60338       -0.8
60339       -1.1
60340       -1.2
60341       -1.2
60342       -1.2
60343       -1.1
60344       -1.0
60345       -0.6
60346       -0.6
60347       -0.5
60348       -0.4
60349       -0.2
60350       -0.1
60351       -0.1
60352       -0.2
60353       -0.1
60354       -0.1
60355       -0.1
60356        0.1
60357       -0.1
60358       -0.2
60359       -0.0
60360       -0.0
60361       -0.0
60362        0.1
60363        0.8
60364        1.0
60365        0.8
60366        0.8
60367        1.1
60368        0.9
60369        0.9
60370        0.9
60371        1.2
60372        1.3
60373       -1.0
60374       -1.3
60375       -1.0
60376       -1.2
60377       -1.4
60378       -1.4
60379       -1.3
60380       -1.6
60381       -1.8
60382       -1.9
60383       -1.8
60384       -1.7
60385       -1.4
60386       -1.1
60387       -1.1
60388       -1.3
60389       -1.2
60390       -0.7
60391       -1.0
60392       -1.3
60393       -0.8
60394       -0.9
60395       -0.8
60396       -0.7
60397       -1.2
60398       -1.2
60399       -1.2
60400       -1.5
60401       -0.9
60402       -1.1
60403       -1.4
60404       -1.1
60405       -1.4
60406       -1.5
60407       -1.5
60408       -1.6
60409       -1.4
60410       -1.5
60411       -1.7
60412       -1.7
60413       -1.6
60414       -2.0
60415       -1.6
60416       -1.6
60417       -1.7
60418       -1.7
60419       -1.8
60420       -1.6
60421       -1.2
60422       -1.0
60423       -1.0
60424       -0.6
60425       -0.5
60426       -0.4
60427       -0.5
60428       -0.4
60429       -0.3
60430       -0.4
60431       -0.4
60432       -0.7
60433       -0.7
60434       -0.9
60435       -0.6
60436        0.7
60437        0.7
60438        0.5
60439        0.8
60440        0.3
60441        0.3
60442        0.4
60443       -0.3
60444        0.0
60445        0.1
60446        0.1
60447       -0.1
60448       -0.4
60449       -0.2
60450       -0.2
60451       -0.2
60452       -0.2
60453       -0.1
60454        0.2
60455       -0.0
60456       -0.2
60457        0.1
60458        0.2
60459       -0.0
60460        0.1
60461       -0.1
60462       -0.2
60463       -0.1
60464       -1.1
60465       -1.2
60466       -1.4
60467       -1.4
60468       -1.3
60469       -1.9
60470       -1.7
60471       -1.6
60472       -2.0
60473       -2.0
60474       -2.0
60475       -2.5
60476       -2.1
60477       -1.5
60478       -2.0
60479       -1.6
60480       -1.8
60481       -1.6
60482       -1.8
60483       -1.7
60484       -1.4
60485       -1.4
60486       -1.7
60487       -1.7
60488       -1.9
60489       -2.3
60490       -1.7
60491       -1.7
60492       -1.4
60493       -1.5
60494       -1.3
60495       -1.0
60496       -0.5
60497       -0.7
60498       -0.5
60499       -0.1
60500        0.0
60501        0.3
60502        0.1
60503        0.4
60504        0.5
60505        0.6
60506        0.9
60507        0.7
60508        0.7
60509        0.2
60510       -0.0
60511        0.0
60512       -0.0
60513       -0.2
60514       -0.1
60515       -0.4
60516       -0.1
60517       -0.2
60518       -0.3
60519       -0.2
60520       -0.1
60521       -0.1
60522       -0.3
60523       -0.9
60524       -0.8
60525       -0.4
60526       -0.6
60527       -1.4
60528       -1.4
60529       -1.5
60530       -0.9
60531       -0.8
60532       -0.7
60533       -1.1
60534       -0.6
60535       -0.4
60536       -0.0
60537       -0.2
60538        0.1
60539       -0.0
60540        0.3
60541        0.3
60542        0.3
60543       -0.3
60544       -0.3
60545       -0.4
60546       -0.4
60547       -0.2
60548       -0.3
60549       -0.5
60550       -0.6
60551       -0.6
60552       -0.7
60553       -0.5
60554       -0.4
60555       -0.2
60556       -0.5
60557       -0.4
60558       -0.4
60559       -0.1
60560        0.1
60561       -0.1
60562        0.1
60563        0.6
60564        0.4
60565        0.2
60566        0.5
60567        0.4
60568        0.4
60569        0.3
60570        0.1
60571        0.1
60572        0.0
60573       -0.1
60574       -0.2
60575       -0.5
60576       -0.5
60577       -0.9
60578       -0.5
60579       -0.7
60580       -0.7
60581       -0.6
60582       -0.8
60583       -0.7
60584       -1.0
60585       -0.8
60586       -0.9
60587       -1.0
60588       -0.8
60589       -1.2
60590       -2.4
60591       -2.6
60592       -2.8
60593       -3.1
60594       -3.1
60595       -3.0
60596       -2.9
60597       -3.3
60598       -3.3
60599       -3.2
60600       -3.3
60601       -3.5
60602       -3.4
60603       -3.3
60604       -3.5
60605       -3.5
60606       -3.4
60607       -3.2
60608       -3.4
60609       -3.6
60610       -3.8
60611       -4.0
60612       -4.4
60613       -4.2
60614       -4.1
60615       -3.8
60616       -4.0
60617       -4.1
60618       -4.6
60619       -4.6
60620       -4.5
60621       -4.8
60622       -5.3
60623       -5.1
60624       -5.4
60625       -3.4
60626       -3.5
60627       -3.9
60628       -4.0
60629       -3.7
60630       -3.6
60631       -3.6
60632       -3.2
60633       -3.0
60634       -2.5
60635       -2.5
60636       -2.4
60637       -2.5
60638       -2.9
60639       -2.4
60640       -2.4
60641       -2.6
60642       -2.4
60643       -2.2
60644       -2.6
60645       -2.6
60646       -2.8
60647       -2.9
60648       -2.7
60649       -2.4
60650       -2.5
60651       -2.6
60652       -2.7
60653       -2.9
60654       -2.9
60655       -2.7
60656       -2.8
60657       -2.9
60658       -2.9
60659       -2.7
60660       -2.7
60661       -2.2
60662       -2.2
60663       -1.8
60664       -1.5
60665       -1.3
60666       -1.4
60667       -1.2
60668       -0.6
60669       -0.3
60670       -0.2
60671        0.1
60672        0.1
60673        0.4
60674        0.4
60675        0.3
60676        0.5
60677        0.3
60678        0.3
60679        0.2
60680       -0.3
60681       -0.7
60682       -0.2
60683       -0.5
60684       -0.8
60685       -0.9
60686       -0.8
60687       -0.6
60688       -1.0
60689       -1.0
60690       -1.0
60691       -1.1
60692       -0.5
60693       -0.5
60694       -0.2
60695        0.1
60696       -0.1
60697        0.1
60698        0.1
60699        0.3
60700        0.1
60701        0.2
60702        0.2
60703        0.3
60704        0.4
60705        0.2
60706       -0.1
60707        0.4
60708        0.1
60709        0.2
60710        0.4
60711       -0.0
60712        0.1
60713        0.7
60714        0.6
60715        0.7
60716        0.7
60717        0.6
60718        1.0
60719        1.1
60720        1.0
60721        0.7
60722        0.9
60723        0.7
60724        0.5
60725        0.5
60726        0.5
60727        0.2
60728        0.2
60729        0.4
60730        0.6
60731        0.6
60732        0.9
60733        0.7
60734        1.0
60735        0.6
60736        0.4
60737        0.6
60738        1.1
60739        1.2
60740        1.6
60741        1.4
60742        1.2
60743        1.5
60744        1.8
60745        1.8
60746        2.0
60747        2.2
60748        2.1
60749        1.7
60750        1.6
60751        1.9
60752        1.7
60753        1.9
60754        1.9
60755        1.9
60756        1.4
60757        1.3
60758        1.0
60759        1.0
60760        1.0
60761        1.1
60762        1.1
60763        1.0
60764        1.2
60765        1.3
60766        1.2
60767        0.8
60768        0.7
60769        1.0
60770        0.6
60771        0.7
60772        0.8
60773        0.7
60774        0.7
60775        0.6
60776        1.0
60777        0.7
60778        1.0
60779        1.2
60780        0.9
60781        1.0
60782        0.8
60783        0.8
60784        0.8
60785        0.7
60786        0.2
60787        0.5
60788        0.2
60789       -0.1
60790       -0.1
60791       -0.1
60792        0.1
60793       -0.1
60794       -0.1
60795       -0.1
60796       -0.1
60797       -0.1
60798       -0.4
60799       -0.2
60800       -0.5
60801       -0.3
60802       -0.4
60803       -0.3
60804       -0.4
60805       -0.3
60806       -0.3
60807        0.0
60808        0.3
60809        0.3
60810        0.2
60811        0.2
60812        0.3
60813        0.1
60814       -0.2
60815       -0.1
60816        0.2
60817        0.6
60818        0.5
60819        0.3
60820        0.3
60821        0.6
60822        0.6
60823        0.6
60824        0.8
60825        0.7
60826        1.0
60827        1.0
60828       -0.0
60829       -0.0
60830        0.1
60831       -0.2
60832       -0.1
60833        0.3
60834        0.3
60835        0.6
60836        0.3
60837        0.1
60838       -0.1
60839        0.2
60840        0.5
60841        0.4
60842        0.7
60843        1.0
60844        1.1
60845        1.0
60846        0.9
60847        0.7
60848        0.9
60849        1.0
60850        1.1
60851        0.8
60852        0.7
60853        0.6
60854        0.3
60855        0.4
60856        0.3
60857        0.3
60858        0.1
60859       -0.4
60860       -0.4
60861       -0.6
60862       -0.3
60863       -0.2
60864        0.1
60865       -0.3
60866       -0.2
60867       -0.1
60868       -0.3
60869       -0.6
60870       -0.2
60871       -0.3
60872       -0.2
60873       -0.1
60874        0.0
60875       -0.2
60876        0.0
60877       -0.2
60878        0.1
60879       -0.3
60880       -0.1
60881       -0.4
60882        0.0
60883       -0.2
60884        0.2
60885        0.2
60886        0.4
60887        0.4
60888        0.5
60889        0.4
60890        0.5
60891        0.8
60892        0.6
60893        0.6
60894        0.7
60895        0.8
60896        0.9
60897        0.7
60898        0.7
60899        0.7
60900        0.7
60901        0.7
60902        0.5
60903        0.2
60904        0.4
60905        0.5
60906        0.0
60907       -0.0
60908        0.5
60909        0.3
60910        0.1
60911        0.1
60912       -0.0
60913       -0.1
60914       -0.2
60915       -0.2
60916        0.1
60917       -0.0
60918       -0.2
60919       -0.5
60920       -0.4
60921       -0.3
60922       -0.3
60923       -0.5
60924       -0.7
60925       -0.5
60926       -0.8
60927       -0.6
60928       -0.4
60929       -0.3
60930       -0.5
60931       -0.2
60932       -0.4
60933        0.0
60934       -0.2
60935        0.1
60936        0.0
60937        0.1
60938        0.1
60939        0.1
60940        0.1
60941        0.5
60942        0.3
60943        0.6
60944        0.5
60945        0.5
60946       -0.2
60947        0.2
60948       -0.2
60949        0.0
60950        0.1
60951       -0.1
60952       -0.3
60953       -0.2
60954       -0.3
60955       -0.6
60956       -0.5
60957       -0.9
60958       -1.1
60959       -0.7
60960       -0.4
60961       -0.1
60962       -0.1
60963       -0.2
60964       -0.2
60965        0.5
60966        0.1
60967        0.2
60968        0.1
60969       -0.2
60970       -0.2
60971        0.2
60972       -0.1
60973       -0.0
60974       -0.2
60975       -0.1
60976       -0.3
60977        0.1
60978       -0.3
60979        0.5
60980       -0.1
60981       -0.3
60982       -0.1
60983       -0.1
60984        0.0
60985        0.2
60986        0.3
60987        0.1
60988        0.1
60989        0.1
60990        0.2
60991       -0.1
60992        0.5
60993       -0.2
60994        0.2
60995        0.0
60996        0.2
60997       -0.3
60998       -0.2
60999        0.0
61000       -0.1
61001       -0.2
61002       -0.2
61003        0.2
61004       -0.2
61005       -0.2
61006        0.1
61007       -0.4
61008       -0.2
61009       -0.3
61010       -0.3
61011       -0.1
61012       -0.1
61013       -0.6
61014       -0.2
61015       -0.0
61016       -0.1
61017       -0.3
61018       -0.4
61019       -0.1
61020        0.4
61021       -0.3
61022       -0.1
61023        0.3
61024       -0.3
61025       -0.0
61026        0.0
61027       -0.1
61028       -0.2
61029       -0.0
61030       -0.2
61031       -0.3
61032       -0.0
61033        0.3
61034       -0.1
61035       -0.2
61036       -0.5
61037       -0.4
61038       -0.2
61039       -0.2
61040       -0.3
61041       -0.1
61042       -0.2
61043       -0.2
61044       -0.3
61045       -0.8
61046       -0.5
61047       -0.6
61048       -0.4
61049       -0.8
61050       -0.4
61051       -0.6
61052       -0.9
61053       -0.9
61054       -0.5
61055       -0.3
61056       -0.3
61057       -0.3
61058        0.0
61059        0.2
61060        0.0
61061       -0.1
61062        0.6
61063        0.6
61064        0.4
61065        0.0
61066        0.9
61067        0.9
61068        1.0
61069        0.9
61070        0.6
61071        0.8
61072        0.7
61073        0.9
61074        0.9
61075        1.0
61076        0.8
61077        1.1
61078        1.3
61079        0.9
61080        1.0
61081        1.2
61082        1.5
61083        1.9
61084        1.7
61085        1.4
61086        1.4
61087        1.7
61088        1.4
61089        1.4
61090        1.5
61091        1.2
61092        1.5
61093        1.4
61094        1.6
61095        1.6
61096        1.5
61097        1.7
61098        1.6
61099        1.2
61100        1.5
61101        1.8
61102        1.9
61103        2.4
61104        2.3
61105        2.5
61106        2.3
61107        2.5
61108        2.2
61109        2.1
61110        2.2
61111        2.5
61112        2.4
61113        2.4
61114        2.1
61115        2.0
61116        2.2
61117        1.8
61118        1.8
61119        1.9
61120        1.8
61121        1.9
61122        2.0
61123        1.6
61124        1.9
61125        1.7
61126        1.9
61127        1.8
61128        1.9
61129        1.8
61130        1.8
61131        1.9
61132        1.9
61133        2.0
61134        1.8
61135        1.9
61136        1.8
61137        1.7
61138        1.9
61139        1.7
61140        2.1
61141        2.1
61142        2.1
61143        2.4
61144        2.3
61145        2.5
61146        2.4
61147        2.0
61148        1.8
61149        1.8
61150        1.5
61151        1.7
61152        1.7
61153        1.8
61154        1.6
61155        1.4
61156        1.2
61157        1.0
61158        0.9
61159        1.0
61160        0.9
61161        0.9
61162        1.0
61163        1.0
61164        1.2
61165        1.2
61166        1.5
61167        1.5
61168        1.6
61169        1.8
61170        1.8
61171        1.9
61172        2.3
61173        2.5
61174        2.5
61175        2.4
61176        2.0
61177        1.9
61178        1.6
61179        1.7
61180        1.5
61181        1.5
61182        1.2
61183        1.2
61184        1.0
61185        0.9
61186        1.1
61187        0.9
61188        0.9
61189        0.7
61190        0.7
61191        0.7
61192        1.0
61193        1.0
61194        1.1
61195        1.3
61196        1.2
61197        1.1
61198        1.1
61199        1.0
61200        0.9
61201        1.2
61202        1.1
61203        1.2
61204        0.8
61205        1.1
61206        0.9
61207        1.2
61208        0.7
61209        0.9
61210        0.8
61211        0.8
61212        0.8
61213        0.9
61214        0.9
61215        1.2
61216        1.0
61217        1.2
61218        1.0
61219        1.0

# UTC remains available from the monthly Circular T at
# (http://www.bipm.org/en/bipm-services/timescales/time-ftp/Circular-T.html).
