# MJD  [UTCr-UTC(SL)]/ns
58273      -19.7
58274      -15.3
58275      -14.4
58276       -9.3
58277       -9.4
58278      -12.6
58279      -12.1
58280      -14.0
58281      -15.1
58282      -15.0
58283      -14.7
58284      -11.8
58285      -10.2
58286      -11.3
58287       -7.9
58288       -5.9
58289       -3.8
58290        0.4
58291        2.1
58292        2.9
58293        2.5
58294        2.9
58295        3.0
58296        0.8
58297       -0.6
58298        3.3
58299        5.0
58300        4.9
58301        2.8
58302        3.2
58303        5.5
58304        3.1
58305        6.7
58306        8.7
58307        9.2
58308       11.5
58309       14.1
58310       15.4
58311       18.9
58312       20.7
58313       23.2
58314       20.1
58315       24.0
58316       24.5
58317       26.3
58318       29.4
58319      -10.2
58320       -9.6
58321       -8.8
58322      -11.1
58323      -15.5
58324      -15.3
58325      -15.5
58326      -17.8
58327      -31.3
58328       18.2
58329    10301.7
58330     5449.4
58331      262.3
58332       41.5
58333       36.8
58334          -
58335          -
58343       10.2
58344        7.6
58345        7.0
58346        4.3
58347        3.2
58348        2.3
58349        1.5
58350        1.2
58351       -0.2
58352       -0.4
58353       -1.0
58354        0.1
58355       -1.4
58356       -1.7
58357       -0.8
58358       -2.5
58359       -4.4
58360       -2.7
58361       -1.8
58362       -3.4
58363       -3.8
58364       -6.0
58365       -7.8
58366       -9.4
58367       -9.1
58368       -7.5
58369      -11.2
58370      -15.8
58371      -18.7
58372      -16.5
58373      -18.2
58374      -17.7
58375      -17.2
58376      -16.6
58377      -18.4
58378      -19.6
58379      -20.0
58380      -23.3
58381      -27.8
58382      -25.1
58383      -26.7
58384      -27.5
58385      -27.9
58386      -26.7
58387      -27.8
58388      -14.8
58389      -15.8
58390      -15.1
58391      -19.4
58392      -20.2
58393      -23.0
58394      -24.4
58395      -25.5
58396      -26.9
58397      -27.7
58398      -27.8
58399      -30.9
58400      -34.5
58401      -35.7
58402      -43.2
58403      -46.7
58404      -49.9
58405      -48.5
58406      -48.3
58407      -49.5
58408      -50.0
58409      -52.2
58410      -50.5
58411      -50.3
58412      -49.2
58413      -49.4
58414      -45.1
58415      -45.5
58416      -47.7
58417      -47.3
58418      -47.8
58419      -49.4
58420      -47.7
58421      -45.7
58422      -44.1
58423      -47.5
58424      -47.2
58425      -50.7
58426          -
58427      -51.5
58428      -49.1
58429      -50.1
58430      -49.1
58431      -47.7
58432      -49.3
58433      -51.4
58434      -58.4
58435      -58.2
58436      -59.6
58437      -58.3
58438      -60.5
58439      -61.4
58440      -60.1
58441      -61.5
58442      -60.2
58443      -58.1
58444      -58.3
58445      -58.5
58446      -59.4
58447      -62.4
58448      -62.0
58449      -62.3
58450      -61.0
58451      -60.3
58452      -63.0
58453      -64.4
58454      -64.3
58455      -65.0
58456      -66.5
58457      -66.5
58458      -67.8
58459      -66.2
58460      -67.1
58461      -73.9
58462      -73.8
58463          -
58464       20.1
58465       19.6
58466       18.8
58467       20.2
58468       20.8
58469       24.1
58470       23.5
58471       23.1
58472       24.0
58473       23.8
58474       23.3
58475       22.1
58476          -
58477          -
58478       25.7
58479       27.1
58480       26.4
58481       27.4
58482       28.6
58483          -
58484          -
58485       27.3
58486       29.6
58487       28.9
58488       29.6
58489       31.0
58490       30.2
58491       31.7
58492       32.5
58493       32.3
58494       29.8
58495       32.2
58496       30.9
58497       30.6
58498       32.4
58499       32.5
58500       32.3
58501       32.5
58502       -7.8
58503       -8.4
58504       -9.2
58505       -8.6
58506      -11.3
58507      -10.4
58508       -8.4
58509       -9.4
58510      -10.7
58511       -8.8
58512      -11.1
58513      -43.2
58514          -
58515       83.7
58516       -3.5
58517       -7.7
58518      -13.1
58519      -13.4
58520      -13.7
58521      -15.8
58522      -17.0
58523      -16.9
58524      -18.7
58525      -16.5
58526      -15.4
58527      -10.3
58528      -12.0
58529      -11.5
58530      -13.5
58531      -14.3
58532      -15.0
58533      -14.1
58534      -13.7
58535      -13.7
58536      -10.9
58537      -10.2
58538      -10.6
58539       -9.9
58540       -7.8
58541       -8.2
58542        9.1
58543        9.1
58544        8.4
58545        7.8
58546        9.6
58547        7.7
58548        9.7
58549       10.0
58550       13.8
58551       12.6
58552       12.4
58553       16.1
58554       15.1
58555       15.9
58556       13.6
58557       13.1
58558       14.5
58559       15.7
58560       17.7
58561       18.4
58562       21.1
58563       20.9
58564       21.5
58565       23.6
58566       22.1
58567       23.2
58568       25.4
58569       26.1
58570       23.7
58571       27.3
58572       28.4
58573       24.7
58574       21.6
58575       19.4
58576       17.1
58577       18.3
58578       18.3
58579       20.4
58580       20.9
58581       19.7
58582       21.5
58583       18.9
58584       17.9
58585       18.9
58586       19.3
58587       18.3
58588       19.5
58589       21.2
58590          -
58591          -
58592          -
58593          -
58594          -
58595          -
58596       20.6
58597       22.5
58598       30.5
58599       29.0
58600       29.0
58601       31.0
58602       30.3
58603       34.0
58604       33.4
58605       31.0
58606       33.8
58607       35.0
58608       36.1
58609       34.3
58610       36.6
58611       33.7
58612       31.0
58613       31.5
58614       32.2
58615       33.7
58616       33.5
58617       31.4
58618       31.7
58619       29.7
58620       25.1
58621       25.4
58622       26.8
58623       26.5
58624       23.7
58625       25.9
58626       26.4
58627       27.1
58628       28.6
58629       30.4
58630       33.3
58631       34.3
58632       42.9
58633       43.4
58634       44.3
58635       45.7
58636       44.6
58637       44.1
58638      100.6
58639      104.3
58640      109.5
58641      107.9
58642      107.4
58643      109.0
58644      107.2
58645          -
58646          -
58647          -
58648          -
58649          -
58650          -
58658          -
58659          -
58660          -
58661          -
58662          -
58663          -
58664          -
58665          -
58666          -
58667          -
58668          -
58669          -
58670          -
58671          -
58672          -
58673          -
58674          -
58675      112.8
58676      109.0
58677      111.4
58678      110.6
58679      110.5
58680          -
58681          -
58682          -
58683          -
58684          -
58685          -
58693          -
58694          -
58695      108.5
58696      112.5
58697      114.4
58698      116.8
58699      116.6
58700      117.7
58701      117.4
58702      116.5
58703      117.2
58704      117.8
58705      115.4
58706      114.6
58707      111.5
58708      110.5
58709      111.1
58710      111.7
58711      111.5
58712      111.9
58713      113.1
58714      112.7
58715      111.6
58716      113.4
58717      110.7
58718          -
58719          -
58720          -
58721          -
58722          -
58723          -
58724          -
58725          -
58726          -
58727          -
58728          -
58729          -
58730          -
58731          -
58732          -
58733          -
58734          -
58770          -
58771          -
58772          -
58773      136.9
58774      136.2
58775      136.4
58776          -
58784          -
58785          -
58786      140.4
58787      140.5
58788      143.8
58789      144.8
58790      144.7
58791      146.9
58792      145.9
58793      144.5
58794      141.1
58795      142.1
58796      140.9
58797      141.6
58798      142.0
58799      141.6
58800      137.8
58801      136.6
58802      135.3
58803      138.5
58804      139.4
58805      133.5
58806      131.7
58807      130.5
58808      130.3
58809      130.0
58810          -
58811          -
58812          -
58813          -
58814          -
58815          -
58816          -
58817          -
58818      127.7
58819      129.5
58820      129.2
58821      126.2
58822      127.0
58823      128.8
58824      126.2
58825      124.9
58826      125.4
58827      123.6
58828      120.7
58829      122.5
58830      120.6
58831      121.2
58832      123.5
58833      126.0
58834      123.5
58835      122.6
58836      123.0
58837      122.6
58838      122.0
58839      119.3
58840      116.0
58841      109.6
58842      108.2
58843      108.0
58844      106.5
58845      106.9
58846      107.8
58847      108.1
58848      107.2
58849      107.1
58850      106.1
58851      104.2
58852      105.3
58853      105.8
58854      107.7
58855      103.5
58856      104.8
58857      103.9
58858      101.0
58859       98.5
58860       94.3
58861       94.6
58862       93.2
58863       92.6
58864       95.9
58865       99.9
58866       97.1
58867       99.4
58868       99.1
58869       96.9
58870       94.2
58871       94.1
58872       93.1
58873       91.0
58874       91.6
58875       90.3
58876       90.6
58877       91.0
58878       89.7
58879       88.5
58880       91.4
58881       90.7
58882       93.3
58883       94.2
58884       93.5
58885       92.6
58886       90.9
58887       88.4
58888       87.2
58889       90.0
58890       90.2
58891       87.9
58892       85.1
58893       86.6
58894       88.8
58895       90.3
58896       91.5
58897       89.0
58898       87.8
58899       90.0
58900       95.0
58901       95.1
58902      101.6
58903      102.6
58904      101.0
58905      102.4
58906      102.0
58907      102.9
58908      101.9
58909      100.6
58910      103.5
58911      103.2
58912      105.0
58913      102.9
58914      103.9
58915          -
58916          -
58931          -
58932          -
58933          -
58934          -
58935          -
58936          -
58937          -
58938          -
58939          -
58940          -
58941          -
58942          -
58943          -
58944          -
58973          -
58974          -
58975          -
58976          -
58977          -
58978          -
58979      133.5
58980      134.9
58981      135.5
58982      140.4
58983      139.3
58984      139.7
58985      139.1
58986      139.1
58987      139.8
58988      140.1
58989      140.3
58990      141.9
58991      143.0
58992      145.2
58993      149.6
58994      151.2
58995      154.8
58996      156.4
58997      158.5
58998      155.5
58999      152.9
59000      151.5
59001      153.2
59002      150.3
59003      151.1
59004      148.1
59005      145.7
59006      142.4
59007      138.7
59008      138.1
59009      136.1
59010      135.1
59011      132.9
59012      133.2
59013      132.0
59014      129.8
59015      129.6
59016      128.2
59017      126.3
59018      126.2
59019      126.7
59020      127.6
59021      128.3
59022      131.3
59023      130.7
59024      132.7
59025      128.9
59026      128.3
59027      131.1
59028      129.5
59029      130.4
59030      129.7
59031      132.2
59032      131.4
59033      131.3
59034      130.1
59035      128.3
59036      126.5
59037      124.4
59038      126.6
59039      127.2
59040      127.5
59041      126.6
59042      128.3
59043      124.5
59044      123.9
59045      124.9
59046      124.9
59047      124.2
59048      122.3
59049      123.0
59050      123.1
59051      120.9
59052      121.0
59053      121.7
59054      120.5
59055      122.2
59056      118.9
59057      117.4
59058      118.3
59059      116.2
59060      114.0
59061      114.2
59062      113.3
59063      111.5
59064      110.9
59065      108.5
59066      107.7
59067      109.0
59068      110.1
59069      113.9
59070      113.8
59071      110.9
59072      108.9
59073      106.6
59074      110.4
59075      111.1
59076      109.4
59077      105.6
59078      103.2
59079          -
59080          -
59081          -
59082          -
59083          -
59084          -
59085          -
59086          -
59087          -
59088          -
59089          -
59090          -
59091          -
59092          -
59093          -
59094          -
59095          -
59096          -
59097       67.5
59098       70.6
59099       69.2
59100       70.7
59101       70.2
59102       65.2
59103       64.9
59104       62.9
59105     -195.0
59106       69.1
59107          -
59108          -
59109       90.2
59110       90.5
59111       89.3
59112       90.2
59113       91.8
59114       92.7
59115       88.4
59116       87.9
59117       87.6
59118       85.9
59119       87.6
59120       89.7
59121       85.0
59122       88.5
59123          -
59124          -
59125          -
59126          -
59127          -
59128          -
59129          -
59130          -
59131      261.0
59132      260.2
59133      257.6
59134      256.0
59135      254.8
59136          -
59137          -
59138          -
59139      255.8
59140      256.3
59141      257.6
59142      257.1
59143      255.8
59144      258.7
59145      256.8
59146      257.6
59147      255.5
59148      256.3
59149      258.4
59150      262.7
59151      259.6
59152      262.7
59153      263.9
59154      263.9
59155      268.6
59156      266.9
59157          -
59158          -
59159          -
59160          -
59161          -
59162          -
59163          -
59164          -
59165       69.2
59166       69.8
59167       69.4
59168       70.8
59169       69.9
59170       71.1
59171       70.8
59172       69.0
59173       66.6
59174          -
59175          -
59176          -
59177          -
59178          -
59179          -
59180          -
59181          -
59182          -
59183          -
59184          -
59185          -
59186       81.9
59187       82.9
59188       81.7
59189       84.8
59190       82.8
59191       80.9
59192       82.9
59193       82.5
59194       81.2
59195       79.4
59196       76.1
59197       77.8
59198       75.8
59199       76.4
59200       78.4
59201       76.5
59202       75.5
59203       77.4
59204       75.6
59205       75.3
59206       77.6
59207       76.6
59208       74.2
59209       75.5
59210       74.2
59211       71.5
59212       73.1
59213       75.6
59214       74.0
59215       76.7
59216       78.7
59217       77.1
59218       75.6
59219       79.3
59220       79.4
59221       77.6
59222       75.7
59223       72.0
59224       71.9
59225       73.5
59226       70.0
59227       67.1
59228       64.1
59229       62.9
59230       65.2
59231       67.1
59232       68.3
59233       67.1
59234       66.2
59235       64.5
59236       64.7
59237       65.9
59238       71.1
59239       72.5
59240       72.9
59241       70.6
59242       74.2
59243          -
59244          -
59245          -
59246          -
59247          -
59248          -
59249          -
59250          -
59251          -
59252          -
59260          -
59261          -
59262          -
59263          -
59264       66.3
59265       65.9
59266       64.9
59267       63.8
59268       62.7
59269       60.9
59270       59.4
59271       60.3
59272       63.0
59273       63.2
59274       61.1
59275       59.9
59276       58.0
59277       59.7
59278       55.1
59279       56.3
59280       55.6
59281       57.3
59282       59.0
59283       57.4
59284       56.9
59285       56.7
59286       59.8
59287       57.1
59288       53.3
59289       51.0
59290       49.9
59291       53.2
59292       49.7
59293       46.7
59294       45.7
59295       45.3
59296       44.0
59297       44.8
59298       44.3
59299       44.0
59300       42.4
59301       42.8
59302       43.8
59303       40.5
59304          -
59305          -
59306       36.9
59307       38.0
59308       37.6
59309       35.9
59310       36.9
59311       39.7
59312       38.6
59313       34.1
59314       35.6
59315       39.3
59316       40.1
59317       40.8
59318       44.1
59319       43.8
59320       46.0
59321       45.4
59322       44.3
59323       44.5
59324       40.2
59325       41.8
59326       41.9
59327       43.8
59328       40.2
59329       40.6
59330       41.4
59331       41.6
59332       42.2
59333       40.3
59334       40.2
59335       44.5
59336       45.2
59337       44.1
59338       45.9
59339       46.2
59340       45.8
59341       46.4
59342       48.7
59343       51.0
59344       48.1
59345       46.0
59346       45.9
59347       48.9
59348       52.3
59349       53.6
59350       51.9
59351       50.6
59352       51.8
59353       52.3
59354       53.1
59355       52.0
59356       48.5
59357       49.8
59358       48.7
59359       51.8
59360       50.9
59361       51.2
59362       53.0
59363       54.5
59364       53.5
59365       52.2
59366       54.5
59367       52.9
59368       54.7
59369       52.8
59370       50.7
59371       52.0
59372       54.4
59373       54.1
59374       54.9
59375       52.2
59376       53.8
59377       53.2
59378       57.4
59379       60.6
59380       60.0
59381       62.0
59382       60.4
59383       61.8
59384       61.2
59385       58.7
59386       58.5
59387       53.6
59388       53.8
59389       54.7
59390       53.8
59391       53.4
59392       51.6
59393       47.3
59394       52.0
59395       52.6
59396       53.2
59397       48.2
59398       44.5
59399       44.6
59400       45.9
59401       44.4
59402       44.0
59403       44.6
59404       43.0
59405       42.2
59406       43.9
59407       43.3
59408       42.4
59409       47.9
59410       49.3
59411       46.1
59412       45.1
59413       47.1
59414       47.6
59415       47.4
59416       45.0
59417       45.0
59418       48.0
59419       48.9
59420       49.6
59421       48.0
59422       46.2
59423       46.1
59424       45.2
59425       42.3
59426       43.5
59427       43.9
59428       43.2
59429       45.6
59430       45.4
59431       43.3
59432       42.2
59433       43.5
59434       42.0
59435       42.0
59436       40.1
59437       38.3
59438       37.7
59439       39.7
59440       40.5
59441       41.2
59442       43.8
59443       45.8
59444       44.9
59445       47.7
59446       48.6
59447       50.0
59448       49.2
59449       46.0
59450       46.9
59451       49.5
59452       47.7
59453       45.3
59454       42.4
59455       42.4
59456       39.0
59457       34.6
59458       33.2
59459       33.1
59460       34.1
59461       31.5
59462       32.8
59463       35.5
59464       37.2
59465       39.2
59466       39.3
59467       40.0
59468       39.9
59469       38.0
59470       34.4
59471       35.2
59472       34.1
59473       30.3
59474       32.2
59475       30.2
59476       28.4
59477       28.8
59478       27.3
59479       29.5
59480       25.2
59481       27.2
59482       24.1
59483       26.0
59484       24.4
59485       20.8
59486       19.9
59487       20.8
59488       19.8
59489       21.3
59490       19.9
59491       18.9
59492       18.4
59493       20.1
59494       21.2
59495       20.9
59496       21.8
59497       21.4
59498       20.0
59499       19.7
59500       18.6
59501       22.0
59502       22.2
59503       21.2
59504       21.9
59505       18.0
59506       15.7
59507       16.1
59508       15.5
59509       16.1
59510       15.7
59511       17.7
59512       16.4
59513       14.7
59514       13.5
59515       12.9
59516       13.0
59517       11.3
59518       11.3
59519        8.9
59520        7.9
59521        8.0
59522          -
59523          -
59524          -
59525          -
59540          -
59541          -
59542       19.0
59543       21.4
59544       22.4
59545       20.9
59546       22.9
59547       20.3
59548       20.5
59549       22.2
59550       19.0
59551       19.2
59552       20.6
59553       22.0
59554       23.1
59555       22.4
59556       25.6
59557       23.3
59558       26.5
59559       24.9
59560       25.6
59561       27.6
59562       26.4
59563       26.1
59564       25.0
59565       23.8
59566          -
59567          -
59568          -
59569          -
59570          -
59571          -
59572          -
59573          -
59574          -
59575          -
59576          -
59577          -
59578          -
59579          -
59580          -
59581          -
59582          -
59583          -
59584          -
59585          -
59586       68.5
59587       71.1
59588       74.3
59589       75.4
59590       75.3
59591       77.3
59592       76.3
59593       75.3
59594       76.1
59595       74.1
59596       76.8
59597       76.4
59598       78.9
59599       83.8
59600       82.5
59601       82.5
59602       84.9
59603       86.2
59604       87.1
59605       88.6
59606       87.3
59607       86.7
59608       89.3
59609       88.3
59610       87.5
59611       85.7
59612       87.8
59613       87.6
59614       85.0
59615       82.2
59616       82.8
59617       82.2
59618       85.6
59619       83.1
59620       81.0
59621       80.7
59622       77.8
59623       79.1
59624       79.3
59625       77.7
59626       79.8
59627       81.0
59628       81.8
59629       83.9
59630       82.7
59631       80.3
59632       75.1
59633       73.0
59634       74.3
59635       71.6
59636       71.8
59637       73.3
59638       73.6
59639       74.6
59640       72.5
59641       69.6
59642       69.7
59643       69.3
59644       67.4
59645       66.0
59646       63.6
59647       65.3
59648       66.1
59649       64.0
59650       63.0
59651       64.4
59652       64.1
59653       65.0
59654       68.0
59655       70.7
59656       69.4
59657       71.0
59658       73.1
59659       72.6
59660       72.4
59661       70.9
59662       71.4
59663       68.6
59664       69.6
59665       68.8
59666       68.3
59667       68.8
59668       71.6
59669       74.2
59670       75.8
59671       71.9
59672       71.4
59673       68.8
59674       66.4
59675       63.3
59676       66.4
59677       67.0
59678       63.9
59679       66.4
59680       64.7
59681       65.1
59682       64.8
59683       65.8
59684       71.1
59685       73.6
59686       71.8
59687       69.9
59688       72.0
59689       73.7
59690       77.5
59691       76.4
59692       76.6
59693       77.8
59694       78.0
59695       75.8
59696       72.7
59697       73.3
59698       74.7
59699       75.1
59700       73.2
59701       73.4
59702       74.4
59703       73.2
59704       72.5
59705       73.6
59706       74.8
59707       76.4
59708       75.4
59709       73.7
59710       74.8
59711       75.4
59712       74.2
59713       75.8
59714       78.5
59715       76.2
59716       75.3
59717       75.3
59718       75.0
59719       75.4
59720       81.3
59721       79.8
59722       75.5
59723       76.0
59724       76.8
59725          -
59726          -
59727          -
59728          -
59729          -
59730          -
59731          -
59732          -
59733       69.6
59734       69.5
59735       65.6
59736       67.2
59737       70.3
59738       75.9
59739       78.6
59740       74.9
59741       73.8
59742       75.5
59743       79.3
59744       77.2
59745       75.6
59746       74.5
59747          -
59748          -
59749       70.1
59750       67.2
59751       68.4
59752       68.2
59753       69.5
59754       69.0
59755       70.0
59756       68.4
59757       70.8
59758       75.0
59759       75.0
59760       77.6
59761       80.1
59762       80.7
59763       82.1
59764       81.7
59765       77.8
59766       74.3
59767       70.4
59768       72.0
59769       69.0
59770       63.8
59771       65.7
59772       64.4
59773       64.5
59774       65.1
59775       64.0
59776       40.8
59777    -3888.3
59778          -
59779       80.8
59780          -
59781       56.6
59782          -
59783          -
59784          -
59785          -
59786          -
59787          -
59788          -
59789          -
59790          -
59791          -
59792          -
59793          -
59794          -
59795          -
59796          -
59797          -
59798          -
59834          -
59835          -
59836       65.5
59837       63.0
59838       67.8
59839       67.8
59840       65.5
59841       68.4
59842       73.2
59843       74.9
59844       74.6
59845       70.4
59846       73.6
59847       73.3
59848       74.6
59849       73.4
59850       75.5
59851       78.2
59852       77.3
59853       76.5
59854       75.4
59855       73.8
59856       76.7
59857       79.2
59858       81.3
59859       81.9
59860       85.9
59861       83.8
59876          -
59877          -
59878          -
59879          -
59880          -
59881          -
59882          -
59883          -
59884          -
59885          -
59886          -
59887          -
59888          -
59889          -
59904          -
59905    -1499.4
59906    -4356.8
59907          -
59908       74.2
59909       35.9
59910       -7.4
59911      -54.4
59912      -12.9
59913     -156.2
59914     -560.6
59915    -1221.9
59916    -2091.8
59917    -3236.3
59918    -4632.5
59919    -6194.8
59920    -7921.9
59921          -
59922          -
59923          -
59924   -16228.8
59939          -
59940          -
59941          -
59942          -
59943          -
59944          -
59945          -
59946          -
59947          -
59948          -
59949          -
59950          -
59951          -
59952          -

# UTC remains available from the monthly Circular T at
# (http://www.bipm.org/en/bipm-services/timescales/time-ftp/Circular-T.html).
