# MJD  [UTCr-UTC(VMI)]/ns
58322       16.8
58323       21.0
58324       23.0
58325       26.8
58326       29.5
58327       26.3
58328       26.8
58329       26.2
58330       20.3
58331        9.8
58332        0.0
58333       -6.9
58334      -14.3
58335      -20.3
58336      -29.7
58337      -25.6
58338      -28.9
58339      -29.0
58340      -22.6
58341      -16.0
58342      -15.8
58343       -9.1
58344      -14.9
58345      -19.9
58346      -23.3
58347      -24.4
58348      -23.1
58349      -20.2
58350      -18.5
58351      -19.4
58352      -15.9
58353      -12.1
58354      -10.5
58355       -6.4
58356       -2.1
58357        1.2
58358       -0.7
58359       -0.9
58360       -1.2
58361       -1.2
58362       -0.9
58363       -2.8
58364       -8.4
58365      -10.0
58366      -11.5
58367      -15.5
58368      -16.9
58369      -22.9
58370      -24.3
58371      -27.9
58372      -23.5
58373      -25.6
58374      -22.1
58375      -23.2
58376      -21.4
58377      -21.7
58378      -22.0
58379      -24.2
58380      -21.9
58381      -21.0
58382      -20.9
58383      -22.5
58384      -25.3
58385      -21.1
58386      -19.8
58387      -23.2
58388      -19.8
58389      -21.8
58390      -21.9
58391      -21.9
58392      -22.3
58393      -22.0
58394      -22.3
58395      -19.5
58396      -16.4
58397      -15.5
58398      -14.7
58399      -13.3
58400       -8.6
58401      -11.3
58402       -9.7
58403      -10.3
58404       -8.9
58405      -11.9
58406       -9.4
58407       -8.6
58408       -7.4
58409       -7.8
58410       -8.1
58411      -10.1
58412       -8.1
58413       -4.6
58414       -2.6
58415       -1.9
58416       -1.8
58417       -1.7
58418       -4.4
58419       -5.4
58420       -5.9
58421       -8.0
58422       -5.7
58423       -7.5
58424       -8.5
58425       -9.7
58426       -8.0
58427       -9.5
58428       -8.0
58429      -11.1
58430      -10.8
58431      -12.4
58432      -13.7
58433      -11.8
58434       -9.7
58435       -7.6
58436       -8.3
58437       -9.7
58438      -10.6
58439      -12.2
58440      -14.1
58441      -11.3
58442       -8.5
58443       -9.5
58444      -11.0
58445      -10.2
58446       -8.7
58447      -10.0
58448       -7.4
58449       -8.6
58450       -8.1
58451       -7.4
58452       -5.2
58453       -6.8
58454       -6.1
58455       -5.0
58456       -5.4
58457       -8.5
58458       -9.7
58459       -9.9
58460      -12.0
58461       -9.2
58462       -9.2
58463      -10.8
58464       -9.0
58465      -10.0
58466      -11.8
58467      -16.6
58468      -17.8
58469      -17.7
58470      -15.4
58471      -12.5
58472      -16.3
58473      -14.4
58474      -17.0
58475      -13.4
58476      -10.5
58477       -9.7
58478       -9.8
58479       -7.1
58480       -7.4
58481       -7.1
58482       -7.1
58483       -6.1
58484       -7.4
58485       -6.5
58486       -7.2
58487       -9.1
58488       -7.1
58489       -5.3
58490       -5.6
58491       -1.9
58492       -0.3
58493        4.0
58494        2.8
58495        5.3
58496        6.8
58497        9.5
58498       11.2
58499       12.1
58500       12.4
58501       11.8
58502       10.4
58503        5.2
58504        3.8
58505       -1.7
58506       -6.6
58507      -10.2
58508      -12.3
58509      -15.2
58510      -17.1
58511      -16.7
58512      -16.9
58513      -19.4
58514      -17.8
58515      -18.6
58516      -16.8
58517      -14.9
58518      -18.0
58519      -14.5
58520      -14.1
58521      -11.2
58522      -10.4
58523       -9.4
58524       -6.0
58525       -7.2
58526       -9.1
58527       -7.3
58528       -7.7
58529       -9.4
58530      -10.0
58531      -11.3
58532       -8.7
58533      -11.4
58534      -10.1
58535       -8.2
58536       -7.1
58537       -6.9
58538       -5.5
58539       -5.7
58540       -2.9
58541       -1.8
58542       -0.4
58543        0.5
58544       -0.9
58545        2.0
58546        1.1
58547        4.0
58548        6.6
58549        5.3
58550        5.1
58551        3.2
58552        3.9
58553        3.5
58554        5.8
58555        4.1
58556        4.3
58557        5.9
58558        3.1
58559        3.3
58560        0.5
58561       -3.2
58562       -1.9
58563       -1.5
58564       -2.3
58565       -2.4
58566       -4.3
58567       -4.0
58568       -6.6
58569       -8.0
58570       -8.4
58571       -5.3
58572      -10.6
58573      -10.0
58574      -11.4
58575      -12.5
58576      -13.0
58577      -15.0
58578      -14.5
58579      -16.5
58580      -18.2
58581      -16.1
58582      -15.6
58583      -14.2
58584      -14.5
58585      -14.0
58586      -13.4
58587      -11.2
58588       -8.5
58589       -6.0
58590       -1.2
58591        1.1
58592        1.6
58593        3.1
58594        3.2
58595        6.0
58596        7.0
58597       13.0
58598       13.1
58599       10.5
58600        9.5
58601        8.4
58602        6.7
58603        1.1
58604       -3.6
58605       -7.5
58606      -10.4
58607      -11.1
58608      -10.5
58609      -11.4
58610      -12.0
58611      -12.3
58612       -8.9
58613      -12.5
58614      -13.2
58615       -8.8
58616       -6.9
58617       -9.4
58618       -7.5
58619       -4.1
58620       -1.6
58621        0.0
58622        2.6
58623        1.2
58624       -1.3
58625       -5.4
58626       -7.6
58627       -9.1
58628      -10.4
58629      -11.3
58630      -12.3
58631      -14.7
58632      -13.7
58633      -13.7
58634      -13.6
58635      -13.0
58636      -12.5
58637      -13.3
58638      -13.4
58639      -11.8
58640      -11.6
58641      -10.9
58642       -9.9
58643       -5.7
58644       -5.4
58645       -7.4
58646       -8.6
58647       -6.3
58648       -6.1
58649       -3.8
58650       -3.4
58651       -2.9
58652       -0.4
58653       -2.4
58654       -3.3
58655       -3.9
58656        0.1
58657       -0.1
58658        0.4
58659        0.7
58660        0.8
58661        1.9
58662        1.0
58663        3.8
58664        1.6
58665       -0.9
58666       -1.7
58667       -4.2
58668       -8.1
58669       -7.5
58670       -8.5
58671      -10.4
58672      -12.5
58673      -13.3
58674      -14.4
58675      -13.2
58676      -10.4
58677       -6.5
58678       -5.9
58679       -5.3
58680       -3.9
58681       -4.9
58682          -
58683          -
58684          -
58685          -
58686       -1.1
58687       -1.0
58688       -0.1
58689        3.7
58690        7.9
58691        9.1
58692       10.1
58693       10.4
58694        9.9
58695       10.8
58696       12.5
58697       14.7
58698       14.4
58699       15.8
58700       17.9
58701       14.6
58702       11.9
58703        9.4
58704        7.7
58705        3.1
58706       -1.9
58707       -4.3
58708       -6.0
58709       -5.2
58710       -8.6
58711       -9.0
58712      -12.3
58713      -11.9
58714      -12.3
58715      -10.9
58716      -11.4
58717      -12.2
58718       -8.9
58719       -6.4
58720       -4.8
58721       -3.1
58722       -3.8
58723       -7.2
58724       -6.4
58725       -7.5
58726       -7.1
58727       -9.9
58728      -10.1
58729       -6.6
58730       -6.2
58731       -6.4
58732       -4.0
58733       -3.6
58734       -3.5
58735       -1.6
58736       -3.4
58737       -4.2
58738       -3.5
58739       -7.7
58740       -8.9
58741       -8.4
58742       -9.3
58743      -11.0
58744      -11.4
58745       -8.1
58746       -8.1
58747       -5.4
58748       -7.9
58749       -1.8
58750       -3.2
58751       -4.8
58752       -5.0
58753      -10.1
58754      -10.8
58755      -15.0
58756      -16.6
58757      -15.6
58758      -14.6
58759      -14.4
58760      -11.1
58761       -9.8
58762       -8.0
58763       -3.2
58764       -5.5
58765       -7.1
58766       -7.8
58767       -6.1
58768       -8.8
58769      -10.6
58770      -10.4
58771      -11.8
58772      -12.6
58773      -14.8
58774      -17.5
58775      -17.6
58776      -18.7
58777      -20.0
58778      -20.4
58779      -21.5
58780      -22.9
58781      -25.5
58782      -26.2
58783      -27.0
58784      -28.8
58785      -27.2
58786      -23.5
58787      -22.3
58788      -24.2
58789      -26.9
58790      -26.2
58791      -23.2
58792      -21.5
58793      -18.4
58794      -17.6
58795      -16.6
58796      -14.3
58797      -12.8
58798      -12.1
58799      -12.2
58800      -13.1
58801      -15.7
58802      -18.2
58803      -17.0
58804      -18.7
58805      -16.7
58806      -15.9
58807      -12.4
58808      -13.7
58809      -16.7
58810      -14.2
58811      -13.1
58812      -14.6
58813      -16.3
58814      -18.5
58815      -16.1
58816      -14.3
58817      -16.6
58818      -13.9
58819      -12.2
58820      -11.3
58821      -10.8
58822       -9.9
58823       -9.3
58824       -8.3
58825       -9.8
58826      -10.3
58827       -7.8
58828       -5.2
58829       -5.2
58830       -2.7
58831       -4.5
58832       -3.3
58833       -6.6
58834       -5.8
58835       -6.1
58836       -7.0
58837       -4.1
58838       -1.3
58839          -
58840          -
58841        7.7
58842        7.6
58843       37.1
58844        3.8
58845        8.1
58846        9.0
58847        7.5
58848       12.1
58849       11.6
58850       11.8
58851        3.9
58852        6.6
58853        6.4
58854       11.5
58855       12.0
58856       13.9
58857       10.8
58858        8.3
58859      154.6
58860      150.2
58861      147.5
58862       48.3
58863       49.3
58864       48.8
58865       42.8
58866       41.1
58867       42.7
58868       48.4
58869       48.1
58870       40.2
58871       40.9
58872       40.5
58873       35.2
58874       31.5
58875       29.8
58876       30.3
58877       27.4
58878       24.4
58879       22.8
58880       17.0
58881       17.6
58882       15.8
58883        6.3
58884        4.4
58885        4.5
58886        2.4
58887        2.6
58888       -0.3
58889       -5.2
58890      -46.0
58891      -50.0
58892      -51.1
58893      -50.1
58894      -48.7
58895      -51.4
58896      -45.1
58897      -40.6
58898      -32.2
58899      -29.6
58900          -
58901       11.6
58902          -
58903          -
58904          -
58905       32.0
58906       35.6
58907       41.2
58908       44.3
58909       42.9
58910       44.6
58911       44.3
58912       43.1
58913       43.9
58914       44.7
58915       45.0
58916       46.2
58917       44.0
58918       42.1
58919       43.2
58920       45.4
58921       43.6
58922       39.4
58923       36.1
58924       32.6
58925       29.1
58926       23.1
58927       21.5
58928       18.7
58929       20.0
58930       23.1
58931       23.5
58932       21.5
58933       21.7
58934       20.2
58935       19.0
58936       14.0
58937       13.1
58938       11.8
58939        8.7
58940        8.9
58941        7.5
58942        4.6
58943        0.6
58944       -1.9
58945       -4.2
58946      -52.1
58947      -52.9
58948      -53.9
58949      -60.0
58950      -60.0
58951      -64.5
58952      -63.4
58953      -62.7
58954      -65.0
58955      -69.2
58956      -67.4
58957      -66.6
58958      -66.7
58959      -64.7
58960      -62.9
58961      -63.4
58962      -63.6
58963      -62.5
58964      -64.2
58965      -62.2
58966      -60.9
58967      -56.7
58968      -53.5
58969      -50.2
58970      -47.3
58971      -42.8
58972      -40.3
58973      -39.1
58974      -34.4
58975      -31.8
58976      -29.1
58977      -25.9
58978      -24.4
58979      -19.1
58980      -16.2
58981      -11.1
58982      -10.1
58983       -7.4
58984       -5.8
58985       -0.9
58986       -2.1
58987       -1.0
58988       -1.2
58989        1.8
58990        4.4
58991        2.8
58992        2.7
58993        4.1
58994        2.1
58995        2.8
58996       -0.1
58997       -1.8
58998       -3.1
58999       -5.7
59000       -8.9
59001       -7.7
59002       -5.6
59003       -6.0
59004       -6.7
59005       -8.8
59006       -8.1
59007       -7.2
59008       -3.8
59009       -3.5
59010       -3.4
59011       -3.3
59012       -1.1
59013       -0.2
59014        1.7
59015       -4.1
59016       -2.5
59017       -4.0
59018       -3.8
59019       -1.9
59020       -1.1
59021       -3.1
59022       -1.0
59023       -1.6
59024       -2.6
59025        2.6
59026        4.4
59027        6.9
59028        7.3
59029        6.2
59030        5.8
59031        5.1
59032        3.5
59033        3.0
59034        4.9
59035        2.8
59036        2.5
59037        0.1
59038       -2.5
59039       -4.7
59040       -5.7
59041       -3.3
59042       -5.7
59043       -4.8
59044       -5.4
59045       -9.4
59046       -9.0
59047      -10.4
59048      -13.0
59049      -14.6
59050      -14.9
59051      -15.0
59052      -13.0
59053      -12.4
59054      -11.5
59055      -10.3
59056       -9.0
59057       -7.5
59058       -4.7
59059       -2.7
59060       -1.3
59061        0.2
59062        1.6
59063        3.2
59064        0.3
59065        0.1
59066       -1.4
59067       -0.7
59068       -1.3
59069       -2.1
59070       -2.5
59071       -2.6
59072       -3.3
59073       -3.6
59074       -2.9
59075       -4.8
59076       -2.6
59077       -3.0
59078       -5.5
59079       -3.2
59080       -3.6
59081       -2.4
59082       -0.9
59083        0.0
59084        0.5
59085       -2.8
59086       -2.4
59087       -1.4
59088       -4.8
59089       -7.1
59090       -7.8
59091       -5.6
59092       -6.8
59093       -4.9
59094       -2.4
59095       -1.5
59096       -0.8
59097       -1.8
59098       -0.4
59099       -2.6
59100       -1.7
59101       -1.2
59102        0.4
59103       -0.2
59104       -1.3
59105       -1.4
59106        2.2
59107        1.8
59108       -0.6
59109       -3.2
59110       -6.1
59111       -7.7
59112       -8.3
59113      -10.9
59114      -11.8
59115      -11.6
59116      -10.7
59117      -11.9
59118       -9.0
59119       -8.0
59120          -
59121          -
59122          -
59123        0.5
59124       -0.5
59125       -2.5
59126        0.4
59127        3.8
59128        6.8
59129        9.5
59130        8.4
59131        7.6
59132       10.4
59133       11.9
59134        9.7
59135       11.2
59136       10.8
59137       10.0
59138        6.0
59139        4.1
59140       -1.4
59141       -0.7
59142       -3.7
59143       -0.8
59144        0.8
59145       -1.1
59146        2.1
59147        3.4
59148        1.5
59149       -2.9
59150       -5.1
59151       -2.5
59152       -4.1
59153       -5.1
59154       -7.3
59155       -5.5
59156       -7.5
59157       -8.3
59158      -10.4
59159       -9.3
59160      -11.6
59161      -11.1
59162      -10.6
59163      -13.1
59164      -11.2
59165       -9.8
59166       -7.3
59167       -4.0
59168       -2.2
59169        2.6
59170        1.9
59171        1.6
59172        3.5
59173        3.3
59174        1.9
59175        2.1
59176        2.2
59177        1.7
59178        1.6
59179       -0.4
59180        0.2
59181       -0.3
59182       -0.3
59183        0.5
59184        0.7
59185        2.1
59186        3.3
59187        4.3
59188        2.8
59189        2.6
59190        2.2
59191        3.5
59192        7.2
59193        8.9
59194        8.1
59195        6.9
59196        8.0
59197        9.2
59198        8.7
59199        4.4
59200        1.7
59201       -2.8
59202       -6.2
59203      -10.4
59204      -13.1
59205      -15.2
59206      -16.5
59207      -17.7
59208      -17.6
59209      -17.4
59210      -18.0
59211      -14.4
59212      -16.7
59213      -16.7
59214      -17.6
59215      -18.8
59216      -21.9
59217      -23.8
59218      -25.1
59219      -24.0
59220      -26.1
59221      -28.0
59222      -30.2
59223      -29.7
59224      -25.8
59225      -25.9
59226      -26.6
59227      -26.1
59228      -24.1
59229      -20.8
59230      -20.8
59231      -18.0
59232      -13.9
59233       -7.8
59234       -3.0
59235        0.1
59236        1.5
59237        4.8
59238        7.9
59239       10.7
59240       13.9
59241       13.4
59242       15.0
59243       14.0
59244       14.7
59245       14.3
59246       15.6
59247       15.7
59248       12.9
59249       15.8
59250       15.2
59251       13.7
59252       12.3
59253       10.9
59254       12.0
59255       10.4
59256        9.3
59257        7.5
59258        7.6
59259        7.3
59260        5.4
59261        4.3
59262        0.8
59263        0.1
59264        0.9
59265        4.7
59266        7.7
59267       10.6
59268       12.4
59269       12.5
59270       12.7
59271       12.9
59272       12.9
59273       13.0
59274        8.6
59275        6.1
59276        4.6
59277        2.1
59278        3.0
59279        4.4
59280        7.3
59281        8.9
59282        9.2
59283       11.4
59284       14.9
59285       12.5
59286       11.3
59287       10.2
59288       12.8
59289       15.2
59290       13.2
59291       11.5
59292       10.7
59293       10.5
59294        8.6
59295        6.9
59296        6.4
59297        6.6
59298        7.8
59299        6.4
59300        6.9
59301        8.8
59302        7.0
59303        4.9
59304        2.2
59305        1.8
59306        3.9
59307        5.2
59308        7.9
59309       11.4
59310       16.1
59311       34.6
59312       37.2
59313       38.2
59314       40.4
59315       41.3
59316       39.8
59317       39.3
59318       37.9
59319       32.1
59320       30.9
59321       26.5
59322       25.7
59323       24.7
59324       24.4
59325       24.3
59326       20.8
59327       20.6
59328       19.9
59329       19.9
59330       18.0
59331       17.7
59332       13.2
59333       13.5
59334       13.4
59335       12.6
59336       11.3
59337       11.2
59338        9.6
59339        7.8
59340        4.0
59341        4.5
59342        1.8
59343        2.4
59344        2.3
59345        4.4
59346        5.7
59347        7.2
59348        7.7
59349       10.0
59350       11.0
59351        8.8
59352        8.2
59353        7.6
59354        4.8
59355        2.9
59356        1.2
59357       -3.1
59358       -4.6
59359       -3.8
59360       -3.7
59361       -5.4
59362       -5.9
59363       -8.3
59364      -10.9
59365      -12.5
59366      -12.7
59367      -14.8
59368      -14.1
59369      -18.1
59370      -16.1
59371     5004.6
59372     5009.6
59373     5007.4
59374      189.7
59375      189.5
59376      174.0
59377      154.9
59378      149.4
59379      147.0
59380      126.2
59381      106.8
59382       82.7
59383       64.9
59384       54.7
59385       41.9
59386       31.7
59387       18.9
59388       15.5
59389       13.1
59390       11.3
59391        9.8
59392       12.1
59393       13.2
59394       14.9
59395       15.5
59396       13.2
59397       14.7
59398       14.8
59399       15.3
59400       14.3
59401       12.6
59402        7.8
59403        2.3
59404        3.2
59405        0.1
59406       -1.0
59407       -4.0
59408       -6.6
59409       -4.6
59410       -6.4
59411       -7.1
59412       -7.8
59413       -5.5
59414       -5.1
59415       -1.3
59416        0.1
59417       -0.3
59418       -2.3
59419       -3.9
59420       -3.3
59421       -2.6
59422       -1.3
59423       -1.1
59424       -2.0
59425       -0.9
59426       -1.0
59427       -1.4
59428       -3.8
59429       -0.2
59430       -1.9
59431       -3.6
59432       -4.2
59433       -5.9
59434       -5.2
59435       -4.3
59436       -0.5
59437        6.2
59438        7.2
59439       10.6
59440       12.0
59441       10.7
59442       12.8
59443       13.4
59444       10.6
59445        9.1
59446        9.9
59447        9.7
59448        8.7
59449        9.3
59450        6.7
59451        8.9
59452        8.6
59453        8.5
59454        8.5
59455        7.0
59456        3.2
59457        3.0
59458       -0.2
59459       -5.0
59460       -4.4
59461       -6.2
59462       -8.9
59463       -9.0
59464       -9.3
59465       -7.0
59466       -6.4
59467       -6.3
59468       -8.3
59469       -8.6
59470       -8.8
59471      -10.9
59472      -12.6
59473      -12.1
59474      -15.6
59475      -17.2
59476      -15.7
59477      -12.9
59478      -11.7
59479      -11.3
59480       -9.7
59481       -5.9
59482       -4.1
59483       -5.6
59484       -4.3
59485       -1.6
59486       -3.1
59487       -1.6
59488        1.1
59489        3.2
59490        4.3
59491        5.3
59492        0.9
59493       -0.0
59494       -1.6
59495       -3.3
59496       -6.0
59497       -9.1
59498      -10.4
59499       -6.8
59500       -4.3
59501       -1.4
59502      203.1
59503      204.5
59504      208.9
59505       -8.3
59506       -1.5
59507       -4.4
59508      -10.7
59509      -21.8
59510      -30.4
59511      -31.6
59512      -29.4
59513      -37.1
59514      -47.5
59515      -56.1
59516      -67.5
59517      -76.9
59518      -84.8
59519      -92.4
59520      -91.4
59521      -91.7
59522      -86.3
59523      -76.4
59524      -58.0
59525      -41.7
59526      -33.3
59527      -30.4
59528      -24.7
59529      -19.1
59530      -19.2
59531      -17.6
59532      -16.7
59533      -14.6
59534      -12.0
59535       -8.2
59536       -9.3
59537      -11.4
59538      -11.3
59539      -11.5
59540      -12.3
59541      -14.0
59542      -12.8
59543      -12.5
59544      -13.7
59545      -13.2
59546      -13.9
59547      -13.1
59548      -16.5
59549      -19.2
59550      -21.2
59551      -19.1
59552      -16.2
59553      -15.1
59554      -16.0
59555      -17.7
59556      -17.4
59557      -16.1
59558      -15.9
59559      -16.4
59560      -18.7
59561        2.5
59562        3.9
59563        6.5
59564        7.2
59565        8.2
59566        7.8
59567        5.8
59568        6.7
59569        8.5
59570        9.2
59571        7.2
59572        7.0
59573        4.3
59574        3.5
59575        3.6
59576        4.2
59577        1.0
59578        1.7
59579        1.4
59580       -1.4
59581       -2.0
59582       -2.5
59583       -3.4
59584       -3.0
59585       -1.4
59586       -1.0
59587       -0.1
59588        3.7
59589        3.4
59590        9.4
59591        9.2
59592        8.9
59593       12.1
59594       11.9
59595       14.2
59596       16.9
59597       21.0
59598       21.6
59599       22.6
59600       23.0
59601       23.7
59602       22.8
59603       20.4
59604       17.9
59605       15.2
59606       11.9
59607       10.0
59608        9.7
59609        6.6
59610        5.2
59611        2.7
59612        3.4
59613        1.3
59614       -0.6
59615       -3.0
59616       -6.2
59617       -8.7
59618       -8.9
59619       -8.3
59620       -8.8
59621      -11.6
59622      -11.5
59623       -7.4
59624       -5.6
59625       -5.0
59626       -5.6
59627       -4.0
59628       -1.4
59629       -2.3
59630       -2.4
59631       -1.2
59632        3.8
59633        3.7
59634        5.7
59635        6.1
59636        7.1
59637        7.8
59638        9.0
59639        8.6
59640       10.9
59641       11.1
59642        8.0
59643        1.6
59644        0.3
59645       -1.9
59646       -3.1
59647       -5.1
59648       -7.5
59649      -10.9
59650      -12.4
59651      -15.4
59652      -16.3
59653      -16.5
59654      -17.5
59655      -19.0
59656      -20.2
59657      -20.6
59658      -19.1
59659      -16.2
59660      -14.4
59661      -11.3
59662       -8.8
59663       -6.1
59664       -3.0
59665       -1.9
59666        3.0
59667        3.0
59668        7.2
59669        7.9
59670        7.9
59671        6.6
59672        5.3
59673        4.6
59674        2.0
59675        1.6
59676       -1.3
59677       -0.7
59678       -1.4
59679       -2.0
59680       -2.6
59681       -4.3
59682       -4.5
59683       -2.7
59684       -2.5
59685        2.4
59686        3.7
59687        4.4
59688        5.9
59689        5.8
59690        6.8
59691        8.9
59692        8.0
59693        6.9
59694        6.5
59695        5.4
59696        6.5
59697        5.3
59698       -0.7
59699       -0.6
59700       -1.1
59701        0.4
59702        0.3
59703        1.3
59704        2.2
59705        0.6
59706       -0.6
59707       -1.9
59708       -2.2
59709        0.8
59710        4.0
59711        3.7
59712        6.7
59713        7.5
59714        9.8
59715        9.7
59716        8.7
59717        9.0
59718        9.4
59719        7.9
59720        7.5
59721        5.2
59722        3.9
59723        3.5
59724        2.9
59725        1.0
59726       -0.1
59727       -2.1
59728       -3.1
59729       -3.1
59730       -4.7
59731       -8.2
59732       -9.7
59733      -10.1
59734       -7.8
59735       -6.9
59736       -6.6
59737       -6.3
59738       -1.3
59739        1.9
59740        3.1
59741        4.6
59742        4.2
59743        5.4
59744        3.1
59745        1.9
59746        0.2
59747        0.0
59748       -1.7
59749        1.0
59750        0.7
59751        0.9
59752       -0.9
59753       -3.2
59754       -3.1
59755       -4.4
59756       -4.1
59757       -2.5
59758       -2.0
59759        0.7
59760        4.7
59761        5.8
59762        9.0
59763        8.4
59764       12.3
59765       19.8
59766       19.6
59767       18.1
59768       18.5
59769       20.1
59770       21.4
59771       18.8
59772       15.3
59773       12.9
59774          -
59775        5.6
59776        4.0
59777       -3.3
59778       -5.2
59779       -5.4
59780       -6.9
59781       -5.7
59782       -8.9
59783       -9.1
59784       -9.7
59785      -11.3
59786       -7.7
59787       -4.4
59788       -3.2
59789       -3.4
59790       -2.8
59791       -1.8
59792       -3.5
59793       -3.3
59794       -3.7
59795       -1.8
59796       -0.5
59797       -1.4
59798       -0.3
59799        1.0
59800        0.2
59801        2.3
59802        0.8
59803       -1.3
59804       -1.4
59805       -0.8
59806       -1.5
59807       -1.2
59808       -1.9
59809       -3.7
59810       -3.3
59811       -3.3
59812       -4.6
59813       -6.1
59814       -6.0
59815       -4.0
59816       -4.2
59817       -5.7
59818       -5.8
59819       -5.2
59820       -8.8
59821       -6.8
59822       -7.5
59823       -1.9
59824        0.6
59825        5.3
59826        9.3
59827       12.0
59828       14.5
59829       17.2
59830       19.2
59831       19.5
59832       19.8
59833       20.9
59834       21.0
59835       22.9
59836       22.4
59837       18.7
59838       20.4
59839       18.8
59840       19.0
59841       18.9
59842       16.8
59843       13.9
59844       13.4
59845       14.5
59846       12.0
59847       10.5
59848        9.8
59849        8.9
59850        5.9
59851        5.8
59852        4.1
59853        1.1
59854       -3.3
59855       -6.8
59856       -7.8
59857       -9.1
59858       -4.0
59859       -2.9
59860       -4.7
59861       -5.3
59862       -6.1
59863       -5.4
59864       -8.8
59865       -7.8
59866       -6.7
59867      -11.4
59868      -14.8
59869      -14.2
59870      -11.9
59871      -13.1
59872       -9.3
59873      -11.3
59874      -12.0
59875       -9.5
59876       -8.6
59877       -7.9
59878       -2.5
59879        4.6
59880        8.2
59881       10.7
59882       15.2
59883       19.7
59884       24.9
59885       29.1
59886       26.6
59887       31.9
59888       37.4
59889       40.4
59890       41.8
59891       43.9
59892       46.0
59893       45.3
59894       45.5
59895       45.4
59896       44.0
59897       47.0
59898       48.7
59899       47.4
59900       42.2
59901       41.2
59902       34.2
59903       32.3
59904       29.8
59905       26.0
59906       22.3
59907       20.8
59908       20.0
59909       18.8
59910       20.1
59911       19.5
59912       17.5
59913       17.4
59914       14.6
59915       13.2
59916       12.1
59917       11.5
59918       12.8
59919        7.0
59920        4.2
59921        1.2
59922       -1.9
59923       -4.8
59924       -4.2
59925       -3.8
59926       -3.6
59927       -5.4
59928       -2.9
59929       -0.8
59930        1.8
59931        3.5
59932        7.0
59933        5.8
59934        6.3
59935        5.3
59936        1.6
59937       -0.7
59938       -3.2
59939       -6.2
59940       -9.1
59941      -10.2
59942      -10.2
59943       -9.2
59944       -9.0
59945      -10.4
59946      -10.8
59947      -11.1
59948      -10.2
59949      -12.3
59950      -12.3
59951      -12.4
59952      -11.3
59953      -11.9
59954      -12.2
59955      -12.1
59956       -8.9
59957       -8.4
59958       -8.4
59959       -8.6
59960      -11.3
59961      -13.5
59962      -14.7
59963      -15.9
59964      -14.9
59965      -15.6
59966      -13.5
59967      -13.6
59968      -16.4
59969      -18.8
59970      -21.2
59971      -21.6
59972      -18.8
59973      -19.4
59974      -19.2
59975      -20.1
59976      -19.1
59977      -20.2
59978      -18.7
59979      -16.4
59980      -14.5
59981      -17.0
59982      -13.6
59983      -10.6
59984      -10.9
59985       -6.4
59986       -5.3
59987       -2.2
59988       -2.8
59989       -1.7
59990       -0.8
59991       -2.3
59992        0.2
59993        1.1
59994        1.4
59995       -0.1
59996        2.6
59997        4.1
59998        3.9
59999        4.5
60000        4.9
60001        4.0
60002        5.7
60003        6.3
60004        6.7
60005       10.7
60006       10.5
60007       10.5
60008       11.6
60009       12.1
60010       10.6
60011       11.1
60012        9.6
60013       12.0
60014       11.8
60015       15.1
60016       16.2
60017       17.6
60018       19.0
60019       16.6
60020       19.2
60021       21.0
60022       19.9
60023       20.6
60024       19.2
60025       15.4
60026       15.8
60027       14.2
60028       10.2
60029       10.4
60030        9.7
60031        6.4
60032        4.5
60033        1.1
60034        0.8
60035       -2.4
60036       -2.8
60037       -0.3
60038       -2.2
60039       -1.7
60040        0.4
60041       -1.0
60042       -1.1
60043       -3.9
60044       -3.5
60045       -3.3
60046       -2.6
60047       -2.4
60048       -1.7
60049       -3.2
60050       -3.7
60051       -4.8
60052       -5.7
60053       -6.3
60054       -6.1
60055       -5.6
60056       -6.7
60057       -5.1
60058       -2.4
60059       -2.8
60060       -0.5
60061        1.1
60062        2.9
60063        4.7
60064        5.7
60065        8.3
60066       10.8
60067       11.6
60068       12.6
60069       13.7
60070       12.8
60071       11.1
60072        7.7
60073        4.9
60074        2.9
60075       -0.1
60076       -3.5
60077       -3.8
60078       -3.1
60079       -5.3
60080       -4.6
60081       -4.2
60082       -1.8
60083       -3.9
60084        1.6
60085        3.6
60086        4.5
60087        9.3
60088        9.9
60089       12.6
60090       13.2
60091       15.6
60092       17.1
60093       16.7
60094       18.0
60095       17.5
60096       18.7
60097       17.1
60098       16.4
60099       14.0
60100       14.5
60101       14.2
60102       10.9
60103       11.6
60104        8.7
60105        9.9
60106        9.1
60107       10.4
60108        9.8
60109       10.1
60110       11.5
60111       11.7
60112       10.5
60113        9.1
60114        6.9
60115        5.3
60116        5.8
60117        2.8
60118        1.8
60119       -0.4
60120        0.2
60121        2.6
60122        3.1
60123       -0.5
60124        0.1
60125       -1.1
60126       -3.3
60127       -4.8
60128       -5.9
60129       -8.2
60130       -6.1
60131       -5.7
60132       -7.4
60133       -7.4
60134       -7.4
60135       -3.7
60136       -1.9
60137        1.5
60138        1.3
60139        4.3
60140        2.3
60141       -0.4
60142        1.4
60143        2.7
60144        0.9
60145        0.7
60146        2.8
60147        2.3
60148        4.0
60149        8.6
60150       14.2
60151       17.9
60152       20.5
60153       20.3
60154       21.1
60155       20.9
60156       18.2
60157       17.1
60158       14.9
60159       13.7
60160       13.3
60161       12.7
60162       12.1
60163        9.7
60164        7.6
60165        7.2
60166        7.9
60167        5.3
60168        4.5
60169        6.5
60170        5.7
60171        2.1
60172       -4.1
60173       -7.4
60174       -8.1
60175       -8.6
60176      -11.4
60177      -14.2
60178      -15.0
60179      -15.5
60180      -14.9
60181      -14.5
60182       -9.6
60183       -5.7
60184       -5.0
60185       -9.1
60186       -5.9
60187       -5.7
60188       -2.3
60189        2.7
60190        2.3
60191        1.1
60192        0.8
60193        3.7
60194        4.4
60195        4.6
60196        5.7
60197        5.7
60198        7.0
60199        5.8
60200        5.6
60201        2.5
60202        0.1
60203       -5.8
60204       -6.7
60205       -6.5
60206      -11.0
60207      -12.2
60208      -12.5
60209      -12.3
60210      -10.9
60211       -8.4
60212       -8.3
60213       -6.6
60214       -6.9
60215       -7.5
60216       -7.1
60217       -5.1
60218       -6.7
60219       -8.6
60220       -6.5
60221       -6.6
60222       -6.0
60223       -2.7
60224       -3.9
60225       -4.5
60226       -4.6
60227       -2.8
60228       -3.0
60229       -5.8
60230       -4.0
60231       -3.6
60232       -1.9
60233       -0.7
60234        1.3
60235        3.3
60236        5.7
60237        1.2
60238       -0.4
60239       -3.8
60240       -3.2
60241       -3.9
60242       -5.6
60243       -5.7
60244       -1.5
60245       -2.1
60246       -1.2
60247       -7.6
60248       -8.5
60249       -5.0
60250        0.0
60251        3.4
60252        6.9
60253        8.8
60254        9.2
60255       14.9
60256       16.0
60257       11.6
60258        9.0
60259        7.2
60260        5.2
60261        4.6
60262        4.7
60263        1.4
60264        0.6
60265        4.4
60266        5.3
60267        6.8
60268        7.8
60269        3.7
60270        1.8
60271        1.3
60272        0.8
60273       -1.0
60274       -2.0
60275        0.6
60276       -1.3
60277       -2.7
60278       -0.3
60279       -1.9
60280       -0.3
60281        0.2
60282        0.9
60283        1.5
60284        2.5
60285        5.1
60286        6.3
60287        3.5
60288        5.3
60289        3.9
60290        1.3
60291        2.6
60292       -1.4
60293       -4.5
60294       -7.3
60295          -
60296       -8.3
60297          -
60298          -
60299          -
60300          -
60301          -
60302          -
60303       -7.3
60304       -5.8
60305       -5.8
60306       -6.7
60307       -5.5
60308       -4.9
60309       -3.8
60310       -3.7
60311       -5.5
60312       -3.1
60313        0.2
60314        4.3
60315        1.3
60316       -4.0
60317       -4.1
60318       -8.6
60319      -15.5
60320      -22.4
60321      -31.4
60322      -32.9
60323      -41.2
60324      -41.9
60325      -49.2
60326      -51.9
60327      -54.0
60328      -56.3
60329      -61.3
60330      -64.6
60331      -65.8
60332      -68.4
60333      -69.5
60334      -70.2
60335      -73.1
60336      -80.6
60337      -83.2
60338      -86.8
60339      -83.3
60340      -86.5
60341      -84.1
60342      -84.5
60343      -81.7
60344      -83.0
60345      -80.0
60346      -80.9
60347      -78.0
60348      -79.9
60349      -79.4
60350      -77.3
60351      -74.0
60352      -71.9
60353      -69.6
60354      -67.9
60355      -64.3
60356      -62.3
60357      -56.7
60358      -55.9
60359      -48.7
60360      -46.0
60361      -42.6
60362      -39.2
60363      -38.3
60364      -36.9
60365      -34.3
60366      -27.7
60367      -22.1
60368      -17.8
60369      -12.6
60370      -10.3
60371       -8.2
60372       -6.3
60373       -2.5
60374       -1.2
60375        0.2
60376          -
60377        5.5
60378        5.3
60379        6.2
60380        3.9
60381        3.1
60382       -0.8
60383        0.1
60384       -0.9
60385       -0.0
60386        1.2
60387        1.5
60388        2.5
60389        4.7
60390        7.8
60391       10.3
60392       12.0
60393        9.1
60394       11.3
60395       11.5
60396        9.9
60397       12.6
60398       13.5
60399       10.4
60400       14.8
60401        8.4
60402        4.6
60403        3.5
60404        1.9
60405       -4.6
60406       -9.7
60407      -12.8
60408      -17.9
60409      -18.7
60410      -20.1
60411      -24.2
60412      -28.6
60413      -32.3
60414      -36.1
60415      -38.0
60416      -38.5
60417      -38.8
60418      -38.8
60419      -40.1
60420      -42.6
60421      -42.0
60422      -46.2
60423      -45.4
60424      -46.5
60425      -47.3
60426      -44.8
60427      -44.8
60428      -43.2
60429      -39.4
60430          -
60431          -
60432      -27.5
60433      -23.0
60434      -22.0
60435      -20.0
60436      -15.8
60437      -11.8
60438       -9.9
60439       -4.1
60440       -0.1
60441        4.6
60442        7.9
60443       13.6
60444       18.1
60445       22.7
60446       26.0
60447       29.3
60448       31.1
60449       35.3
60450       38.8
60451       41.9
60452          -
60453       59.0
60454       61.1
60455       63.1
60456       66.1
60457       71.3
60458       75.4
60459       78.0
60460       81.2
60461       82.7
60462       83.4
60463       88.5
60464       90.6
60465       90.1
60466       89.6
60467       91.6
60468       92.8
60469       96.6
60470          -
60471       97.6
60472       96.5
60473       95.5
60474       93.7
60475       93.0
60476       94.4
60477       94.2
60478       95.9
60479       96.2
60480       94.2
60481       97.2
60482       94.6
60483       91.0
60484       87.1
60485       85.2
60486       79.9
60487       76.7
60488       73.5
60489       72.1
60490       68.9
60491       66.4
60492       62.7
60493       62.1
60494       55.1
60495       50.6
60496       46.9
60497       44.5
60498       41.9
60499       37.3
60500       33.5
60501       32.7
60502       26.5
60503       21.2
60504       14.9
60505       11.7
60506        8.7
60507        1.3
60508       -3.1
60509       -5.2
60510       -5.7
60511       -8.1
60512       -5.9
60513       -8.6
60514       -9.9
60515      -13.0
60516      -14.4
60517       -9.5
60518       -5.6
60519       -5.8
60520       -4.9
60521       -4.1
60522       -3.2
60523       -4.2
60524       -5.6
60525       -3.4
60526       -0.5
60527        3.1
60528        4.0
60529        7.8
60530       10.8
60531       14.4
60532       10.2
60533       12.0
60534       14.3
60535       15.3
60536       18.2
60537       20.8
60538       20.5
60539       21.5
60540       20.8
60541       20.1
60542       19.5
60543       21.3
60544       21.9
60545       17.4
60546       16.2
60547       11.8
60548        7.3
60549       -0.8
60550       -5.6
60551       -8.8
60552      -13.4
60553      -16.8
60554      -17.2
60555      -17.0
60556      -19.5
60557      -24.5
60558      -26.9
60559      -21.9
60560      -20.4
60561      -13.6
60562      -11.4
60563       -6.8
60564       -4.4
60565        1.2
60566        6.0
60567       10.6
60568       10.7
60569       15.2
60570       17.4
60571       23.0
60572       23.1
60573       20.8
60574       16.7
60575       15.1
60576       14.9
60577       11.6
60578        6.7
60579        4.3
60580        0.5
60581       -0.8
60582       -5.8
60583      -10.9
60584      -16.8
60585      -22.2
60586      -25.3
60587      -23.1
60588      -18.7
60589      -14.9
60590      -12.0
60591      -11.7
60592      -10.1
60593       -9.2
60594       -8.0
60595       -6.7
60596       -3.6
60597        1.4
60598        4.1
60599        6.4
60600        9.1
60601        6.0
60602        3.8
60603       -4.1
60604       -9.3
60605      -13.5
60606      -20.9
60607      -25.9
60608      -34.6
60609      -36.5
60610      -32.1
60611      -31.6
60612      -29.6
60613      -29.0
60614      -29.7
60615      -29.7
60616      -26.4
60617      -19.5
60618      -14.6
60619       -8.2
60620        0.2
60621        8.2
60622       16.9
60623       22.6
60624       22.1
60625       24.8
60626       19.8
60627       18.7
60628       18.1
60629       18.9
60630       16.5
60631       11.7
60632        8.2
60633        0.5
60634       -2.5
60635       -8.9
60636      -15.0
60637      -17.7
60638      -20.0
60639      -19.6
60640      -19.8
60641      -20.5
60642      -22.8
60643      -22.5
60644      -22.6
60645      -17.9
60646      -19.6
60647      -13.5
60648       -6.5
60649       -1.1
60650        5.4
60651       10.7
60652       13.1
60653       10.3
60654       14.2
60655       15.4
60656       16.1
60657       18.6
60658       17.0
60659       13.0
60660        8.4
60661        3.7
60662       -3.0
60663      -10.4
60664      -16.6
60665      -18.1
60666      -19.2
60667      -20.7
60668      -21.6
60669      -20.4
60670      -22.8
60671      -26.6
60672      -25.6
60673      -23.3
60674      -20.2
60675          -
60676      -12.2
60677       -2.9
60678        1.8
60679        5.4
60680       10.7
60681       15.3
60682       15.9
60683       19.4
60684       22.4
60685       27.8
60686       30.1
60687       28.4
60688       28.6
60689       28.4
60690       25.7
60691       24.5
60692       22.1
60693       18.5
60694       11.6
60695        3.9
60696       -6.4
60697      -12.2
60698      -17.9
60699      -25.3
60700      -27.6
60701      -24.7
60702      -23.6
60703      -13.1
60704       -0.5
60705       10.6
60706       23.6
60707       34.7
60708       43.5
60709       49.5
60710       54.7
60711       56.9
60712       61.7
60713       65.7
60714       73.4
60715       81.8
60716       84.1
60717       79.4
60718       74.5
60719       68.7
60720       65.0
60721       61.1
60722       52.8
60723       45.5
60724       36.8
60725       30.8
60726       20.7
60727       12.5
60728        4.6
60729       -1.7
60730       -1.6
60731       11.2
60732       24.6
60733       38.1
60734       51.4
60735       65.5
60736       80.9
60737       92.6
60738       98.3
60739      100.1
60740      101.4
60741      102.5
60742      102.9
60743      104.2
60744      103.5
60745       96.1
60746       88.6
60747       80.3
60748       72.7
60749       69.7
60750       63.8
60751       58.0
60752       52.1
60753       44.1
60754       35.6
60755       26.3
60756       18.8
60757       13.7
60758       12.5
60759       10.6
60760        8.3
60761        5.1
60762        4.7
60763        0.5
60764       -3.4
60765       -6.7
60766       -7.3
60767       -4.6
60768       -7.4
60769       -9.1
60770      -10.0
60771      -11.5
60772      -12.0
60773       -6.4
60774       -1.1
60775        5.4
60776        7.3
60777       11.4
60778       13.5
60779       15.4
60780       10.3
60781        7.0
60782        3.1
60783       -1.6
60784       -1.0
60785        2.9
60786        3.5
60787        3.0
60788        5.4
60789        4.9
60790        4.9
60791        5.0
60792        1.7
60793        1.6
60794       -2.0
60795       -3.5
60796       -2.0
60797       -2.9
60798       -3.1
60799       -4.1
60800       -4.0
60801       -4.9
60802       -6.7
60803       -5.0
60804       -4.0
60805       -2.2
60806       -2.6
60807        2.0
60808        6.3
60809        5.4
60810        5.2
60811        7.4
60812        6.7
60813       10.5
60814       13.8
60815       14.3
60816       16.4
60817       20.8
60818       18.7
60819       17.6
60820       14.9
60821       18.5
60822       16.0
60823       13.4
60824        8.6
60825        3.4
60826       -2.3
60827       -5.7
60828       -6.7
60829       -6.7
60830       -9.3
60831       -9.8
60832      -12.5
60833      -15.9
60834      -16.2
60835      -18.3
60836      -21.9
60837      -20.5
60838      -20.0
60839      -17.3
60840      -15.6
60841      -15.0
60842      -17.3
60843      -17.0
60844      -15.8
60845      -15.8
60846      -17.5
60847      -16.8
60848      -15.3
60849      -13.6
60850      -14.5
60851      -14.4
60852       -9.1
60853       -3.7
60854       -0.5
60855        3.3
60856        8.1
60857        6.4
60858        5.9
60859        3.4
60860        2.2
60861        1.3
60862        6.0
60863        5.1
60864        5.0
60865        6.0
60866       10.0
60867       12.0
60868       12.6
60869       14.1
60870       15.7
60871       15.2
60872       17.3
60873       13.9
60874       15.7
60875       15.9
60876       13.8
60877       12.0
60878        7.5
60879        4.1
60880       -0.0
60881       -5.3
60882       -5.6
60883      -12.1
60884      -22.7
60885      -28.7
60886      -35.8
60887      -43.2
60888      -38.5
60889          -
60890      -35.4
60891      -32.2
60892      -28.1
60893      -26.5
60894      -22.0
60895      -21.3
60896      -13.8
60897      -11.2
60898       -8.8
60899       -7.1
60900       -7.7
60901       -7.5
60902       -9.2
60903       -9.2
60904      -12.0
60905      -12.2
60906      -16.6
60907      -19.2
60908      -19.0
60909      -21.7
60910      -20.9
60911      -20.4
60912      -19.9
60913      -16.0
60914      -15.6
60915      -17.6
60916      -19.6
60917      -19.7
60918      -16.4
60919      -16.8
60920      -16.9
60921      -17.7
60922      -19.8
60923      -16.0
60924      -15.2
60925      -12.5
60926      -11.2
60927      -13.0
60928      -14.0
60929      -12.5
60930      -12.9
60931      -12.0
60932      -15.6
60933      -15.5
60934      -16.4
60935      -16.1
60936      -15.3
60937      -12.0
60938      -10.2
60939       -6.4
60940       -7.1
60941       -4.9
60942       -1.6
60943        3.5
60944        4.3
60945        7.5
60946       12.4
60947       17.0
60948       18.7
60949       24.3
60950       28.9
60951       36.6
60952       42.4
60953       42.9
60954       41.8
60955       45.2
60956       48.9
60957       55.4
60958       56.6
60959       58.6
60960       57.6
60961       57.8
60962       56.0
60963       54.3
60964       53.1
60965       53.1
60966       53.9
60967       50.1
60968       49.4
60969       47.8
60970       44.2
60971       42.4
60972       42.7
60973       39.4
60974       36.8
60975       33.5
60976       29.5
60977       24.1
60978       21.0
60979       15.2
60980       11.8
60981        8.6
60982        4.6
60983        0.2
60984       -1.1
60985       -5.5
60986       -9.6
60987      -11.6
60988      -11.6
60989      -16.6
60990      -20.9
60991      -25.3
60992      -30.8
60993      -34.4
60994      -35.9
60995      -39.8
60996      -46.3
60997      -49.3
60998      -51.5
60999      -53.2
61000      -54.3
61001      -58.3
61002      -55.8
61003      -57.3
61004      -58.0
61005      -56.6
61006      -56.2
61007      -54.1
61008      -53.8
61009      -50.9
61010      -45.6
61011      -41.6
61012      -36.1
61013      -30.7
61014      -23.8
61015      -18.6
61016      -11.1
61017       -6.9
61018       -1.2
61019        5.3
61020        9.0
61021       12.6
61022       17.3
61023       20.5
61024       21.6
61025       26.7
61026       37.3
61027       45.8
61028       52.2
61029       60.1
61030       64.7
61031       71.3
61032       75.4
61033       81.1
61034       85.5
61035       87.6
61036       92.7
61037       99.2
61038      104.9
61039      104.2
61040      102.9
61041      103.6
61042      106.6
61043      107.6
61044      104.9
61045      103.6
61046      101.8
61047       99.2
61048       97.2
61049       99.5
61050      101.7
61051       99.3
61052       98.7
61053      101.8
61054      103.3
61055       99.5
61056       99.2
61057       96.7
61058       92.2
61059       88.3
61060       78.9
61061       68.4
61062       62.0
61063       50.9
61064       42.6
61065       34.9
61066       22.1
61067        4.4
61068      -11.8
61069      -28.3
61070      -46.5
61071      -64.9
61072      -82.1
61073     -101.4
61074     -115.4
61075     -132.8
61076     -148.0
61077     -165.1
61078     -181.5
61079     -196.6
61080     -209.4
61081     -220.7
61082     -231.1
61083     -241.2
61084     -253.8
61085     -265.2
61086     -274.1
61087     -285.4
61088     -288.6
61089     -290.2
61090     -292.1
61091     -291.6
61092     -292.3
61093     -293.8
61094     -297.6
61095     -291.4
61096     -288.2
61097     -287.6
61098     -281.4
61099     -276.1
61100     -268.5
61101     -261.8
61102     -231.0
61103     -198.5
61104     -164.6
61105     -135.9
61106     -102.5
61107      -74.8
61108      -45.7
61109      -16.5
61110       12.0
61111       43.3
61112       75.4
61113      103.3
61114      129.8
61115      158.1
61116      189.5
61117      218.1
61118      240.0
61119      261.3
61120      284.2
61121      307.2
61122      330.7
61123      352.0
61124      377.1
61125      399.4
61126      422.9
61127      448.1
61128      470.5
61129      494.9
61130      518.8
61131      539.8
61132      564.7
61133      586.4
61134      611.8
61135      633.2
61136      653.8
61137      598.3
61138      622.5
61139      645.0
61140      664.9
61141      686.7
61142      711.1
61143      733.6
61144      734.0
61145      747.5
61146          -
61147          -
61148          -
61149          -
61150          -
61151          -
61152      191.7
61153      202.8
61154      217.9
61155      233.1
61156      248.1
61157          -
61158      283.5
61159      293.1
61160      235.3
61161      246.4
61162      256.2
61163      265.8
61164      279.0
61165      293.6
61166      308.1
61167      320.7
61168      330.7
61169      345.2
61170      356.4
61171      368.2
61172      380.4
61173      394.0
61174      408.2
61175      421.1
61176      432.9
61177      445.5
61178      457.9
61179      468.4
61180      478.7
61181      492.3
61182      506.9
61183      518.9
61184          -
61185       49.1
61186       64.8
61187       61.5
61188       77.8
61189       89.4
61190      101.2
61191      113.5
61192      127.8
61193       51.3
61194       35.0
61195       31.2
61196       21.9
61197       28.0
61198       26.3
61199       22.6
61200          -
61201      192.8
61202          -
61203        9.1
61204      -10.0
61205      -16.4
61206      -21.0
61207          -
61208      -47.0
61209       -9.9
61210       -9.0
61211       -5.9
61212       -3.2
61213       -6.1
61214       -3.5
61215       -7.4
61216       -7.7
61217      -14.5
61218      -15.3
61219      -13.1

# UTC remains available from the monthly Circular T at
# (http://www.bipm.org/en/bipm-services/timescales/time-ftp/Circular-T.html).
