# MJD  [UTCr-UTC(SU)]/ns
56467       -1.0
56468       -1.5
56469       -0.7
56470       -1.9
56471       -1.3
56472       -1.4
56473       -2.0
56474       -0.1
56475        0.3
56476       -0.2
56477        1.1
56478       -0.8
56479        0.3
56480       -0.9
56481        0.2
56482       -0.7
56483       -0.3
56484       -0.3
56485       -1.6
56486       -1.4
56487       -0.3
56488       -0.2
56489        1.0
56490        0.6
56491        1.2
56492       -0.2
56493        0.7
56494        0.3
56495        1.9
56496        1.0
56497        2.4
56498        1.6
56499        2.1
56500        0.9
56501        1.5
56502        0.8
56503        0.2
56504        0.4
56505        1.2
56506        0.9
56507        0.9
56508        0.5
56509       -0.6
56510       -0.9
56511       -0.4
56512       -0.8
56513        0.1
56514       -0.8
56515       -0.6
56516       -1.0
56517       -1.6
56518       -1.1
56519       -2.2
56520       -0.2
56521       -2.8
56522       -0.7
56523       -2.4
56524       -1.3
56525       -2.7
56526       -1.2
56527       -1.7
56528       -2.5
56529       -2.5
56530       -2.2
56531       -2.7
56532       -2.5
56533       -2.1
56534       -1.4
56535       -2.1
56536       -2.6
56537       -2.4
56538       -3.4
56539       -1.2
56540       -2.3
56541       -1.4
56542       -3.2
56543       -1.1
56544       -3.4
56545       -1.8
56546       -3.1
56547       -3.0
56548       -4.2
56549       -3.6
56550       -5.2
56551       -2.9
56552       -4.4
56553       -3.8
56554       -4.4
56555       -5.0
56556       -4.8
56557       -6.1
56558       -6.7
56559       -8.3
56560       -7.1
56561       -8.0
56562       -6.8
56563       -8.6
56564       -7.2
56565        5.8
56566        5.8
56567        5.8
56568        5.4
56569        5.4
56570        4.4
56571        3.6
56572        3.8
56573        3.0
56574        3.0
56575        2.4
56576        1.8
56577        1.1
56578        1.0
56579        0.2
56580       -0.8
56581       -0.7
56582       -1.2
56583       -1.2
56584       -1.6
56585       -0.7
56586       -1.5
56587       -1.7
56588       -1.8
56589       -1.8
56590       -1.9
56591       -2.4
56592       -1.8
56593       -2.0
56594       -1.7
56595       -2.1
56596       -2.4
56597       -2.2
56598       -2.6
56599       -1.9
56600       -2.4
56601       -1.8
56602       -2.2
56603       -2.1
56604       -2.5
56605       -2.6
56606       -2.4
56607       -1.3
56608       -1.2
56609       -0.6
56610       -0.1
56611        0.1
56612        0.4
56613        0.1
56614       -0.2
56615        0.1
56616        0.8
56617        0.7
56618        1.0
56619        1.1
56620        1.1
56621        0.5
56622       -0.2
56623       -0.1
56624       -0.0
56625       -0.3
56626       -0.0
56627       -0.3
56628        2.8
56629        3.2
56630        3.0
56631        3.6
56632        4.1
56633        4.1
56634        4.2
56635        3.6
56636        3.6
56637        3.6
56638        4.3
56639        4.2
56640        4.3
56641        4.9
56642        4.3
56643        4.6
56644        4.3
56645        4.2
56646        4.2
56647        4.4
56648        5.0
56649        5.9
56650        5.8
56651        6.0
56652        6.3
56653        5.9
56654        6.0
56655        6.0
56656        6.8
56657        6.8
56658        6.7
56659        6.8
56660        7.9
56661        7.7
56662        7.3
56663        8.0
56664        7.5
56665        7.1
56666        7.4
56667        7.4
56668        6.8
56669        6.9
56670        6.3
56671        6.0
56672        5.0
56673        5.0
56674        5.0
56675        4.8
56676        4.7
56677        5.3
56678        5.5
56679        4.9
56680        4.6
56681        4.2
56682        3.9
56683        3.8
56684        2.2
56685        2.1
56686        2.1
56687        1.8
56688        1.5
56689        1.6
56690        1.6
56691        1.6
56692        1.2
56693        0.9
56694        0.7
56695        0.9
56696        0.7
56697        0.4
56698        0.6
56699        0.8
56700        0.9
56701        1.3
56702        1.6
56703        1.4
56704        1.4
56705        2.0
56706        2.0
56707        2.3
56708        2.3
56709        2.3
56710        1.9
56711        1.8
56712        2.3
56713        2.2
56714        2.3
56715        1.5
56716        1.4
56717        1.1
56718        0.8
56719        1.0
56720        0.7
56721        0.8
56722        0.6
56723        1.0
56724        0.7
56725        0.9
56726      -16.5
56727      -17.5
56728      -16.0
56729      -15.3
56730      -16.9
56731      -16.3
56732      -16.1
56733       -1.6
56734       -1.6
56735       -2.0
56736       -1.6
56737       -2.4
56738       -1.9
56739       -2.8
56740       -2.4
56741       -2.4
56742       -2.6
56743       -2.6
56744       -2.9
56745       -3.4
56746       -3.8
56747       -4.3
56748       -4.4
56749       -4.6
56750       -4.5
56751       -5.0
56752       -5.7
56753       -5.7
56754       -4.1
56755       -3.7
56756       -3.8
56757       -3.9
56758       -4.4
56759       -3.9
56760       -3.6
56761       -4.1
56762       -3.6
56763       -3.7
56764       -3.9
56765       -4.2
56766       -4.3
56767       -4.7
56768       -4.5
56769       -5.2
56770       -5.2
56771       -4.7
56772       -4.9
56773       -3.1
56774       -4.4
56775       -4.9
56776       -3.8
56777       -4.6
56778       -3.4
56779       -4.8
56780       -4.9
56781       -4.9
56782       -3.2
56783       -1.4
56784       -0.9
56785       -1.3
56786       -1.8
56787       -1.9
56788       -0.8
56789       -1.8
56790       -2.2
56791       -2.5
56792       -2.9
56793       -1.1
56794       -2.3
56795       -2.5
56796       -0.5
56797        0.4
56798        0.3
56799        0.4
56800        0.2
56801        0.5
56802        1.1
56803       -0.2
56804       -0.5
56805       -0.1
56806       -0.7
56807       -0.5
56808       -0.6
56809       -0.1
56810        1.1
56811        2.1
56812        2.0
56813        2.3
56814        1.7
56815        1.7
56816        2.5
56817        2.5
56818        2.5
56819        1.7
56820        3.4
56821        2.7
56822        2.2
56823        1.8
56824        1.4
56825        1.0
56826        0.4
56827        0.4
56828       -0.1
56829        1.4
56830        1.6
56831        1.2
56832        0.0
56833        0.8
56834       -0.1
56835        0.4
56836       -0.8
56837        1.8
56838        1.5
56839        0.9
56840        2.0
56841        0.3
56842        1.0
56843        0.5
56844        1.2
56845        2.3
56846        2.1
56847        2.8
56848        2.8
56849        3.6
56850        2.2
56851        3.2
56852        3.7
56853        4.6
56854        4.3
56855        4.1
56856        5.3
56857        4.6
56858        5.6
56859        6.2
56860        6.5
56861        6.5
56862        6.7
56863        6.7
56864        7.0
56865        7.5
56866        7.2
56867        7.0
56868        6.5
56869        6.6
56870        6.9
56871        7.3
56872        7.2
56873        6.7
56874        6.6
56875        7.1
56876        7.2
56877        6.4
56878        6.9
56879        7.1
56880        4.9
56881        4.6
56882        4.6
56883        4.6
56884        4.3
56885        4.0
56886        4.1
56887        3.7
56888        3.9
56889        3.9
56890        3.8
56891        3.2
56892        3.5
56893        3.5
56894        2.7
56895        2.2
56896        2.0
56897        2.8
56898        2.6
56899        2.9
56900        2.8
56901        2.9
56902        2.6
56903        2.6
56904        2.3
56905        2.1
56906        2.4
56907        1.9
56908        1.7
56909        1.5
56910        1.3
56911        1.2
56912        0.8
56913        0.9
56914        0.9
56915        1.8
56916        2.3
56917        2.2
56918        2.4
56919        2.1
56920        1.8
56921        1.5
56922        1.5
56923        1.1
56924        1.2
56925        0.9
56926        1.2
56927        1.2
56928        1.0
56929        1.2
56930        1.5
56931        1.7
56932        1.6
56933        1.9
56934        2.1
56935        2.0
56936        3.3
56937        3.4
56938        3.3
56939        3.0
56940        3.5
56941        3.3
56942        3.2
56943        1.7
56944        1.8
56945        1.9
56946        1.6
56947        2.0
56948        1.7
56949        1.9
56950        1.7
56951        1.8
56952        2.2
56953        2.1
56954        2.1
56955        1.8
56956        1.9
56957        2.5
56958        2.5
56959        2.7
56960        2.6
56961        2.9
56962        3.5
56963        3.4
56964        3.2
56965        3.4
56966        3.3
56967        3.1
56968        2.7
56969        3.5
56970        3.5
56971        3.6
56972        3.3
56973        2.9
56974        2.9
56975        2.4
56976        1.9
56977        2.2
56978        1.2
56979        0.6
56980        0.3
56981        0.4
56982        0.8
56983        0.9
56984        1.2
56985        1.8
56986        1.7
56987        0.3
56988        0.6
56989       -0.2
56990        1.0
56991       -0.4
56992       -0.3
56993       -0.2
56994       -1.6
56995       -0.8
56996       -1.2
56997        0.6
56998       -1.3
56999        1.8
57000        1.0
57001        1.1
57002        1.0
57003        0.7
57004        0.4
57005        0.7
57006        0.6
57007        0.5
57008       -1.0
57009        0.6
57010       -0.6
57011        0.1
57012       -0.9
57013        1.4
57014        1.1
57015        0.2
57016        0.5
57017       -0.9
57018        0.0
57019       -1.2
57020       -1.1
57021       -1.0
57022       -2.0
57023       -0.9
57024       -1.6
57025       -0.9
57026       -1.5
57027       -1.7
57028       -3.3
57029       -2.9
57030       -3.4
57031       -3.0
57032       -4.0
57033       -4.4
57034       -4.2
57035       -4.9
57036       -4.6
57037       -5.0
57038       -5.2
57039       -5.6
57040       -5.7
57041       -3.6
57042       -3.3
57043       -2.3
57044       -2.3
57045       -2.1
57046       -3.3
57047       -3.3
57048       -2.8
57049       -3.6
57050       -2.6
57051       -3.1
57052       -3.5
57053       -3.7
57054       -3.0
57055        1.5
57056        1.9
57057        2.2
57058        1.2
57059        2.7
57060        2.1
57061        3.5
57062        2.4
57063        2.8
57064        3.0
57065        3.8
57066        2.7
57067        3.1
57068        2.2
57069        2.4
57070        2.3
57071        2.7
57072        2.5
57073        1.9
57074        2.7
57075        3.3
57076        4.8
57077        3.5
57078        4.4
57079        3.8
57080        3.6
57081        4.5
57082        3.1
57083        1.7
57084        1.8
57085        2.7
57086        3.2
57087        3.7
57088        4.7
57089        3.5
57090        1.5
57091       -0.7
57092        0.9
57093        0.1
57094       -0.8
57095        0.6
57096        0.2
57097       -0.6
57098       -0.6
57099        0.3
57100        0.1
57101        0.5
57102       -1.0
57103       -0.6
57104       -0.2
57105       -1.3
57106       -0.3
57107        0.1
57108       -1.1
57109       -0.1
57110       -0.3
57111       -1.1
57112       -2.0
57113        0.0
57114       -2.0
57115       -0.7
57116        0.5
57117       -1.4
57118        0.8
57119       -0.3
57120        1.4
57121        0.4
57122        1.4
57123        0.4
57124       -0.7
57125        0.5
57126        1.0
57127        1.3
57128        1.0
57129        0.8
57130        0.5
57131        0.8
57132        1.4
57133       -0.0
57134       -0.7
57135       -2.3
57136       -0.2
57137       -0.4
57138       -0.9
57139        0.5
57140        0.2
57141        1.3
57142        1.3
57143       -0.4
57144       -1.7
57145       -2.0
57146       -3.1
57147       -2.4
57148       -2.1
57149       -1.3
57150       -2.2
57151       -2.4
57152       -2.5
57153       -2.5
57154       -2.5
57155       -2.2
57156       -2.4
57157       -2.4
57158       -3.9
57159       -2.1
57160       -4.4
57161       -3.1
57162       -4.8
57163       -4.8
57164       -4.5
57165       -5.2
57166       -4.9
57167       -5.2
57168       -3.9
57169       -5.0
57170       -4.8
57171       -5.4
57172       -5.9
57173       -5.7
57174       -4.2
57175       -3.8
57176       -4.5
57177       -5.0
57178       -4.7
57179       -5.4
57180       -5.4
57181       -5.9
57182       -5.6
57183       -6.2
57184       -7.0
57185       -5.8
57186       -6.2
57187       -5.5
57188       -7.0
57189       -5.3
57190       -6.2
57191       -5.6
57192       -5.5
57193       -6.9
57194       -6.0
57195       -6.8
57196       -6.1
57197       -5.7
57198       -6.1
57199       -5.1
57200       -6.0
57201       -6.0
57202       -4.7
57203       -5.0
57204       -4.6
57205       -4.4
57206       -4.9
57207       -4.7
57208       -3.7
57209       -1.5
57210       -0.8
57211       -1.1
57212       -0.9
57213       -1.3
57214       -0.1
57215       -0.2
57216       -1.1
57217        0.7
57218       -0.4
57219        0.0
57220       -1.5
57221       -0.1
57222       -0.7
57223       -1.4
57224       -1.3
57225       -0.6
57226       -1.1
57227       -1.0
57228       -0.7
57229       -1.8
57230       -1.0
57231       -1.1
57232       -1.3
57233       -0.7
57234       -0.7
57235       -0.8
57236       -0.8
57237        0.0
57238       -0.1
57239       -0.1
57240        0.1
57241        0.4
57242       -0.5
57243       -0.5
57244        1.4
57245        1.9
57246        1.7
57247        2.5
57248        2.8
57249        1.9
57250        2.3
57251        2.4
57252        2.7
57253        2.9
57254        2.8
57255        2.5
57256        2.4
57257        3.1
57258        1.6
57259        2.2
57260        1.8
57261        2.1
57262        1.9
57263        1.3
57264        1.8
57265        2.5
57266        1.0
57267        1.2
57268        1.3
57269        0.4
57270        1.0
57271        1.3
57272        1.0
57273        1.1
57274        0.4
57275        0.0
57276       -0.1
57277        0.2
57278        0.1
57279        0.5
57280        0.2
57281       -0.0
57282        0.0
57283        0.1
57284       -0.6
57285       -0.4
57286        2.3
57287        1.5
57288        2.1
57289        1.6
57290        1.4
57291        1.8
57292        1.5
57293        1.5
57294        2.4
57295        1.8
57296        2.0
57297        1.5
57298        1.5
57299        2.0
57300        2.8
57301        3.7
57302        3.9
57303        3.2
57304        3.6
57305        4.2
57306        4.2
57307        4.1
57308        3.9
57309        4.0
57310        3.5
57311        3.6
57312        3.5
57313        3.1
57314        1.2
57315        0.9
57316        0.5
57317        0.7
57318        0.9
57319        0.8
57320        0.7
57321        0.4
57322        0.5
57323        0.1
57324        0.4
57325        0.0
57326       -0.7
57327       -0.3
57328        0.5
57329       -0.2
57330        0.5
57331        0.6
57332        0.3
57333        0.3
57334        0.3
57335        0.8
57336        1.7
57337        1.5
57338        1.8
57339        1.5
57340        1.1
57341        1.0
57342        1.2
57343        1.3
57344        0.7
57345        0.8
57346        0.7
57347        0.9
57348        0.6
57349        0.4
57350        0.3
57351        1.1
57352        0.3
57353       -0.2
57354        0.0
57355        0.9
57356        1.0
57357        1.6
57358        2.0
57359        1.9
57360        0.8
57361        0.6
57362        0.8
57363       -1.5
57364       -1.0
57365       -2.4
57366       -2.0
57367       -1.7
57368       -1.5
57369       -1.7
57370       -1.5
57371       -1.4
57372       -1.1
57373       -1.5
57374       -1.2
57375       -0.9
57376       -1.2
57377        0.6
57378        1.6
57379        1.0
57380        1.8
57381        2.2
57382        1.7
57383        1.8
57384        2.5
57385        1.9
57386        2.4
57387        3.1
57388        2.7
57389        3.4
57390        3.5
57391        1.4
57392        2.0
57393        2.0
57394        1.1
57395        2.3
57396        2.6
57397        3.1
57398        3.0
57399        2.6
57400        3.6
57401        3.6
57402        3.9
57403        3.8
57404        3.4
57405        2.4
57406        1.7
57407        1.7
57408        3.0
57409        2.1
57410        2.7
57411        2.1
57412        3.0
57413        3.4
57414        3.3
57415        3.3
57416        3.2
57417        3.0
57418        3.2
57419        3.9
57420        3.8
57421        3.2
57422        3.9
57423        2.7
57424        3.8
57425        3.5
57426        0.6
57427        0.5
57428        0.3
57429       -0.0
57430        0.6
57431       -0.2
57432        1.0
57433        0.0
57434        0.8
57435        0.8
57436        0.8
57437        1.0
57438        1.2
57439        1.7
57440        1.2
57441        1.5
57442        1.2
57443        1.4
57444        1.3
57445        0.8
57446        0.3
57447       -0.3
57448        0.9
57449        0.8
57450        0.2
57451        0.8
57452       -0.1
57453        0.8
57454        1.5
57455        1.2
57456        0.7
57457        1.5
57458        0.6
57459        0.6
57460       -0.0
57461        1.8
57462        1.7
57463        2.2
57464        1.8
57465        1.9
57466        2.5
57467        1.9
57468        1.6
57469        1.6
57470        2.0
57471        1.9
57472        1.9
57473        1.8
57474        2.3
57475        1.7
57476        1.6
57477        1.9
57478        1.7
57479        2.0
57480        2.5
57481        2.9
57482        6.1
57483        6.3
57484        5.7
57485        5.3
57486        5.6
57487        5.9
57488        4.2
57489        5.6
57490        5.6
57491        4.9
57492        5.2
57493        5.8
57494        4.7
57495        5.2
57496        3.5
57497        3.5
57498        3.9
57499        3.5
57500        2.7
57501        3.3
57502        3.3
57503        2.5
57504        2.2
57505        2.9
57506        1.9
57507        1.8
57508        1.9
57509        2.9
57510        0.7
57511       -0.4
57512       -0.2
57513       -0.4
57514        0.2
57515       -0.2
57516       -0.5
57517       -1.4
57518       -1.1
57519       -1.7
57520       -2.0
57521       -1.7
57522       -1.7
57523       -1.6
57524       -1.4
57525       -1.3
57526       -0.7
57527       -1.9
57528       -1.7
57529       -1.4
57530       -1.2
57531        0.1
57532       -0.4
57533       -0.7
57534       -0.7
57535       -0.4
57536       -0.7
57537       -0.9
57538        0.4
57539       -0.4
57540        0.2
57541        0.0
57542        0.1
57543        0.0
57544        0.6
57545       -0.8
57546       -1.4
57547       -0.8
57548       -2.3
57549       -0.9
57550       -1.3
57551       -1.0
57552       -0.1
57553       -0.9
57554       -0.9
57555       -1.2
57556       -0.8
57557       -0.6
57558       -0.2
57559        0.7
57560        0.9
57561        2.1
57562        1.1
57563        1.8
57564        0.9
57565        1.3
57566        0.3
57567        1.0
57568        1.3
57569        1.3
57570        1.6
57571        1.2
57572        1.4
57573        3.2
57574        4.2
57575        4.6
57576        4.4
57577        4.5
57578        4.7
57579        5.4
57580        4.7
57581        5.2
57582        5.5
57583        5.0
57584        5.2
57585        4.6
57586        5.7
57587        6.2
57588        6.5
57589        6.3
57590        6.5
57591        7.6
57592        7.5
57593        7.4
57594        6.2
57595        7.2
57596        6.8
57597        6.6
57598        6.8
57599        7.1
57600        7.6
57601        9.0
57602        8.8
57603        8.6
57604        9.9
57605        9.4
57606        9.4
57607        9.4
57608        6.9
57609        6.8
57610        7.1
57611        6.9
57612        6.9
57613        6.6
57614        6.5
57615        6.1
57616        5.6
57617        5.0
57618        4.7
57619        4.1
57620        3.9
57621        3.2
57622        3.6
57623        3.0
57624        3.5
57625        3.7
57626        3.9
57627        3.3
57628        4.5
57629        4.9
57630        4.1
57631        4.0
57632        4.6
57633        4.4
57634        4.0
57635        4.4
57636       -0.3
57637        0.5
57638        0.4
57639        0.0
57640        0.2
57641       -0.8
57642       -0.9
57643       -0.8
57644       -0.4
57645       -0.5
57646       -0.7
57647       -0.8
57648       -0.4
57649       -0.5
57650        0.9
57651        1.2
57652        0.7
57653        0.7
57654        1.0
57655        1.5
57656        1.3
57657        1.7
57658        1.8
57659        1.7
57660        1.7
57661        1.4
57662        1.4
57663        1.4
57664        1.7
57665        2.1
57666        2.3
57667        2.7
57668        2.6
57669        2.9
57670        2.7
57671        2.1
57672        1.5
57673        1.9
57674        2.5
57675        2.5
57676        2.2
57677        2.6
57678        3.7
57679        3.3
57680        3.0
57681        3.2
57682        2.9
57683        2.7
57684        2.5
57685        3.1
57686        2.7
57687        3.0
57688        3.4
57689        3.2
57690        2.9
57691        2.9
57692        2.9
57693        2.5
57694        1.9
57695        2.2
57696        2.3
57697        2.1
57698        2.6
57699        3.5
57700        4.1
57701        4.0
57702        3.9
57703        3.7
57704        4.1
57705        4.1
57706        4.9
57707        5.2
57708        5.0
57709        4.8
57710        4.3
57711        3.8
57712        3.8
57713        3.8
57714        3.9
57715        3.8
57716        3.1
57717        3.2
57718        3.4
57719        3.7
57720        2.2
57721        1.8
57722        1.8
57723        1.8
57724        1.1
57725        1.2
57726        0.9
57727       -0.9
57728       -1.0
57729       -1.0
57730       -1.6
57731       -1.6
57732       -1.5
57733       -2.3
57734       -0.9
57735       -1.0
57736       -0.6
57737       -1.3
57738       -1.3
57739       -1.5
57740       -1.2
57741       -3.6
57742       -4.1
57743       -4.8
57744       -4.5
57745       -5.4
57746       -5.2
57747       -5.2
57748       -6.1
57749       -6.6
57750       -6.3
57751       -6.9
57752       -6.7
57753       -6.6
57754       -6.7
57755       -7.6
57756       -7.1
57757       -6.9
57758       -6.8
57759       -6.9
57760       -6.9
57761       -6.9
57762       -7.7
57763       -7.7
57764       -7.3
57765       -7.0
57766       -6.5
57767       -6.5
57768       -6.8
57769       -5.4
57770       -5.1
57771       -4.9
57772       -4.8
57773       -3.8
57774       -3.6
57775       -3.4
57776       -4.6
57777       -4.1
57778       -4.0
57779       -3.4
57780       -3.6
57781       -3.2
57782       -3.2
57783       -2.0
57784       -2.3
57785       -2.0
57786       -1.9
57787       -1.9
57788       -1.4
57789       -1.1
57790       -2.1
57791       -2.2
57792       -1.9
57793       -2.7
57794       -2.3
57795       -1.9
57796       -1.8
57797       -1.7
57798       -1.4
57799       -0.8
57800        2.0
57801        2.1
57802        2.2
57803        1.9
57804        1.0
57805        1.1
57806        1.2
57807        1.8
57808        1.2
57809        1.5
57810        1.7
57811        1.8
57812        1.6
57813        1.4
57814        0.6
57815        0.9
57816        1.1
57817        0.6
57818       -3.3
57819       -3.3
57820       -3.7
57821       -3.9
57822       -3.5
57823       -4.1
57824       -4.6
57825       -4.8
57826       -5.1
57827       -5.3
57828       -5.7
57829       -5.4
57830       -5.9
57831       -5.8
57832       -5.1
57833       -5.1
57834       -6.0
57835       -5.5
57836       -5.3
57837       -5.7
57838       -5.9
57839       -6.5
57840       -6.1
57841       -5.7
57842       -5.0
57843       -5.0
57844       -5.2
57845       -4.8
57846        1.4
57847        1.8
57848        2.0
57849        2.3
57850        2.7
57851        3.2
57852        4.3
57853        4.8
57854        5.2
57855        5.8
57856        6.0
57857        6.3
57858        6.9
57859        6.6
57860        8.2
57861        8.0
57862        8.1
57863        8.5
57864        8.7
57865        8.7
57866        9.2
57867        7.9
57868        7.7
57869        7.4
57870        7.2
57871        7.2
57872        7.1
57873        6.8
57874        7.3
57875        7.4
57876        7.6
57877        7.2
57878        7.2
57879        7.6
57880        7.9
57881        0.3
57882       -0.0
57883       -0.1
57884       -0.3
57885       -0.4
57886       -0.6
57887       -0.6
57888       -1.9
57889       -2.6
57890       -2.3
57891       -2.4
57892       -2.6
57893       -2.8
57894       -2.8
57895       -3.8
57896       -3.9
57897       -3.6
57898       -4.3
57899       -4.2
57900       -4.2
57901       -4.2
57902       -3.5
57903       -3.5
57904       -3.5
57905       -4.4
57906       -4.3
57907       -4.1
57908       -4.1
57909       -4.1
57910       -4.0
57911       -3.8
57912       -4.3
57913       -4.1
57914       -4.3
57915       -4.7
57916       -2.9
57917       -3.4
57918       -3.1
57919       -2.9
57920       -2.6
57921       -2.9
57922       -2.8
57923       -4.9
57924       -5.0
57925       -5.4
57926       -5.2
57927       -5.2
57928       -5.4
57929       -5.3
57930       -3.5
57931       -3.7
57932       -3.8
57933       -3.9
57934       -4.9
57935       -5.0
57936       -4.5
57937       -8.4
57938       -7.9
57939       -7.8
57940       -7.5
57941       -7.5
57942       -7.7
57943       -7.6
57944       -6.4
57945       -6.9
57946       -6.4
57947       -7.0
57948       -6.7
57949       -6.0
57950       -5.6
57951       -5.2
57952       -5.6
57953       -5.1
57954       -4.2
57955       -4.0
57956       -2.9
57957       -2.8
57958       -0.9
57959       -0.8
57960       -0.8
57961       -0.6
57962       -0.3
57963       -0.1
57964       -0.0
57965        0.3
57966        0.8
57967        1.3
57968        1.2
57969        1.8
57970        2.6
57971        2.6
57972        3.6
57973        4.1
57974        4.3
57975        4.5
57976        4.4
57977        4.9
57978        4.7
57979        5.1
57980        5.3
57981        5.4
57982        5.2
57983        5.5
57984        5.5
57985        5.0
57986        5.1
57987        5.3
57988        5.0
57989        5.1
57990        5.6
57991        5.6
57992        5.5
57993        5.1
57994        5.4
57995        5.8
57996        5.6
57997        5.3
57998        4.7
57999        4.8
58000        4.9
58001        4.9
58002        5.1
58003        5.2
58004        5.5
58005        5.1
58006        5.0
58007        5.0
58008        4.9
58009        4.9
58010        5.0
58011        5.0
58012        4.8
58013        4.6
58014        4.3
58015        4.3
58016        4.4
58017        4.2
58018        3.8
58019        4.2
58020        3.7
58021        3.6
58022        3.3
58023        3.1
58024        2.4
58025        2.4
58026        2.3
58027        2.0
58028        1.1
58029        1.0
58030        0.7
58031        0.6
58032        0.5
58033        0.7
58034        0.5
58035       -0.0
58036        0.2
58037        0.0
58038       -0.6
58039       -0.1
58040       -0.2
58041       -0.3
58042       -0.5
58043       -0.8
58044       -1.4
58045       -1.3
58046       -1.5
58047       -1.5
58048       -1.2
58049       -1.4
58050       -1.6
58051       -1.5
58052       -1.6
58053       -1.6
58054       -1.9
58055       -1.8
58056       -1.9
58057       -2.1
58058       -2.0
58059       -1.9
58060       -1.6
58061       -2.1
58062       -2.3
58063       -3.0
58064       -3.2
58065       -3.2
58066       -3.7
58067       -3.8
58068       -4.0
58069       -4.0
58070       -4.2
58071       -4.4
58072       -4.2
58073       -4.0
58074       -4.2
58075       -4.6
58076       -4.3
58077       -4.7
58078       -4.0
58079       -3.9
58080       -4.2
58081       -4.0
58082       -4.2
58083       -4.7
58084       -4.5
58085       -4.3
58086       -4.5
58087       -4.2
58088       -4.0
58089       -4.5
58090       -3.9
58091       -3.0
58092       -2.2
58093       -1.8
58094       -1.8
58095       -1.8
58096       -2.2
58097       -1.7
58098       -2.0
58099       -1.8
58100       -1.8
58101       -1.8
58102       -1.3
58103       -1.1
58104       -1.1
58105       -1.1
58106       -1.1
58107       -1.1
58108       -1.2
58109       -1.0
58110       -0.7
58111       -0.7
58112       -0.8
58113       -1.1
58114       -1.6
58115       -1.6
58116       -1.6
58117       -1.6
58118       -1.6
58119       -0.4
58120       -0.4
58121       -1.0
58122       -0.8
58123       -0.3
58124       -0.5
58125       -0.0
58126       -0.8
58127       -0.8
58128       -0.8
58129       -0.6
58130       -0.3
58131       -0.7
58132       -0.7
58133       -0.5
58134       -0.4
58135       -0.5
58136       -0.4
58137       -0.3
58138       -0.4
58139       -0.3
58140        0.1
58141        0.3
58142        0.6
58143        0.6
58144       -0.0
58145        0.1
58146        0.2
58147       -0.0
58148       -0.5
58149       -0.4
58150       -0.2
58151       -0.6
58152       -0.3
58153       -0.7
58154        0.9
58155        1.0
58156        0.7
58157        0.3
58158        0.4
58159        0.9
58160        0.9
58161        1.1
58162        1.1
58163        0.8
58164        1.0
58165        0.9
58166        1.8
58167        1.5
58168        1.3
58169        1.7
58170        1.4
58171        1.3
58172        1.6
58173        1.8
58174        1.3
58175        1.5
58176        1.8
58177        1.3
58178        1.6
58179        1.1
58180        1.2
58181        1.5
58182        1.2
58183        1.1
58184        1.1
58185        0.8
58186        0.8
58187        1.0
58188        1.0
58189        0.8
58190        0.7
58191        1.2
58192        1.1
58193        1.8
58194        1.4
58195        1.3
58196        1.5
58197        1.4
58198        1.5
58199        1.6
58200        1.8
58201        2.0
58202        2.1
58203        2.0
58204        1.9
58205        2.4
58206        2.3
58207        2.0
58208        2.1
58209        2.3
58210        2.1
58211        2.3
58212        2.3
58213        2.2
58214        1.8
58215        2.3
58216        2.1
58217        0.7
58218        1.0
58219        1.0
58220        1.2
58221        1.2
58222        0.6
58223        0.5
58224       -0.2
58225       -0.4
58226        0.2
58227        0.3
58228        0.6
58229        0.3
58230        0.3
58231        0.5
58232        0.7
58233        0.3
58234       -0.1
58235       -0.3
58236       -0.7
58237        0.1
58238       -0.1
58239       -0.7
58240        0.3
58241       -1.0
58242       -1.1
58243       -1.1
58244       -0.8
58245        0.2
58246        0.3
58247        0.3
58248        0.6
58249        0.6
58250        0.2
58251        0.6
58252        0.2
58253       -0.4
58254       -0.6
58255       -0.7
58256       -0.6
58257       -0.8
58258       -0.8
58259        0.3
58260        0.3
58261        0.0
58262       -0.1
58263       -0.1
58264       -0.2
58265       -0.0
58266        0.0
58267       -0.2
58268       -0.0
58269       -0.1
58270        0.4
58271       -0.1
58272       -0.1
58273        2.1
58274        2.3
58275        2.8
58276        3.0
58277        2.8
58278        3.2
58279        3.2
58280        2.8
58281        2.6
58282        2.9
58283        2.6
58284        3.2
58285        2.9
58286        3.1
58287        3.1
58288        3.0
58289        3.4
58290        3.3
58291        2.8
58292        2.8
58293        3.1
58294        2.8
58295        2.7
58296        2.6
58297        2.4
58298        2.3
58299        2.4
58300        1.7
58301        1.9
58302        2.1
58303        2.2
58304        2.1
58305        2.0
58306        1.8
58307        1.6
58308        1.1
58309        0.9
58310        0.5
58311        1.0
58312        0.7
58313        0.5
58314       -0.0
58315       -0.1
58316       -0.3
58317       -0.4
58318       -0.5
58319       -0.7
58320       -0.5
58321       -0.3
58322       -0.0
58323        0.0
58324        0.3
58325        0.5
58326        0.2
58327        0.4
58328        0.3
58329        1.6
58330        1.6
58331        1.9
58332        1.8
58333        2.0
58334        1.7
58335        2.0
58336        0.7
58337        0.3
58338        0.6
58339        0.6
58340        0.6
58341        0.7
58342        0.5
58343        0.3
58344        0.2
58345        0.1
58346       -0.1
58347       -0.1
58348       -0.2
58349       -0.3
58350       -0.7
58351       -0.7
58352       -0.3
58353       -0.6
58354       -0.9
58355       -1.1
58356       -1.1
58357       -1.1
58358       -1.3
58359       -1.6
58360       -1.3
58361       -1.4
58362       -1.4
58363       -1.0
58364       -0.2
58365       -0.4
58366       -0.2
58367       -0.1
58368       -0.0
58369       -0.2
58370       -0.1
58371       -0.1
58372        0.1
58373       -0.2
58374       -0.1
58375        0.1
58376       -0.3
58377       -0.4
58378       -0.4
58379       -0.5
58380       -0.6
58381       -0.5
58382       -0.5
58383       -0.4
58384       -0.8
58385       -0.2
58386       -0.0
58387       -0.3
58388        0.2
58389       -0.0
58390        0.1
58391       -0.2
58392       -1.5
58393       -1.5
58394       -1.4
58395       -1.0
58396       -1.2
58397       -1.7
58398       -1.6
58399       -2.0
58400       -1.7
58401       -1.9
58402       -2.1
58403       -2.1
58404       -2.3
58405       -2.6
58406       -2.5
58407       -2.2
58408       -2.5
58409       -2.5
58410       -3.0
58411       -2.9
58412       -2.4
58413       -2.7
58414       -2.7
58415       -2.2
58416       -2.4
58417       -2.3
58418       -2.4
58419       -2.9
58420       -3.7
58421       -4.0
58422       -4.1
58423       -4.2
58424       -3.7
58425       -4.3
58426       -4.2
58427       -3.2
58428       -3.5
58429       -3.7
58430       -3.6
58431       -3.4
58432       -3.6
58433       -3.8
58434       -3.5
58435       -3.2
58436       -3.4
58437       -3.5
58438       -3.5
58439       -3.3
58440       -3.7
58441       -3.4
58442       -3.6
58443       -3.3
58444       -3.3
58445       -2.9
58446       -3.3
58447       -3.0
58448       -3.1
58449       -3.5
58450       -3.8
58451       -3.4
58452       -3.2
58453       -3.6
58454       -3.3
58455       -2.2
58456       -2.4
58457       -2.5
58458       -2.3
58459       -1.8
58460       -1.6
58461       -1.7
58462       -1.7
58463       -1.4
58464       -1.4
58465       -1.6
58466       -1.6
58467       -1.7
58468       -1.2
58469       -1.2
58470       -1.0
58471       -1.1
58472       -1.0
58473       -1.3
58474       -1.1
58475       -0.9
58476       -0.9
58477       -1.0
58478       -0.7
58479       -0.9
58480       -0.8
58481       -1.1
58482       -1.1
58483       -1.2
58484       -1.4
58485       -1.1
58486       -1.8
58487       -1.8
58488       -1.3
58489       -1.7
58490       -0.7
58491       -0.6
58492       -0.9
58493       -0.6
58494       -0.4
58495       -0.1
58496       -0.2
58497       -0.1
58498        0.4
58499        0.1
58500       -0.0
58501       -0.0
58502        0.4
58503        0.0
58504        0.2
58505        0.3
58506       -0.0
58507       -0.0
58508        1.0
58509        1.1
58510        1.2
58511        1.0
58512        1.2
58513        1.4
58514        1.4
58515        1.5
58516        1.5
58517        1.4
58518       -2.4
58519       -1.9
58520       -2.3
58521       -2.1
58522       -2.2
58523       -2.2
58524       -2.1
58525       -2.2
58526       -2.2
58527       -1.8
58528       -1.8
58529       -1.7
58530       -1.8
58531       -1.4
58532       -1.3
58533       -1.2
58534       -1.3
58535       -0.9
58536       -0.7
58537       -0.8
58538       -0.9
58539       -1.1
58540       -0.7
58541       -0.7
58542       -0.5
58543       -0.4
58544       -0.1
58545       -0.2
58546       -0.7
58547       -1.0
58548       -0.7
58549       -0.9
58550       -1.2
58551       -1.1
58552       -0.7
58553       -1.1
58554       -0.9
58555       -0.8
58556       -1.0
58557       -1.2
58558       -1.1
58559       -1.0
58560       -1.8
58561       -1.5
58562       -1.4
58563       -1.2
58564       -1.3
58565       -1.4
58566       -1.5
58567       -1.5
58568       -1.6
58569       -1.6
58570       -2.0
58571       -1.6
58572       -2.0
58573       -1.7
58574       -1.3
58575       -1.6
58576       -1.1
58577       -0.9
58578       -0.8
58579       -0.5
58580       -0.3
58581        0.5
58582        0.9
58583        0.3
58584        0.6
58585        1.2
58586        1.1
58587        1.4
58588        1.2
58589        1.5
58590        1.4
58591        1.7
58592        1.7
58593        1.8
58594        1.8
58595        2.1
58596        2.1
58597        2.3
58598        2.1
58599        2.5
58600        2.6
58601        2.6
58602        2.5
58603        2.6
58604        3.2
58605        3.1
58606        3.0
58607        3.4
58608        3.0
58609        1.2
58610        1.2
58611        1.0
58612        0.8
58613        0.8
58614        1.1
58615        1.1
58616        0.8
58617        0.8
58618        1.0
58619        1.0
58620        1.2
58621        1.1
58622        1.1
58623        0.9
58624        1.0
58625        1.2
58626        0.8
58627        0.9
58628        1.0
58629        0.7
58630        1.1
58631        0.6
58632        0.4
58633        0.3
58634        0.7
58635        0.6
58636        0.8
58637        0.7
58638        0.7
58639        0.7
58640        0.6
58641        0.5
58642        0.6
58643        0.4
58644        0.7
58645        0.9
58646        0.9
58647        0.8
58648        0.6
58649        0.7
58650        0.7
58651        0.9
58652        0.7
58653        1.1
58654        1.0
58655        0.6
58656        0.2
58657        0.3
58658        0.5
58659        0.5
58660        0.3
58661        0.4
58662        0.2
58663        0.2
58664        0.3
58665        0.6
58666        0.5
58667        0.2
58668        0.3
58669        0.6
58670        0.4
58671        0.3
58672        0.6
58673        0.4
58674        0.4
58675        0.4
58676        0.5
58677        0.3
58678        0.3
58679        0.3
58680        0.2
58681       -0.2
58682       -0.2
58683        0.1
58684       -0.1
58685       -0.5
58686       -0.2
58687       -0.2
58688       -0.6
58689       -0.8
58690       -0.9
58691       -0.7
58692       -0.7
58693       -0.0
58694       -0.3
58695       -0.4
58696       -0.4
58697       -0.6
58698       -0.6
58699       -0.4
58700       -0.2
58701       -0.3
58702       -0.1
58703       -0.2
58704       -0.3
58705       -0.0
58706        0.2
58707       -0.0
58708       -0.1
58709       -0.3
58710       -0.4
58711       -0.1
58712       -0.1
58713       -0.0
58714        0.0
58715        0.4
58716       -0.0
58717       -0.4
58718        0.3
58719       -0.0
58720        0.3
58721        0.3
58722       -0.2
58723        0.3
58724       -0.0
58725        0.1
58726       -0.1
58727        0.0
58728       -0.3
58729       -0.3
58730       -0.2
58731       -0.4
58732       -0.4
58733       -0.4
58734       -0.4
58735       -1.2
58736       -1.3
58737       -1.3
58738       -1.1
58739       -1.1
58740       -1.1
58741       -1.0
58742       -1.0
58743       -1.2
58744       -1.2
58745       -1.3
58746       -1.0
58747       -1.0
58748       -1.1
58749       -0.6
58750       -0.3
58751       -0.6
58752       -0.6
58753       -0.4
58754       -0.6
58755       -0.5
58756       -0.6
58757       -0.7
58758       -0.6
58759       -0.8
58760       -0.5
58761       -0.2
58762       -0.0
58763        0.5
58764        0.7
58765        0.5
58766        0.4
58767        0.4
58768        0.6
58769        0.5
58770        0.7
58771        0.5
58772        0.7
58773        0.6
58774        0.8
58775        0.6
58776        0.8
58777        0.8
58778        1.3
58779        1.1
58780        1.2
58781        1.2
58782        1.2
58783        0.8
58784        1.0
58785        1.0
58786        1.1
58787        1.1
58788        0.9
58789        1.3
58790        1.2
58791        1.5
58792        1.6
58793        2.0
58794        1.9
58795        1.9
58796        2.0
58797        1.5
58798        1.7
58799        1.9
58800        2.0
58801        1.8
58802        1.9
58803        1.9
58804        2.0
58805        1.5
58806        1.7
58807        1.6
58808        2.0
58809        1.9
58810        1.8
58811        1.8
58812        1.6
58813        1.7
58814        1.3
58815        1.5
58816        1.2
58817        1.1
58818        1.5
58819        2.6
58820        2.5
58821        2.4
58822        2.1
58823        2.3
58824        2.3
58825        2.4
58826        2.5
58827        2.4
58828        2.4
58829        2.2
58830        2.3
58831        2.4
58832        2.1
58833        2.0
58834        2.2
58835        1.8
58836        1.9
58837        1.9
58838        1.6
58839        1.4
58840        1.2
58841        1.1
58842        1.0
58843        1.0
58844        0.9
58845        0.9
58846        0.8
58847        1.1
58848        1.1
58849        0.9
58850        0.8
58851        0.6
58852        0.9
58853        0.9
58854        1.8
58855        1.7
58856        1.7
58857        1.8
58858        1.9
58859        1.4
58860        1.6
58861        1.3
58862        1.4
58863        1.4
58864        0.9
58865        1.0
58866        0.9
58867        0.9
58868        0.7
58869        0.9
58870        0.8
58871        1.0
58872        0.6
58873        0.7
58874        0.4
58875        0.2
58876        0.1
58877       -0.2
58878       -0.3
58879       -0.3
58880       -0.4
58881       -0.9
58882        1.7
58883        1.9
58884        1.6
58885        1.7
58886        1.7
58887        1.5
58888        1.0
58889        1.0
58890        1.0
58891        1.4
58892        1.3
58893        1.2
58894        1.3
58895        1.2
58896        1.1
58897        1.4
58898        1.0
58899        1.0
58900        0.8
58901        0.9
58902        0.9
58903        1.0
58904        0.8
58905        0.8
58906        0.8
58907        0.7
58908        0.5
58909        0.5
58910        0.4
58911        0.4
58912        0.2
58913        0.1
58914       -0.0
58915        0.0
58916        0.2
58917        0.3
58918       -0.0
58919        0.2
58920        0.5
58921        0.7
58922        0.7
58923        1.1
58924        0.3
58925        0.7
58926        0.5
58927        0.3
58928        0.7
58929        0.6
58930        0.5
58931        0.3
58932        0.3
58933        0.3
58934        0.4
58935        0.5
58936        0.5
58937        0.9
58938        0.4
58939        0.6
58940        0.8
58941        0.8
58942        0.7
58943        0.6
58944        0.7
58945        0.3
58946        0.5
58947        0.5
58948        0.6
58949        0.7
58950        0.8
58951        0.8
58952        0.4
58953        0.5
58954        0.9
58955        1.1
58956        0.9
58957        1.1
58958        0.9
58959        1.0
58960        1.0
58961        1.1
58962        1.0
58963        1.1
58964        1.2
58965        1.4
58966        1.4
58967        1.5
58968        1.5
58969        1.6
58970        1.3
58971        1.6
58972        1.2
58973       -0.2
58974       -0.3
58975       -0.2
58976        0.1
58977        0.3
58978        0.0
58979       -0.0
58980        0.3
58981       -0.2
58982       -0.0
58983       -0.0
58984       -0.1
58985       -0.1
58986       -0.3
58987        0.0
58988        0.3
58989        0.3
58990        0.1
58991        0.2
58992        0.3
58993        0.2
58994       -0.3
58995       -0.2
58996       -0.3
58997       -0.3
58998       -0.6
58999       -0.6
59000       -0.5
59001       -0.1
59002        0.0
59003       -0.2
59004       -0.1
59005       -0.1
59006        0.0
59007       -0.3
59008       -0.1
59009        0.0
59010        0.1
59011        0.3
59012        0.4
59013        0.5
59014        0.9
59015        0.4
59016        0.3
59017        0.6
59018        0.7
59019        0.7
59020        0.7
59021        0.5
59022        1.4
59023        1.1
59024        1.0
59025        1.3
59026        1.2
59027        1.1
59028        1.8
59029        1.6
59030        1.8
59031        1.6
59032        1.6
59033        1.6
59034        1.7
59035        1.9
59036        1.1
59037        1.4
59038        1.3
59039        1.4
59040        1.8
59041        1.4
59042        1.1
59043        1.4
59044        2.0
59045        1.7
59046        1.7
59047        1.8
59048        1.8
59049        1.8
59050        1.7
59051        1.7
59052        2.1
59053        2.3
59054        2.2
59055        2.2
59056        2.0
59057        1.9
59058        2.1
59059        1.9
59060        2.4
59061        2.8
59062        2.8
59063        3.0
59064        2.5
59065        2.3
59066        2.7
59067        2.0
59068        2.6
59069        2.4
59070        2.1
59071        2.6
59072        2.4
59073        2.4
59074        2.6
59075        2.6
59076        2.8
59077        2.3
59078        2.0
59079        2.5
59080        2.3
59081        2.2
59082        2.3
59083        2.0
59084        2.1
59085        1.9
59086        1.9
59087        1.9
59088        2.2
59089        2.0
59090        2.0
59091        1.5
59092        1.5
59093        1.5
59094        1.5
59095        1.4
59096        1.7
59097        1.9
59098        2.0
59099       -0.3
59100       -0.3
59101        0.3
59102       -0.3
59103        0.1
59104       -0.4
59105       -0.4
59106       -0.1
59107       -0.2
59108       -0.2
59109       -0.8
59110       -0.6
59111       -0.7
59112       -0.6
59113       -0.7
59114       -1.0
59115       -0.7
59116       -0.8
59117       -0.9
59118       -1.0
59119       -1.1
59120       -1.2
59121       -1.3
59122       -1.0
59123       -1.0
59124       -1.1
59125       -1.3
59126       -1.5
59127       -2.0
59128       -2.1
59129       -2.2
59130       -2.2
59131       -2.0
59132       -2.8
59133       -2.5
59134       -2.5
59135       -2.6
59136       -2.4
59137       -2.5
59138       -2.2
59139       -2.0
59140       -2.6
59141       -2.1
59142       -2.2
59143       -2.0
59144       -2.2
59145       -2.3
59146       -2.3
59147       -2.2
59148       -2.4
59149       -2.4
59150       -2.6
59151       -2.6
59152       -2.2
59153       -2.2
59154       -2.3
59155       -1.7
59156       -1.7
59157       -1.8
59158       -1.8
59159       -1.3
59160       -1.6
59161       -1.7
59162       -1.5
59163       -1.5
59164       -1.5
59165       -1.5
59166       -1.6
59167       -1.6
59168       -1.5
59169       -1.4
59170       -1.4
59171       -1.0
59172       -1.4
59173       -1.3
59174       -1.4
59175       -1.2
59176       -1.3
59177       -1.5
59178       -1.4
59179       -1.4
59180       -1.7
59181       -2.0
59182       -2.3
59183       -1.6
59184       -1.5
59185       -1.2
59186       -1.4
59187       -1.3
59188       -1.3
59189       -1.0
59190       -2.1
59191       -2.2
59192       -2.0
59193       -1.8
59194       -1.8
59195       -1.6
59196       -1.9
59197       -1.9
59198       -1.6
59199       -1.5
59200       -1.5
59201       -1.3
59202       -1.4
59203       -1.3
59204       -1.4
59205       -1.2
59206       -0.8
59207       -0.9
59208       -0.9
59209       -0.6
59210       -0.5
59211       -0.7
59212       -0.6
59213       -0.6
59214       -0.5
59215       -0.4
59216       -0.2
59217        0.1
59218       -0.8
59219       -0.6
59220       -0.6
59221       -0.7
59222       -0.5
59223       -0.6
59224       -0.5
59225       -0.3
59226       -0.4
59227       -0.5
59228       -0.4
59229        0.2
59230        0.2
59231        0.5
59232        0.4
59233       -0.1
59234       -0.2
59235       -0.2
59236       -0.5
59237       -0.3
59238       -0.5
59239       -0.8
59240       -0.7
59241       -0.4
59242       -0.6
59243       -0.5
59244       -0.0
59245       -0.0
59246        0.2
59247        0.3
59248        0.5
59249        0.7
59250        0.9
59251        0.9
59252        1.3
59253        0.1
59254       -0.0
59255       -0.1
59256       -0.2
59257       -0.2
59258       -0.0
59259        0.2
59260        0.1
59261        0.0
59262        0.1
59263        0.2
59264        0.3
59265        0.3
59266        0.3
59267        0.3
59268        0.9
59269        1.0
59270        1.0
59271        1.1
59272        1.5
59273        1.4
59274        0.9
59275        1.1
59276        1.4
59277        1.3
59278        1.6
59279        1.6
59280        1.6
59281        1.8
59282        1.6
59283        1.7
59284        1.3
59285        1.3
59286        1.6
59287        1.2
59288        1.7
59289        1.7
59290        1.9
59291        2.3
59292        2.4
59293        2.4
59294        2.5
59295        2.5
59296        2.6
59297        2.7
59298        2.6
59299        2.8
59300        2.8
59301        2.8
59302        3.0
59303        2.7
59304        2.6
59305        2.9
59306        3.0
59307        2.9
59308        3.1
59309        2.6
59310        2.4
59311        2.4
59312        2.5
59313        2.5
59314        2.5
59315        2.5
59316        2.4
59317        2.4
59318        2.3
59319        2.2
59320        2.1
59321        2.1
59322        2.2
59323        2.0
59324        2.0
59325        1.9
59326        1.8
59327        1.9
59328        1.8
59329        2.0
59330        2.1
59331        1.9
59332        1.8
59333        1.7
59334        1.7
59335        1.8
59336        1.8
59337        1.9
59338        2.3
59339        2.3
59340        2.0
59341        2.0
59342        2.0
59343        2.2
59344        2.1
59345        2.3
59346        2.0
59347        1.8
59348        1.8
59349        1.6
59350        1.5
59351        1.6
59352        1.9
59353        2.0
59354        1.7
59355        1.6
59356        1.7
59357        1.7
59358        1.6
59359        1.7
59360        1.4
59361        1.2
59362        1.1
59363        1.3
59364        1.3
59365        1.5
59366        1.3
59367        1.2
59368        1.2
59369        1.2
59370        1.1
59371        1.1
59372        1.6
59373        1.5
59374        1.5
59375        1.5
59376        1.5
59377        1.6
59378        1.5
59379        1.4
59380        1.1
59381        1.2
59382        1.2
59383        0.9
59384        1.2
59385        1.3
59386        1.2
59387        1.1
59388        0.9
59389        0.9
59390        0.9
59391        0.7
59392        0.7
59393        0.5
59394        0.6
59395        0.7
59396        0.5
59397        0.6
59398        0.4
59399        0.3
59400        0.7
59401        0.9
59402        0.8
59403        0.7
59404        0.8
59405        0.7
59406        0.5
59407        1.2
59408        0.8
59409        0.9
59410        0.9
59411        1.0
59412        0.9
59413        1.1
59414        0.8
59415        1.0
59416        1.3
59417        1.3
59418        1.2
59419        1.2
59420        1.4
59421        1.3
59422        1.4
59423        1.5
59424        1.2
59425        1.1
59426        1.5
59427        1.6
59428        0.3
59429        0.1
59430        0.4
59431        0.3
59432        0.1
59433       -0.3
59434       -0.2
59435        0.1
59436       -0.1
59437       -0.3
59438       -0.1
59439        0.4
59440        0.1
59441        0.0
59442       -0.2
59443       -0.4
59444       -0.1
59445       -0.6
59446       -0.6
59447       -0.6
59448       -0.5
59449       -0.5
59450       -0.7
59451       -0.5
59452       -1.2
59453       -1.4
59454       -1.2
59455       -1.0
59456       -1.2
59457       -1.4
59458       -1.1
59459       -1.0
59460       -0.7
59461       -0.9
59462       -1.3
59463       -1.1
59464       -1.4
59465       -1.6
59466       -1.9
59467       -1.9
59468       -1.7
59469       -1.9
59470       -2.1
59471       -1.9
59472       -1.8
59473       -1.5
59474       -1.7
59475       -1.6
59476       -1.4
59477       -1.9
59478       -1.9
59479       -1.6
59480       -1.9
59481       -1.6
59482       -1.7
59483       -1.6
59484       -1.2
59485       -1.5
59486       -1.5
59487       -1.6
59488       -1.7
59489       -1.6
59490       -1.4
59491       -0.9
59492       -0.8
59493       -0.9
59494       -0.7
59495       -0.6
59496       -0.4
59497       -0.5
59498        0.0
59499        0.2
59500        0.2
59501        0.1
59502        0.1
59503       -0.2
59504        0.3
59505        0.2
59506        0.2
59507        0.4
59508       -0.1
59509        0.3
59510        0.4
59511        0.4
59512        0.2
59513        0.4
59514        0.5
59515        0.3
59516        0.1
59517        0.2
59518        0.4
59519        0.6
59520        0.3
59521       -0.1
59522        0.1
59523       -0.1
59524        0.1
59525        0.3
59526        0.3
59527        0.5
59528        0.4
59529        0.2
59530        0.7
59531        0.5
59532        0.7
59533        0.8
59534        0.9
59535        0.8
59536        0.9
59537        1.2
59538        1.2
59539        1.2
59540        1.1
59541        0.9
59542        0.9
59543        0.8
59544        0.6
59545        0.3
59546        0.4
59547        0.4
59548        0.8
59549        1.0
59550        0.8
59551        1.0
59552        0.7
59553        0.7
59554        1.3
59555        1.3
59556        1.3
59557        1.3
59558        1.3
59559        1.2
59560        1.5
59561        1.2
59562        1.1
59563        1.5
59564        1.5
59565        1.5
59566        1.5
59567        1.4
59568        1.6
59569        1.8
59570        1.8
59571        2.0
59572        2.0
59573        2.1
59574        2.0
59575        2.1
59576        1.9
59577        1.8
59578        2.0
59579        2.1
59580        2.0
59581        2.2
59582        2.1
59583        2.1
59584        2.0
59585        2.0
59586        2.1
59587        2.0
59588        1.8
59589        0.3
59590        0.5
59591        0.5
59592        0.8
59593        0.7
59594        0.7
59595        0.5
59596        0.4
59597        0.3
59598        0.3
59599       -0.1
59600        0.2
59601        0.4
59602        0.5
59603        0.5
59604        0.4
59605        0.5
59606        0.6
59607        0.5
59608        0.7
59609        0.4
59610       -0.3
59611       -0.1
59612       -0.4
59613       -0.4
59614       -0.6
59615       -0.8
59616       -0.7
59617       -0.7
59618       -0.6
59619       -0.4
59620       -0.6
59621       -0.6
59622       -0.6
59623       -0.7
59624       -0.7
59625       -0.7
59626       -0.6
59627       -0.8
59628       -0.8
59629       -0.9
59630       -0.9
59631       -0.8
59632       -0.8
59633       -0.9
59634       -1.0
59635       -1.0
59636       -0.9
59637       -0.8
59638       -0.9
59639       -0.7
59640       -0.7
59641       -0.4
59642       -0.2
59643       -0.3
59644       -0.3
59645       -0.2
59646       -0.0
59647       -0.1
59648        0.1
59649        0.0
59650        0.1
59651        0.3
59652        0.1
59653        0.4
59654        0.5
59655        0.5
59656        0.5
59657        0.7
59658        0.9
59659        0.8
59660        0.9
59661        0.8
59662        1.1
59663        1.1
59664        1.1
59665        1.4
59666        1.4
59667        1.6
59668        1.5
59669        1.5
59670        1.4
59671        1.4
59672        1.5
59673        0.5
59674        0.3
59675        0.3
59676        0.2
59677       -0.1
59678        0.3
59679       -0.2
59680        0.2
59681       -0.1
59682       -0.0
59683        0.5
59684        0.3
59685        0.2
59686        0.1
59687        0.0
59688       -0.1
59689        0.2
59690        0.1
59691        0.1
59692       -0.1
59693       -0.1
59694        0.1
59695        0.2
59696        0.3
59697        0.4
59698        0.5
59699        0.2
59700        0.4
59701        0.1
59702        0.2
59703        0.3
59704        0.3
59705       -0.1
59706        0.3
59707        0.2
59708        0.0
59709       -0.0
59710        0.2
59711        0.2
59712        0.2
59713        0.1
59714        0.0
59715        0.1
59716        0.0
59717        0.2
59718       -0.1
59719        0.1
59720        0.2
59721        0.1
59722        0.2
59723        0.1
59724       -0.1
59725       -0.0
59726       -0.1
59727        0.0
59728       -0.2
59729       -0.3
59730       -0.5
59731       -0.6
59732       -0.4
59733       -0.2
59734        0.1
59735        0.0
59736       -0.2
59737        0.1
59738        0.3
59739        0.3
59740       -0.3
59741       -0.2
59742       -0.2
59743       -0.3
59744       -0.3
59745        0.1
59746        0.0
59747        0.2
59748        0.4
59749        0.5
59750        0.1
59751        0.2
59752        0.2
59753        0.5
59754        0.4
59755        0.3
59756        0.3
59757        0.4
59758        0.7
59759        0.9
59760        1.0
59761        1.0
59762        1.1
59763        0.9
59764       -0.2
59765       -0.3
59766       -0.3
59767       -0.3
59768       -0.3
59769       -0.5
59770       -0.4
59771       -0.6
59772       -0.5
59773        0.1
59774       -0.1
59775       -0.4
59776       -0.2
59777       -0.4
59778       -0.3
59779       -0.1
59780       -0.2
59781       -0.2
59782       -0.1
59783       -0.2
59784       -0.3
59785       -0.3
59786       -0.5
59787       -0.4
59788       -0.8
59789       -0.2
59790        0.1
59791        0.2
59792        0.1
59793       -0.2
59794        0.1
59795       -0.3
59796       -0.1
59797       -0.2
59798       -0.3
59799       -1.2
59800       -1.0
59801       -0.7
59802       -0.7
59803       -0.8
59804       -0.9
59805       -0.8
59806       -0.8
59807       -0.9
59808       -0.7
59809       -0.9
59810       -0.8
59811       -0.6
59812       -1.0
59813       -0.9
59814       -0.8
59815       -0.7
59816       -0.6
59817       -0.6
59818       -0.6
59819       -0.5
59820       -0.8
59821       -0.7
59822       -0.7
59823       -0.4
59824       -0.2
59825       -0.4
59826       -0.1
59827       -1.3
59828       -1.2
59829       -1.3
59830       -1.2
59831       -1.4
59832       -1.4
59833       -1.2
59834       -1.6
59835       -1.4
59836       -1.4
59837       -1.5
59838       -1.6
59839       -1.5
59840       -1.6
59841       -1.8
59842       -1.8
59843       -1.8
59844       -1.8
59845       -1.8
59846       -1.8
59847       -1.8
59848       -0.9
59849       -0.8
59850       -1.0
59851       -1.7
59852       -1.3
59853       -1.4
59854       -1.0
59855       -2.5
59856       -2.3
59857       -2.3
59858       -2.4
59859       -2.5
59860       -2.5
59861       -2.6
59862       -2.8
59863       -2.7
59864       -2.5
59865       -2.3
59866       -2.2
59867       -2.1
59868       -2.1
59869       -1.8
59870       -1.7
59871       -1.8
59872       -1.9
59873       -1.4
59874       -1.7
59875       -1.5
59876       -1.5
59877       -1.5
59878       -1.6
59879       -1.5
59880       -1.7
59881       -1.5
59882       -1.5
59883       -1.2
59884       -1.4
59885       -1.4
59886       -1.2
59887       -1.2
59888       -1.4
59889       -1.3
59890       -0.6
59891       -0.6
59892       -0.6
59893       -0.6
59894       -0.4
59895       -0.6
59896       -0.3
59897       -0.0
59898        0.0
59899        0.1
59900        0.0
59901        0.3
59902        0.2
59903        0.1
59904        0.1
59905       -0.1
59906        0.1
59907        0.1
59908        0.4
59909        0.1
59910        0.1
59911        0.3
59912        0.2
59913        0.5
59914        0.7
59915        0.6
59916        0.6
59917        0.5
59918        2.0
59919        1.9
59920        1.8
59921        1.9
59922        1.8
59923        2.1
59924        2.0
59925        1.5
59926        1.8
59927        1.9
59928        2.0
59929        1.9
59930        2.0
59931        2.0
59932        2.1
59933        2.1
59934        2.4
59935        2.2
59936        2.0
59937        2.0
59938        2.3
59939        2.2
59940        2.1
59941        2.3
59942        2.4
59943        2.3
59944        2.0
59945        2.0
59946        2.4
59947        2.1
59948        2.3
59949        2.4
59950        2.7
59951        2.1
59952        2.5
59953        3.0
59954        3.0
59955        3.1
59956        3.1
59957        3.1
59958        3.2
59959        3.6
59960        3.1
59961        2.7
59962        3.0
59963        2.5
59964        3.0
59965        3.2
59966        3.5
59967        3.4
59968        3.4
59969        3.6
59970        3.5
59971        3.6
59972        3.5
59973        3.6
59974        3.6
59975        3.9
59976        3.7
59977        2.8
59978        2.0
59979        1.8
59980        2.2
59981       -0.2
59982        0.1
59983        0.2
59984       -0.4
59985       -0.3
59986       -0.1
59987        0.3
59988        0.1
59989       -0.1
59990        0.0
59991       -0.1
59992        0.2
59993        0.2
59994        0.1
59995        0.1
59996        0.1
59997       -0.0
59998        0.0
59999       -0.1
60000        0.0
60001        0.2
60002       -0.1
60003        0.2
60004       -0.5
60005       -0.4
60006        0.1
60007       -0.2
60008        0.5
60009       -1.6
60010       -1.4
60011       -1.5
60012       -1.4
60013       -1.6
60014       -1.7
60015       -2.1
60016       -1.8
60017       -2.1
60018       -2.3
60019       -1.9
60020       -2.5
60021       -2.3
60022       -2.2
60023       -2.7
60024       -2.5
60025       -2.2
60026       -1.9
60027       -2.3
60028       -2.5
60029       -2.6
60030       -2.6
60031       -2.7
60032       -3.0
60033       -3.3
60034       -2.7
60035       -3.3
60036       -3.6
60037       -3.8
60038       -3.5
60039       -3.5
60040       -3.5
60041       -3.2
60042       -3.7
60043       -3.8
60044       -0.7
60045       -1.0
60046       -0.9
60047       -0.8
60048       -1.1
60049       -0.6
60050       -0.3
60051       -0.4
60052       -0.3
60053       -0.4
60054       -0.2
60055        0.1
60056        0.0
60057       -0.1
60058       -0.5
60059       -0.6
60060       -0.7
60061       -0.3
60062       -0.4
60063        0.4
60064        0.5
60065       -0.6
60066       -0.3
60067       -0.5
60068       -0.3
60069        0.2
60070        0.1
60071        0.2
60072       -1.1
60073       -1.1
60074       -1.7
60075       -1.2
60076       -1.1
60077       -1.0
60078       -1.2
60079       -1.2
60080       -1.3
60081       -0.9
60082       -1.2
60083       -1.4
60084       -1.1
60085       -0.9
60086       -1.0
60087       -0.9
60088       -1.5
60089       -1.4
60090       -0.8
60091       -1.0
60092       -0.8
60093       -0.3
60094       -0.5
60095       -0.5
60096       -0.0
60097       -0.2
60098       -0.5
60099       -0.4
60100       -2.1
60101       -2.2
60102       -2.1
60103       -1.9
60104       -2.2
60105       -2.1
60106       -2.0
60107       -2.1
60108       -2.1
60109       -2.1
60110       -2.1
60111       -2.2
60112       -2.1
60113       -2.2
60114       -2.0
60115       -2.2
60116       -2.0
60117       -2.2
60118       -2.4
60119       -2.4
60120       -2.3
60121       -2.4
60122       -2.6
60123       -2.6
60124       -2.8
60125       -2.7
60126       -2.9
60127       -3.1
60128       -3.3
60129       -3.0
60130       -3.5
60131       -3.5
60132       -3.9
60133       -3.9
60134       -3.3
60135       -1.6
60136       -1.8
60137       -1.8
60138       -2.2
60139       -2.4
60140       -2.4
60141       -2.2
60142       -2.1
60143       -2.2
60144       -2.2
60145       -2.0
60146       -1.8
60147       -2.0
60148       -2.1
60149       -1.9
60150       -2.1
60151       -2.5
60152       -2.4
60153       -2.2
60154       -2.1
60155       -1.7
60156       -1.5
60157       -1.7
60158       -1.7
60159       -1.8
60160       -1.9
60161       -1.8
60162       -2.0
60163       -1.3
60164       -1.2
60165       -1.0
60166       -0.8
60167       -0.6
60168       -0.7
60169       -0.8
60170       -1.0
60171       -0.9
60172       -0.6
60173       -0.6
60174       -0.8
60175       -0.9
60176       -0.5
60177        0.4
60178        0.8
60179        0.5
60180        0.5
60181        0.9
60182        0.7
60183        0.8
60184        0.7
60185        0.6
60186        0.6
60187        0.2
60188        0.5
60189        0.9
60190        0.8
60191       -0.3
60192       -0.1
60193       -0.2
60194       -0.1
60195       -0.4
60196       -0.2
60197       -0.5
60198       -0.3
60199       -0.1
60200       -0.2
60201       -0.3
60202       -0.5
60203       -0.2
60204       -0.3
60205       -0.3
60206       -0.6
60207       -0.6
60208       -1.0
60209       -0.9
60210       -0.8
60211       -0.7
60212       -0.9
60213       -0.3
60214       -0.3
60215       -0.4
60216       -0.5
60217       -0.5
60218       -0.4
60219       -0.8
60220       -0.9
60221       -1.5
60222       -1.6
60223       -1.1
60224       -0.5
60225       -0.3
60226       -0.5
60227       -0.7
60228       -0.8
60229       -1.1
60230       -0.7
60231       -1.0
60232       -1.4
60233       -0.9
60234       -0.8
60235       -1.0
60236       -1.0
60237       -0.8
60238       -0.8
60239       -1.0
60240       -1.1
60241       -1.0
60242       -0.9
60243       -0.8
60244       -1.1
60245       -1.2
60246       -1.1
60247       -1.4
60248       -0.6
60249       -0.6
60250       -0.8
60251       -0.7
60252       -0.5
60253       -0.7
60254        0.3
60255        0.6
60256        0.4
60257        0.8
60258        0.8
60259        1.0
60260        1.0
60261        1.1
60262        1.1
60263        1.1
60264        1.0
60265        0.9
60266        1.0
60267        1.1
60268        0.9
60269        1.1
60270        1.1
60271        1.3
60272        1.0
60273        0.8
60274        0.9
60275        1.3
60276        1.8
60277        1.7
60278        1.6
60279        1.7
60280        1.9
60281        2.0
60282        0.6
60283        0.4
60284        0.2
60285        0.2
60286        0.3
60287        0.4
60288        0.7
60289        0.5
60290        0.5
60291        0.6
60292        0.6
60293        0.9
60294        1.2
60295        1.1
60296        1.4
60297        1.6
60298        1.5
60299        1.4
60300        1.1
60301        1.2
60302        1.8
60303        1.4
60304        1.4
60305        1.1
60306        1.1
60307        1.0
60308        1.4
60309        1.6
60310        1.5
60311        1.3
60312        1.2
60313        1.3
60314        1.4
60315        1.0
60316        0.9
60317        0.3
60318        0.3
60319        0.3
60320        0.2
60321        0.4
60322        0.4
60323        0.2
60324        0.1
60325       -0.1
60326        0.2
60327       -0.1
60328       -0.0
60329        0.2
60330        0.1
60331       -0.1
60332       -0.2
60333        0.1
60334        0.2
60335        0.1
60336        0.1
60337       -0.0
60338       -0.2
60339       -0.0
60340       -0.1
60341       -0.0
60342        0.8
60343        0.7
60344        0.7
60345        1.0
60346        0.9
60347        0.7
60348        0.4
60349        0.6
60350        0.5
60351        0.4
60352        0.3
60353        0.5
60354        0.6
60355        0.6
60356        0.7
60357        0.9
60358        0.9
60359        1.2
60360        1.4
60361        1.0
60362        1.0
60363        1.0
60364        1.2
60365        1.2
60366        1.6
60367        1.6
60368        1.7
60369        1.7
60370        1.9
60371        2.1
60372        2.1
60373        0.0
60374       -0.2
60375        0.4
60376        0.3
60377        0.3
60378        0.5
60379        0.3
60380        0.5
60381        0.4
60382        0.2
60383        0.3
60384        0.3
60385        0.3
60386        0.1
60387        0.3
60388        0.4
60389        0.3
60390        0.3
60391        0.4
60392        0.3
60393        0.2
60394        0.4
60395        0.1
60396        0.1
60397        0.4
60398        0.1
60399        0.2
60400        0.1
60401       -0.0
60402       -0.1
60403        0.2
60404        0.0
60405       -0.2
60406       -0.1
60407       -0.2
60408       -0.4
60409       -0.5
60410       -1.0
60411       -0.7
60412       -0.6
60413       -0.7
60414       -0.7
60415       -0.6
60416       -0.7
60417       -1.1
60418       -0.9
60419       -1.2
60420       -1.1
60421       -1.3
60422       -1.2
60423       -0.9
60424       -0.8
60425       -1.0
60426       -0.9
60427       -1.2
60428       -1.1
60429       -0.7
60430       -0.7
60431       -0.8
60432       -0.6
60433       -0.5
60434       -0.3
60435       -0.7
60436        0.2
60437        0.2
60438        0.3
60439       -0.3
60440        0.1
60441       -0.0
60442        0.3
60443        0.5
60444        0.5
60445        0.5
60446        0.6
60447        0.5
60448        0.9
60449        0.9
60450        1.1
60451        0.9
60452        1.1
60453        1.2
60454        1.2
60455        1.4
60456        1.4
60457        1.5
60458        1.9
60459        1.8
60460        1.7
60461        1.9
60462        1.6
60463        1.8
60464        0.7
60465        0.6
60466        0.8
60467        0.7
60468        0.5
60469        0.9
60470        0.7
60471        0.7
60472        0.2
60473        0.2
60474        0.1
60475        0.4
60476        0.3
60477       -0.0
60478       -0.1
60479       -0.0
60480        0.3
60481       -0.0
60482        0.6
60483        0.2
60484        0.2
60485        0.5
60486        0.4
60487        0.5
60488        0.4
60489        0.5
60490        0.1
60491        0.1
60492        0.3
60493        0.3
60494        0.0
60495        0.1
60496       -0.3
60497       -0.2
60498        0.1
60499        0.6
60500        0.7
60501        0.6
60502        0.9
60503        0.6
60504        0.1
60505        0.1
60506        0.1
60507        0.5
60508        0.5
60509        0.0
60510        0.1
60511        0.4
60512        0.4
60513        0.5
60514        0.7
60515        0.8
60516        0.4
60517        0.5
60518        0.5
60519        0.1
60520       -0.1
60521        0.6
60522        0.2
60523        0.4
60524        0.3
60525        0.1
60526        0.2
60527       -0.5
60528       -0.4
60529       -0.4
60530       -0.4
60531       -0.4
60532       -0.5
60533       -0.6
60534       -0.5
60535       -0.5
60536       -0.6
60537       -0.5
60538       -0.5
60539       -1.0
60540       -1.2
60541       -1.0
60542       -1.6
60543       -0.8
60544       -0.7
60545       -1.2
60546       -1.2
60547       -1.2
60548       -1.5
60549       -1.4
60550       -1.4
60551       -1.5
60552       -1.1
60553       -0.7
60554       -1.2
60555       -1.2
60556       -1.0
60557       -1.0
60558       -0.6
60559       -1.0
60560       -0.9
60561       -0.9
60562       -0.5
60563       -0.7
60564       -0.9
60565       -1.1
60566       -1.0
60567       -0.9
60568       -1.0
60569       -0.9
60570       -0.7
60571       -0.6
60572       -0.6
60573       -0.7
60574       -0.8
60575       -0.3
60576       -0.2
60577       -0.2
60578       -0.3
60579       -0.2
60580       -0.4
60581       -0.7
60582       -0.8
60583       -0.4
60584        0.1
60585       -0.1
60586       -0.1
60587       -0.2
60588       -0.2
60589       -0.1
60590       -1.8
60591       -1.7
60592       -1.7
60593       -1.7
60594       -1.9
60595       -2.1
60596       -2.0
60597       -1.8
60598       -2.3
60599       -1.8
60600       -1.5
60601       -1.6
60602       -1.7
60603       -2.1
60604       -2.0
60605       -1.8
60606       -2.2
60607       -1.8
60608       -1.5
60609       -1.8
60610       -2.0
60611       -2.0
60612       -1.6
60613       -1.7
60614       -1.6
60615       -1.8
60616       -2.0
60617       -2.0
60618       -2.8
60619       -3.1
60620       -2.9
60621       -2.6
60622       -2.8
60623       -2.9
60624       -3.0
60625       -1.2
60626       -1.0
60627       -1.3
60628       -1.1
60629       -1.3
60630       -1.4
60631       -1.4
60632       -1.2
60633       -1.2
60634       -1.4
60635       -1.2
60636       -1.1
60637       -1.4
60638       -1.4
60639       -1.2
60640       -1.8
60641       -1.6
60642       -1.3
60643       -1.3
60644       -1.3
60645       -1.4
60646       -1.0
60647       -0.8
60648       -0.9
60649       -0.8
60650       -0.9
60651       -1.1
60652       -1.5
60653       -1.7
60654       -1.3
60655       -1.4
60656       -1.0
60657       -1.2
60658       -1.1
60659       -1.0
60660       -0.6
60661       -0.7
60662       -0.9
60663       -1.0
60664       -1.3
60665       -0.6
60666       -0.5
60667       -0.6
60668       -0.4
60669       -0.5
60670       -0.5
60671       -0.4
60672       -0.2
60673       -0.2
60674       -0.3
60675       -0.1
60676       -0.5
60677       -0.3
60678       -0.3
60679       -0.6
60680       -0.4
60681       -1.0
60682       -1.2
60683       -1.1
60684       -0.5
60685       -0.8
60686       -0.7
60687       -0.6
60688       -0.7
60689       -0.7
60690       -0.8
60691       -0.3
60692       -0.4
60693       -0.4
60694       -0.3
60695       -0.2
60696       -0.5
60697       -0.5
60698       -0.3
60699       -0.5
60700       -0.4
60701       -0.6
60702       -0.6
60703       -0.5
60704       -0.8
60705       -0.5
60706       -0.3
60707       -0.4
60708       -0.2
60709       -0.3
60710       -0.4
60711       -0.4
60712       -0.4
60713       -0.7
60714       -0.7
60715       -0.7
60716       -0.5
60717       -0.4
60718       -0.2
60719       -0.2
60720       -0.2
60721       -0.4
60722       -0.4
60723       -0.4
60724       -0.4
60725       -0.3
60726       -0.6
60727       -0.4
60728       -0.5
60729       -0.5
60730       -0.7
60731       -0.4
60732       -0.4
60733       -0.4
60734       -0.5
60735       -0.6
60736       -0.5
60737       -0.3
60738       -0.3
60739        0.0
60740       -0.3
60741       -0.3
60742       -0.6
60743       -0.5
60744       -0.4
60745       -0.2
60746       -0.5
60747       -0.2
60748       -0.4
60749       -0.3
60750       -0.4
60751       -0.5
60752       -0.8
60753       -0.8
60754       -0.8
60755       -0.8
60756       -0.8
60757       -0.6
60758       -0.6
60759       -0.7
60760       -0.4
60761       -0.6
60762       -0.9
60763       -0.8
60764       -0.8
60765       -0.4
60766       -0.4
60767       -0.4
60768       -0.4
60769       -0.3
60770       -0.2
60771       -0.2
60772       -1.0
60773       -0.8
60774       -0.8
60775       -0.4
60776       -0.4
60777       -0.4
60778       -0.8
60779       -0.5
60780       -0.7
60781       -0.5
60782       -0.2
60783       -0.5
60784       -0.6
60785       -0.4
60786       -0.2
60787       -0.3
60788       -0.2
60789       -0.2
60790       -0.2
60791       -0.2
60792       -0.2
60793       -0.0
60794       -0.1
60795        0.0
60796       -0.2
60797       -0.6
60798        0.2
60799        0.1
60800       -0.1
60801       -0.2
60802       -0.2
60803       -0.1
60804       -0.0
60805       -0.2
60806       -0.0
60807        0.0
60808        0.2
60809        0.1
60810        0.5
60811        0.4
60812        0.1
60813       -0.0
60814        0.0
60815        0.1
60816        0.3
60817        0.3
60818       -0.1
60819       -0.1
60820       -0.1
60821        0.0
60822       -0.0
60823        0.6
60824        0.5
60825        0.5
60826        0.2
60827        0.4
60828       -0.6
60829       -0.4
60830       -0.8
60831       -0.4
60832       -0.6
60833       -1.0
60834       -1.0
60835        1.9
60836        2.4
60837        1.0
60838        1.5
60839        1.2
60840        1.4
60841        1.8
60842        1.3
60843        1.7
60844        2.5
60845        2.0
60846        1.6
60847        1.1
60848        1.2
60849        2.0
60850        1.7
60851        1.3
60852        2.5
60853        1.8
60854        1.9
60855        1.5
60856        1.5
60857        1.6
60858        1.8
60859        1.4
60860        1.0
60861        1.6
60862        1.0
60863        1.7
60864        1.1
60865        1.9
60866        1.1
60867        2.0
60868        0.6
60869        1.9
60870        1.0
60871        2.1
60872        1.3
60873        1.9
60874        1.3
60875        2.1
60876        1.4
60877        1.5
60878        1.7
60879        2.2
60880        1.6
60881        2.5
60882        1.4
60883        2.7
60884        0.7
60885        0.6
60886        0.4
60887        0.6
60888        0.6
60889        0.5
60890        0.9
60891        2.8
60892        2.3
60893        2.9
60894        2.2
60895        2.9
60896        2.2
60897        2.6
60898        2.3
60899        2.7
60900        2.7
60901        2.6
60902        2.4
60903        2.8
60904        2.6
60905        2.8
60906        2.6
60907        2.8
60908        2.8
60909        2.8
60910        3.1
60911        2.7
60912        3.2
60913        2.3
60914        2.3
60915        2.8
60916        2.4
60917        2.9
60918        2.5
60919        2.8
60920        2.7
60921        2.9
60922        2.6
60923        2.4
60924        2.3
60925        2.3
60926        2.9
60927        2.4
60928        2.9
60929        2.4
60930        3.1
60931        2.4
60932        3.0
60933        2.2
60934        3.2
60935        2.6
60936        3.2
60937        2.4
60938        3.6
60939        2.3
60940        3.7
60941        2.4
60942        3.4
60943        2.2
60944        3.5
60945        1.8
60946        3.4
60947        2.3
60948        3.6
60949        2.7
60950        3.3
60951        3.0
60952        3.0
60953        3.3
60954        2.5
60955        3.0
60956        2.0
60957        3.7
60958        2.8
60959        2.5
60960        2.8
60961        1.6
60962        2.1
60963        1.5
60964        2.2
60965        1.2
60966        2.3
60967        1.5
60968        2.5
60969        1.6
60970        2.7
60971        0.9
60972        2.6
60973        1.5
60974        2.7
60975        1.6
60976        2.5
60977        1.6
60978        2.2
60979        1.6
60980        2.0
60981        1.8
60982        1.7
60983        1.9
60984        1.3
60985        2.2
60986        1.5
60987        2.3
60988        1.4
60989        2.2
60990        1.4
60991        2.2
60992        1.3
60993        2.1
60994        1.3
60995        1.9
60996        1.7
60997        1.9
60998        1.8
60999        1.7
61000        2.2
61001        1.7
61002        2.2
61003        0.9
61004        1.6
61005        1.3
61006        0.9
61007        1.7
61008        1.5
61009        1.4
61010        2.2
61011        1.7
61012        2.0
61013        1.8
61014        1.1
61015        2.0
61016        2.0
61017        2.3
61018        1.9
61019        2.4
61020        1.8
61021        2.6
61022        1.8
61023        0.2
61024          -
61025        2.3
61026        2.4
61027        1.7
61028        2.7
61029        1.6
61030        2.8
61031        2.2
61032        2.5
61033        2.6
61034        2.1
61035        2.6
61036        1.6
61037        2.5
61038        1.9
61039        2.5
61040        2.4
61041        1.9
61042        2.9
61043        2.5
61044        2.0
61045        2.5
61046        1.8
61047        2.4
61048        1.5
61049        2.2
61050        1.8
61051        2.1
61052        2.0
61053        1.5
61054        2.3
61055        1.0
61056        2.4
61057        1.1
61058        2.2
61059        1.5
61060        1.7
61061        1.6
61062        1.5
61063        1.9
61064        1.1
61065        1.7
61066        1.0
61067        1.8
61068        0.8
61069        1.2
61070        1.1
61071        1.3
61072        1.5
61073        1.0
61074        1.5
61075        1.1
61076        1.0
61077        0.9
61078        0.6
61079        0.7
61080        0.6
61081        0.8
61082        1.0
61083        0.5
61084        1.0
61085        0.5
61086        0.7
61087        0.9
61088        0.6
61089        0.8
61090        0.3
61091        0.7
61092        0.4
61093        0.2
61094        1.1
61095       -0.1
61096        1.1
61097        0.5
61098        0.7
61099        1.5
61100        1.5
61101        1.2
61102        0.9
61103        0.1
61104        0.5
61105        0.4
61106        0.8
61107        0.6
61108       -0.2
61109        0.6
61110       -0.3
61111        0.4
61112        0.0
61113        0.4
61114        0.3
61115        0.0
61116        0.6
61117       -0.0
61118        0.6
61119        0.5
61120        0.5
61121        0.6
61122       -0.2
61123        1.1
61124        0.1
61125        1.3
61126        0.5
61127        1.0
61128        1.1
61129        0.5
61130        1.0
61131        0.2
61132        1.3
61133        0.6
61134        1.0
61135        0.8
61136        0.9
61137        1.1
61138        0.4
61139        1.4
61140        0.4
61141        1.5
61142        0.5
61143        1.2
61144        1.0
61145        0.9
61146        1.2
61147       -0.2
61148          -
61149          -
61150        0.6
61151        0.6
61152        0.3
61153        1.3
61154        0.8
61155        1.4
61156        1.0
61157        1.2
61158        0.9
61159        1.2
61160        1.1
61161        0.5
61162        1.2
61163        0.6
61164        1.2
61165        0.8
61166        1.2
61167        0.7
61168        1.2
61169        1.0
61170        1.0
61171        0.9
61172        1.4
61173        1.0
61174        1.3
61175        1.1
61176        1.3
61177        1.0
61178        1.1
61179          -
61180        3.0
61181        3.8
61182        3.9
61183        3.8
61184        3.7
61185        1.1
61186        1.4
61187        1.2
61188        1.4
61189        1.2
61190        1.4
61191        1.3
61192        1.0
61193        1.3
61194        1.4
61195        1.1
61196        1.3
61197        0.9
61198        1.0
61199        0.6
61200        1.4
61201        0.7
61202        1.3
61203        0.5
61204        1.5
61205        0.5
61206        1.4
61207        0.7
61208        1.3
61209        0.4
61210        1.4
61211        0.4
61212        1.0
61213        0.5
61214        0.9
61215        0.9
61216        1.1
61217        1.0
61218        0.9
61219        0.8

# UTC remains available from the monthly Circular T at
# (http://www.bipm.org/en/bipm-services/timescales/time-ftp/Circular-T.html).
