# MJD  [UTCr-UTC(PL)]/ns
56467       -4.4
56468       -7.0
56469       -5.1
56470       -4.9
56471       -3.2
56472       -3.1
56473       -2.6
56474       -0.8
56475       -5.0
56476       -6.3
56477       -5.7
56478       -7.4
56479       -6.9
56480       -6.8
56481       -7.5
56482       -7.3
56483       -5.3
56484       -5.3
56485       -7.9
56486       -7.1
56487       -6.4
56488       -1.0
56489        4.2
56490        8.1
56491        9.0
56492        7.9
56493        9.2
56494       14.3
56495       18.2
56496       20.4
56497       23.4
56498       22.9
56499       26.2
56500       26.5
56501       29.8
56502       33.4
56503       38.1
56504       42.9
56505       41.4
56506       43.0
56507       43.9
56508       44.5
56509       45.2
56510       48.1
56511       52.0
56512       54.0
56513       58.3
56514       58.8
56515       58.8
56516       62.4
56517       61.8
56518       64.7
56519       63.8
56520       66.7
56521       67.1
56522       71.5
56523       73.5
56524       78.1
56525       79.6
56526       82.8
56527       83.5
56528       85.3
56529       86.4
56530       84.7
56531       86.5
56532       90.9
56533       94.2
56534       96.3
56535       97.8
56536      101.7
56537      106.0
56538      110.3
56539      112.0
56540      115.1
56541      118.4
56542      119.9
56543      125.2
56544      128.9
56545      133.1
56546      135.2
56547      132.9
56548      134.6
56549      134.3
56550      135.3
56551      136.6
56552      134.7
56553      130.5
56554      127.6
56555      124.3
56556      123.0
56557      120.6
56558      119.4
56559      113.8
56560      113.6
56561      109.4
56562      108.2
56563      102.5
56564       99.4
56565       95.5
56566       92.1
56567       91.1
56568       89.8
56569       86.7
56570       84.8
56571       82.1
56572       79.4
56573       74.4
56574       73.3
56575       71.2
56576       69.5
56577       66.7
56578       64.0
56579       61.0
56580       60.8
56581       57.9
56582       58.7
56583       55.5
56584       55.4
56585       53.2
56586       52.4
56587       50.1
56588       47.6
56589       47.9
56590       44.7
56591       44.6
56592       41.7
56593       38.2
56594       38.8
56595       35.7
56596       32.6
56597       29.9
56598       32.5
56599       29.1
56600       27.2
56601       24.7
56602       19.9
56603       17.6
56604       13.8
56605       10.5
56606        9.1
56607        7.7
56608        6.4
56609        2.0
56610        0.9
56611       -1.9
56612       -2.7
56613       -4.8
56614      -12.3
56615      -16.0
56616      -19.4
56617      -20.3
56618      -19.5
56619      -17.8
56620          -
56621          -
56622      -13.2
56623      -13.0
56624      -10.3
56625       -9.8
56626       -8.9
56627       -8.0
56628       -6.3
56629       -8.2
56630       -7.9
56631       -8.2
56632       -7.9
56633      -10.7
56634      -14.1
56635      -11.6
56636      -14.7
56637      -16.5
56638      -17.4
56639      -17.7
56640      -18.0
56641      -18.2
56642      -21.2
56643      -20.7
56644      -19.0
56645      -15.4
56646      -14.8
56647      -12.5
56648       -9.8
56649      -11.2
56650       -8.1
56651       -5.9
56652       -4.6
56653       -5.6
56654       -5.1
56655       -2.9
56656       -0.3
56657        0.8
56658        1.6
56659        4.3
56660        4.7
56661        5.7
56662        9.7
56663       11.3
56664       11.2
56665       12.3
56666       11.7
56667       12.5
56668       14.2
56669       13.6
56670       14.9
56671       16.8
56672       17.7
56673       18.0
56674       16.9
56675       12.6
56676       10.8
56677       13.0
56678       10.4
56679        6.7
56680        8.3
56681        5.3
56682        1.5
56683       -0.0
56684       -0.1
56685       -2.5
56686       -4.1
56687       -4.7
56688       -7.2
56689       -7.0
56690       -8.6
56691      -11.5
56692      -11.4
56693       -9.4
56694       -7.8
56695      -10.5
56696      -10.1
56697      -10.2
56698      -25.5
56699      -21.5
56700       -7.4
56701      -15.0
56702      -13.4
56703      -10.5
56704       -8.8
56705       -8.6
56706       -8.5
56707       -4.7
56708       -0.7
56709        1.6
56710       14.4
56711       18.8
56712       18.2
56713       19.3
56714       17.8
56715       17.2
56716       15.9
56717       13.6
56718       10.5
56719        9.5
56720        7.4
56721        1.7
56722       -6.5
56723       -8.4
56724       -6.2
56725       -9.5
56726      -10.8
56727      -13.5
56728      -15.9
56729      -23.0
56730      -28.8
56731      -34.2
56732      -35.8
56733      -40.4
56734      -45.4
56735      -54.6
56736      -60.2
56737      -59.3
56738      -66.2
56739      -64.2
56740      -64.5
56741      -64.0
56742      -68.4
56743      -64.4
56744      -64.7
56745      -58.9
56746      -52.3
56747      -53.5
56748      -49.7
56749      -47.9
56750      -44.1
56751      -38.8
56752      -36.7
56753      -29.7
56754      -20.5
56755      -21.0
56756      -19.7
56757      -20.3
56758      -16.6
56759      -14.1
56760      -15.4
56761      -17.8
56762      -18.1
56763      -16.6
56764      -16.0
56765      -13.8
56766      -11.4
56767       -8.4
56768       -5.4
56769       -3.3
56770       -0.0
56771       -0.7
56772        0.1
56773        1.4
56774       -0.8
56775        1.6
56776        0.8
56777        2.6
56778        3.0
56779       -1.0
56780        1.6
56781        3.8
56782        7.1
56783       11.0
56784        4.2
56785        0.2
56786        2.7
56787        2.9
56788        2.5
56789        1.8
56790        4.1
56791       -0.8
56792       -5.9
56793       -4.7
56794       -7.6
56795      -13.0
56796      -12.5
56797       -8.7
56798       -7.6
56799       -4.5
56800       -1.5
56801        7.6
56802       14.2
56803       10.0
56804       13.2
56805       11.3
56806        7.9
56807        5.1
56808        6.3
56809        7.8
56810        7.3
56811       11.6
56812        5.6
56813        5.3
56814        5.2
56815        7.1
56816        6.1
56817        2.9
56818        1.8
56819        7.0
56820       10.4
56821       13.8
56822       12.5
56823        9.2
56824        8.6
56825       10.9
56826       14.7
56827       16.3
56828       14.8
56829       23.8
56830       24.5
56831       24.4
56832       21.1
56833       21.4
56834       19.5
56835       18.5
56836       17.5
56837       19.1
56838       22.0
56839       21.1
56840       17.5
56841       12.5
56842       14.2
56843       19.0
56844       15.8
56845       13.1
56846       10.8
56847       14.5
56848       12.1
56849       10.9
56850        9.6
56851       11.8
56852       14.8
56853       18.8
56854       16.1
56855       13.1
56856       15.3
56857       15.7
56858        9.9
56859        8.8
56860        9.1
56861        5.2
56862        1.9
56863        1.8
56864        1.0
56865       -3.1
56866       -5.2
56867       -1.8
56868       -3.2
56869       -2.3
56870       -4.1
56871       -2.9
56872       -2.9
56873       -6.4
56874      -10.8
56875      -13.0
56876      -14.6
56877      -14.1
56878      -10.2
56879       -7.5
56880      -13.8
56881      -13.4
56882       -8.7
56883       -9.7
56884       -1.7
56885       -1.7
56886        1.5
56887       -1.1
56888       -3.0
56889       -5.3
56890       -9.9
56891      -11.0
56892      -11.1
56893      -10.8
56894       -9.8
56895      -10.4
56896      -11.2
56897      -14.7
56898      -17.3
56899      -15.3
56900      -14.0
56901      -14.9
56902      -12.7
56903      -16.7
56904      -13.7
56905      -13.2
56906      -12.8
56907      -11.2
56908      -10.7
56909       -7.7
56910       -4.1
56911        3.8
56912        5.2
56913        5.4
56914        3.9
56915        2.1
56916        6.3
56917        6.3
56918        7.6
56919        8.3
56920        6.1
56921        8.2
56922       11.3
56923       13.2
56924       13.5
56925       10.6
56926        3.4
56927        2.5
56928        1.6
56929        1.9
56930        4.9
56931        9.3
56932        9.1
56933       14.9
56934       19.3
56935       15.9
56936       16.5
56937       17.2
56938       17.8
56939       15.9
56940       13.2
56941        9.8
56942        5.0
56943       -0.7
56944       -0.2
56945       -2.6
56946       -2.3
56947       -5.8
56948       -7.6
56949      -12.2
56950      -12.4
56951      -11.5
56952      -10.7
56953       -8.5
56954       -7.4
56955       -5.1
56956       -5.0
56957       -5.1
56958       -2.6
56959       -1.9
56960        0.5
56961        1.6
56962      -16.0
56963      -20.0
56964      -21.5
56965       -9.2
56966      -10.1
56967       -8.7
56968      -11.5
56969      -14.8
56970      -14.2
56971      -16.4
56972      -16.5
56973      -14.9
56974      -17.1
56975      -16.7
56976      -15.4
56977      -12.5
56978      -13.7
56979      -15.2
56980      -15.7
56981      -15.5
56982      -16.0
56983      -10.9
56984      -10.1
56985      -11.3
56986       -7.6
56987       -9.9
56988       -9.1
56989      -12.6
56990      -17.9
56991          -
56992      -21.1
56993      -21.5
56994      -25.6
56995      -26.7
56996      -26.9
56997      -26.0
56998      -23.2
56999      -16.2
57000      -18.1
57001      -20.9
57002      -21.5
57003      -24.8
57004      -24.8
57005      -25.0
57006      -23.6
57007      -27.4
57008      -29.0
57009      -29.5
57010      -26.0
57011      -24.3
57012      -21.7
57013      -19.3
57014      -17.3
57015      -21.8
57016      -19.1
57017      -10.9
57018       -6.8
57019       -1.9
57020        3.8
57021        7.4
57022       17.3
57023       25.9
57024       21.2
57025       25.6
57026       28.9
57027       32.9
57028       37.3
57029       41.1
57030       41.6
57031       46.0
57032       51.9
57033       49.8
57034       46.8
57035       49.6
57036       54.0
57037       59.6
57038       53.4
57039       51.4
57040       48.0
57041       44.5
57042       40.4
57043       39.2
57044       36.9
57045       36.4
57046       37.7
57047       41.3
57048       40.0
57049       31.7
57050       24.2
57051       22.0
57052       13.3
57053       11.3
57054        2.9
57055        3.0
57056       -4.5
57057       -8.8
57058      -13.4
57059      -14.6
57060      -18.4
57061      -18.1
57062      -16.4
57063      -16.6
57064      -19.0
57065      -14.6
57066      -10.9
57067      -14.1
57068      -17.2
57069      -18.6
57070      -19.8
57071      -12.1
57072      -12.8
57073      -10.6
57074       -5.8
57075       -7.8
57076       -6.8
57077       -3.2
57078       -3.0
57079       -2.8
57080       -8.0
57081       -8.2
57082       -7.5
57083       -9.3
57084       -6.0
57085      -10.3
57086       -6.3
57087      -10.4
57088      -15.9
57089      -15.9
57090      -14.4
57091      -14.4
57092       -4.5
57093        0.4
57094       -4.7
57095       -0.4
57096        3.8
57097        2.5
57098        3.5
57099        7.0
57100        7.1
57101        9.7
57102        7.9
57103        8.1
57104        4.7
57105       -2.4
57106       -2.6
57107       -3.8
57108       -5.0
57109       -2.9
57110       -9.8
57111       -9.8
57112      -18.0
57113      -18.5
57114      -14.4
57115      -16.1
57116      -14.1
57117      -18.5
57118      -13.1
57119      -10.2
57120      -12.3
57121      -13.4
57122      -14.4
57123      -20.6
57124      -21.8
57125      -26.1
57126      -23.8
57127      -21.0
57128      -18.1
57129      -12.5
57130      -12.5
57131       -6.5
57132       -2.1
57133       -4.1
57134      -10.8
57135      -15.1
57136      -14.2
57137      -13.9
57138       -8.5
57139       -2.6
57140       -3.6
57141       -2.8
57142       -4.4
57143       -5.1
57144       -3.4
57145       -6.9
57146       -6.8
57147       -8.1
57148      -14.3
57149      -16.1
57150      -15.0
57151      -11.4
57152      -11.9
57153      -17.3
57154      -20.4
57155      -20.5
57156      -25.0
57157      -25.3
57158      -26.1
57159      -30.7
57160      -37.0
57161      -30.1
57162      -26.2
57163      -27.4
57164      -28.9
57165      -25.1
57166      -26.9
57167      -33.1
57168      -32.1
57169      -30.6
57170      -23.5
57171      -19.2
57172      -13.4
57173       -9.6
57174      -10.9
57175       -5.8
57176       -4.2
57177       -2.0
57178       -0.1
57179        3.2
57180       11.7
57181       17.5
57182       14.0
57183       11.0
57184        6.3
57185        8.4
57186       10.0
57187       11.4
57188       12.5
57189       39.6
57190       50.5
57191       53.8
57192       45.6
57193       37.9
57194       26.8
57195       20.6
57196       10.3
57197        0.9
57198       -2.7
57199      -12.3
57200      -17.1
57201      -20.1
57202      -25.8
57203      -29.1
57204      -31.5
57205      -34.2
57206      -34.4
57207      -38.2
57208      -40.2
57209      -39.9
57210      -40.9
57211      -40.4
57212      -37.7
57213      -33.5
57214      -31.4
57215      -32.6
57216      -31.9
57217      -29.7
57218      -27.9
57219      -23.8
57220      -20.8
57221      -20.8
57222      -18.5
57223      -14.5
57224      -11.9
57225       -8.5
57226       -9.9
57227       -7.4
57228       -5.4
57229       -4.9
57230       -2.2
57231        0.0
57232        4.5
57233        3.8
57234       -2.7
57235       -5.1
57236      -10.2
57237      -12.9
57238      -14.7
57239      -21.8
57240      -23.4
57241      -27.3
57242      -25.3
57243      -24.9
57244      -21.7
57245      -21.3
57246      -20.6
57247      -19.6
57248      -17.8
57249      -17.4
57250      -16.8
57251      -15.8
57252      -13.0
57253      -11.1
57254       -8.0
57255       -8.4
57256       -5.6
57257       -1.9
57258       -1.6
57259        2.5
57260        4.6
57261        4.5
57262        6.0
57263        5.8
57264        7.1
57265        7.7
57266        8.1
57267        7.6
57268        6.6
57269        0.2
57270       -0.2
57271        2.2
57272       -1.6
57273       -4.2
57274       -6.6
57275       -9.4
57276      -11.5
57277      -15.7
57278      -17.2
57279      -18.6
57280      -22.3
57281      -23.9
57282      -25.9
57283      -24.6
57284      -21.7
57285      -17.8
57286      -14.8
57287      -12.6
57288      -13.9
57289      -14.0
57290      -11.1
57291       -9.5
57292       -6.1
57293       -3.5
57294        2.4
57295        3.7
57296        4.2
57297        4.6
57298        3.2
57299        2.1
57300        1.9
57301        1.3
57302        0.4
57303       -1.9
57304       -3.7
57305       -2.4
57306       -3.3
57307       -2.7
57308       -2.1
57309       -4.1
57310       -3.0
57311       -1.5
57312        1.9
57313        5.3
57314        4.7
57315        5.2
57316        5.1
57317        4.4
57318        1.5
57319        2.2
57320        4.8
57321        5.4
57322        3.1
57323        4.1
57324        7.1
57325        9.2
57326        9.1
57327        7.7
57328        9.1
57329       14.2
57330       14.9
57331       19.0
57332       18.0
57333       18.2
57334       16.2
57335       15.4
57336       16.0
57337       16.5
57338       14.0
57339       13.6
57340       14.9
57341       13.2
57342       10.1
57343        8.4
57344        3.9
57345        2.0
57346        1.8
57347       -3.7
57348       -4.3
57349       -2.8
57350        0.1
57351        1.8
57352        0.4
57353       -0.9
57354       -0.5
57355          -
57356        0.8
57357       -0.4
57358        0.2
57359        1.4
57360        2.6
57361        1.8
57362       -2.5
57363       -4.2
57364       -7.8
57365       -9.5
57366       -5.6
57367       -3.4
57368       -6.1
57369       -5.1
57370       -4.3
57371       -9.2
57372      -10.1
57373      -11.2
57374      -14.3
57375      -14.5
57376      -13.6
57377      -12.7
57378      -14.1
57379      -13.1
57380      -14.1
57381      -14.7
57382      -14.6
57383      -13.5
57384      -15.8
57385      -17.5
57386      -16.6
57387      -17.2
57388      -18.7
57389      -18.8
57390      -18.2
57391      -19.7
57392      -20.4
57393      -21.0
57394      -22.1
57395      -22.1
57396      -18.9
57397      -15.6
57398      -18.1
57399      -21.0
57400      -22.0
57401      -17.3
57402      -14.1
57403      -14.4
57404      -10.0
57405       -5.7
57406       -7.4
57407       -5.1
57408        0.7
57409       -1.8
57410       -0.4
57411       -0.0
57412        1.6
57413        4.4
57414        4.8
57415        7.3
57416        5.0
57417        6.9
57418       10.8
57419       11.9
57420       13.8
57421       12.8
57422       11.3
57423       10.4
57424       11.0
57425       11.7
57426        8.1
57427        7.7
57428        5.9
57429        7.1
57430        9.1
57431       12.6
57432       10.1
57433        9.5
57434        9.9
57435       12.5
57436       14.4
57437       14.5
57438       13.4
57439       14.5
57440       15.5
57441       17.0
57442       15.6
57443       13.2
57444       14.1
57445       14.2
57446       13.2
57447       11.4
57448       10.8
57449        9.8
57450        9.2
57451        9.0
57452        5.3
57453        2.1
57454        3.2
57455        3.2
57456        1.9
57457       -0.4
57458       -3.6
57459       -1.3
57460       -4.1
57461       -3.3
57462       -6.6
57463       -9.7
57464      -10.2
57465      -11.4
57466       -9.7
57467      -10.4
57468       -8.1
57469       -7.3
57470       -9.0
57471       -6.9
57472       -5.5
57473       -5.4
57474       -6.2
57475       -8.1
57476       -6.9
57477       -4.0
57478       -4.1
57479       -3.8
57480       -2.6
57481       -3.0
57482       -1.0
57483       -1.6
57484        0.3
57485       -2.6
57486       -2.8
57487       -0.6
57488       -2.1
57489       -1.1
57490       -0.1
57491        0.5
57492        1.5
57493        5.8
57494        6.1
57495        8.0
57496        5.4
57497        3.0
57498        4.6
57499        5.1
57500        6.4
57501       10.1
57502       12.7
57503       14.2
57504       17.4
57505       19.5
57506       16.9
57507       14.0
57508       12.4
57509       10.8
57510        7.4
57511        8.9
57512        5.9
57513        3.9
57514        4.3
57515        6.1
57516        6.9
57517        5.5
57518        3.3
57519        2.8
57520        5.5
57521        2.7
57522        1.9
57523       -2.5
57524       -0.9
57525       -2.9
57526       -3.8
57527       -7.5
57528       -7.6
57529       -9.9
57530       -9.6
57531      -11.4
57532      -10.3
57533      -15.4
57534      -11.2
57535       -8.9
57536       -5.2
57537       -3.6
57538        1.5
57539        2.3
57540        0.7
57541        3.9
57542        6.0
57543        8.6
57544       10.3
57545       11.2
57546       10.7
57547       12.0
57548       12.2
57549       10.0
57550        8.3
57551        8.9
57552        7.9
57553        7.3
57554        6.9
57555        7.8
57556        6.0
57557        3.3
57558        0.5
57559        1.2
57560        0.1
57561       -0.1
57562        0.4
57563       -1.1
57564       -0.7
57565       -2.4
57566       -5.5
57567       -5.5
57568       -5.7
57569       -6.8
57570       -9.9
57571      -13.3
57572      -14.6
57573      -14.2
57574      -15.6
57575      -18.1
57576      -14.2
57577      -14.9
57578      -12.7
57579      -14.2
57580      -11.2
57581      -10.8
57582      -12.9
57583      -12.2
57584       -8.6
57585       -5.3
57586        0.4
57587        4.6
57588        7.6
57589        9.5
57590        9.5
57591       12.9
57592       15.1
57593       16.4
57594       18.5
57595       20.0
57596       23.1
57597       24.3
57598       24.4
57599       23.1
57600       21.8
57601       23.2
57602       25.5
57603       26.6
57604       28.4
57605       32.7
57606       31.5
57607       34.4
57608       30.6
57609       30.3
57610       30.5
57611       29.0
57612       28.3
57613       25.4
57614       25.6
57615       19.7
57616       14.2
57617       13.2
57618       16.0
57619       13.8
57620        9.4
57621        9.4
57622        8.6
57623        6.7
57624        4.1
57625        0.1
57626       -0.7
57627       -4.4
57628       -4.4
57629       -5.7
57630       -3.7
57631       -3.5
57632       -6.3
57633       -7.9
57634       -7.8
57635       -5.1
57636       -8.0
57637       -2.4
57638       -2.1
57639       -0.4
57640       -0.4
57641       -0.1
57642        1.2
57643        4.1
57644        3.2
57645        2.1
57646       -0.6
57647       -1.1
57648       -0.1
57649       -0.1
57650        0.3
57651        1.2
57652       -0.4
57653       -0.5
57654        0.7
57655        0.8
57656        1.8
57657        5.1
57658        3.2
57659        3.6
57660        3.2
57661        2.5
57662        3.7
57663        6.0
57664        9.5
57665        7.8
57666       10.5
57667       10.7
57668       14.9
57669       17.7
57670       12.2
57671        9.5
57672        8.1
57673        4.6
57674        4.6
57675        2.5
57676        3.3
57677        5.2
57678        4.4
57679        5.3
57680        5.5
57681        2.2
57682        0.6
57683        0.4
57684       -0.5
57685       -0.4
57686       -2.5
57687       -1.6
57688       -2.9
57689       -0.2
57690        1.4
57691        0.1
57692       -0.7
57693        0.1
57694        4.3
57695        5.3
57696        3.7
57697        3.5
57698        4.2
57699        7.4
57700        8.0
57701        9.0
57702       11.0
57703       11.1
57704       12.6
57705       14.8
57706       15.4
57707       17.2
57708       12.5
57709       14.7
57710       12.3
57711       13.3
57712       11.8
57713       10.6
57714        9.8
57715       10.0
57716        9.6
57717       10.0
57718       11.9
57719       11.7
57720       12.2
57721       15.1
57722       14.5
57723       16.8
57724       20.8
57725       15.1
57726       12.0
57727       10.4
57728        7.4
57729        9.9
57730       13.4
57731       12.2
57732       10.9
57733       12.0
57734       13.2
57735       15.4
57736       19.5
57737       17.3
57738       16.4
57739       15.8
57740       16.4
57741       15.1
57742       14.9
57743       15.9
57744       15.3
57745       17.3
57746       22.5
57747       21.9
57748       18.3
57749       18.2
57750       18.5
57751       15.7
57752       19.5
57753       18.7
57754       18.4
57755       19.4
57756       16.8
57757       17.3
57758       14.7
57759       13.2
57760       13.7
57761       13.7
57762       14.1
57763       12.2
57764        9.4
57765        6.0
57766        2.0
57767        0.7
57768       -0.5
57769       -2.3
57770       -0.9
57771       -0.7
57772       -1.0
57773       -2.6
57774       -6.4
57775       -7.3
57776      -11.4
57777      -13.1
57778      -15.7
57779      -19.2
57780      -18.5
57781      -15.8
57782      -14.5
57783      -15.9
57784      -14.1
57785      -12.3
57786      -11.5
57787      -10.9
57788      -10.1
57789      -11.0
57790      -13.2
57791      -15.4
57792      -16.9
57793      -16.6
57794      -15.7
57795      -15.4
57796      -12.1
57797      -12.5
57798       -8.5
57799       -6.7
57800       -6.3
57801       -5.8
57802       -7.8
57803      -13.8
57804      -15.4
57805      -16.9
57806      -17.8
57807      -17.3
57808      -15.8
57809      -18.8
57810      -20.2
57811      -22.3
57812      -27.7
57813      -28.0
57814      -23.9
57815      -24.8
57816      -25.6
57817      -20.1
57818      -21.9
57819      -17.1
57820      -14.7
57821       -8.8
57822       -2.1
57823       -0.6
57824       -0.5
57825       -4.8
57826       -1.8
57827       -1.4
57828        0.7
57829        1.2
57830        5.4
57831        3.1
57832        6.0
57833        7.6
57834        8.4
57835       10.4
57836       10.7
57837       11.8
57838       11.8
57839        8.2
57840        8.7
57841       10.8
57842       12.5
57843       14.8
57844       14.3
57845       13.3
57846       22.3
57847       21.9
57848       21.1
57849       22.6
57850       21.7
57851       15.9
57852       13.3
57853       12.0
57854       11.5
57855       10.3
57856       11.4
57857       11.8
57858       11.2
57859       12.1
57860       15.0
57861       15.2
57862       16.6
57863       15.0
57864       13.8
57865       16.4
57866       17.6
57867       13.7
57868       14.6
57869       11.9
57870       10.6
57871        9.4
57872        9.0
57873        7.1
57874        8.9
57875       10.6
57876        8.5
57877       10.1
57878       10.2
57879        9.2
57880        7.4
57881        2.5
57882        5.2
57883        6.4
57884        6.0
57885        6.9
57886        6.7
57887        7.7
57888        4.4
57889        3.0
57890        0.8
57891       -3.3
57892       -3.5
57893       -5.3
57894       -4.4
57895       -6.4
57896       -5.9
57897       -4.1
57898       -3.5
57899       -6.1
57900       -6.4
57901       -4.0
57902       -3.2
57903       -4.5
57904       -4.2
57905       -2.0
57906       -0.6
57907        1.1
57908        1.3
57909        3.4
57910        5.4
57911        7.1
57912        5.2
57913        5.2
57914        5.3
57915        7.7
57916       14.0
57917       15.3
57918       16.1
57919       15.8
57920       18.1
57921       21.3
57922       17.9
57923       12.3
57924       10.9
57925       13.3
57926       13.7
57927       11.7
57928       13.8
57929       15.4
57930       21.3
57931       26.3
57932       25.2
57933       23.8
57934       21.7
57935       22.0
57936       25.1
57937       20.1
57938       22.8
57939       19.8
57940       16.4
57941       14.7
57942       13.5
57943        7.1
57944        7.2
57945        8.6
57946        7.0
57947        8.4
57948        7.5
57949        2.5
57950        0.0
57951       -1.7
57952       -5.1
57953       -6.6
57954      -11.9
57955      -15.4
57956      -14.8
57957      -15.7
57958      -16.8
57959      -12.9
57960      -10.0
57961       -7.8
57962       -4.9
57963       -5.5
57964       -6.4
57965       -6.9
57966       -6.2
57967       -4.9
57968       -7.7
57969       -9.5
57970       -5.7
57971       -4.9
57972       -1.8
57973       -2.3
57974       -2.0
57975       -3.8
57976       -2.7
57977       -4.3
57978       -5.5
57979       -2.8
57980       -1.9
57981       -4.8
57982       -5.5
57983       -3.2
57984       -2.6
57985       -1.8
57986       -3.4
57987       -3.4
57988       -2.0
57989       -0.6
57990       -0.5
57991       -0.2
57992        0.8
57993        3.5
57994        3.7
57995        3.3
57996        4.1
57997        1.6
57998        5.7
57999        9.5
58000       12.1
58001       11.2
58002       10.2
58003       13.7
58004       14.0
58005       12.1
58006       12.3
58007       12.0
58008        7.4
58009        5.8
58010        8.9
58011        7.0
58012        7.8
58013        8.8
58014        9.7
58015       10.5
58016        7.8
58017        8.7
58018        9.4
58019        8.0
58020        8.4
58021        9.5
58022       12.4
58023       13.3
58024       11.3
58025        9.8
58026        5.5
58027        6.2
58028        9.8
58029        9.1
58030        7.0
58031        7.5
58032        8.9
58033        8.8
58034        5.9
58035        7.8
58036       10.0
58037       11.0
58038        9.0
58039        9.9
58040        7.6
58041        1.2
58042       -2.6
58043        0.8
58044        3.6
58045        6.7
58046        5.0
58047        5.9
58048        8.9
58049        6.7
58050        9.5
58051        6.3
58052        3.4
58053       -0.7
58054       -4.1
58055       -6.7
58056       -9.4
58057       -7.2
58058      -10.2
58059      -12.4
58060      -15.2
58061      -14.0
58062      -15.7
58063      -12.2
58064       -9.7
58065       -8.2
58066      -10.2
58067       -9.5
58068       -8.2
58069       -8.4
58070      -11.7
58071      -10.9
58072      -11.3
58073      -10.1
58074       -6.5
58075       -3.7
58076        0.0
58077        0.5
58078       -2.1
58079          -
58080          -
58081          -
58082       -2.4
58083       -4.0
58084       -5.9
58085       -4.2
58086       -2.6
58087       -6.7
58088       -4.6
58089       -8.6
58090       -6.5
58091       -3.0
58092       -3.2
58093       -4.1
58094       -2.1
58095       -1.0
58096        1.9
58097        3.3
58098        2.5
58099        4.8
58100        3.8
58101        1.9
58102        2.3
58103       -1.5
58104       -5.1
58105       -7.4
58106       -8.3
58107      -11.3
58108      -17.2
58109      -18.2
58110      -21.7
58111      -29.1
58112      -36.2
58113      -37.0
58114      -37.6
58115      -36.8
58116      -41.0
58117      -44.1
58118      -43.5
58119      -45.4
58120      -46.2
58121      -49.4
58122      -48.8
58123      -50.6
58124      -51.5
58125      -50.2
58126      -52.5
58127      -53.1
58128      -52.7
58129      -52.2
58130      -54.3
58131      -47.8
58132      -47.3
58133      -43.0
58134      -42.8
58135      -39.9
58136      -38.4
58137      -33.4
58138      -30.8
58139      -30.6
58140      -27.7
58141      -25.8
58142      -21.3
58143      -17.6
58144      -12.5
58145       -8.4
58146       -4.2
58147       -1.5
58148        2.0
58149        5.0
58150        2.5
58151        2.9
58152        3.1
58153        4.3
58154        5.8
58155        9.5
58156        8.7
58157       12.6
58158       11.2
58159        8.3
58160        6.8
58161        4.4
58162        5.8
58163        3.9
58164        3.2
58165        0.1
58166        1.6
58167       -2.4
58168       -4.6
58169       -2.8
58170       -4.8
58171       -6.8
58172      -11.4
58173      -16.0
58174      -17.6
58175      -21.3
58176      -19.7
58177      -19.9
58178      -19.6
58179      -21.1
58180      -19.7
58181      -15.7
58182      -15.2
58183      -14.2
58184      -12.8
58185      -13.2
58186      -13.5
58187      -15.4
58188      -16.0
58189      -16.8
58190      -16.7
58191      -16.1
58192      -17.3
58193      -16.3
58194      -14.3
58195      -10.6
58196       -7.9
58197       -7.3
58198       -6.6
58199       -3.6
58200        1.1
58201        4.5
58202        7.5
58203        8.3
58204       10.1
58205       13.4
58206       15.4
58207       16.0
58208       16.6
58209       13.2
58210       14.3
58211       15.2
58212       17.6
58213       19.4
58214       21.4
58215       18.5
58216       21.0
58217       21.5
58218       20.1
58219       19.7
58220       18.7
58221       18.9
58222       15.5
58223       11.3
58224       13.5
58225       15.0
58226       12.0
58227        8.6
58228        8.1
58229        7.3
58230        7.2
58231        6.4
58232        5.4
58233        5.2
58234        3.9
58235        3.4
58236        2.4
58237        0.6
58238       -0.9
58239       -2.3
58240       -2.0
58241       -4.9
58242       -6.0
58243       -7.1
58244       -8.6
58245       -9.3
58246      -10.3
58247      -10.2
58248      -10.4
58249      -10.8
58250      -10.9
58251      -10.7
58252      -11.5
58253      -11.8
58254      -12.8
58255      -13.6
58256      -13.8
58257      -14.8
58258      -14.4
58259      -13.3
58260      -13.0
58261      -13.1
58262      -12.6
58263      -12.5
58264      -12.7
58265      -12.4
58266      -12.7
58267      -12.7
58268      -12.9
58269      -13.2
58270      -13.3
58271      -13.8
58272      -13.9
58273      -12.0
58274      -13.0
58275      -13.1
58276      -13.8
58277      -14.2
58278      -15.0
58279      -16.0
58280      -17.2
58281      -18.4
58282      -19.4
58283      -20.8
58284      -21.6
58285      -23.2
58286      -24.5
58287      -26.0
58288      -27.6
58289      -28.0
58290      -27.0
58291      -26.1
58292      -24.6
58293      -24.0
58294      -23.2
58295      -22.5
58296      -22.0
58297      -21.9
58298      -21.2
58299      -20.1
58300      -19.5
58301      -18.9
58302      -18.2
58303      -19.1
58304          -
58305          -
58306          -
58307          -
58308          -
58309          -
58310          -
58311      -43.9
58312      -40.0
58313      -35.6
58314      -30.0
58315      -23.1
58316      -15.1
58317       -6.1
58318       -0.2
58319        7.1
58320       13.1
58321       17.0
58322       18.3
58323       18.0
58324       14.9
58325       12.0
58326        7.5
58327        4.8
58328        1.9
58329       -1.0
58330       -4.1
58331       -6.9
58332       -9.9
58333      -13.2
58334      -16.1
58335      -19.1
58336      -23.4
58337      -27.0
58338      -28.1
58339      -28.6
58340      -29.1
58341      -28.8
58342      -28.0
58343        5.7
58344        5.5
58345        5.7
58346        5.5
58347        5.5
58348        5.1
58349        5.2
58350        5.3
58351        5.4
58352        6.0
58353        5.7
58354        5.3
58355        5.3
58356        5.6
58357        6.6
58358        6.4
58359        6.4
58360        6.9
58361        6.4
58362        6.9
58363        7.2
58364        5.4
58365        5.5
58366        6.1
58367        5.8
58368        6.4
58369        6.5
58370        6.9
58371        7.3
58372        7.8
58373        7.3
58374        7.7
58375        7.6
58376        7.3
58377        7.4
58378        6.7
58379        6.5
58380        6.2
58381        6.0
58382        6.0
58383        6.1
58384        6.4
58385        6.7
58386        6.7
58387        6.3
58388        6.0
58389        5.8
58390        5.9
58391        6.1
58392        5.1
58393        5.1
58394        5.5
58395        5.6
58396        5.3
58397        5.4
58398        5.2
58399        5.5
58400        5.9
58401        6.0
58402        5.8
58403        3.6
58404        4.0
58405        4.1
58406        4.8
58407        5.1
58408        5.5
58409        5.6
58410        5.9
58411        6.6
58412        7.4
58413        7.9
58414        8.4
58415        9.2
58416        9.6
58417        9.7
58418       10.2
58419       10.5
58420       10.5
58421       10.8
58422       11.5
58423       12.4
58424       12.8
58425       13.3
58426       14.5
58427       18.7
58428       19.7
58429       20.2
58430       21.4
58431       21.9
58432       22.7
58433       23.8
58434       24.7
58435       25.6
58436       26.5
58437       27.7
58438       28.7
58439       29.5
58440       29.1
58441       29.2
58442       28.9
58443       29.1
58444       28.6
58445       27.8
58446       26.6
58447       25.5
58448       24.3
58449       23.4
58450       22.3
58451       21.7
58452       21.0
58453       20.2
58454       19.0
58455       19.1
58456       17.9
58457       17.4
58458       17.0
58459       16.5
58460       15.4
58461       15.5
58462       14.9
58463       14.4
58464       13.9
58465       13.2
58466       12.7
58467       12.4
58468       12.2
58469       11.7
58470       11.5
58471       11.1
58472       11.3
58473       10.7
58474       10.4
58475       10.3
58476       10.4
58477       10.2
58478        9.9
58479        9.4
58480        9.6
58481        9.4
58482        9.5
58483        9.8
58484        9.2
58485        9.3
58486        8.7
58487        8.5
58488        8.4
58489        8.1
58490        9.2
58491        8.9
58492        8.8
58493        8.7
58494        8.6
58495        8.6
58496        8.0
58497        7.9
58498        8.1
58499        7.8
58500        7.1
58501        7.3
58502        6.9
58503        6.6
58504        6.6
58505        7.7
58506        8.1
58507        8.7
58508        9.4
58509       10.0
58510       10.5
58511       10.2
58512       11.0
58513       10.9
58514       11.6
58515       11.7
58516       11.5
58517       11.3
58518        8.0
58519        8.1
58520        7.9
58521        7.8
58522        7.6
58523        7.9
58524        7.4
58525        7.3
58526        7.3
58527        7.2
58528        6.6
58529        6.3
58530        5.5
58531        5.9
58532        5.0
58533        5.2
58534        4.7
58535        4.1
58536        4.1
58537        3.4
58538        2.6
58539        1.9
58540        1.8
58541        1.6
58542        1.1
58543        1.1
58544        0.8
58545        0.4
58546       -1.3
58547       -1.7
58548       -2.2
58549       -2.6
58550       -3.2
58551       -3.8
58552       -4.1
58553       -4.7
58554       -4.5
58555       -3.3
58556       -2.4
58557       -1.3
58558       -0.4
58559        0.1
58560        0.7
58561        1.8
58562        2.5
58563        3.2
58564        3.6
58565        4.8
58566        5.3
58567        6.4
58568        7.0
58569        7.9
58570        7.7
58571        8.6
58572        8.8
58573        9.5
58574       10.9
58575       11.5
58576       12.0
58577       11.9
58578       11.4
58579       11.5
58580       11.4
58581       12.4
58582       12.5
58583          -
58584          -
58585          -
58586          -
58587          -
58588          -
58589       10.0
58590        9.3
58591        8.8
58592        8.3
58593        8.1
58594        7.6
58595        7.6
58596        6.8
58597          -
58598      -82.0
58599      -82.9
58600      -83.3
58601      -83.6
58602      -86.0
58603      -76.0
58604      -85.3
58605      -86.1
58606      -86.6
58607      -87.0
58608      -88.1
58609      -90.2
58610      -91.5
58611      -92.5
58612       -5.0
58613       -4.9
58614       -4.4
58615       -3.9
58616       -3.3
58617       -2.9
58618       -2.7
58619       -2.4
58620       -2.5
58621       -2.1
58622       -2.1
58623       -1.8
58624       -1.3
58625       -0.5
58626       -0.6
58627       -0.6
58628       -0.1
58629        0.4
58630       -0.0
58631       -0.2
58632        0.6
58633        1.0
58634        1.1
58635        0.6
58636        0.8
58637        0.6
58638        0.8
58639        0.5
58640        0.8
58641        0.9
58642        0.8
58643        1.1
58644        1.3
58645        0.8
58646        0.6
58647        0.2
58648        0.1
58649       -0.1
58650       -0.6
58651       -0.1
58652       -0.2
58653       -1.0
58654       -1.4
58655       -2.1
58656       -1.9
58657       -2.0
58658       -2.5
58659       -3.2
58660       -4.1
58661       -4.9
58662       -4.1
58663       -4.7
58664       -6.0
58665       -6.3
58666       -6.5
58667       -6.4
58668       -7.1
58669       -7.8
58670       -7.8
58671       -9.0
58672       -8.7
58673       -9.6
58674      -10.1
58675      -10.9
58676      -10.9
58677      -10.2
58678       -9.4
58679       -8.6
58680       -7.9
58681       -6.7
58682       -6.3
58683       -5.7
58684       -5.1
58685       -4.5
58686       -3.8
58687       -2.9
58688       -2.5
58689       -1.8
58690       -1.2
58691       -0.2
58692        0.0
58693        0.7
58694        1.2
58695        2.0
58696        2.9
58697        3.3
58698        4.1
58699        4.8
58700        6.3
58701        6.5
58702        7.2
58703        8.1
58704        9.1
58705        9.8
58706        9.9
58707       10.5
58708       10.6
58709       11.8
58710       12.4
58711       13.0
58712       13.2
58713       13.8
58714       13.9
58715       14.8
58716       15.1
58717       16.3
58718       16.6
58719       17.0
58720       17.8
58721       17.9
58722       18.2
58723       18.7
58724       18.7
58725       18.9
58726       19.5
58727       20.0
58728       20.0
58729       20.7
58730       21.3
58731       21.5
58732       21.6
58733       22.1
58734       22.1
58735       21.9
58736       22.0
58737       22.4
58738       22.6
58739       22.9
58740       23.5
58741       23.5
58742       23.7
58743       24.5
58744       24.6
58745       24.8
58746       24.9
58747       23.8
58748       22.6
58749       22.9
58750       22.8
58751       21.9
58752       20.7
58753       20.2
58754       19.4
58755       19.2
58756       18.1
58757       17.9
58758       16.6
58759       16.6
58760       16.2
58761       15.5
58762       15.0
58763       14.7
58764       14.1
58765       12.8
58766       12.2
58767       11.7
58768       10.5
58769        9.4
58770        8.5
58771        7.9
58772        7.5
58773        6.5
58774        5.8
58775        5.1
58776        4.3
58777        3.6
58778        2.7
58779        2.3
58780        2.1
58781        1.2
58782       -0.0
58783       -0.8
58784       -1.9
58785       -2.7
58786       -3.5
58787       -4.1
58788       -5.2
58789       -5.8
58790       -7.0
58791       -7.5
58792       -7.8
58793       -8.6
58794       -9.4
58795      -10.0
58796      -11.4
58797      -12.8
58798      -13.2
58799      -14.3
58800      -15.8
58801      -16.5
58802      -17.5
58803      -18.5
58804      -19.7
58805      -20.8
58806      -21.5
58807      -22.8
58808      -23.8
58809      -24.9
58810      -25.9
58811      -26.9
58812      -28.3
58813      -29.3
58814      -30.4
58815      -32.0
58816      -33.1
58817      -34.0
58818      -34.9
58819      -35.1
58820          -
58821      -25.6
58822      -27.2
58823      -28.2
58824      -29.2
58825      -30.5
58826      -31.5
58827      -32.3
58828      -32.4
58829      -32.0
58830      -50.7
58831      -36.7
58832      -34.5
58833      -33.9
58834      -31.1
58835      -31.9
58836      -29.8
58837      -28.2
58838      -27.0
58839      -25.6
58840      -24.7
58841      -23.3
58842      -21.7
58843      -21.1
58844      -20.2
58845      -18.8
58846      -17.9
58847      -17.2
58848      -17.6
58849      -15.7
58850      -14.8
58851      -13.7
58852      -12.4
58853      -11.2
58854       -9.0
58855       -8.5
58856       -4.7
58857      -15.9
58858      -16.1
58859      -15.3
58860      -13.9
58861      -13.3
58862      -12.0
58863      -11.3
58864      -10.2
58865       -8.9
58866       -7.9
58867       -7.1
58868       -6.2
58869       -4.6
58870       -4.1
58871       -3.0
58872       -1.9
58873       -0.9
58874        0.1
58875        1.5
58876        2.2
58877        3.1
58878        4.5
58879        4.6
58880        4.5
58881        4.4
58882        7.8
58883        7.6
58884        7.9
58885        8.1
58886        8.3
58887        8.5
58888        8.7
58889        9.3
58890        9.2
58891        9.9
58892       10.0
58893       10.5
58894       10.6
58895       10.9
58896       10.7
58897       10.9
58898       11.7
58899       12.3
58900       12.8
58901       13.1
58902       13.2
58903       14.6
58904       14.6
58905       14.9
58906       15.6
58907       15.8
58908       15.9
58909       15.6
58910       15.9
58911       16.0
58912       15.6
58913       15.6
58914       15.9
58915       15.9
58916       16.1
58917       16.4
58918       16.2
58919       16.1
58920       16.0
58921       16.1
58922       16.1
58923       16.2
58924       15.3
58925       14.9
58926       14.3
58927       14.4
58928       14.4
58929       14.1
58930       13.9
58931       12.9
58932       12.3
58933       11.5
58934       10.9
58935       10.2
58936        9.6
58937        9.2
58938        8.6
58939        8.0
58940        7.6
58941        6.8
58942        6.5
58943        6.0
58944        5.4
58945        4.6
58946        3.9
58947        3.4
58948        2.7
58949        2.5
58950        2.2
58951        1.5
58952        0.7
58953        0.8
58954        0.9
58955        1.1
58956        1.1
58957        1.7
58958        1.8
58959        2.3
58960        2.1
58961        2.1
58962        2.5
58963        2.6
58964        3.0
58965        3.7
58966        3.7
58967        3.7
58968        4.1
58969        4.5
58970        4.8
58971        5.3
58972        5.6
58973        4.4
58974        4.2
58975        4.9
58976        5.0
58977        5.1
58978        5.3
58979        5.1
58980        4.8
58981        5.3
58982        5.4
58983        5.3
58984        5.3
58985        5.1
58986        4.9
58987        4.9
58988        4.7
58989        5.3
58990        5.3
58991        5.6
58992        5.2
58993        4.6
58994        4.6
58995        4.1
58996        3.8
58997        3.3
58998        3.2
58999        3.5
59000        2.8
59001        2.9
59002        2.9
59003        2.8
59004        2.6
59005        1.9
59006        1.9
59007        1.2
59008        1.1
59009        1.2
59010        0.8
59011        0.5
59012        0.8
59013        0.3
59014        0.8
59015        0.7
59016        0.2
59017       -0.3
59018       -0.3
59019       -0.3
59020       -0.5
59021       -0.4
59022       -0.4
59023       -0.0
59024        0.1
59025        0.2
59026        0.3
59027        0.6
59028        0.8
59029        0.6
59030        1.2
59031        1.5
59032        1.3
59033        1.3
59034        1.7
59035        1.4
59036        0.4
59037        1.4
59038        1.6
59039        1.6
59040        1.1
59041        1.0
59042        1.7
59043        1.5
59044        1.4
59045        1.3
59046        1.2
59047        1.4
59048        1.1
59049        0.7
59050        1.1
59051        1.2
59052        1.5
59053        1.4
59054        1.3
59055        1.2
59056        1.4
59057        0.9
59058        1.3
59059        1.0
59060        1.6
59061        2.0
59062        2.0
59063        2.2
59064        0.9
59065        1.2
59066        1.3
59067        1.0
59068        0.7
59069        0.6
59070        0.6
59071        1.4
59072        1.3
59073        1.7
59074        1.7
59075        1.6
59076        1.8
59077        1.7
59078        1.8
59079        1.5
59080        1.8
59081        1.8
59082        2.2
59083        1.9
59084        1.9
59085        2.6
59086        2.6
59087        2.8
59088        2.9
59089        3.1
59090        2.9
59091        2.9
59092        3.1
59093        3.5
59094        3.2
59095        3.5
59096        3.0
59097        3.0
59098        3.2
59099        1.9
59100        2.3
59101        2.1
59102        1.9
59103        2.5
59104        2.4
59105        2.1
59106        2.2
59107        2.2
59108        2.0
59109        1.6
59110        2.1
59111        1.7
59112        1.9
59113        1.7
59114        1.6
59115        1.5
59116        1.2
59117        1.3
59118        1.3
59119        1.6
59120        1.7
59121        1.4
59122        1.3
59123        0.9
59124        0.9
59125        1.0
59126        0.5
59127        0.5
59128        0.4
59129        0.2
59130        0.3
59131        0.4
59132       -0.2
59133       -0.0
59134        0.4
59135        0.2
59136        0.2
59137        0.4
59138        0.3
59139        0.1
59140        0.2
59141        0.2
59142        0.0
59143       -0.2
59144       -0.6
59145       -0.4
59146       -0.5
59147        0.1
59148       -0.4
59149       -0.4
59150       -0.6
59151       -0.6
59152       -0.2
59153        0.0
59154       -0.1
59155        0.3
59156       -0.3
59157        0.0
59158        0.6
59159        0.5
59160        0.4
59161        0.4
59162        0.6
59163        0.8
59164        1.3
59165        1.3
59166        1.6
59167        1.7
59168        1.3
59169        1.5
59170        1.4
59171        1.6
59172        1.9
59173        2.3
59174        2.5
59175        2.2
59176        2.0
59177        2.0
59178        2.3
59179        2.4
59180        2.2
59181        2.0
59182        2.0
59183        2.7
59184        3.0
59185        3.1
59186        2.7
59187        2.6
59188        2.6
59189        2.8
59190        1.8
59191        2.0
59192        2.1
59193        2.4
59194        2.5
59195        2.1
59196        2.2
59197        1.8
59198        1.5
59199        1.1
59200        0.9
59201        0.4
59202        0.7
59203        0.3
59204        0.2
59205       -0.3
59206       -0.5
59207       -0.3
59208       -0.8
59209       -1.0
59210       -0.9
59211       -1.5
59212       -1.7
59213       -1.7
59214       -1.6
59215       -1.4
59216       -1.5
59217       -1.5
59218       -1.9
59219       -1.7
59220       -1.8
59221       -1.7
59222       -1.6
59223       -1.5
59224       -1.2
59225       -1.2
59226       -1.0
59227       -0.8
59228       -0.3
59229       -0.2
59230        0.2
59231        0.3
59232        1.3
59233        1.1
59234        0.5
59235        0.5
59236        0.4
59237        0.6
59238        1.3
59239        1.4
59240        1.7
59241        1.7
59242        1.9
59243        2.5
59244        3.0
59245        3.5
59246        4.0
59247        4.3
59248        4.7
59249        4.6
59250        5.5
59251        4.7
59252        6.0
59253        4.7
59254        4.6
59255        4.7
59256        5.1
59257        5.5
59258        5.7
59259        5.2
59260        5.1
59261        5.6
59262        5.4
59263        5.5
59264        6.1
59265        5.5
59266        6.2
59267        5.9
59268        6.5
59269        6.4
59270        6.8
59271        7.1
59272        7.8
59273        8.2
59274        7.7
59275        7.9
59276        8.3
59277        8.5
59278        8.5
59279        8.5
59280        8.7
59281        8.5
59282        8.3
59283        8.5
59284        8.2
59285        8.0
59286        7.9
59287        7.6
59288        8.5
59289        8.2
59290        8.2
59291        8.5
59292        8.5
59293        8.4
59294        8.4
59295        8.5
59296        8.1
59297        8.1
59298        8.3
59299        8.3
59300        8.0
59301        8.0
59302        8.2
59303        7.5
59304        7.5
59305        7.3
59306        7.7
59307        7.6
59308        7.7
59309        7.2
59310        7.0
59311        7.0
59312        6.9
59313        6.6
59314        6.2
59315        6.0
59316        5.8
59317        5.9
59318        6.0
59319        5.9
59320        5.6
59321        5.6
59322        5.2
59323        5.1
59324        5.0
59325        4.7
59326        4.9
59327        5.0
59328        5.0
59329        4.9
59330        5.0
59331        4.8
59332        4.7
59333        4.7
59334        4.3
59335        4.8
59336        4.5
59337        5.4
59338        5.5
59339        5.1
59340        5.2
59341        5.1
59342        5.6
59343        5.2
59344        5.0
59345        4.9
59346        4.9
59347        4.9
59348        4.8
59349        4.7
59350        4.5
59351        4.7
59352        4.3
59353        4.3
59354        4.3
59355        4.0
59356        3.6
59357        3.9
59358        3.9
59359        3.3
59360        3.5
59361        3.3
59362        3.0
59363        2.8
59364        2.7
59365        2.6
59366        2.5
59367        2.3
59368        2.1
59369        1.9
59370        1.5
59371        1.8
59372        2.5
59373        2.4
59374        2.0
59375        2.0
59376        2.0
59377        2.0
59378        2.6
59379        2.6
59380        1.8
59381        1.4
59382        1.6
59383        1.5
59384        1.5
59385        1.2
59386        1.4
59387        1.4
59388        1.3
59389        1.4
59390        1.6
59391        1.9
59392        1.9
59393        2.3
59394        1.9
59395        1.7
59396        2.1
59397        2.4
59398        2.4
59399        2.7
59400        2.5
59401        2.6
59402        2.6
59403        2.4
59404        3.0
59405        3.5
59406        4.1
59407        3.9
59408        4.1
59409        3.9
59410        3.8
59411        4.1
59412        4.4
59413        4.5
59414        5.1
59415        5.4
59416        5.5
59417        5.8
59418        5.8
59419        5.8
59420        6.1
59421        6.2
59422        6.9
59423        7.0
59424        7.1
59425        7.3
59426        7.6
59427        8.0
59428        7.1
59429        7.4
59430        7.6
59431        8.0
59432        8.1
59433        8.8
59434        8.3
59435        8.7
59436        9.0
59437        9.3
59438        9.8
59439        9.7
59440        9.9
59441       10.0
59442       10.5
59443       10.8
59444       11.2
59445       11.2
59446       11.0
59447       11.2
59448       11.5
59449       11.0
59450       11.3
59451       12.1
59452          -
59453       12.1
59454       12.0
59455       12.3
59456       12.7
59457       12.8
59458       12.7
59459       12.9
59460       13.3
59461       13.4
59462       13.8
59463       13.9
59464       13.9
59465       13.9
59466       13.7
59467       13.9
59468       13.9
59469       13.6
59470       13.4
59471       13.4
59472       13.7
59473       13.0
59474       22.4
59475       12.9
59476       13.2
59477       13.0
59478       12.9
59479       13.0
59480       12.5
59481       12.2
59482       11.9
59483       12.1
59484       12.2
59485       11.8
59486       11.6
59487       11.1
59488       11.1
59489       10.8
59490       10.8
59491       11.4
59492       10.8
59493       10.9
59494       10.1
59495       10.3
59496       10.0
59497        9.9
59498        9.9
59499        9.7
59500        9.3
59501        8.7
59502        7.8
59503        7.2
59504        6.8
59505        5.9
59506        5.5
59507        4.7
59508        4.2
59509        4.0
59510        3.3
59511        3.0
59512        2.1
59513        1.6
59514        0.9
59515        0.4
59516        0.1
59517       -1.0
59518       -1.3
59519       -2.1
59520       -2.9
59521       -3.5
59522       -4.1
59523       -4.5
59524       -5.2
59525       -5.9
59526       -6.4
59527       -6.8
59528       -7.7
59529       -8.2
59530       -8.6
59531       -9.3
59532       -9.5
59533      -10.2
59534      -10.8
59535      -10.4
59536      -10.3
59537      -10.3
59538      -10.2
59539       -9.9
59540       -9.5
59541       -9.3
59542       -9.2
59543       -8.8
59544       -8.5
59545       -7.9
59546       -7.8
59547       -7.4
59548       -6.9
59549       -6.5
59550       -6.4
59551       -6.0
59552       -5.7
59553       -5.2
59554       -4.3
59555       -4.0
59556       -3.6
59557       -3.0
59558       -2.9
59559       -2.2
59560       -1.6
59561       -1.4
59562       -1.3
59563       -0.8
59564       -0.7
59565       -0.4
59566       -0.4
59567       -0.3
59568        0.4
59569        0.6
59570        0.7
59571        1.0
59572        1.4
59573        1.6
59574        1.7
59575        2.4
59576        2.7
59577        2.9
59578        3.4
59579        3.5
59580        3.7
59581        3.5
59582        3.3
59583        3.9
59584        3.8
59585        3.9
59586        4.0
59587        3.9
59588        4.0
59589        2.5
59590        2.4
59591        2.6
59592        2.6
59593        2.9
59594        2.8
59595        2.8
59596        2.8
59597        3.1
59598        2.9
59599        3.2
59600        3.4
59601        3.7
59602        4.0
59603        4.0
59604        4.2
59605        4.3
59606        4.7
59607        4.6
59608        4.9
59609        5.1
59610        4.7
59611        4.9
59612        4.9
59613        5.1
59614        5.0
59615        5.3
59616        5.5
59617        6.2
59618        6.3
59619        6.4
59620        6.7
59621        6.9
59622        7.0
59623        7.0
59624        7.2
59625        7.3
59626        7.1
59627        6.9
59628        7.3
59629        7.0
59630        7.0
59631        7.2
59632        7.3
59633        7.2
59634        7.1
59635        7.0
59636        6.9
59637        7.0
59638        6.5
59639        6.2
59640        5.9
59641        5.8
59642        5.6
59643        5.6
59644        5.4
59645        5.1
59646        4.7
59647        4.6
59648        4.5
59649        4.4
59650        4.0
59651        3.4
59659          -
59660          -
59661          -
59662          -
59663        2.8
59664        3.2
59665        2.9
59666        3.0
59667        2.9
59668        3.0
59669        3.1
59670        3.2
59671        3.1
59672        4.0
59673        2.5
59674        2.3
59675        2.3
59676        2.3
59677        2.3
59678        2.7
59679        2.9
59680        3.0
59681        2.8
59682        2.7
59683        2.6
59684        2.3
59685        2.2
59686        1.8
59687        2.0
59688        1.4
59689        1.3
59690        1.3
59691        1.1
59692        1.1
59693        1.2
59694        1.2
59695        1.0
59696        0.8
59697        0.6
59698        0.8
59699        0.5
59700        0.4
59701        0.2
59702       -0.1
59703       -0.2
59704       -0.2
59705       -0.5
59706       -0.6
59707       -0.8
59708       -1.0
59709       -1.0
59710       -1.2
59711       -1.6
59712       -1.7
59713       -2.0
59714       -2.0
59715       -1.9
59716       -1.8
59717       -1.9
59718       -2.1
59719       -2.1
59720       -2.6
59721       -2.6
59722       -2.6
59723       -2.7
59724       -3.4
59725       -3.1
59726       -3.2
59727       -3.2
59728       -3.4
59729       -3.3
59730       -3.5
59731       -3.6
59732       -3.7
59733       -3.5
59734       -3.4
59735       -3.2
59736       -3.2
59737       -3.7
59738       -3.5
59739       -3.4
59740       -3.3
59741       -3.5
59742       -2.9
59743       -3.2
59744       -3.1
59745       -3.0
59746       -3.0
59747       -2.7
59748       -2.4
59749       -2.2
59750       -2.4
59751       -2.5
59752       -2.0
59753       -2.1
59754       -1.6
59755       -1.4
59756       -1.2
59757       -1.0
59758       -0.9
59759       -1.2
59760       -0.6
59761       -0.3
59762       -0.1
59763        0.5
59764       -0.4
59765       -0.1
59766       -0.1
59767        0.6
59768        0.4
59769        0.8
59770        1.3
59771        1.4
59772        1.9
59773        2.0
59774        2.2
59775        2.5
59776        2.9
59777        3.1
59778        3.4
59779        3.0
59780        3.7
59781        4.2
59782        4.8
59783        4.8
59784        4.5
59785        4.5
59786        4.4
59787        4.1
59788        4.1
59789        4.0
59790        4.0
59791        3.8
59792        4.1
59793        3.8
59794        4.0
59795        3.8
59796        3.8
59797        2.9
59798        3.5
59799        2.4
59800        2.0
59801        1.5
59802          -
59803          -
59804          -
59805          -
59806        1.1
59807        1.2
59808        0.9
59809        0.7
59810        0.3
59811       -0.2
59812        0.0
59813       -0.5
59814       -0.6
59815       -0.7
59816       -0.8
59817       -0.5
59818       -0.6
59819       -0.3
59820       -1.1
59821       -0.8
59822       -1.0
59823       -0.9
59824       -0.8
59825       -0.8
59826       -0.9
59827       -2.0
59828       -2.2
59829       -1.8
59830       -2.0
59831       -2.5
59832       -2.3
59833       -2.1
59834       -2.4
59835       -1.9
59836       -2.2
59837       -2.2
59838       -2.1
59839       -2.0
59840       -2.2
59841       -2.0
59842       -2.4
59843       -2.1
59844       -2.3
59845       -2.1
59846       -2.5
59847       -2.7
59848       -1.9
59849       -1.7
59850       -1.9
59851       -1.3
59852       -1.2
59853       -1.4
59854       -1.1
59855       -2.3
59856       -2.3
59857       -2.7
59858       -2.6
59859       -2.6
59860       -2.6
59861       -2.5
59862       -2.7
59863       -2.8
59864       -2.9
59865       -2.7
59866       -2.5
59867       -2.4
59868       -2.8
59869       -2.8
59870       -2.8
59871       -2.9
59872       -3.0
59873       -2.5
59874       -2.9
59875       -2.7
59876       -3.0
59877       -3.0
59878       -3.0
59879       -3.0
59880       -2.8
59881       -3.0
59882       -2.9
59883       -3.2
59884       -3.1
59885       -3.3
59886       -3.0
59887       -2.8
59888       -3.3
59889       -3.0
59890       -2.0
59891       -2.2
59892       -2.3
59893       -2.2
59894       -2.0
59895       -2.1
59896       -2.1
59897       -2.1
59898       -1.9
59899       -1.8
59900       -1.6
59901       -1.6
59902       -1.6
59903       -1.7
59904       -1.5
59905       -1.6
59906       -1.8
59907       -2.0
59908       -1.8
59909       -1.7
59910       -1.7
59911       -1.7
59912       -1.5
59913       -1.7
59914       -1.8
59915       -1.8
59916       -1.8
59917       -1.6
59918       -0.2
59919       -0.0
59920        0.0
59921        0.2
59922        0.1
59923        0.4
59924        0.7
59925        0.6
59926        1.1
59927        1.0
59928        1.2
59929        1.3
59930        1.1
59931        1.2
59932        1.5
59933        2.1
59934        1.9
59935        2.5
59936        2.5
59937        2.6
59938        2.8
59939        2.8
59940        2.8
59941        3.0
59942        2.9
59943        3.3
59944        3.5
59945        3.6
59946        3.5
59947        3.7
59948        4.0
59949        4.4
59950        4.3
59951        4.3
59952        4.2
59953        5.5
59954        5.7
59955        5.8
59956        5.8
59957        6.1
59958        6.3
59959        6.4
59960        6.5
59961        6.6
59962        6.4
59963        6.3
59964        6.1
59965        5.7
59966        5.8
59967        5.7
59968        5.3
59969        5.2
59970        5.3
59971        5.1
59972        5.0
59973        5.2
59974        5.3
59975        5.5
59976        5.2
59977        5.7
59978        5.3
59979        5.0
59980        4.8
59981        3.0
59982        2.8
59983        2.5
59984        2.0
59985        2.0
59986        1.7
59987        1.7
59988        1.2
59989        0.9
59990        0.6
59991        0.3
59992       -0.1
59993        0.4
59994        0.0
59995       -0.2
59996       -0.1
59997       -0.5
59998       -0.8
59999       -0.9
60000       -0.8
60001       -1.0
60002       -1.3
60003       -1.6
60004       -1.7
60005       -1.6
60006       -2.0
60007       -1.8
60008       -1.7
60009       -2.5
60010       -2.4
60011       -2.3
60012       -2.2
60013       -2.4
60014       -2.1
60015       -2.3
60016       -2.2
60017       -2.3
60018       -2.3
60019       -2.2
60020       -2.1
60021       -1.9
60022       -1.8
60023       -1.8
60024       -1.5
60025       -1.4
60026       -1.4
60027       -1.3
60028       -1.3
60029       -1.4
60030       -1.6
60031       -1.5
60032       -1.6
60033       -1.5
60034       -1.5
60035       -1.4
60036       -1.5
60037       -1.4
60038       -1.3
60039       -1.4
60040       -1.4
60041       -1.4
60042       -1.2
60043       -1.1
60044        1.9
60045        1.9
60046        2.0
60047        2.3
60048        2.6
60049        2.6
60050        2.4
60051        2.6
60052        2.8
60053        3.0
60054        3.0
60055        3.2
60056        3.1
60057        3.4
60058        3.4
60059        3.4
60060        3.5
60061        3.2
60062        3.2
60063          -
60064          -
60065          -
60066          -
60067          -
60068          -
60069        3.5
60070        3.6
60071        3.6
60072        2.8
60073        2.8
60074        2.8
60075        3.1
60076        3.1
60077        2.9
60078        2.8
60079        2.9
60080        2.9
60081        2.8
60082        2.7
60083        2.7
60084        2.9
60085        3.1
60086        3.4
60087        3.4
60088        3.3
60089        2.9
60090        3.1
60091        3.5
60092        3.5
60093        3.7
60094        3.6
60095        3.9
60096        4.0
60097        4.0
60098        4.2
60099        4.2
60100        2.9
60101        2.8
60102        2.8
60103        2.9
60104        2.8
60105        2.6
60106        2.9
60107        2.8
60108        2.5
60109        2.4
60110        2.4
60111        2.6
60112        2.3
60113        2.1
60114        2.1
60115        2.0
60116        1.8
60117        1.3
60118        1.5
60119        1.0
60120        1.5
60121        1.3
60122        0.8
60123        0.9
60124        0.9
60125        0.7
60126        0.3
60127        0.1
60128        0.1
60129        0.1
60130       -0.2
60131       -0.7
60132       -0.8
60133       -0.8
60134       -1.1
60135        0.7
60136        0.4
60137        0.4
60138        0.1
60139        0.1
60140        0.2
60141        0.3
60142       -0.1
60143       -0.0
60144       -0.0
60145       -0.1
60146       -0.0
60147       -0.3
60148       -0.3
60149       -0.2
60150       -0.1
60151       -0.3
60152       -0.2
60153        0.1
60154        0.1
60155       -0.1
60156       -0.0
60157        0.2
60158        0.2
60159       -0.2
60160          -
60161          -
60162          -
60163        1.0
60164        1.2
60165        1.3
60166        1.3
60167        1.4
60168        1.8
60169        1.5
60170        1.2
60171        1.3
60172        1.6
60173        1.3
60174        1.2
60175        1.4
60176        1.7
60177        2.4
60178        2.7
60179        2.7
60180        2.7
60181        3.1
60182        2.9
60183        3.0
60184        2.8
60185        3.2
60186        3.2
60187        3.5
60188        3.9
60189        4.0
60190        4.1
60191        3.2
60192        3.3
60193        3.5
60194        3.4
60195        3.5
60196        3.6
60197        3.7
60198        4.2
60199        4.3
60200        4.5
60201        3.9
60202        4.3
60203        4.4
60204        4.4
60205        4.3
60206        4.2
60207        4.7
60208        4.1
60209        4.3
60210        4.1
60211        4.3
60212        4.2
60213        4.1
60214        4.8
60215        4.9
60216        4.9
60217        4.5
60218        4.6
60219        3.8
60220        3.5
60221        3.7
60222        3.5
60223        3.3
60224        3.1
60225        3.2
60226        3.1
60227        2.8
60228        2.4
60229        2.4
60230        2.7
60231        1.8
60232        1.9
60233        1.8
60234        1.7
60235        1.4
60236        1.5
60237        1.4
60238        0.9
60239        1.0
60240        0.6
60241        0.6
60242        0.0
60243       -0.0
60244       -0.1
60245       -0.3
60246       -0.2
60247       -0.5
60248       -0.5
60249       -0.7
60250       -1.0
60251       -1.4
60252       -1.1
60253       -1.2
60254       -0.4
60255       -0.7
60256       -1.0
60257       -0.7
60258       -1.1
60259       -1.0
60260       -1.1
60261       -1.3
60262       -1.0
60263       -1.0
60264       -1.3
60265       -1.5
60266       -0.6
60267       -1.7
60268       -1.0
60269       -1.5
60270       -1.5
60271       -1.5
60272       -1.1
60273       -1.3
60274       -1.2
60275       -0.9
60276       -0.9
60277       -0.7
60278       -0.8
60279       -0.7
60280       -0.6
60281       -0.2
60282       -1.9
60283       -1.9
60284       -1.9
60285       -1.7
60286       -1.9
60287       -1.6
60288       -1.9
60289       -1.4
60290       -1.5
60291       -1.5
60292       -1.7
60293       -1.7
60294       -1.9
60295       -2.0
60296       -2.1
60297       -2.0
60298       -1.9
60299       -1.7
60300       -1.6
60301       -1.5
60302       -1.3
60303       -1.2
60304       -1.2
60305       -1.4
60306       -1.5
60307       -1.4
60308       -1.4
60309       -1.4
60310       -1.4
60311       -1.0
60312       -1.0
60313       -0.8
60314       -0.8
60315       -1.0
60316       -0.9
60317       -1.6
60318       -1.8
60319       -1.8
60320       -1.8
60321       -1.3
60322       -1.2
60323       -0.8
60324       -0.8
60325       -1.1
60326       -1.0
60327       -0.9
60328       -0.6
60329       -0.6
60330       -0.7
60331       -0.5
60332       -0.3
60333       -0.0
60334        0.3
60335        0.1
60336        0.3
60337        0.2
60338        0.1
60339        0.3
60340        0.4
60341        0.8
60342        0.7
60343        0.9
60344        0.9
60345        1.7
60346        1.4
60347        1.7
60348        1.6
60349        1.6
60350        2.0
60351        1.9
60352        2.4
60353        2.5
60354        2.4
60355        2.5
60356        2.5
60357        2.6
60358        2.8
60359        2.9
60360        3.4
60361        2.4
60362          -
60363          -
60364          -
60365          -
60366        3.7
60367        3.8
60368        3.7
60369        3.7
60370        3.8
60371        3.6
60372        3.7
60373        1.8
60374        2.1
60375        1.9
60376        1.9
60377        1.6
60378        1.7
60379        1.6
60380        1.6
60381        1.5
60382        1.6
60383        1.5
60384        1.7
60385        1.9
60386        1.8
60387        1.8
60388        1.7
60389        1.7
60390        1.8
60391        2.0
60392        1.8
60393        1.9
60394        2.2
60395        2.1
60396        2.0
60397        2.2
60398        2.2
60399        2.1
60400        2.2
60401        2.0
60402        1.7
60403        2.1
60404          -
60405          -
60406          -
60407          -
60408        2.0
60409        1.9
60410        2.0
60411        1.8
60412        1.9
60413        1.7
60414        1.8
60415        1.9
60416        1.8
60417        1.6
60418        1.5
60419        1.6
60420        1.3
60421        1.3
60422        1.3
60423        1.2
60424        1.2
60425        1.3
60426        1.2
60427        1.3
60428        1.0
60429        1.1
60430        1.2
60431        1.3
60432        1.1
60433        1.3
60434        1.1
60435        1.1
60436        1.5
60437        1.5
60438        1.4
60439        1.5
60440        1.3
60441        1.2
60442        1.4
60443        1.7
60444        1.6
60445        1.6
60446        1.9
60447        2.0
60448        2.1
60449        2.1
60450        2.3
60451        2.3
60452        2.4
60453        2.4
60454        2.5
60455        2.6
60456        2.6
60457        3.0
60458        3.3
60459        3.1
60460        3.2
60461        3.5
60462        3.6
60463        3.8
60464        2.5
60465        2.4
60466        2.7
60467        2.6
60468        2.8
60469        2.7
60470        2.7
60471        2.5
60472        2.8
60473        2.8
60474        3.0
60475        3.1
60476        2.9
60477        2.5
60478        2.5
60479        2.6
60480        2.7
60481        2.6
60482        2.9
60483        2.5
60484        3.0
60485        2.9
60486        3.1
60487        3.2
60488        3.5
60489        3.4
60490        3.2
60491        3.4
60492        3.3
60493        3.5
60494        3.6
60495        3.6
60496        3.5
60497        3.8
60498        3.6
60499        4.0
60500        4.3
60501        4.4
60502        4.5
60503        4.4
60504        4.2
60505        4.5
60506        4.7
60507        5.0
60508        4.7
60509        4.8
60510        5.1
60511        5.0
60512        5.2
60513        5.3
60514        4.8
60515        5.1
60516        4.7
60517        5.2
60518        5.0
60519        4.6
60520        5.0
60521        5.1
60522        5.2
60523        5.4
60524        5.5
60525        5.1
60526        5.4
60527        4.6
60528        4.7
60529        4.9
60530        4.8
60531        4.7
60532        4.6
60533        4.6
60534        4.5
60535        4.6
60536        4.9
60537        4.9
60538        4.2
60539        4.7
60540        4.3
60541        4.0
60542        3.9
60543        4.1
60544        4.4
60545        4.2
60546        4.5
60547        4.7
60548        3.8
60549        3.8
60550        3.9
60551        4.0
60552        4.5
60553        4.4
60554        4.5
60555        4.3
60556        4.4
60557        4.6
60558        4.6
60559        4.3
60560        4.3
60561        4.4
60562        4.9
60563        4.4
60564        4.9
60565        4.7
60566        4.5
60567        4.6
60568        4.8
60569        4.8
60570        5.0
60571        5.0
60572        4.8
60573        5.3
60574        4.9
60575        4.8
60576        5.0
60577        5.2
60578        5.0
60579        5.2
60580        5.0
60581        5.0
60582        5.0
60583        5.0
60584        5.1
60585        4.9
60586        4.8
60587        4.8
60588        4.4
60589        4.2
60590        2.9
60591        2.6
60592        2.3
60593        2.4
60594        1.8
60595        2.2
60596        2.0
60597        2.1
60598        2.1
60599        1.8
60600        1.9
60601        1.7
60602        1.6
60603        1.4
60604        1.6
60605        1.0
60606        1.0
60607        1.1
60608        1.0
60609        0.5
60610        0.3
60611        0.1
60612       -0.1
60613       -0.2
60614       -0.1
60615       -0.3
60616       -0.5
60617       -1.1
60618       -1.5
60619       -1.5
60620       -1.5
60621       -1.6
60622       -1.7
60623       -1.7
60624       -1.9
60625       -0.2
60626       -0.1
60627       -0.3
60628       -0.2
60629        0.0
60630        0.0
60631        0.0
60632       -0.0
60633       -0.3
60634        0.0
60635        0.0
60636       -0.1
60637        0.1
60638        0.3
60639        0.1
60640        0.4
60641        0.6
60642        0.7
60643        0.9
60644        0.9
60645        1.2
60646        0.8
60647        0.7
60648        1.0
60649        1.0
60650        1.1
60651        1.0
60652        1.1
60653        1.0
60654        0.7
60655        0.6
60656        0.7
60657        0.6
60658        0.6
60659        1.0
60660        0.9
60661        0.9
60662        0.9
60663        0.7
60664        0.9
60665        1.0
60666        0.6
60667        0.9
60668        0.9
60669        0.9
60670          -
60671          -
60672          -
60673          -
60674          -
60675          -
60676       -0.9
60677       -0.8
60678       -1.1
60679       -0.9
60680       -1.1
60681       -1.4
60682       -1.6
60683       -1.3
60684       -1.3
60685       -1.2
60686       -1.2
60687       -1.1
60688       -1.3
60689       -1.2
60690       -0.6
60691       -1.1
60692       -1.6
60693       -1.1
60694       -1.1
60695       -1.1
60696       -1.0
60697       -0.9
60698       -0.3
60699       -0.6
60700       -0.3
60701        0.0
60702        0.0
60703       -0.1
60704        0.2
60705        0.5
60706        0.6
60707        0.5
60708        0.6
60709        0.7
60710        0.6
60711        0.6
60712        1.0
60713        1.0
60714        1.0
60715        1.1
60716        1.3
60717        1.2
60718        1.3
60719        1.4
60720        1.4
60721        1.5
60722        1.4
60723        1.3
60724        1.4
60725        1.5
60726        1.7
60727        2.0
60728        2.0
60729        2.0
60730        1.8
60731        2.2
60732        2.5
60733        2.2
60734        2.8
60735        2.9
60736        2.8
60737        3.0
60738        3.3
60739        3.2
60740        3.6
60741        3.5
60742        3.5
60743        3.5
60744        3.9
60745        3.8
60746        3.9
60747        4.1
60748          -
60749        3.8
60750        3.8
60751        4.3
60752        3.9
60753        4.0
60754        4.1
60755        4.1
60756        4.3
60757        4.4
60758        4.2
60759        4.5
60760        4.7
60761        4.4
60762        4.5
60763        4.6
60764        4.5
60765        4.5
60766        4.4
60767        4.9
60768        4.9
60769        5.1
60770        4.9
60771        4.8
60772        4.7
60773        4.2
60774        4.4
60775        4.6
60776        4.8
60777        4.7
60778        4.4
60779        4.5
60780        4.3
60781        4.1
60782        4.3
60783        4.1
60784        4.0
60785        3.7
60786        3.9
60787        3.7
60788        3.6
60789        3.3
60790        3.3
60791        3.0
60792        2.9
60793        2.9
60794        2.8
60795        2.6
60796        2.3
60797        2.5
60798        2.3
60799        1.9
60800        1.7
60801        1.4
60802        1.5
60803        1.0
60804        1.1
60805        1.0
60806        0.8
60807        1.0
60808        0.8
60809        0.8
60810        0.9
60811        0.7
60812        0.5
60813        0.2
60814        0.2
60815        0.0
60816        0.0
60817        0.2
60818        0.2
60819        0.2
60820        0.3
60821        0.4
60822        0.2
60823        0.3
60824        0.1
60825        0.5
60826        0.3
60827        0.6
60828       -0.3
60829       -0.6
60830       -0.2
60831       -0.8
60832       -0.5
60833       -0.3
60834       -0.2
60835        0.3
60836       -0.0
60837       -0.3
60838        0.2
60839       -0.3
60840        0.1
60841       -0.0
60842        0.3
60843        0.1
60844       -0.0
60845        0.4
60846        0.2
60847          -
60848       -0.0
60849        0.8
60850        1.0
60851        0.7
60852        1.1
60853        0.5
60854        0.5
60855        0.1
60856        0.6
60857        0.3
60858        1.0
60859        0.3
60860       -1.1
60861       -0.2
60862       -0.0
60863       -0.0
60864       -0.0
60865       -0.5
60866       -0.1
60867       -0.6
60868       -0.3
60869       -0.5
60870        0.1
60871       -0.4
60872       -0.5
60873       -0.6
60874          -
60875       -1.3
60876       -0.6
60877       -0.5
60878       -0.3
60879       -0.3
60880          -
60881       -0.7
60882       -0.3
60883       -0.2
60884       -0.2
60885       -0.5
60886       -0.4
60887       -0.5
60888       -0.5
60889       -0.6
60890       -0.6
60891       -0.5
60892        0.1
60893       -0.5
60894       -0.4
60895        0.4
60896        0.2
60897        0.2
60898        1.7
60899        1.6
60900        1.7
60901          -
60902        1.6
60903        1.6
60904          -
60905        1.9
60906          -
60907          -
60908        1.5
60909        1.2
60910        1.3
60911          -
60912        1.7
60913        2.1
60914        2.3
60915        2.2
60916        2.7
60917        2.8
60918          -
60919        1.1
60920        1.5
60921        1.5
60922        2.0
60923        2.3
60924        1.8
60925        2.0
60926        2.2
60927        2.6
60928        2.6
60929        2.8
60930        2.8
60931        2.8
60932        2.8
60933        3.1
60934        2.2
60935        3.4
60936        3.7
60937        4.2
60938        3.8
60939        4.8
60940        4.1
60941        4.2
60942        4.3
60943        4.5
60944        4.6
60945        5.6
60946        5.2
60947        5.7
60948        5.5
60949        5.6
60950        5.6
60951        5.8
60952        6.1
60953        5.7
60954        5.8
60955        6.0
60956        6.3
60957        5.4
60958        5.7
60959        5.6
60960        5.9
60961        6.5
60962        6.1
60963        6.3
60964        5.6
60965        5.9
60966        5.6
60967        5.5
60968        5.3
60969        5.9
60970        4.9
60971        5.3
60972        4.6
60973        5.0
60974        4.5
60975        4.8
60976        4.5
60977        4.2
60978        4.1
60979        4.2
60980        3.9
60981        3.4
60982        4.8
60983        4.6
60984        4.8
60985        4.5
60986        4.4
60987        4.1
60988        4.0
60989        3.4
60990        3.6
60991        3.2
60992        3.3
60993        2.6
60994        2.7
60995        2.5
60996        2.6
60997        2.5
60998        2.2
60999        2.1
61000          -
61001        1.6
61002        1.4
61003       -2.3
61004       -2.5
61005       -2.8
61006       -2.9
61007       -2.9
61008       -3.3
61009       -3.3
61010       -3.7
61011       -3.7
61012       -3.8
61013       -4.4
61014       -4.1
61015       -4.6
61016       -4.3
61017       -0.7
61018       -0.7
61019       -0.9
61020       -0.5
61021       -0.5
61022       -0.4
61023       -0.0
61024       -0.4
61025       -0.4
61026       -0.4
61027       -0.5
61028       -0.4
61029       -0.5
61030       -0.3
61031        0.2
61032        0.2
61033       -0.1
61034       -0.4
61035       -0.5
61036        0.0
61037        0.2
61038        0.1
61039        0.2
61040        0.4
61041        0.0
61042        0.4
61043        0.3
61044        0.0
61045       -0.3
61046       -0.0
61047       -0.7
61048       -0.5
61049       -0.6
61050       -0.5
61051       -0.6
61052       -0.9
61053       -1.2
61054       -1.1
61055       -0.2
61056       -1.3
61057       -1.5
61058       -1.5
61059       -1.3
61060       -1.4
61061       -1.5
61062       -1.6
61063       -1.5
61064       -1.6
61065       -1.8
61066       -2.0
61067       -2.1
61068       -1.9
61069       -2.2
61070       -2.4
61071       -2.6
61072       -2.7
61073       -2.5
61074       -2.8
61075          -
61076       -3.1
61077       -2.5
61078       -2.5
61079       -2.5
61080       -2.3
61081       -2.3
61082       -2.4
61083       -1.7
61084       -2.7
61085       -2.8
61086       -3.1
61087       -3.5
61088       -3.3
61089       -3.8
61090       -3.9
61091       -4.3
61092       -4.3
61093       -3.7
61094       -3.8
61095       -3.9
61096       -4.0
61097       -4.2
61098       -4.3
61099       -3.8
61100       -3.9
61101       -4.4
61102       -4.1
61103       -4.3
61104       -4.6
61105       -4.2
61106       -4.2
61107       -4.2
61108       -4.7
61109       -4.7
61110       -4.8
61111          -
61112       -4.7
61113       -4.7
61114       -4.7
61115       -4.8
61116       -5.0
61117       -5.2
61118       -5.1
61119       -5.2
61120       -5.0
61121       -5.1
61122       -5.2
61123       -5.3
61124       -5.3
61125       -5.4
61126       -5.5
61127       -5.7
61128       -5.5
61129       -5.9
61130       -6.1
61131       -6.2
61132       -6.0
61133       -6.0
61134       -5.9
61135       -6.0
61136       -5.9
61137       -5.9
61138       -5.7
61139       -5.8
61140       -5.7
61141       -5.6
61142       -5.8
61143       -5.4
61144       -5.5
61145       -5.3
61146       -5.3
61147       -5.4
61148       -5.4
61149          -
61150       -5.2
61151       -5.2
61152       -5.2
61153       -4.9
61154       -5.0
61155       -5.2
61156       -5.0
61157       -4.9
61158       -4.5
61159       -4.7
61160       -4.7
61161       -4.7
61162       -5.5
61163      143.6
61164      143.8
61165       -4.4
61166       -4.0
61167       -4.5
61168       -5.1
61169       -4.8
61170       -4.4
61171       -3.9
61172       -4.4
61173       -3.9
61174       -3.9
61175       -4.0
61176       -3.7
61177       -4.0
61178       -4.2
61179       -4.1
61180       -4.2
61181       -4.0
61182       -4.2
61183       -4.1
61184       -4.0
61185       -3.7
61186       -3.2
61187       -3.4
61188       -3.1
61189       -3.2
61190       -3.3
61191       -3.3
61192       -2.9
61193       -2.7
61194       -2.9
61195       -3.2
61196       -3.4
61197       -3.1
61198       -3.2
61199       -3.2
61200       -3.8
61201       -3.4
61202       -3.6
61203       -3.3
61204       -3.4
61205       -3.6
61206       -3.7
61207       -3.1
61208       -3.1
61209       -2.3
61210       -2.8
61211       -2.9
61212       -2.9
61213       -3.0
61214       -2.5
61215       -2.6
61216       -2.7
61217       -2.7
61218       -2.5
61219       -2.6

# UTC remains available from the monthly Circular T at
# (http://www.bipm.org/en/bipm-services/timescales/time-ftp/Circular-T.html).
