# MJD  [UTCr-UTC(KRIS)]/ns
56467       -4.9
56468       -4.6
56469       -4.8
56470       -5.1
56471       -5.4
56472       -5.2
56473       -5.1
56474       -3.3
56475       -3.5
56476       -2.6
56477       -2.5
56478       -3.3
56479       -2.4
56480       -2.4
56481       -2.4
56482       -1.7
56483       -1.3
56484       -1.2
56485       -0.8
56486       -0.3
56487       -0.2
56488        0.4
56489        0.8
56490        0.9
56491        1.1
56492        1.2
56493        1.4
56494        2.0
56495        2.4
56496        2.1
56497        2.5
56498        3.2
56499        2.9
56500        1.9
56501        1.0
56502        0.9
56503       -0.2
56504       -0.9
56505       -1.1
56506       -1.9
56507       -2.5
56508       -3.2
56509       -3.6
56510       -4.0
56511       -5.0
56512       -4.9
56513       -5.8
56514       -6.4
56515       -6.8
56516       -8.3
56517       -8.1
56518       -8.5
56519       -9.4
56520       -9.5
56521       -9.7
56522      -10.0
56523      -10.2
56524      -10.2
56525      -10.4
56526      -10.7
56527      -11.0
56528      -10.8
56529      -10.4
56530      -10.6
56531       -9.9
56532       -9.5
56533       -9.9
56534       -8.7
56535       -7.8
56536       -7.4
56537       -7.0
56538       -6.4
56539       -5.3
56540       -5.1
56541       -4.8
56542       -3.6
56543       -3.0
56544       -1.7
56545       -1.1
56546        0.3
56547        1.2
56548        2.3
56549        3.1
56550        4.6
56551        6.6
56552        6.8
56553        7.4
56554        8.2
56555        8.5
56556        8.6
56557        8.9
56558        7.2
56559        7.2
56560        7.3
56561        8.0
56562        7.4
56563        7.2
56564        6.4
56565        5.3
56566        4.8
56567        4.1
56568        4.3
56569        4.1
56570        3.2
56571        0.9
56572        0.8
56573       -1.0
56574       -0.9
56575       -2.2
56576       -3.2
56577       -4.5
56578       -5.6
56579       -7.1
56580       -8.9
56581       -8.9
56582       -9.8
56583      -10.5
56584      -11.8
56585      -12.2
56586      -13.5
56587      -14.1
56588      -14.9
56589      -15.8
56590      -15.3
56591      -15.7
56592      -15.8
56593      -16.0
56594      -16.3
56595      -15.8
56596      -15.7
56597      -15.3
56598      -15.7
56599      -15.0
56600      -14.3
56601      -13.3
56602      -12.4
56603      -11.3
56604      -11.0
56605      -10.1
56606       -8.7
56607       -5.8
56608       -4.2
56609       -2.3
56610       -1.3
56611       -0.5
56612        1.0
56613        1.0
56614        1.7
56615        2.3
56616        3.6
56617        3.7
56618        4.5
56619        5.2
56620        5.3
56621        5.4
56622        4.9
56623        5.4
56624        5.7
56625        4.8
56626        4.6
56627        4.3
56628        7.1
56629        7.0
56630        6.4
56631        6.0
56632        5.4
56633        5.1
56634        4.8
56635        3.2
56636        2.3
56637        1.2
56638        0.4
56639       -0.3
56640       -1.6
56641       -2.1
56642       -3.5
56643       -3.9
56644       -4.0
56645       -5.0
56646       -5.6
56647       -6.0
56648       -6.0
56649       -6.0
56650       -6.5
56651       -7.0
56652       -7.1
56653       -8.0
56654       -8.0
56655       -8.3
56656       -7.8
56657       -7.5
56658       -8.1
56659       -8.4
56660       -7.7
56661       -7.7
56662       -8.3
56663       -7.7
56664       -7.9
56665       -8.0
56666       -7.0
56667       -6.6
56668       -6.5
56669       -5.6
56670       -6.3
56671       -6.2
56672       -6.3
56673       -6.0
56674       -5.7
56675       -5.6
56676       -5.6
56677       -3.9
56678       -4.4
56679       -4.2
56680       -4.1
56681       -4.2
56682       -4.3
56683       -3.8
56684       -5.0
56685       -5.3
56686       -4.9
56687       -4.8
56688       -4.6
56689       -4.6
56690       -4.2
56691       -4.0
56692       -4.2
56693       -4.2
56694       -4.6
56695       -4.1
56696       -4.1
56697       -4.4
56698       -4.2
56699       -4.1
56700       -3.9
56701       -3.7
56702       -3.2
56703       -3.0
56704       -3.1
56705       -2.3
56706       -2.2
56707       -1.9
56708       -2.0
56709       -1.8
56710       -2.4
56711       -2.8
56712       -2.2
56713       -2.4
56714       -2.4
56715       -2.2
56716       -2.3
56717       -2.7
56718       -2.5
56719       -2.5
56720       -2.7
56721       -2.2
56722       -1.9
56723       -1.9
56724       -1.9
56725       -1.7
56726       -2.5
56727       -3.0
56728       -2.8
56729       -2.2
56730       -2.2
56731       -1.9
56732       -2.1
56733       -3.9
56734       -3.6
56735       -3.9
56736       -3.7
56737       -4.4
56738       -4.0
56739       -4.6
56740       -4.3
56741       -5.0
56742       -4.8
56743       -4.8
56744       -4.7
56745       -5.4
56746       -5.1
56747       -5.3
56748       -5.4
56749       -5.9
56750       -6.0
56751       -6.2
56752       -6.3
56753       -6.8
56754       -5.5
56755       -5.5
56756       -6.1
56757       -6.1
56758       -6.8
56759       -7.1
56760       -6.9
56761       -6.7
56762       -6.6
56763       -6.9
56764       -6.8
56765       -7.2
56766       -7.1
56767       -7.3
56768       -8.4
56769       -8.3
56770       -7.8
56771       -8.1
56772       -8.1
56773       -7.7
56774       -8.3
56775       -7.5
56776       -7.1
56777       -7.2
56778       -7.0
56779       -6.8
56780       -6.5
56781       -6.1
56782       -3.3
56783       -3.4
56784       -3.1
56785       -3.0
56786       -2.5
56787       -2.7
56788       -1.8
56789       -1.9
56790       -1.4
56791       -1.6
56792       -1.0
56793       -1.1
56794       -0.8
56795       -0.4
56796        1.7
56797        1.3
56798        1.0
56799        1.1
56800        0.7
56801        1.1
56802        1.6
56803        0.3
56804        0.5
56805        0.9
56806        0.6
56807        0.9
56808        0.4
56809        0.7
56810        1.7
56811        1.7
56812        1.5
56813        1.8
56814        1.4
56815        1.4
56816        1.2
56817        1.6
56818        0.9
56819        1.0
56820        0.9
56821        0.7
56822        0.7
56823        0.7
56824       -0.1
56825       -0.3
56826       -0.5
56827       -0.9
56828       -0.5
56829       -0.6
56830       -0.2
56831       -0.6
56832       -0.5
56833       -0.0
56834        0.1
56835        0.3
56836        0.4
56837        0.9
56838        1.3
56839        1.8
56840        2.0
56841        1.9
56842        2.3
56843        2.2
56844        2.2
56845        4.4
56846        4.7
56847        4.7
56848        5.3
56849        5.9
56850        5.7
56851        5.7
56852        7.6
56853        7.6
56854        8.2
56855        7.6
56856        7.6
56857        7.2
56858        7.1
56859        8.2
56860        8.0
56861        7.2
56862        6.9
56863        6.7
56864        6.8
56865        7.2
56866        6.0
56867        4.5
56868        3.7
56869        2.6
56870        2.0
56871        1.1
56872        0.1
56873       -1.1
56874       -1.4
56875       -2.3
56876       -3.5
56877       -4.6
56878       -5.3
56879       -6.4
56880       -8.9
56881       -9.3
56882      -10.3
56883      -11.5
56884      -12.0
56885      -11.9
56886      -12.5
56887      -13.1
56888      -13.2
56889      -13.2
56890      -13.0
56891      -12.8
56892      -12.3
56893      -12.2
56894      -12.9
56895      -12.2
56896      -11.4
56897      -10.3
56898       -9.7
56899       -8.8
56900       -7.5
56901       -6.4
56902       -5.6
56903       -5.0
56904       -3.5
56905       -1.9
56906       -0.3
56907        1.1
56908        1.9
56909        3.6
56910        5.7
56911        7.2
56912        8.8
56913       11.1
56914       12.9
56915       15.2
56916       17.5
56917       18.3
56918       20.3
56919       22.6
56920       23.8
56921       24.0
56922       25.1
56923       25.8
56924       26.5
56925       27.7
56926       28.7
56927       29.3
56928       30.1
56929       30.5
56930       31.5
56931       31.5
56932       31.9
56933       32.8
56934       32.8
56935       32.7
56936       34.4
56937       34.4
56938       34.1
56939       33.6
56940       33.5
56941       33.3
56942       32.6
56943       30.6
56944       30.8
56945       30.0
56946       28.9
56947       28.4
56948       27.5
56949       27.0
56950       24.3
56951       23.6
56952       23.5
56953       22.7
56954       21.9
56955       20.4
56956       19.0
56957       18.8
56958       17.6
56959       16.3
56960       15.2
56961       14.0
56962       13.3
56963       11.8
56964       10.8
56965        9.3
56966        8.0
56967        6.3
56968        5.2
56969        4.0
56970        3.3
56971        2.7
56972        1.7
56973        0.7
56974       -0.5
56975       -1.2
56976       -1.9
56977       -2.3
56978       -3.9
56979       -4.5
56980       -3.9
56981       -3.5
56982       -4.0
56983       -2.9
56984       -2.1
56985       -2.3
56986       -1.5
56987       -3.1
56988       -3.2
56989       -2.9
56990       -3.0
56991       -3.2
56992       -3.1
56993       -2.9
56994       -1.9
56995       -1.7
56996       -1.4
56997       -1.0
56998       -0.9
56999        1.3
57000        1.5
57001        1.5
57002        0.5
57003        1.0
57004        0.5
57005        0.5
57006        1.2
57007        1.8
57008        1.9
57009        2.6
57010        3.0
57011        3.2
57012        3.6
57013        4.5
57014        4.6
57015        5.1
57016        5.4
57017        5.7
57018        6.2
57019        6.9
57020        7.3
57021        7.7
57022        7.4
57023        7.7
57024        7.8
57025        7.3
57026        7.7
57027        7.9
57028        8.1
57029        8.5
57030        8.7
57031        8.8
57032        8.7
57033        9.2
57034        9.7
57035       10.0
57036       10.2
57037       11.4
57038       12.0
57039       12.3
57040       13.1
57041       14.1
57042       14.4
57043       14.9
57044       15.3
57045       14.4
57046       13.2
57047       12.0
57048       11.1
57049       10.5
57050        9.6
57051        9.1
57052        7.8
57053        7.0
57054        6.5
57055       10.6
57056        9.5
57057        8.9
57058        8.5
57059        7.7
57060        7.3
57061        6.9
57062        5.3
57063        4.4
57064        4.4
57065        4.2
57066        3.9
57067        5.0
57068        4.1
57069        2.6
57070        1.9
57071        1.2
57072        0.9
57073        0.3
57074       -0.2
57075       -0.5
57076        0.6
57077       -0.4
57078       -0.5
57079       -0.7
57080       -1.2
57081       -1.9
57082       -2.4
57083       -4.6
57084       -4.8
57085       -5.3
57086       -5.3
57087       -5.8
57088       -6.4
57089       -7.1
57090      -10.3
57091      -11.1
57092      -11.6
57093      -12.5
57094      -13.0
57095      -13.4
57096      -14.0
57097      -14.6
57098      -15.0
57099      -16.4
57100      -16.9
57101      -17.5
57102      -18.0
57103      -18.5
57104      -19.2
57105      -19.7
57106      -20.3
57107      -21.1
57108      -21.4
57109      -21.8
57110      -22.2
57111      -23.6
57112      -24.3
57113      -24.2
57114      -24.6
57115      -25.0
57116      -25.3
57117      -26.5
57118      -25.0
57119      -25.0
57120      -26.7
57121      -26.6
57122      -26.8
57123      -27.7
57124      -28.4
57125      -28.0
57126      -28.3
57127      -28.6
57128      -29.0
57129      -28.7
57130      -29.1
57131      -30.2
57132      -31.2
57133      -31.3
57134      -32.4
57135      -32.8
57136      -33.1
57137      -33.4
57138      -33.4
57139      -32.4
57140      -32.8
57141      -33.3
57142      -33.9
57143      -34.1
57144      -34.4
57145      -34.9
57146      -35.9
57147      -35.8
57148      -35.6
57149      -35.8
57150      -36.1
57151      -36.3
57152      -36.6
57153      -36.3
57154      -36.4
57155      -36.8
57156      -37.1
57157      -37.3
57158      -36.9
57159      -36.1
57160      -35.6
57161      -34.7
57162      -33.9
57163      -33.3
57164      -32.5
57165      -32.0
57166      -31.6
57167      -18.7
57168      -17.9
57169      -17.1
57170      -16.3
57171      -15.9
57172       -7.3
57173       -6.5
57174       -4.5
57175       -3.2
57176       -2.2
57177       -1.9
57178       -1.6
57179       -0.4
57180        0.7
57181        1.6
57182        2.8
57183        2.9
57184        3.1
57185        4.4
57186        5.7
57187        5.9
57188        7.6
57189        8.6
57190        8.5
57191       10.3
57192       11.0
57193       11.8
57194       13.0
57195       13.1
57196       14.0
57197       12.9
57198       13.4
57199       13.8
57200       14.7
57201       14.8
57202       15.8
57203       16.2
57204       17.0
57205       18.0
57206       17.9
57207       18.9
57208       19.2
57209       22.2
57210       22.6
57211       22.4
57212       22.8
57213       23.1
57214       23.5
57215       23.4
57216       23.3
57217       23.8
57218       24.1
57219       23.7
57220       23.8
57221       23.3
57222       23.2
57223       22.2
57224       22.4
57225       23.0
57226       22.7
57227       23.2
57228       23.4
57229       23.5
57230       24.2
57231       24.9
57232       25.1
57233       25.9
57234       26.3
57235       25.5
57236       25.6
57237       26.6
57238       28.4
57239       28.8
57240       28.0
57241       27.4
57242       25.9
57243       25.1
57244       26.1
57245       25.8
57246       25.8
57247       26.0
57248       25.4
57249       25.4
57250       23.6
57251       22.4
57252       21.4
57253       20.6
57254       20.0
57255       18.9
57256       18.8
57257       18.4
57258       16.3
57259       15.5
57260       14.8
57261       13.9
57262       13.5
57263       13.0
57264       12.9
57265       12.3
57266       11.1
57267       11.1
57268       10.1
57269        9.6
57270        8.5
57271        8.2
57272        7.9
57273        7.5
57274        7.2
57275        6.1
57276        5.2
57277        4.6
57278        4.3
57279        3.7
57280        3.1
57281        2.7
57282        2.3
57283        2.0
57284        1.5
57285        1.2
57286        2.7
57287        2.4
57288        1.9
57289        1.5
57290        1.9
57291        2.0
57292        2.1
57293        1.7
57294        0.9
57295        0.2
57296       -0.5
57297        0.5
57298       -0.3
57299       -0.2
57300        0.8
57301        0.5
57302        0.5
57303       -0.8
57304       -0.3
57305       -0.2
57306       -0.2
57307       -0.3
57308       -0.2
57309       -1.0
57310       -2.0
57311       -2.6
57312       -2.8
57313       -3.5
57314       -5.0
57315       -5.3
57316       -6.0
57317       -5.6
57318       -6.3
57319       -6.3
57320       -6.3
57321       -6.4
57322       -6.4
57323       -5.1
57324       -5.4
57325       -5.3
57326       -5.5
57327       -5.3
57328       -5.1
57329       -5.5
57330       -5.6
57331       -5.9
57332       -6.0
57333       -5.9
57334       -6.0
57335       -4.4
57336       -3.8
57337       -2.9
57338       -3.6
57339       -4.1
57340       -4.1
57341       -3.9
57342       -3.7
57343       -3.7
57344       -4.3
57345       -3.7
57346       -3.2
57347       -3.8
57348       -3.4
57349       -3.3
57350       -3.0
57351       -2.6
57352       -2.9
57353       -2.8
57354       -2.7
57355       -2.2
57356       -1.2
57357       -0.9
57358       -0.5
57359       -0.1
57360       -0.3
57361       -0.7
57362       -0.3
57363       -2.2
57364       -2.2
57365       -2.0
57366       -1.7
57367       -1.1
57368       -0.7
57369       -0.4
57370       -0.2
57371        0.5
57372        0.8
57373        1.4
57374        0.5
57375        0.6
57376        1.2
57377        3.1
57378        3.9
57379        3.8
57380        4.7
57381        5.0
57382        4.8
57383        4.9
57384        5.8
57385        5.9
57386        6.2
57387        6.8
57388        7.1
57389        7.4
57390        8.5
57391        6.8
57392        6.6
57393        6.8
57394        7.1
57395        7.6
57396        8.3
57397        8.9
57398        9.3
57399        9.4
57400        9.8
57401       10.7
57402       11.4
57403       11.3
57404       11.7
57405       10.6
57406       10.5
57407       11.4
57408       12.5
57409       13.0
57410       13.6
57411       13.9
57412       14.7
57413       15.2
57414       15.5
57415       15.7
57416       15.8
57417       16.4
57418       17.0
57419       17.9
57420       17.7
57421       17.6
57422       18.0
57423       19.2
57424       19.2
57425       19.7
57426       17.4
57427       17.8
57428       18.3
57429       18.7
57430       18.8
57431       19.3
57432       20.3
57433       20.9
57434       20.9
57435       21.6
57436       21.8
57437       22.1
57438       22.4
57439       22.5
57440       22.5
57441       22.7
57442       22.9
57443       22.9
57444       22.9
57445       22.9
57446       22.7
57447       22.6
57448       22.6
57449       22.8
57450       22.1
57451       21.8
57452       21.6
57453       21.3
57454       22.5
57455       22.2
57456       22.0
57457       21.1
57458       21.0
57459       20.4
57460       20.4
57461       21.0
57462       20.6
57463       20.1
57464       20.3
57465       19.7
57466       19.9
57467       19.5
57468       18.5
57469       18.3
57470       18.7
57471       18.8
57472       19.1
57473       19.2
57474       19.0
57475       19.7
57476       19.6
57477       19.8
57478       20.2
57479       20.8
57480       21.1
57481       21.5
57482       24.4
57483       25.2
57484       25.5
57485       24.6
57486       25.0
57487       24.9
57488       24.4
57489       25.3
57490       24.6
57491       24.2
57492       24.0
57493       24.4
57494       24.1
57495       24.7
57496       23.5
57497       23.7
57498       23.5
57499       23.7
57500       24.0
57501       24.4
57502       24.7
57503       25.2
57504       25.2
57505       25.4
57506       25.5
57507       25.7
57508       25.9
57509       26.5
57510       25.0
57511       24.6
57512       25.7
57513       26.0
57514       26.2
57515       26.9
57516       26.9
57517       26.1
57518       25.4
57519       26.4
57520       26.6
57521       26.6
57522       27.2
57523       27.3
57524       28.9
57525       29.4
57526       29.5
57527       29.3
57528       29.4
57529       29.4
57530       29.6
57531       30.0
57532       29.4
57533       30.1
57534       30.0
57535       30.0
57536       29.5
57537       29.1
57538       30.5
57539       29.8
57540       29.7
57541       29.2
57542       28.7
57543       28.1
57544       28.4
57545       26.1
57546       25.7
57547       25.2
57548       24.6
57549       24.1
57550       24.3
57551       23.3
57552       24.0
57553       22.4
57554       21.7
57555       21.5
57556       21.8
57557       21.5
57558       21.4
57559       22.4
57560       22.1
57561       21.7
57562       22.1
57563       20.5
57564       21.5
57565       21.4
57566       20.1
57567       19.6
57568       19.2
57569       18.6
57570       17.9
57571       17.9
57572       17.7
57573       18.2
57574       18.4
57575       17.6
57576       17.5
57577       17.2
57578       17.2
57579       17.2
57580       15.7
57581       14.7
57582       14.6
57583       14.1
57584       13.0
57585       11.8
57586       12.2
57587       11.5
57588       10.9
57589        9.5
57590        8.4
57591        8.1
57592        7.3
57593        6.1
57594        5.1
57595        4.9
57596        3.9
57597        3.5
57598        2.6
57599        1.9
57600        2.5
57601        3.3
57602        2.8
57603        2.7
57604        2.8
57605        2.8
57606        2.7
57607        2.3
57608       -0.3
57609       -0.7
57610       -0.6
57611       -0.1
57612        0.0
57613       -0.5
57614       -0.7
57615       -0.8
57616       -0.5
57617       -0.9
57618       -1.4
57619       -1.1
57620       -1.5
57621       -1.9
57622       -1.3
57623       -1.4
57624       -1.1
57625       -0.8
57626       -1.2
57627       -0.1
57628       -0.3
57629        0.5
57630        0.4
57631        0.1
57632        0.3
57633        0.1
57634       -0.1
57635       -0.5
57636       -4.7
57637       -4.3
57638       -4.6
57639       -4.7
57640       -4.8
57641       -4.8
57642       -5.0
57643       -4.6
57644       -4.0
57645       -4.2
57646       -4.1
57647       -4.6
57648       -4.5
57649       -4.2
57650       -2.5
57651       -1.7
57652       -1.8
57653       -2.1
57654       -1.7
57655       -1.4
57656       -1.4
57657       -0.9
57658       -0.9
57659       -0.8
57660       -0.5
57661       -0.2
57662        0.2
57663        0.2
57664        1.3
57665        3.1
57666        3.0
57667        4.6
57668        4.9
57669        4.2
57670        5.3
57671        5.3
57672        4.8
57673        6.3
57674        7.1
57675        7.8
57676        8.6
57677        8.7
57678       10.8
57679       12.0
57680       13.5
57681       15.9
57682       15.4
57683       15.9
57684       16.3
57685       17.6
57686       17.7
57687       19.2
57688       19.6
57689       18.2
57690       19.1
57691       19.9
57692       20.6
57693       21.3
57694       21.2
57695       21.4
57696       22.2
57697       22.3
57698       21.9
57706       28.4
57707       29.9
57708       29.8
57709       29.8
57710       30.0
57711       29.8
57712       30.7
57713       31.0
57714       33.0
57715       33.6
57716       33.1
57717       32.6
57718       33.5
57719          -
57720       30.9
57721       29.3
57722       28.8
57723       29.1
57724       28.8
57725          -
57726          -
57727       25.8
57728       26.1
57729       25.1
57730       26.1
57731          -
57732          -
57733          -
57734       27.5
57735       27.3
57736       27.9
57737       28.0
57738       28.4
57739       29.4
57740       29.0
57741       26.0
57742       23.8
57743       23.1
57744       22.7
57745       21.9
57746       21.4
57747       20.8
57748       19.9
57749       19.6
57750       19.0
57751       18.0
57752       17.5
57753       17.1
57754          -
57755       13.7
57756       12.9
57757       12.2
57758          -
57759          -
57760          -
57761          -
57762        6.6
57763        5.9
57764        5.7
57765          -
57766          -
57767          -
57768          -
57769        2.6
57770        1.8
57771        1.0
57772        0.2
57773       -0.4
57774       -1.0
57775       -1.7
57776       -3.1
57777       -4.0
57778       -4.7
57779       -4.9
57780       -5.0
57781       -5.7
57782       -6.6
57783       -5.5
57784       -6.1
57785       -7.2
57786       -7.7
57787       -8.2
57788       -8.0
57789       -8.0
57790       -9.6
57791       -9.6
57792       -9.7
57793       -9.6
57794       -9.7
57795       -9.9
57796      -10.5
57797      -10.9
57798       -9.5
57799       -9.8
57800      -10.0
57801      -10.3
57802      -10.5
57803      -11.3
57804      -13.0
57805      -13.1
57806      -13.6
57807      -13.4
57808      -13.5
57809      -13.3
57810      -13.5
57811      -13.6
57812      -13.7
57813      -13.8
57814      -13.9
57815      -14.2
57816      -13.9
57817      -13.8
57818      -17.3
57819      -17.2
57820      -17.7
57821      -17.2
57822      -17.0
57823      -17.0
57824      -17.1
57825      -16.9
57826      -17.4
57827      -18.2
57828      -18.3
57829      -18.5
57830      -19.0
57831      -19.4
57832      -19.3
57833      -19.6
57834      -19.6
57835      -20.1
57836      -20.5
57837      -21.2
57838      -22.1
57839      -23.2
57840      -23.7
57841      -24.4
57842      -24.6
57843      -25.4
57844      -25.9
57845      -26.5
57846      -20.9
57847      -21.3
57848      -22.1
57849      -22.9
57850      -22.7
57851      -23.1
57852      -23.2
57853      -22.6
57854      -23.1
57855      -22.8
57856      -24.4
57857      -24.5
57858      -25.2
57859      -25.4
57860      -24.1
57861      -24.0
57862      -23.7
57863      -24.0
57864      -24.1
57865      -24.5
57866      -24.4
57867      -24.2
57868      -22.0
57869      -22.0
57870      -21.4
57871      -21.4
57872      -21.3
57873      -21.5
57874      -20.6
57875      -20.6
57876      -20.1
57877      -20.5
57878      -19.9
57879      -18.6
57880      -18.6
57881      -26.2
57882      -26.8
57883      -26.9
57884      -26.6
57885      -27.6
57886      -27.6
57887      -27.1
57888      -28.4
57889      -28.8
57890      -28.7
57891      -28.9
57892      -29.1
57893      -28.9
57894      -28.6
57895      -30.0
57896      -30.1
57897      -29.7
57898      -29.6
57899      -29.4
57900      -30.3
57901      -30.9
57902      -29.6
57903      -29.6
57904      -29.9
57905      -30.6
57906      -29.8
57907      -30.1
57908      -30.1
57909      -29.9
57910      -31.2
57911      -30.7
57912      -30.8
57913      -30.9
57914      -31.6
57915      -30.5
57916      -29.7
57917      -29.8
57918      -29.1
57919      -29.1
57920      -29.3
57921      -28.8
57922      -28.3
57923      -30.4
57924      -30.6
57925      -30.7
57926      -31.8
57927      -31.5
57928      -31.4
57929      -30.8
57930      -28.4
57931      -28.0
57932      -27.6
57933      -27.2
57934      -26.8
57935      -27.5
57936      -26.8
57937      -30.3
57938      -29.3
57939      -28.4
57940      -28.0
57941      -27.9
57942      -27.3
57943      -26.4
57944      -25.1
57945      -23.7
57946      -22.5
57947      -19.9
57948      -19.9
57949      -19.5
57950      -18.6
57951      -18.6
57952      -17.6
57953      -16.5
57954      -15.6
57955      -14.9
57956      -13.8
57957      -13.0
57958      -10.5
57959       -9.3
57960       -7.7
57961       -6.8
57962       -6.4
57963       -4.9
57964       -3.7
57965       -2.8
57966       -1.0
57967        0.3
57968        2.3
57969        3.1
57970        4.1
57971        5.2
57972        7.8
57973        8.9
57974        9.8
57975       11.6
57976       13.5
57977       15.0
57978       16.1
57979       17.8
57980       19.2
57981       20.6
57982       21.6
57983       23.1
57984       24.2
57985       24.8
57986       26.1
57987       27.5
57988       28.6
57989       29.9
57990       31.7
57991       33.2
57992       34.0
57993       34.7
57994          -
57995          -
57996          -
57997          -
57998          -
57999          -
58000       41.5
58001       41.7
58002       42.5
58003       43.5
58004       45.0
58005       45.7
58006       46.3
58007       45.8
58008       47.2
58009       48.4
58010       48.8
58011       49.2
58012       49.9
58013       50.4
58014       51.1
58015       51.1
58016       51.6
58017       52.2
58018       52.6
58019       52.9
58020       52.7
58021       53.0
58022       53.5
58023       52.7
58024       53.6
58025       53.8
58026       53.4
58027       53.4
58028       52.4
58029       52.5
58030       51.8
58031       50.2
58032       49.0
58033       48.6
58034       47.8
58035       45.7
58036       44.2
58037       42.0
58038       40.5
58039       39.4
58040       36.7
58041       33.8
58042       30.9
58043       28.8
58044       25.7
58045       22.3
58046       18.8
58047       15.4
58048       12.2
58049        8.9
58050        6.3
58051        3.8
58052        1.1
58053       -1.4
58054       -5.0
58055       -7.5
58056      -24.5
58057      -26.2
58058      -27.8
58059      -29.5
58060      -29.3
58061      -28.6
58062      -28.7
58063      -28.8
58064      -28.9
58065      -27.8
58066      -26.1
58067      -24.8
58068      -23.2
58069      -22.0
58070      -19.7
58071      -17.2
58072      -14.2
58073      -11.5
58074       -8.8
58075       -4.5
58076        0.0
58077        3.6
58078        7.6
58079       11.5
58080       15.1
58081       18.7
58082       21.5
58083       24.5
58084       27.9
58085       30.3
58086       32.5
58087       35.1
58088       37.4
58089       36.2
58090       33.6
58091       32.1
58092       29.5
58093       26.2
58094       23.3
58095       20.9
58096       18.1
58097       15.6
58098       12.8
58099       10.1
58100        8.2
58101        6.4
58102        4.1
58103        2.4
58104        0.4
58105       -1.0
58106       -1.9
58107       -3.3
58108       -4.1
58109       -5.4
58110       -6.5
58111       -7.7
58112       -8.8
58113       -9.8
58114      -10.6
58115      -11.2
58116      -11.5
58117      -11.6
58118      -11.8
58119      -11.2
58120       -9.6
58121       -8.3
58122       -7.3
58123       -5.9
58124       -4.6
58125       -1.7
58126       -0.0
58127        3.3
58128        5.8
58129        8.2
58130       11.8
58131       15.3
58132       19.1
58133       22.5
58134       25.0
58135       26.5
58136       28.2
58137       30.3
58138       31.7
58139       33.4
58140       34.5
58141       35.5
58142       36.6
58143       37.3
58144       38.2
58145       38.0
58146       37.7
58147       37.4
58148       37.2
58149       36.6
58150       35.3
58151       33.6
58152       31.9
58153       30.2
58154       29.9
58155       28.4
58156       26.9
58157       25.3
58158       23.6
58159       22.0
58160       20.7
58161       19.4
58162       17.6
58163       16.0
58164       14.6
58165       13.0
58166       11.6
58167        9.7
58168        7.8
58169        6.5
58170        4.9
58171        3.3
58172        1.5
58173        0.4
58174        0.0
58175        0.3
58176        0.6
58177        0.7
58178        1.4
58179        1.6
58180        1.3
58181        1.1
58182        0.7
58183        1.2
58184        1.2
58185        1.4
58186        1.7
58187        1.7
58188        1.5
58189        1.9
58190        1.8
58191        2.5
58192        2.5
58193        3.6
58194        3.8
58195        3.8
58196        3.5
58197        3.6
58198        4.2
58199        4.7
58200        4.4
58201        4.6
58202        4.9
58203        5.4
58204        5.8
58205        6.4
58206        6.2
58207        6.9
58208        7.0
58209        7.4
58210        8.0
58211        7.9
58212        8.1
58213        8.8
58214        9.6
58215       10.3
58216       10.2
58217        8.9
58218        9.3
58219        9.5
58220        9.4
58221        8.9
58222        8.4
58223        8.9
58224        7.6
58225        6.9
58226        6.3
58227        5.9
58228        4.9
58229        4.7
58230        4.0
58231        3.6
58232        3.3
58233        3.6
58234        2.9
58235        2.3
58236        2.3
58237        1.9
58238        0.7
58239       -0.0
58240        0.8
58241       -0.4
58242       -0.4
58243       -0.9
58244       -2.1
58245       -1.1
58246       -1.4
58247       -1.4
58248       -2.2
58249       -2.4
58250       -3.5
58251       -3.6
58252       -4.5
58253       -5.0
58254       -6.3
58255       -5.9
58256       -6.6
58257       -6.5
58258       -6.3
58259       -6.5
58260       -7.0
58261       -7.3
58262       -7.4
58263       -7.1
58264       -7.3
58265       -7.1
58266       -7.1
58267       -7.4
58268       -7.3
58269       -7.1
58270       -7.0
58271       -6.4
58272       -6.3
58273       -4.3
58274       -4.3
58275       -3.9
58276       -3.4
58277       -2.6
58278       -2.4
58279       -2.2
58280       -1.7
58281       -1.7
58282       -1.6
58283       -1.3
58284       -0.7
58285       -0.3
58286       -0.2
58287        0.5
58288        0.9
58289        1.9
58290        2.2
58291        3.0
58292        3.5
58293        3.6
58294        4.1
58295        4.2
58296        4.5
58297        4.8
58298        5.4
58299        5.4
58300        5.6
58301        6.3
58302        6.7
58303        7.3
58304        7.7
58305        8.2
58306        9.0
58307        9.6
58308        9.4
58309        9.5
58310        9.6
58311       10.4
58312       11.3
58313       11.4
58314       11.7
58315       12.2
58316       12.8
58317       13.3
58318       14.1
58319       14.7
58320       15.0
58321       15.3
58322       15.7
58323       16.8
58324       17.4
58325       18.0
58326       18.8
58327       19.4
58328       20.8
58329       21.0
58330       22.0
58331       22.9
58332       23.6
58333       24.1
58334       23.9
58335       23.6
58336       21.3
58337       20.5
58338       19.9
58339       19.0
58340       18.6
58341       18.1
58342       17.5
58343       16.5
58344       16.2
58345       15.9
58346       14.9
58347       14.9
58348       14.9
58349       13.9
58350       12.8
58351       12.4
58352       12.0
58353       11.2
58354       10.5
58355       10.2
58356        9.4
58357        9.0
58358        8.3
58359        8.2
58360        7.3
58361        7.4
58362        7.5
58363        7.5
58364        7.2
58365        7.1
58366        6.9
58367        6.1
58368        6.0
58369        6.0
58370        5.0
58371        4.4
58372        4.3
58373        3.7
58374        2.9
58375        1.9
58376        1.5
58377        0.9
58378        0.4
58379        0.2
58380       -0.5
58381       -1.1
58382       -1.5
58383       -1.3
58384       -1.6
58385       -1.1
58386       -1.2
58387       -2.0
58388       -2.1
58389       -2.8
58390       -3.1
58391       -3.2
58392       -4.3
58393       -4.8
58394       -5.0
58395       -5.3
58396       -6.2
58397       -6.6
58398       -6.5
58399       -5.9
58400       -6.5
58401       -6.6
58402       -6.8
58403       -7.2
58404       -7.7
58405       -8.2
58406       -8.5
58407       -8.7
58408       -8.6
58409       -8.9
58410       -9.7
58411       -9.7
58412      -10.0
58413      -10.3
58414      -10.6
58415      -11.1
58416      -11.4
58417      -11.9
58418      -11.9
58419      -12.2
58420      -12.7
58421      -11.6
58422      -10.9
58423       -9.7
58424       -8.8
58425       -7.5
58426       -6.5
58427       -5.2
58428       -4.5
58429       -3.5
58430       -2.7
58431       -1.1
58432       -0.2
58433        1.1
58434        1.3
58435        1.8
58436        1.9
58437        2.0
58438        2.2
58439        2.8
58440        3.1
58441        3.1
58442        3.2
58443        3.5
58444        3.6
58445        3.5
58446        3.1
58447        2.1
58448        1.3
58449        0.6
58450        0.6
58451       -0.1
58452       -1.2
58453       -1.9
58454       -2.7
58455       -2.8
58456       -3.3
58457       -2.8
58458       -3.5
58459       -3.8
58460       -4.4
58461       -5.2
58462       -5.7
58463       -6.3
58464       -6.2
58465       -6.0
58466       -5.5
58467       -5.2
58468       -4.9
58469       -4.8
58470       -4.9
58471       -4.8
58472       -4.5
58473       -4.4
58474       -4.5
58475       -4.4
58476       -3.5
58477       -3.2
58478       -3.3
58479       -2.6
58480       -2.6
58481       -2.3
58482       -1.9
58483       -1.5
58484       -1.7
58485       -1.3
58486       -0.7
58487       -0.4
58488       -0.1
58489        0.2
58490        1.6
58491        2.1
58492        2.9
58493        3.2
58494        3.5
58495        3.8
58496        4.4
58497        5.0
58498        5.3
58499        6.0
58500        6.3
58501        7.0
58502        7.5
58503        7.9
58504        8.7
58505        9.1
58506        9.4
58507       10.1
58508       10.6
58509       11.6
58510       11.9
58511       12.1
58512       13.2
58513       13.6
58514       13.9
58515       13.6
58516       13.0
58517       11.6
58518        7.7
58519        6.8
58520        5.5
58521        4.4
58522        3.9
58523        4.2
58524        3.8
58525        4.1
58526        4.2
58527        4.2
58528        3.9
58529        4.2
58530        4.3
58531        4.6
58532        4.6
58533        4.2
58534        4.8
58535        4.8
58536        5.2
58537        5.4
58538        5.6
58539        5.5
58540        5.9
58541        5.5
58542        5.6
58543        6.0
58544        6.2
58545        6.0
58546        5.1
58547        5.5
58548        5.4
58549        5.5
58550        5.7
58551        5.8
58552        5.6
58553        6.3
58554        6.3
58555        6.4
58556        6.5
58557        6.1
58558        6.1
58559        6.1
58560        6.3
58561        6.3
58562        6.2
58563        6.3
58564        6.7
58565        6.6
58566        6.9
58567        6.9
58568        7.1
58569        7.0
58570        7.4
58571        7.1
58572        7.4
58573        7.1
58574        6.4
58575        5.6
58576        5.2
58577        4.6
58578        4.0
58579        3.4
58580        2.6
58581        3.1
58582        3.6
58583        3.9
58584        4.0
58585        3.7
58586        4.0
58587        4.5
58588        4.7
58589        5.2
58590        5.4
58591        5.6
58592        5.9
58593        6.5
58594        6.6
58595        6.6
58596        7.1
58597        7.4
58598        7.8
58599        9.0
58600        9.2
58601        9.1
58602        9.9
58603       10.0
58604       10.7
58605       10.7
58606       11.1
58607       11.7
58608       11.5
58609       10.7
58610       11.0
58611       11.3
58612       12.0
58613       12.1
58614       12.3
58615       12.5
58616       13.1
58617       13.3
58618       13.4
58619       13.6
58620       13.8
58621       13.8
58622       14.6
58623       15.4
58624       15.9
58625       16.5
58626       16.3
58627       15.7
58628       15.5
58629       14.9
58630       13.5
58631       13.6
58632       13.6
58633       13.3
58634       12.4
58635       11.9
58636       10.8
58637        9.7
58638        8.6
58639        7.4
58640        7.0
58641        6.1
58642        5.7
58643        4.8
58644        4.1
58645        3.6
58646        2.6
58647        1.4
58648        0.6
58649       -0.3
58650       -1.3
58651       -2.5
58652       -2.8
58653       -3.6
58654       -4.4
58655       -5.0
58656       -6.4
58657       -7.0
58658       -7.9
58659       -8.3
58660       -8.2
58661       -9.1
58662       -9.3
58663      -10.1
58664      -10.0
58665       -9.9
58666      -10.0
58667      -10.5
58668      -10.7
58669      -11.0
58670      -10.9
58671      -11.6
58672      -12.0
58673      -11.8
58674      -13.0
58675      -12.9
58676      -13.0
58677      -13.6
58678      -13.9
58679      -14.1
58680      -14.2
58681      -15.0
58682      -15.0
58683      -15.0
58684      -16.0
58685      -16.0
58686      -16.4
58687      -16.4
58688      -17.2
58689      -18.1
58690      -18.4
58691      -18.7
58692      -19.0
58693      -18.7
58694      -19.4
58695      -19.2
58696      -19.5
58697      -19.0
58698      -19.5
58699      -19.4
58700      -18.7
58701      -18.2
58702      -18.2
58703      -18.0
58704      -17.8
58705      -17.3
58706      -17.1
58707      -17.6
58708      -17.2
58709      -17.6
58710      -17.1
58711      -16.7
58712      -16.5
58713      -14.9
58714      -15.7
58715      -15.0
58716      -15.5
58717      -16.0
58718      -15.4
58719      -15.1
58720      -14.3
58721      -14.3
58722      -14.7
58723      -14.4
58724      -14.1
58725      -13.2
58726      -13.3
58727      -12.3
58728      -12.0
58729      -11.7
58730      -10.9
58731      -10.4
58732       -9.6
58733       -8.7
58734       -7.8
58735       -7.8
58736       -7.4
58737       -5.9
58738       -4.9
58739       -3.7
58740       -2.9
58741       -2.0
58742       -0.9
58743        0.6
58744        1.5
58745        2.6
58746        3.7
58747        4.8
58748        5.7
58749        7.2
58750        9.7
58751       10.7
58752       11.9
58753       11.3
58754        9.9
58755        9.1
58756        8.4
58757        6.9
58758        5.3
58759        4.6
58760        4.5
58761        2.8
58762        2.7
58763        1.6
58764        1.4
58765        1.6
58766        1.1
58767        1.3
58768        1.3
58769        1.3
58770        2.1
58771        1.8
58772        2.3
58773        2.2
58774        2.6
58775        2.7
58776        3.4
58777        4.3
58778        4.0
58779        4.1
58780        5.1
58781        5.4
58782        6.0
58783        6.5
58784        6.9
58785        7.1
58786        7.4
58787        8.6
58788        8.8
58789        9.8
58790       10.4
58791       11.8
58792       12.3
58793       12.3
58794       12.0
58795       12.5
58796       12.4
58797       12.8
58798       12.1
58799       12.2
58800       12.2
58801       12.7
58802       12.6
58803       12.6
58804       13.2
58805       13.1
58806       13.7
58807       14.4
58808       14.5
58809       14.2
58810       15.2
58811       14.9
58812       15.4
58813       15.4
58814       15.5
58815       15.5
58816       15.3
58817       15.9
58818       15.2
58819       17.2
58820       17.6
58821       17.5
58822       17.8
58823       18.1
58824       18.7
58825       18.9
58826       19.1
58827       19.6
58828       19.1
58829       19.6
58830       19.9
58831       19.1
58832       19.6
58833       19.0
58834       19.1
58835       19.5
58836          -
58837       18.1
58838       18.5
58839       17.9
58840       18.1
58841       18.1
58842       17.3
58843          -
58844       16.5
58845       16.4
58846       15.5
58847       15.6
58848       15.5
58849       15.1
58850       14.6
58851       14.3
58852       14.2
58853       14.1
58854       14.8
58855       14.2
58856       15.0
58857       14.9
58858       14.0
58859       13.3
58860       13.0
58861       12.4
58862       12.0
58863       11.7
58864       11.6
58865       11.0
58866       10.7
58867       10.4
58868        9.9
58869       10.2
58870        9.6
58871        9.0
58872        9.1
58873        8.6
58874        8.5
58875        8.4
58876        8.7
58877        8.3
58878        8.4
58879        8.4
58880        8.8
58881        8.3
58882       11.0
58883       11.1
58884       10.8
58885       10.9
58886       10.5
58887       10.0
58888       10.1
58889        9.8
58890        9.5
58891        9.3
58892        9.6
58893       10.5
58894       10.3
58895       10.9
58896       11.6
58897       11.5
58898       11.5
58899       11.7
58900       11.9
58901       11.6
58902       11.8
58903       11.6
58904       10.8
58905       11.2
58906       11.2
58907       11.1
58908       11.1
58909       11.2
58910       11.9
58911       11.7
58912       11.7
58913       12.1
58914       12.6
58915       13.1
58916       13.9
58917       15.0
58918       15.3
58919       16.4
58920       16.9
58921       17.5
58922       18.3
58923       18.8
58924       18.8
58925       19.2
58926       19.9
58927       20.1
58928       21.0
58929       20.7
58930       21.1
58931       21.4
58932       21.3
58933       21.6
58934       21.6
58935       21.5
58936       22.2
58937       22.2
58938       21.6
58939       21.7
58940       21.7
58941       22.1
58942       21.7
58943       22.2
58944       22.7
58945       22.1
58946       22.3
58947       23.1
58948       23.0
58949       23.2
58950       23.3
58951       23.8
58952       23.5
58953       22.9
58954       23.4
58955       23.1
58956       22.9
58957       23.7
58958       23.2
58959       23.6
58960       24.1
58961       24.6
58962       24.8
58963       25.0
58964       25.1
58965       25.6
58966       25.7
58967       26.6
58968       26.7
58969       27.0
58970       26.8
58971       27.7
58972       28.3
58973       27.5
58974       28.9
58975       29.5
58976       30.3
58977       31.4
58978       31.4
58979       32.6
58980       33.2
58981       33.9
58982       34.7
58983       34.8
58984       35.4
58985       35.8
58986       36.2
58987       36.8
58988       37.8
58989       38.2
58990       38.4
58991       39.4
58992       40.0
58993       39.9
58994       40.0
58995       39.7
58996       39.2
58997       38.5
58998       37.5
58999       36.3
59000       34.6
59001       34.1
59002       33.2
59003       31.0
59004       29.8
59005       27.6
59006       26.3
59007       25.5
59008       24.5
59009       24.0
59010       22.8
59011       22.6
59012       22.6
59013       21.1
59014       20.3
59015       20.0
59016       19.2
59017       18.6
59018       18.0
59019       17.4
59020       16.0
59021       15.4
59022       15.2
59023       14.3
59024       13.5
59025       13.0
59026       12.6
59027       11.7
59028       11.6
59029       10.8
59030        9.9
59031        9.5
59032        8.9
59033        8.2
59034        7.7
59035        7.0
59036        5.4
59037        5.0
59038        4.3
59039        3.9
59040        2.6
59041        3.0
59042        3.1
59043        2.6
59044        3.1
59045        2.9
59046        2.9
59047        2.9
59048        3.5
59049        2.7
59050        2.7
59051        3.2
59052        3.1
59053        3.2
59054        3.7
59055        3.4
59056        3.6
59057        3.5
59058        3.9
59059        3.3
59060        3.3
59061        3.9
59062        3.9
59063        3.6
59064        3.2
59065        2.8
59066        3.0
59067        3.0
59068        3.8
59069        3.8
59070        3.1
59071        3.8
59072        3.6
59073        3.2
59074        3.5
59075        3.2
59076        3.6
59077        3.9
59078        3.9
59079        4.2
59080        4.1
59081        4.4
59082        5.0
59083        4.8
59084        5.3
59085        5.3
59086        5.3
59087        5.2
59088        5.4
59089        5.6
59090        5.5
59091        6.0
59092        6.5
59093        6.4
59094        6.8
59095        7.3
59096        8.0
59097        7.9
59098        7.7
59099        6.3
59100        6.3
59101        7.0
59102        7.4
59103        6.7
59104        6.8
59105        7.0
59106        7.6
59107        7.3
59108        7.5
59109        7.7
59110        7.4
59111        7.5
59112        8.1
59113        8.1
59114        8.1
59115        8.4
59116        8.0
59117        7.9
59118        8.4
59119        8.6
59120        8.3
59121        8.5
59122        8.7
59123        8.3
59124        8.1
59125        8.1
59126        7.8
59127        8.1
59128        8.2
59129        8.5
59130        8.4
59131        8.5
59132        8.7
59133        8.1
59134        8.2
59135        8.9
59136        8.4
59137        8.3
59138        7.9
59139        8.1
59140        7.5
59141        7.8
59142        7.9
59143        7.6
59144        7.7
59145        8.2
59146        8.1
59147        7.5
59148        7.4
59149        7.8
59150        7.3
59151        7.7
59152        8.2
59153        7.6
59154        6.7
59155        7.4
59156        5.9
59157        4.8
59158        3.8
59159        3.2
59160        2.0
59161        2.2
59162        2.8
59163        2.8
59164        2.7
59165        3.2
59166        3.5
59167        3.2
59168        3.1
59169        3.1
59170        2.8
59171        2.8
59172        2.0
59173        3.0
59174        3.0
59175        2.3
59176        2.4
59177        2.1
59178        2.1
59179        1.6
59180        1.7
59181        2.1
59182        1.6
59183        2.5
59184        2.6
59185        2.8
59186        2.7
59187        3.0
59188        3.0
59189        3.1
59190        1.6
59191        1.9
59192        1.9
59193        1.7
59194        1.6
59195        1.8
59196        1.8
59197        2.3
59198        2.4
59199        2.4
59200        2.5
59201        2.3
59202        2.8
59203        3.0
59204        3.0
59205        3.0
59206        3.2
59207        3.0
59208        3.6
59209        3.7
59210        3.7
59211        3.5
59212        4.0
59213        4.9
59214        5.4
59215        5.4
59216        5.2
59217        5.4
59218        5.0
59219        5.2
59220        5.7
59221        5.7
59222        6.0
59223        6.1
59224        5.8
59225        6.0
59226        5.8
59227        5.2
59228        5.6
59229        5.5
59230        5.7
59231        5.8
59232        5.6
59233        5.9
59234        5.8
59235        5.1
59236        4.8
59237        5.1
59238        5.0
59239        4.8
59240        4.7
59241        5.2
59242        5.1
59243        5.6
59244        5.4
59245        5.6
59246        5.2
59247        6.2
59248        6.3
59249        6.3
59250        6.3
59251        6.0
59252        6.2
59253        5.5
59254        5.0
59255        4.7
59256        4.8
59257        4.8
59258        4.9
59259        4.4
59260        4.6
59261        4.8
59262        5.1
59263        5.4
59264        5.1
59265        4.5
59266        4.6
59267        4.5
59268        5.5
59269        5.5
59270        5.8
59271        6.1
59272        5.9
59273        5.7
59274        4.4
59275        5.4
59276        5.2
59277        4.9
59278        4.8
59279        4.7
59280        4.7
59281        4.7
59282        4.7
59283        4.8
59284        4.4
59285        3.9
59286        4.2
59287        4.2
59288        4.8
59289        4.5
59290        5.2
59291        5.1
59292        4.8
59293        4.6
59294        5.0
59295        5.0
59296        4.6
59297        4.6
59298        4.4
59299        4.5
59300        4.2
59301        4.3
59302        4.4
59303        4.3
59304        4.1
59305        4.0
59306        3.6
59307        3.1
59308        3.4
59309        3.5
59310        3.1
59311        2.9
59312        3.0
59313        3.1
59314        2.8
59315        2.8
59316        2.7
59317        3.1
59318        3.5
59319        3.4
59320        2.7
59321        3.0
59322        2.9
59323        2.7
59324        2.6
59325        2.1
59326        1.9
59327        1.8
59328        1.7
59329        1.8
59330        1.8
59331        1.3
59332        1.2
59333        1.4
59334        1.9
59335          -
59336          -
59337        0.3
59338        0.5
59339       -0.3
59340       -0.2
59341       -0.1
59342       -0.3
59343        0.0
59344       -0.2
59345       -0.5
59346       -0.4
59347       -1.0
59348       -0.8
59349       -1.5
59350       -1.0
59351       -0.3
59352        0.0
59353        0.4
59354        1.0
59355        0.8
59356        1.0
59357        1.5
59358        1.6
59359        2.2
59360        2.3
59361        2.6
59362        2.4
59363        2.6
59364        2.5
59365        2.0
59366        2.1
59367        1.8
59368        2.3
59369        2.6
59370        2.6
59371        3.1
59372        3.4
59373        3.1
59374        3.3
59375        3.3
59376        3.5
59377        4.2
59378        3.9
59379        3.7
59380        3.8
59381        4.0
59382        3.7
59383        4.0
59384        4.7
59385        4.5
59386        4.5
59387        4.6
59388        4.5
59389        4.3
59390        4.4
59391        4.6
59392        4.3
59393        4.4
59394        4.9
59395        4.3
59396        4.7
59397        4.9
59398        4.7
59399        5.0
59400        5.6
59401        5.6
59402        4.6
59403        5.1
59404        5.6
59405        5.5
59406        5.9
59407        6.1
59408        6.1
59409        6.3
59410        6.6
59411        7.1
59412        6.7
59413        7.1
59414        7.5
59415        7.1
59416        8.1
59417        9.1
59418          -
59419        9.1
59420        9.7
59421       10.5
59422       10.4
59423       10.3
59424       10.9
59425       10.4
59426       10.7
59427       11.2
59428       10.3
59429        9.9
59430       10.4
59431       10.7
59432       10.4
59433       10.9
59434       11.1
59435       11.5
59436       11.7
59437       12.0
59438       12.5
59439       12.3
59440       12.4
59441       12.7
59442       12.4
59443       12.7
59444       12.7
59445       12.7
59446       12.5
59447       13.0
59448       13.5
59449       12.6
59450       12.6
59451       13.0
59452       12.9
59453       12.9
59454       13.4
59455       13.0
59456       13.1
59457       12.7
59458       12.9
59459       12.7
59460       13.0
59461       13.0
59462       12.1
59463       11.4
59464       11.1
59465       11.7
59466       11.0
59467       10.5
59468       11.2
59469        9.8
59470        9.9
59471        9.9
59472        9.0
59473        9.0
59474        7.6
59475        8.7
59476        7.8
59477        7.8
59478        7.5
59479        7.7
59480        7.8
59481        8.6
59482        7.5
59483        7.4
59484        7.8
59485        8.1
59486        6.9
59487        7.6
59488        8.4
59489        7.3
59490        7.5
59491        7.6
59492        7.5
59493        7.1
59494        6.9
59495        6.8
59496        6.5
59497        6.6
59498        7.0
59499        6.9
59500        7.2
59501        7.3
59502        6.8
59503        7.3
59504        8.5
59505        8.5
59506        8.3
59507        8.8
59508        8.8
59509        8.8
59510        9.1
59511        9.3
59512        9.0
59513        9.3
59514        9.2
59515        9.3
59516        9.0
59517        8.8
59518        8.7
59519        8.4
59520        8.1
59521        7.9
59522        7.5
59523        7.5
59524        7.1
59525        7.0
59526        6.9
59527        7.5
59528        7.3
59529        7.4
59530        7.5
59531        7.3
59532        7.2
59533        7.5
59534        7.4
59535        7.8
59536        7.7
59537        7.8
59538        7.9
59539        7.9
59540        8.2
59541        8.6
59542        8.4
59543        8.1
59544        8.3
59545        8.3
59546        8.3
59547        8.7
59548        8.3
59549        9.0
59550        9.0
59551        8.8
59552        9.1
59553        8.8
59554        9.2
59555        9.2
59556        8.9
59557        8.9
59558        8.5
59559        8.7
59560        9.0
59561        9.8
59562        9.5
59563        9.2
59564        9.2
59565        9.5
59566        9.8
59567        9.4
59568        9.2
59569        9.2
59570        9.3
59571        9.0
59572        8.5
59573        8.8
59574        8.6
59575        8.6
59576        7.9
59577        7.5
59578        7.7
59579        7.8
59580        7.7
59581        7.3
59582        7.3
59583        7.0
59584        7.0
59585        7.0
59586        7.1
59587        7.0
59588        6.5
59589        5.2
59590        5.2
59591        5.4
59592        5.0
59593        4.7
59594        4.1
59595        3.7
59596        3.6
59597        3.6
59598        3.2
59599        3.0
59600        2.9
59601        2.5
59602        2.5
59603        2.7
59604        2.4
59605        2.6
59606        2.8
59607        2.8
59608        2.9
59609        2.6
59610        2.1
59611        2.0
59612        1.7
59613        1.9
59614        1.7
59615        1.7
59616        1.6
59617        1.7
59618        1.8
59619        1.9
59620        1.6
59621        1.7
59622        1.6
59623        1.4
59624        1.6
59625        1.8
59626        2.0
59627        1.9
59628        1.8
59629        1.4
59630        1.7
59631        1.7
59632        1.8
59633        1.9
59634        1.9
59635        1.7
59636        1.4
59637        1.7
59638        1.6
59639        1.2
59640        2.0
59641        1.8
59642        1.9
59643        1.9
59644        2.1
59645        1.9
59646        2.1
59647        1.9
59648        1.9
59649        1.5
59650        1.4
59651        1.0
59652        1.2
59653        1.7
59654        1.8
59655        1.3
59656        1.6
59657        2.0
59658        2.1
59659        2.1
59660        2.3
59661        2.1
59662        2.1
59663        2.0
59664        1.8
59665        2.3
59666        2.3
59667        2.3
59668        2.0
59669        2.0
59670        2.0
59671        2.2
59672        2.1
59673        0.8
59674        0.8
59675        0.5
59676        0.4
59677        0.4
59678        0.2
59679        0.3
59680        0.3
59681        0.3
59682        0.2
59683        0.7
59684        1.0
59685        1.0
59686        1.0
59687        0.7
59688        0.8
59689        1.0
59690        1.0
59691        0.9
59692        0.5
59693        0.6
59694        0.8
59695        0.3
59696        1.1
59697        0.7
59698        0.7
59699        0.7
59700        1.1
59701        0.8
59702        0.8
59703        0.5
59704        0.8
59705        0.5
59706        0.4
59707        0.6
59708        0.3
59709        0.5
59710        0.2
59711        0.1
59712        0.2
59713        0.9
59714        0.8
59715        0.9
59716        0.8
59717        0.7
59718        0.7
59719        0.8
59720        0.7
59721        0.7
59722        0.7
59723        1.0
59724        1.1
59725        1.6
59726        1.5
59727        1.6
59728        2.1
59729        1.6
59730        2.7
59731        2.3
59732        1.8
59733        1.2
59734        0.7
59735        0.2
59736        0.2
59737        0.1
59738        0.5
59739        0.3
59740        0.4
59741        0.7
59742        1.3
59743        1.5
59744        2.0
59745        2.8
59746        3.4
59747        4.0
59748        4.6
59749        5.5
59750        6.1
59751        6.2
59752        6.1
59753        5.5
59754        5.9
59755        6.0
59756        6.2
59757        6.2
59758        6.4
59759        6.1
59760        6.6
59761        6.9
59762        7.1
59763        7.0
59764        5.6
59765        5.9
59766        5.9
59767        6.7
59768        7.1
59769        7.8
59770        8.1
59771        8.2
59772        8.7
59773        8.3
59774        8.6
59775        8.9
59776        8.5
59777        8.2
59778        7.9
59779        8.1
59780        7.4
59781        7.2
59782        7.5
59783        6.8
59784        6.8
59785        6.4
59786        6.0
59787        5.9
59788        5.3
59789        4.9
59790        4.9
59791        4.6
59792        4.7
59793        4.7
59794        5.0
59795        4.8
59796        4.8
59797        4.5
59798        4.3
59799        3.3
59800        3.1
59801        2.5
59802        2.3
59803        2.9
59804        2.2
59805        2.2
59806        2.2
59807        1.9
59808        2.0
59809        2.2
59810        1.6
59811        1.0
59812        1.6
59813        1.2
59814        0.6
59815        1.3
59816        1.1
59817        2.1
59818        2.3
59819        2.7
59820        1.8
59821        1.6
59822        1.8
59823        2.4
59824        2.6
59825        2.2
59826        2.1
59827        0.8
59828        1.6
59829        2.2
59830        2.4
59831        2.2
59832        2.0
59833        1.6
59834        1.2
59835        1.4
59836        1.1
59837        1.2
59838        1.0
59839        0.9
59840        0.5
59841        1.1
59842        1.6
59843        1.9
59844        1.9
59845        1.6
59846        1.8
59847        1.3
59848        1.9
59849        2.1
59850        1.7
59851        1.8
59852        2.0
59853        2.2
59854        1.7
59855       -0.1
59856       -0.1
59857        1.0
59858        0.7
59859        0.7
59860        0.7
59861        0.1
59862        0.6
59863        0.3
59864        0.3
59865       -0.0
59866       -0.2
59867       -0.6
59868       -0.9
59869       -0.4
59870       -0.2
59871       -0.8
59872       -1.2
59873       -1.0
59874       -1.4
59875       -1.4
59876       -1.2
59877       -1.4
59878       -1.7
59879       -1.8
59880       -1.8
59881       -2.1
59882       -2.4
59883       -2.7
59884       -2.8
59885       -2.5
59886       -2.6
59887       -2.4
59888       -2.7
59889       -2.9
59890       -2.4
59891       -2.7
59892       -2.8
59893       -3.3
59894       -3.4
59895       -3.4
59896       -3.3
59897       -2.8
59898       -2.5
59899       -2.6
59900       -2.7
59901       -2.2
59902       -2.4
59903       -2.4
59904       -1.2
59905       -1.6
59906       -1.3
59907       -0.6
59908       -0.5
59909       -0.6
59910        0.0
59911       -0.4
59912       -0.3
59913        0.5
59914        0.9
59915        0.6
59916        0.5
59917        0.8
59918        2.1
59919        2.1
59920        1.7
59921        2.0
59922        1.7
59923        2.2
59924        2.1
59925        2.0
59926        2.1
59927        2.3
59928        2.2
59929        2.6
59930        2.9
59931        3.2
59932        3.3
59933        3.3
59934        3.0
59935        3.6
59936        3.8
59937        3.8
59938        3.7
59939        3.7
59940        3.7
59941        3.6
59942        4.0
59943        4.0
59944        4.4
59945        4.5
59946        4.8
59947        5.1
59948        4.4
59949        4.4
59950        4.4
59951        3.9
59952        3.9
59953        0.6
59954        0.9
59955        0.6
59956        0.5
59957       -0.3
59958        0.0
59959        0.2
59960        0.4
59961        0.2
59962       -0.4
59963       -0.3
59964       -0.8
59965       -0.7
59966       -1.2
59967       -1.0
59968       -0.5
59969       -0.6
59970       -0.9
59971       -0.8
59972       -0.7
59973       -0.7
59974       -0.8
59975       -0.7
59976       -0.9
59977       -0.1
59978        0.3
59979        0.5
59980        0.8
59981       -0.6
59982       -0.7
59983       -0.6
59984       -0.7
59985       -0.7
59986       -0.5
59987       -0.3
59988       -0.7
59989       -0.3
59990       -0.5
59991       -0.7
59992       -0.5
59993       -0.7
59994       -0.6
59995       -0.1
59996       -0.1
59997       -0.1
59998       -0.2
59999       -0.1
60000        0.1
60001        0.1
60002        0.0
60003        0.2
60004       -0.1
60005        0.5
60006        0.4
60007        0.3
60008        0.3
60009       -0.6
60010       -1.0
60011       -0.8
60012       -0.9
60013       -0.6
60014       -0.5
60015       -0.7
60016        0.2
60017       -0.2
60018       -0.5
60019       -0.1
60020       -0.2
60021        0.2
60022        0.2
60023        0.2
60024        0.2
60025       -0.0
60026       -0.5
60027        0.3
60028        0.1
60029        0.3
60030        0.5
60031        0.5
60032        0.5
60033        0.9
60034        0.8
60035        1.0
60036        1.1
60037        1.3
60038        1.3
60039        0.8
60040        1.7
60041        1.8
60042        2.3
60043        2.2
60044        5.0
60045        4.9
60046        5.5
60047        5.2
60048        5.4
60049        5.4
60050        5.7
60051        5.9
60052        5.6
60053        6.0
60054        5.9
60055        6.1
60056        6.3
60057        6.5
60058        6.5
60059        6.9
60060        7.3
60061        7.4
60062        7.6
60063        7.1
60064        8.2
60065        8.2
60066        8.4
60067        8.4
60068        8.1
60069        7.9
60070        8.4
60071        9.0
60072        8.5
60073        8.3
60074        8.2
60075        8.4
60076        8.1
60077        7.7
60078        7.9
60079        7.8
60080        7.5
60081        7.4
60082        6.8
60083        6.9
60084        7.0
60085        6.7
60086        6.8
60087        6.8
60088        6.4
60089        6.0
60090        5.7
60091        5.3
60092        5.0
60093        4.8
60094        5.6
60095        5.7
60096        5.3
60097        5.6
60098        5.6
60099        5.5
60100        3.8
60101        3.6
60102        3.6
60103        3.6
60104        3.4
60105        3.0
60106        3.0
60107        3.0
60108        2.9
60109        2.8
60110        2.8
60111        2.8
60112        2.8
60113        2.8
60114        3.0
60115        3.1
60116        2.9
60117        3.5
60118        3.7
60119        3.2
60120        3.6
60121        2.8
60122        3.6
60123        3.6
60124        3.4
60125        3.6
60126        4.0
60127        4.1
60128        4.0
60129        3.6
60130        4.1
60131        4.7
60132        4.2
60133        4.6
60134        4.2
60135        5.8
60136        5.8
60137        5.8
60138        5.3
60139        5.2
60140        5.3
60141        5.4
60142        5.2
60143        5.0
60144        5.9
60145        5.8
60146        5.6
60147        5.3
60148        4.6
60149        5.1
60150        4.6
60151        4.3
60152        4.3
60153        4.5
60154        4.3
60155        4.3
60156        4.5
60157        4.3
60158        4.1
60159        4.1
60160        4.0
60161        4.0
60162        3.9
60163        3.9
60164        4.1
60165        4.1
60166        3.8
60167        4.3
60168        4.5
60169        3.9
60170        3.9
60171        3.8
60172        3.3
60173        3.8
60174        3.2
60175        3.1
60176        2.8
60177        2.9
60178        2.9
60179        2.1
60180        1.9
60181        2.6
60182        2.7
60183        1.7
60184        1.0
60185        0.4
60186       -0.1
60187        0.3
60188        0.2
60189        0.0
60190       -1.1
60191       -2.8
60192       -2.9
60193       -2.7
60194       -2.4
60195       -2.3
60196       -2.5
60197       -2.7
60198       -2.5
60199       -2.6
60200       -2.9
60201       -3.0
60202       -3.4
60203       -3.2
60204       -2.7
60205       -2.2
60206       -2.0
60207       -2.2
60208       -1.7
60209       -0.9
60210       -1.0
60211       -1.0
60212       -1.6
60213       -1.8
60214       -1.6
60215       -1.2
60216       -0.8
60217       -1.2
60218       -0.6
60219       -1.2
60220       -1.7
60221       -1.7
60222       -1.4
60223       -1.7
60224       -2.1
60225       -2.4
60226       -1.9
60227       -1.8
60228       -1.6
60229       -1.3
60230       -1.3
60231       -1.2
60232       -0.9
60233       -0.4
60234        0.2
60235        0.3
60236        0.1
60237        0.9
60238        1.1
60239        1.1
60240        0.9
60241        0.9
60242        0.8
60243        1.0
60244        1.2
60245        1.4
60246        1.6
60247        1.6
60248        1.9
60249        1.6
60250        1.6
60251        1.6
60252        1.6
60253        1.7
60254        3.1
60255        3.9
60256        4.2
60257        4.1
60258        4.5
60259        4.8
60260        5.0
60261        5.0
60262        4.8
60263        4.6
60264        4.5
60265        4.7
60266        4.5
60267        4.2
60268        4.1
60269        4.0
60270        3.5
60271        3.0
60272        3.2
60273        2.9
60274        2.4
60275        2.6
60276        2.6
60277        2.4
60278        2.6
60279        2.5
60280        2.2
60281        2.3
60282        0.6
60283        0.4
60284        0.0
60285        0.3
60286        0.1
60287        0.0
60288       -0.2
60289       -0.3
60290        0.3
60291        0.4
60292        0.3
60293        0.4
60294        1.4
60295        1.8
60296        1.5
60297        1.5
60298        1.2
60299        1.9
60300        1.6
60301        1.5
60302        1.4
60303        1.5
60304        1.4
60305        1.2
60306        1.7
60307        1.5
60308        1.6
60309        1.6
60310        1.7
60311        1.6
60312        1.9
60313        1.9
60314        1.9
60315        2.2
60316        2.4
60317        1.9
60318        1.6
60319        1.5
60320        1.5
60321        1.3
60322        1.4
60323        1.0
60324        1.2
60325        1.0
60326        0.5
60327        0.3
60328        0.4
60329        0.3
60330        0.5
60331        1.1
60332        1.4
60333        1.2
60334        1.1
60335        0.8
60336        0.7
60337        0.9
60338        0.7
60339        0.9
60340        0.6
60341        0.7
60342        0.7
60343        0.4
60344        0.5
60345        0.9
60346        1.1
60347        1.4
60348        1.4
60349        1.5
60350        1.4
60351        1.5
60352        1.6
60353        1.5
60354        1.1
60355        1.5
60356        2.0
60357        2.0
60358        1.9
60359        1.3
60360        1.5
60361        1.7
60362        1.7
60363        1.8
60364        1.7
60365        1.7
60366        2.0
60367        2.1
60368        1.8
60369        1.8
60370        2.3
60371        2.5
60372        1.9
60373       -0.1
60374       -0.4
60375       -0.2
60376       -0.2
60377       -0.0
60378       -0.1
60379       -0.2
60380       -0.6
60381       -0.6
60382       -0.7
60383       -0.5
60384       -0.6
60385       -0.4
60386       -0.9
60387       -0.3
60388       -0.6
60389       -0.3
60390       -0.3
60391       -0.4
60392       -0.5
60393       -1.1
60394       -1.0
60395       -0.9
60396       -0.7
60397       -0.8
60398       -0.5
60399       -0.5
60400       -0.3
60401       -0.7
60402       -0.9
60403       -1.7
60404       -1.5
60405       -1.1
60406       -0.8
60407       -0.9
60408       -1.0
60409       -1.2
60410       -1.6
60411       -1.9
60412       -1.8
60413       -1.9
60414       -2.0
60415       -2.4
60416       -2.1
60417       -1.8
60418       -1.7
60419       -1.6
60420       -1.8
60421       -1.6
60422       -1.5
60423       -1.3
60424       -0.9
60425       -0.6
60426       -0.4
60427        0.0
60428        0.1
60429       -0.0
60430        0.7
60431        1.0
60432        1.0
60433        1.5
60434        1.8
60435        1.1
60436        2.6
60437        2.8
60438        3.1
60439        3.3
60440        3.4
60441        3.5
60442        4.0
60443        4.4
60444        4.3
60445        4.7
60446        5.2
60447        5.3
60448        5.3
60449        5.2
60450        5.2
60451        5.2
60452        4.8
60453        4.9
60454        4.4
60455        3.9
60456        3.9
60457        4.5
60458        4.2
60459        3.8
60460        3.6
60461        3.8
60462        3.5
60463        3.5
60464        2.1
60465        1.9
60466        1.7
60467        1.3
60468        1.1
60469        0.6
60470        0.6
60471        0.3
60472        0.3
60473        0.6
60474        0.6
60475        0.7
60476        0.4
60477        0.8
60478        1.3
60479        1.4
60480        1.1
60481        1.3
60482        1.6
60483        0.4
60484        1.0
60485        1.2
60486        1.7
60487        1.7
60488        2.0
60489        2.0
60490        1.6
60491        1.8
60492        2.5
60493        2.0
60494        2.3
60495        2.8
60496        3.0
60497        3.0
60498        2.9
60499        3.5
60500        4.0
60501        4.5
60502        4.5
60503        5.0
60504        4.8
60505        4.4
60506        4.5
60507        4.8
60508        4.8
60509        4.4
60510        4.7
60511        4.0
60512        3.8
60513        3.5
60514        2.9
60515        3.0
60516        2.5
60517        2.1
60518        1.7
60519        2.0
60520        1.9
60521        1.7
60522        1.6
60523        1.3
60524        0.8
60525        0.5
60526        0.2
60527       -1.0
60528       -1.4
60529       -1.4
60530       -1.6
60531       -1.2
60532       -1.6
60533       -1.5
60534       -1.6
60535       -1.4
60536       -1.4
60537       -1.5
60538       -1.6
60539       -1.6
60540       -1.7
60541       -2.1
60542       -2.3
60543       -2.5
60544       -2.3
60545       -2.1
60546       -2.3
60547       -2.3
60548       -2.7
60549       -2.6
60550       -2.0
60551       -1.9
60552       -1.4
60553       -0.5
60554       -0.7
60555       -1.1
60556       -0.9
60557       -0.6
60558       -1.1
60559       -1.6
60560       -1.4
60561       -1.4
60562       -1.4
60563       -1.0
60564       -1.0
60565       -0.8
60566        0.7
60567        1.4
60568        2.2
60569        2.2
60570        2.4
60571        2.5
60572        2.9
60573        3.2
60574        3.3
60575        4.3
60576        4.7
60577        5.0
60578        4.7
60579        4.6
60580        4.8
60581        4.9
60582        5.1
60583        5.8
60584        5.5
60585        6.5
60586        6.3
60587        6.3
60588        5.9
60589        5.2
60590        3.3
60591        3.2
60592        2.6
60593        2.0
60594        1.9
60595        1.8
60596        1.3
60597        0.3
60598       -0.1
60599        0.1
60600        0.6
60601        0.5
60602        1.0
60603        1.4
60604        0.9
60605       -0.3
60606        0.3
60607       -0.1
60608       -0.5
60609       -1.1
60610       -1.6
60611       -1.5
60612       -1.3
60613       -1.0
60614       -1.0
60615       -1.4
60616       -1.1
60617       -0.0
60618       -0.3
60619        0.5
60620        0.7
60621        0.6
60622       -0.0
60623       -0.3
60624       -0.8
60625        0.8
60626        0.6
60627        0.6
60628       -0.5
60629       -1.6
60630       -3.1
60631       -3.0
60632       -1.2
60633        0.2
60634        1.6
60635        3.2
60636        4.2
60637        4.3
60638        4.1
60639        3.7
60640        2.8
60641        2.5
60642        1.8
60643        1.5
60644        0.9
60645        0.1
60646       -0.4
60647       -1.0
60648       -1.7
60649       -2.0
60650       -2.6
60651       -3.2
60652       -3.4
60653       -3.6
60654       -3.7
60655       -3.3
60656       -3.3
60657       -3.0
60658       -2.8
60659       -2.7
60660       -2.3
60661       -1.9
60662       -1.2
60663       -0.7
60664       -0.1
60665        0.5
60666        1.2
60667        1.1
60668        1.1
60669        1.6
60670        1.6
60671        1.9
60672        1.9
60673        1.5
60674        1.1
60675        1.1
60676        0.6
60677        0.4
60678       -0.1
60679       -0.4
60680       -0.8
60681       -1.4
60682       -1.2
60683       -1.1
60684       -0.6
60685       -0.1
60686       -0.2
60687       -0.5
60688       -0.7
60689       -0.2
60690        0.8
60691        1.4
60692        1.9
60693        2.7
60694        3.0
60695        3.1
60696        3.2
60697        3.2
60698        3.4
60699        2.9
60700        2.0
60701        1.1
60702        0.2
60703        0.1
60704       -0.1
60705       -0.0
60706       -0.3
60707       -0.6
60708       -0.5
60709       -0.7
60710       -0.6
60711       -0.7
60712       -0.9
60713       -1.4
60714       -1.3
60715       -1.5
60716       -1.5
60717       -1.5
60718       -1.9
60719       -1.5
60720       -2.6
60721       -2.8
60722       -3.5
60723       -3.9
60724       -3.9
60725       -3.6
60726       -3.5
60727       -3.4
60728       -3.5
60729       -3.4
60730       -3.7
60731       -3.6
60732       -3.8
60733       -3.7
60734       -4.2
60735       -4.0
60736       -4.4
60737       -3.6
60738       -3.3
60739       -3.2
60740       -2.8
60741       -2.4
60742       -2.5
60743       -2.4
60744       -2.5
60745       -2.2
60746       -2.5
60747       -2.4
60748       -2.3
60749       -2.7
60750       -2.6
60751       -2.3
60752       -2.9
60753       -2.8
60754       -2.6
60755       -2.3
60756       -2.0
60757       -1.8
60758       -1.7
60759       -1.3
60760       -0.6
60761       -1.0
60762       -0.0
60763       -0.0
60764       -0.2
60765       -0.4
60766       -0.4
60767       -0.3
60768       -0.9
60769       -1.1
60770       -1.6
60771       -1.5
60772       -1.7
60773       -1.8
60774       -1.3
60775       -1.5
60776       -1.3
60777       -1.9
60778       -1.5
60779       -1.5
60780       -2.0
60781       -2.3
60782       -2.7
60783       -2.8
60784       -3.0
60785       -3.1
60786       -3.3
60787       -3.8
60788       -3.0
60789       -2.9
60790       -2.6
60791       -3.0
60792       -3.1
60793       -2.9
60794       -2.7
60795       -2.6
60796       -2.9
60797       -2.3
60798       -2.6
60799       -2.4
60800       -2.4
60801       -2.6
60802       -2.3
60803       -2.2
60804       -2.6
60805       -1.7
60806       -1.8
60807       -1.7
60808       -1.8
60809       -1.8
60810       -2.7
60811       -2.9
60812       -2.4
60813       -2.0
60814       -2.3
60815       -2.9
60816       -3.1
60817       -2.8
60818       -2.6
60819       -2.6
60820       -2.2
60821       -2.0
60822       -1.7
60823       -1.1
60824       -0.7
60825        0.1
60826        0.6
60827        0.9
60828       -0.2
60829       -0.3
60830       -0.3
60831       -0.8
60832       -1.7
60833       -2.3
60834       -3.2
60835       -2.9
60836       -3.1
60837       -2.7
60838       -2.8
60839       -3.3
60840       -3.6
60841       -3.1
60842       -3.2
60843       -3.0
60844       -2.7
60845       -2.5
60846       -3.5
60847       -3.5
60848       -2.1
60849       -1.9
60850       -2.2
60851       -2.1
60852       -1.7
60853       -1.9
60854       -2.3
60855       -1.7
60856       -2.0
60857       -2.4
60858       -2.4
60859       -2.1
60860       -2.1
60861       -2.2
60862       -2.0
60863       -2.0
60864       -2.4
60865       -2.2
60866       -1.9
60867       -2.1
60868       -1.4
60869       -1.9
60870       -1.2
60871       -1.3
60872       -1.3
60873       -1.5
60874       -1.0
60875       -1.0
60876       -1.0
60877       -1.1
60878       -1.0
60879       -0.6
60880       -0.4
60881       -0.3
60882        0.0
60883       -0.3
60884        0.1
60885        0.3
60886        0.3
60887        0.5
60888        0.6
60889        0.3
60890        0.5
60891        0.6
60892        1.1
60893        0.4
60894        1.4
60895        1.4
60896        1.1
60897        1.4
60898        1.3
60899        1.3
60900        0.6
60901        0.8
60902        0.9
60903        1.1
60904        1.5
60905        1.3
60906        1.4
60907        1.1
60908        1.0
60909        1.0
60910        1.2
60911        1.1
60912        0.9
60913        1.0
60914        1.8
60915        1.0
60916        1.2
60917        1.1
60918        1.0
60919        1.2
60920        1.8
60921        1.7
60922        1.4
60923        1.8
60924        1.5
60925        1.6
60926        2.3
60927        2.1
60928        2.5
60929        2.9
60930        2.1
60931        2.0
60932        2.5
60933        3.0
60934        2.2
60935        2.2
60936        2.8
60937        2.8
60938        2.3
60939        3.0
60940        2.3
60941        2.2
60942        1.3
60943        1.4
60944        2.3
60945        2.4
60946        1.1
60947        2.1
60948        1.9
60949        1.7
60950        1.4
60951        1.0
60952        1.6
60953        0.8
60954        1.3
60955        1.4
60956        2.0
60957        1.6
60958        1.9
60959        2.2
60960        2.1
60961        2.7
60962        2.9
60963        3.4
60964        3.2
60965        3.7
60966        3.1
60967        3.8
60968        4.3
60969        4.4
60970        3.9
60971        3.8
60972        3.4
60973        3.4
60974        3.0
60975        3.7
60976        3.3
60977        3.0
60978        2.8
60979        2.5
60980        2.5
60981        2.5
60982        2.7
60983        2.2
60984        2.4
60985        1.8
60986        1.8
60987        1.2
60988        1.4
60989        1.6
60990        1.6
60991        1.2
60992        1.4
60993        1.5
60994        2.0
60995        1.6
60996        1.7
60997        2.3
60998        2.1
60999        2.1
61000        2.1
61001        2.5
61002        2.5
61003        2.5
61004        2.6
61005        2.9
61006        3.3
61007        3.4
61008        3.4
61009        2.9
61010        2.9
61011        3.3
61012        3.6
61013        3.7
61014        3.9
61015        3.6
61016        3.4
61017        3.6
61018        4.0
61019        3.8
61020        3.6
61021        3.7
61022        3.6
61023        4.2
61024        3.7
61025        3.3
61026        3.3
61027        3.7
61028        3.7
61029        2.9
61030        3.5
61031        3.1
61032        2.5
61033        2.0
61034        2.1
61035        1.9
61036        1.5
61037        0.9
61038        0.4
61039        0.6
61040        0.5
61041        0.6
61042        0.5
61043        0.4
61044        0.0
61045        0.2
61046        0.7
61047        0.1
61048        0.7
61049        0.4
61050        0.4
61051        0.9
61052        0.9
61053        0.8
61054        1.4
61055        0.7
61056        1.1
61057        1.1
61058        1.2
61059        0.9
61060        1.5
61061        1.5
61062        1.3
61063        1.0
61064        1.2
61065        1.0
61066        1.1
61067        0.7
61068        0.9
61069        0.8
61070        1.1
61071        1.0
61072        1.0
61073        0.9
61074        0.7
61075        0.7
61076        0.4
61077        0.7
61078        0.8
61079        0.9
61080        0.7
61081        0.3
61082        0.1
61083        0.2
61084       -0.0
61085       -0.1
61086       -0.1
61087        0.2
61088        0.4
61089       -0.1
61090        0.2
61091       -0.0
61092        0.1
61093       -0.3
61094        0.2
61095       -0.2
61096       -0.1
61097       -0.2
61098       -0.5
61099       -0.1
61100       -0.4
61101       -0.6
61102       -0.2
61103       -0.1
61104       -0.1
61105        0.1
61106        0.4
61107        0.6
61108       -0.0
61109       -0.2
61110       -0.1
61111       -0.1
61112       -0.1
61113       -0.3
61114       -0.5
61115       -0.4
61116       -0.6
61117       -0.9
61118       -0.4
61119       -0.4
61120       -0.7
61121       -0.7
61122       -0.4
61123       -0.7
61124       -0.6
61125       -0.6
61126       -0.4
61127       -0.2
61128       -0.1
61129       -0.5
61130       -0.9
61131       -0.8
61132       -0.4
61133       -0.6
61134       -0.8
61135       -0.0
61136       -0.9
61137       -0.4
61138       -0.4
61139       -1.1
61140       -0.5
61141       -0.8
61142       -0.6
61143       -0.8
61144       -1.0
61145       -0.9
61146       -0.8
61147       -1.0
61148       -0.6
61149       -0.7
61150       -0.9
61151       -0.1
61152       -0.6
61153       -0.1
61154        0.0
61155       -0.1
61156       -0.1
61157       -0.1
61158       -0.2
61159       -0.3
61160       -0.4
61161       -0.2
61162       -0.2
61163       -0.6
61164       -0.1
61165       -0.5
61166       -0.7
61167       -0.9
61168       -1.2
61169       -1.2
61170       -1.6
61171       -1.5
61172       -2.2
61173       -1.8
61174       -2.3
61175       -2.1
61176       -2.2
61177       -2.2
61178       -2.1
61179       -2.0
61180       -2.5
61181       -1.9
61182       -1.8
61183       -1.7
61184       -1.5
61185       -1.7
61186       -2.1
61187       -2.3
61188       -2.1
61189       -1.3
61190       -1.1
61191       -1.2
61192       -1.3
61193       -1.5
61194       -1.2
61195       -1.7
61196       -1.3
61197       -1.1
61198       -1.6
61199       -1.3
61200       -1.3
61201       -1.1
61202       -1.1
61203       -0.6
61204       -0.4
61205       -0.7
61206       -0.4
61207       -0.1
61208       -0.3
61209        0.2
61210        0.2
61211        0.0
61212        0.5
61213        0.6
61214        1.0
61215        1.1
61216        0.9
61217        1.0
61218        0.9
61219        0.4

# UTC remains available from the monthly Circular T at
# (http://www.bipm.org/en/bipm-services/timescales/time-ftp/Circular-T.html).
