# MJD  [UTCr-UTC(IT)]/ns
56467       -2.2
56468       -1.9
56469       -1.7
56470       -1.6
56471       -0.7
56472       -1.3
56473       -0.4
56474        0.9
56475        1.1
56476        1.2
56477        1.5
56478        1.1
56479        1.2
56480        1.3
56481        1.3
56482        1.4
56483        2.0
56484        1.9
56485        2.3
56486        2.0
56487        1.6
56488        1.4
56489        1.1
56490        1.6
56491        0.7
56492       -0.1
56493       -1.0
56494       -0.5
56495       -0.5
56496       -0.2
56497       -0.7
56498       -1.0
56499       -1.7
56500       -2.9
56501       -3.4
56502       -3.9
56503       -5.0
56504       -5.3
56505       -5.4
56506       -5.2
56507       -5.7
56508       -5.8
56509       -6.5
56510       -5.8
56511       -5.9
56512       -5.5
56513       -5.4
56514       -5.3
56515       -5.6
56516       -7.2
56517       -7.1
56518       -7.3
56519       -8.0
56520       -8.4
56521       -9.1
56522       -9.4
56523       -9.8
56524       -9.8
56525       -9.8
56526      -10.2
56527      -10.8
56528      -11.2
56529      -11.3
56530      -12.7
56531      -12.1
56532      -12.2
56533      -12.8
56534      -12.6
56535      -12.2
56536      -12.0
56537      -12.2
56538      -12.4
56539      -12.1
56540      -12.0
56541      -11.8
56542      -11.8
56543      -11.8
56544      -12.0
56545      -12.3
56546      -11.2
56547      -11.0
56548      -10.6
56549      -10.6
56550       -9.8
56551       -8.3
56552       -7.2
56553       -7.0
56554       -6.4
56555       -6.1
56556       -5.5
56557       -4.5
56558       -6.1
56559       -5.8
56560       -6.7
56561       -7.0
56562       -6.4
56563       -6.4
56564       -5.9
56565       -6.9
56566       -7.1
56567       -7.6
56568       -8.3
56569       -7.1
56570       -6.3
56571       -6.6
56572       -6.1
56573       -6.1
56574       -6.7
56575       -7.0
56576       -6.3
56577       -6.9
56578       -6.3
56579       -7.2
56580       -7.7
56581       -6.9
56582       -7.3
56583       -6.6
56584       -6.8
56585       -6.8
56586       -6.8
56587       -7.6
56588       -7.7
56589       -8.1
56590       -8.8
56591       -9.4
56592       -9.0
56593       -8.8
56594       -9.2
56595       -8.9
56596       -9.0
56597       -9.2
56598      -10.3
56599      -10.0
56600      -10.7
56601      -11.1
56602      -11.1
56603      -11.1
56604      -11.8
56605      -11.7
56606      -11.1
56607       -9.3
56608       -9.2
56609       -9.0
56610       -8.3
56611       -6.9
56612       -6.9
56613       -6.9
56614       -6.8
56615       -7.4
56616       -5.6
56617       -5.6
56618       -4.9
56619       -4.9
56620       -5.2
56621       -6.2
56622       -5.7
56623       -5.1
56624       -4.3
56625       -4.6
56626       -4.2
56627       -4.0
56628       -0.4
56629       -0.1
56630        0.7
56631        0.5
56632        1.4
56633        0.9
56634        1.8
56635        1.5
56636        1.1
56637        0.7
56638        1.0
56639        1.1
56640        0.7
56641        0.7
56642        0.4
56643        0.4
56644        0.4
56645        0.7
56646        0.7
56647        1.0
56648        1.3
56649        1.4
56650        0.9
56651        0.7
56652        0.9
56653        0.8
56654        0.4
56655        0.4
56656        0.9
56657        1.0
56658        0.7
56659        0.7
56660        1.9
56661        1.4
56662        1.2
56663        1.4
56664        0.5
56665        0.4
56666        0.8
56667        1.0
56668       -0.3
56669       -0.7
56670       -1.5
56671       -1.6
56672       -2.4
56673       -2.2
56674       -2.4
56675       -2.7
56676       -3.8
56677       -3.7
56678       -3.9
56679       -4.1
56680       -4.4
56681       -4.7
56682       -4.5
56683       -3.8
56684       -4.5
56685       -4.4
56686       -3.7
56687       -2.9
56688       -2.5
56689       -2.1
56690       -1.1
56691       -0.9
56692       -0.7
56693        0.5
56694        0.0
56695       -0.1
56696        0.4
56697       -0.4
56698       -0.3
56699       -1.1
56700       -1.1
56701       -1.1
56702       -1.1
56703       -1.6
56704       -1.3
56705       -0.4
56706       -0.7
56707       -0.5
56708       -0.5
56709       -0.3
56710       -0.6
56711       -0.8
56712       -0.7
56713       -0.4
56714       -0.3
56715       -0.2
56716        0.3
56717        0.1
56718        0.4
56719        0.3
56720        0.1
56721        0.5
56722        0.5
56723        0.6
56724        0.7
56725        0.7
56726       -0.2
56727       -0.4
56728       -0.0
56729       -0.3
56730       -0.1
56731        0.0
56732       -0.9
56733       -2.7
56734       -1.3
56735       -1.3
56736       -1.0
56737       -1.6
56738       -1.4
56739       -1.6
56740       -1.1
56741       -1.4
56742       -1.0
56743       -1.2
56744       -1.7
56745       -2.0
56746       -2.4
56747       -2.7
56748       -2.7
56749       -2.8
56750       -3.3
56751       -3.6
56752       -4.1
56753       -4.8
56754       -3.7
56755       -3.4
56756       -3.3
56757       -3.4
56758       -3.8
56759       -3.4
56760       -3.1
56761       -3.4
56762       -2.3
56763       -2.3
56764       -2.7
56765       -2.7
56766       -2.4
56767       -2.6
56768       -3.7
56769       -3.6
56770       -3.6
56771       -3.7
56772       -3.1
56773       -2.6
56774       -2.3
56775       -1.6
56776       -1.2
56777       -1.4
56778       -2.0
56779       -2.3
56780       -2.9
56781       -3.1
56782       -1.4
56783       -1.9
56784       -1.8
56785       -1.7
56786       -2.3
56787       -3.4
56788       -2.4
56789       -2.4
56790       -3.3
56791       -3.6
56792       -3.9
56793       -4.6
56794       -4.6
56795       -4.2
56796       -2.0
56797       -1.8
56798       -3.0
56799       -2.2
56800       -1.9
56801       -1.4
56802       -1.0
56803       -2.1
56804       -1.9
56805       -2.0
56806       -2.1
56807       -1.8
56808       -1.5
56809       -1.3
56810        0.3
56811        0.7
56812        0.7
56813        1.4
56814        0.9
56815        1.0
56816        1.2
56817        1.4
56818        1.5
56819        1.4
56820        1.8
56821        2.0
56822        2.2
56823        3.1
56824        1.9
56825        2.4
56826        2.3
56827        1.3
56828        1.6
56829        0.6
56830        0.3
56831        0.1
56832        0.3
56833        0.1
56834        0.1
56835       -0.9
56836        0.2
56837        0.4
56838        0.7
56839        0.7
56840        0.9
56841        0.7
56842        0.2
56843        0.1
56844       -1.0
56845        1.5
56846        1.6
56847        1.6
56848        1.5
56849        0.9
56850        1.1
56851        1.4
56852        2.6
56853        2.7
56854        3.2
56855        3.4
56856        3.3
56857        3.4
56858        1.9
56859        4.0
56860        3.3
56861        2.5
56862        2.8
56863        2.9
56864        3.6
56865        3.8
56866        2.5
56867        3.2
56868        2.7
56869        3.0
56870        2.9
56871        3.4
56872        3.4
56873        2.4
56874        2.5
56875        3.1
56876        2.9
56877        2.8
56878        2.7
56879        2.6
56880        0.2
56881        0.4
56882        0.5
56883        0.9
56884        0.7
56885        0.3
56886        0.5
56887       -0.1
56888       -0.2
56889        0.3
56890        0.3
56891       -0.2
56892       -0.5
56893        0.3
56894       -0.5
56895       -1.2
56896       -1.0
56897       -0.7
56898       -0.9
56899       -0.8
56900       -1.0
56901       -0.2
56902       -0.5
56903       -0.7
56904       -1.3
56905       -1.6
56906       -1.5
56907       -1.8
56908       -3.8
56909       -4.0
56910       -3.5
56911       -3.8
56912       -4.2
56913       -4.1
56914       -3.9
56915       -3.7
56916       -3.1
56917       -3.6
56918       -3.4
56919       -3.3
56920       -3.6
56921       -3.9
56922       -4.2
56923       -4.3
56924       -3.8
56925       -4.3
56926       -4.8
56927       -4.6
56928       -4.5
56929       -5.0
56930       -5.3
56931       -5.3
56932       -5.5
56933       -5.7
56934       -5.6
56935       -5.5
56936       -4.1
56937       -4.4
56938       -4.8
56939       -5.0
56940       -4.8
56941       -4.3
56942       -3.8
56943       -4.5
56944       -3.6
56945       -4.7
56946       -3.8
56947       -4.6
56948       -4.2
56949       -3.8
56950       -4.7
56951       -3.6
56952       -1.4
56953       -1.1
56954       -1.5
56955       -1.9
56956       -2.1
56957       -1.3
56958       -0.9
56959       -1.0
56960       -0.1
56961       -0.1
56962        0.3
56963        0.1
56964        0.5
56965        1.5
56966        1.5
56967        1.2
56968        1.5
56969        1.8
56970        1.5
56971        1.8
56972        1.8
56973        2.1
56974        1.7
56975        1.7
56976        1.4
56977        1.7
56978        0.2
56979        0.2
56980       -0.3
56981       -1.1
56982       -1.0
56983       -0.7
56984       -0.6
56985       -0.9
56986       -1.0
56987       -1.3
56988       -1.8
56989       -1.5
56990       -1.4
56991       -2.0
56992       -2.3
56993       -3.1
56994       -3.4
56995       -3.4
56996       -3.6
56997       -4.0
56998       -3.6
56999       -1.4
57000       -0.6
57001       -1.4
57002       -1.8
57003       -1.6
57004       -2.0
57005       -2.6
57006       -2.2
57007       -2.3
57008       -2.2
57009       -1.7
57010       -1.8
57011       -2.2
57012       -2.0
57013       -1.5
57014       -1.7
57015       -1.9
57016       -2.4
57017       -2.7
57018       -2.4
57019       -2.0
57020       -2.8
57021       -2.8
57022       -3.1
57023       -3.6
57024       -4.2
57025       -4.2
57026       -4.3
57027       -5.2
57028       -5.5
57029       -5.7
57030       -6.4
57031       -6.5
57032       -6.2
57033       -6.2
57034       -6.1
57035       -6.4
57036       -6.9
57037       -5.8
57038       -5.8
57039       -6.2
57040       -5.4
57041       -4.9
57042       -5.0
57043       -4.5
57044       -4.7
57045       -4.8
57046       -5.0
57047       -5.0
57048       -5.0
57049       -5.2
57050       -5.0
57051       -4.6
57052       -4.8
57053       -4.9
57054       -4.6
57055        1.6
57056        1.4
57057        1.1
57058        0.9
57059        1.7
57060        1.3
57061        1.7
57062        0.9
57063        0.5
57064        0.9
57065        1.2
57066        1.2
57067        0.9
57068        1.5
57069        1.2
57070        1.2
57071        1.1
57072        1.5
57073        1.1
57074        2.0
57075        2.4
57076        2.6
57077        2.2
57078        2.5
57079        2.7
57080        2.6
57081        2.5
57082        2.4
57083        0.7
57084        1.3
57085        1.3
57086        1.9
57087        2.3
57088        2.1
57089        2.2
57090       -0.8
57091       -1.7
57092       -2.0
57093       -2.1
57094       -2.0
57095       -2.0
57096       -1.4
57097       -1.6
57098       -1.3
57099       -1.8
57100       -1.7
57101       -2.4
57102       -2.5
57103       -1.9
57104       -2.8
57105       -2.9
57106       -2.4
57107       -0.8
57108       -2.3
57109       -2.6
57110       -2.4
57111       -2.2
57112       -3.5
57113       -3.4
57114       -3.9
57115       -3.5
57116       -3.5
57117       -3.5
57118       -1.7
57119       -2.3
57120       -2.6
57121       -2.4
57122       -2.5
57123       -2.9
57124       -3.2
57125       -2.6
57126       -2.5
57127       -2.0
57128       -2.0
57129       -1.8
57130       -1.4
57131       -0.7
57132       -2.1
57133       -2.7
57134       -3.8
57135       -4.3
57136       -4.2
57137       -3.9
57138       -4.1
57139       -2.4
57140       -2.6
57141       -2.5
57142       -2.0
57143       -2.4
57144       -2.8
57145       -3.2
57146       -4.8
57147       -4.7
57148       -5.0
57149       -6.4
57150       -6.7
57151       -7.1
57152       -7.4
57153       -7.6
57154       -6.7
57155       -6.9
57156       -6.7
57157       -6.7
57158       -5.7
57159       -5.9
57160       -6.0
57161       -5.6
57162       -5.9
57163       -4.5
57164       -5.1
57165       -5.3
57166       -4.6
57167       -4.2
57168       -4.1
57169       -4.7
57170       -4.6
57171       -5.0
57172       -4.5
57173       -4.9
57174       -3.1
57175       -3.0
57176       -3.8
57177       -3.0
57178       -3.2
57179       -3.2
57180       -4.1
57181       -3.0
57182       -3.6
57183       -4.5
57184       -4.8
57185       -4.6
57186       -3.4
57187       -3.5
57188       -3.8
57189       -4.2
57190       -4.1
57191       -4.4
57192       -5.7
57193       -5.6
57194       -4.7
57195       -6.1
57196       -4.9
57197       -5.5
57198       -5.9
57199       -5.4
57200       -6.0
57201       -5.1
57202       -5.6
57203       -5.6
57204       -5.8
57205       -5.3
57206       -5.6
57207       -4.4
57208       -5.3
57209       -2.4
57210       -2.1
57211       -1.7
57212       -1.4
57213       -0.0
57214       -0.3
57215       -0.1
57216       -0.9
57217       -0.8
57218       -0.5
57219       -1.2
57220       -0.5
57221       -1.1
57222       -1.3
57223       -2.6
57224       -2.9
57225       -2.6
57226       -2.3
57227       -2.7
57228       -2.9
57229       -3.1
57230       -3.1
57231       -2.3
57232       -2.0
57233       -1.7
57234       -1.4
57235       -1.9
57236       -1.7
57237       -1.9
57238       -1.4
57239       -2.0
57240       -2.1
57241       -2.5
57242       -2.8
57243       -2.6
57244       -1.0
57245       -0.9
57246       -0.8
57247       -1.1
57248       -0.4
57249       -0.0
57250        0.0
57251       -0.8
57252       -0.3
57253       -0.1
57254       -0.8
57255       -0.9
57256       -1.0
57257       -0.9
57258       -2.4
57259       -2.9
57260       -3.4
57261       -3.4
57262       -3.4
57263       -4.4
57264       -4.7
57265       -4.5
57266       -5.5
57267       -5.3
57268       -5.4
57269       -5.6
57270       -5.8
57271       -5.6
57272       -6.0
57273       -6.4
57274       -7.0
57275       -7.8
57276       -8.0
57277       -7.3
57278       -7.7
57279       -6.9
57280       -7.0
57281       -6.4
57282       -6.3
57283       -6.1
57284       -6.1
57285       -5.7
57286       -4.0
57287       -3.7
57288       -3.4
57289       -3.0
57290       -3.2
57291       -3.2
57292       -3.1
57293       -3.1
57294       -3.3
57295       -3.5
57296       -2.9
57297       -2.8
57298       -2.6
57299       -2.2
57300       -1.5
57301       -1.9
57302       -0.7
57303       -0.8
57304       -0.6
57305       -0.4
57306       -0.3
57307        0.4
57308        0.2
57309       -0.1
57310        0.4
57311        1.3
57312        0.7
57313        0.2
57314       -1.0
57315       -0.6
57316       -1.6
57317       -1.2
57318       -1.3
57319       -1.3
57320       -1.6
57321       -0.9
57322       -1.2
57323       -1.2
57324       -1.0
57325       -1.0
57326       -1.0
57327       -1.0
57328       -0.1
57329       -0.6
57330       -0.6
57331       -0.9
57332       -0.7
57333       -0.4
57334       -0.2
57335        0.2
57336        1.2
57337        1.7
57338        2.1
57339        2.3
57340        1.9
57341        2.5
57342        2.8
57343        2.6
57344        2.6
57345        2.9
57346        2.5
57347        2.3
57348        2.7
57349        1.4
57350        0.9
57351        1.1
57352        1.0
57353        0.8
57354        0.8
57355        1.0
57356        3.2
57357        2.7
57358        2.7
57359        2.4
57360        2.0
57361        1.6
57362        2.0
57363       -0.4
57364       -0.6
57365       -0.4
57366       -0.1
57367        0.1
57368        0.3
57369        2.5
57370        3.0
57371        3.0
57372        3.1
57373        3.1
57374        3.1
57375        3.1
57376        3.4
57377        5.1
57378        5.5
57379        5.1
57380        5.6
57381        5.8
57382        5.8
57383        5.5
57384        5.8
57385        5.7
57386        5.8
57387        6.2
57388        6.2
57389        6.6
57390        6.3
57391        4.5
57392        4.1
57393        4.0
57394        3.8
57395        4.4
57396        4.6
57397        4.6
57398        5.1
57399        4.8
57400        5.3
57401        5.4
57402        5.3
57403        5.4
57404        7.0
57405        3.0
57406        2.3
57407        2.4
57408        2.6
57409        2.6
57410        2.6
57411        2.5
57412        3.0
57413        3.1
57414        3.1
57415        2.9
57416        2.8
57417        2.5
57418        2.7
57419        2.8
57420        1.9
57421        1.7
57422        1.8
57423        1.9
57424        1.3
57425        1.2
57426       -1.1
57427       -1.5
57428       -1.1
57429       -1.4
57430       -1.9
57431       -2.2
57432       -1.9
57433       -1.5
57434       -1.7
57435       -2.1
57436       -2.2
57437       -2.3
57438       -2.6
57439       -3.1
57440       -3.0
57441       -3.5
57442       -3.5
57443       -3.9
57444       -4.2
57445       -4.7
57446       -4.5
57447       -5.5
57448       -6.2
57449       -6.3
57450       -5.9
57451       -5.8
57452       -5.8
57453       -5.8
57454       -5.2
57455       -5.0
57456       -4.8
57457       -5.2
57458       -5.7
57459       -5.4
57460       -5.5
57461       -4.5
57462       -4.6
57463       -4.1
57464       -3.0
57465       -3.4
57466       -3.4
57467       -3.5
57468       -3.8
57469       -3.5
57470       -3.7
57471       -4.0
57472       -3.5
57473       -3.5
57474       -3.5
57475       -3.2
57476       -3.3
57477       -3.2
57478       -4.0
57479       -3.6
57480       -3.3
57481       -3.1
57482        0.1
57483        0.6
57484        2.0
57485        1.3
57486        2.7
57487        4.1
57488        3.6
57489        4.7
57490        5.0
57491        4.9
57492        5.4
57493        5.9
57494        6.2
57495        6.6
57496        5.3
57497        6.0
57498        5.8
57499        4.8
57500        5.0
57501        5.2
57502        5.2
57503        6.9
57504        6.8
57505        7.5
57506        7.6
57507        8.0
57508        7.3
57509        9.1
57510        7.1
57511        6.9
57512        6.7
57513        7.0
57514        6.8
57515        7.2
57516        7.0
57517        6.5
57518        7.0
57519        7.3
57520        7.7
57521        7.0
57522        6.3
57523        6.5
57524        6.4
57525        6.1
57526        5.2
57527        5.0
57528        4.6
57529        3.8
57530        3.7
57531        4.7
57532        4.6
57533        3.8
57534        3.4
57535        2.9
57536        2.3
57537        2.9
57538        3.7
57539        3.1
57540        2.8
57541        1.9
57542        1.4
57543        1.0
57544        0.5
57545       -1.6
57546       -2.2
57547       -4.2
57548       -3.3
57549       -3.2
57550       -3.8
57551       -4.3
57552       -3.9
57553       -2.9
57554       -2.0
57555       -1.9
57556       -1.8
57557       -1.5
57558       -1.0
57559        0.1
57560       -0.3
57561       -0.0
57562        0.1
57563       -0.1
57564        0.0
57565        0.7
57566        0.2
57567        0.1
57568       -0.2
57569       -0.2
57570       -0.3
57571       -0.9
57572       -0.6
57573        0.7
57574        0.5
57575        0.3
57576       -0.8
57577       -1.1
57578       -0.7
57579       -1.6
57580       -0.9
57581       -0.5
57582       -0.2
57583       -0.0
57584       -0.3
57585       -0.9
57586       -1.8
57587       -2.0
57588       -2.3
57589       -2.6
57590       -2.9
57591       -2.9
57592       -2.8
57593       -2.4
57594       -2.7
57595       -2.0
57596       -2.0
57597       -1.3
57598       -1.8
57599       -1.6
57600       -0.4
57601        2.1
57602        1.6
57603        1.4
57604        1.1
57605        2.4
57606        2.5
57607        2.4
57608        3.3   # -8.3   # erroneous values published on week 1632
57609        3.3   # -8.3
57610        3.4   # -8.2
57611        4.1   # -7.5
57612        4.1   # -7.5
57613        4.0   # -7.6
57614        4.5   # -7.1
57615        2.3
57616        1.6
57617        1.4
57618        1.1
57619        0.8
57620        0.9
57621        1.1
57622        1.9
57623        1.8
57624        2.4
57625        3.7
57626        4.0
57627        3.5
57628        3.8
57629        4.2
57630        5.7
57631        5.2
57632        4.7
57633        4.6
57634        4.4
57635        5.0
57636        0.7
57637        1.0
57638        1.6
57639        0.6
57640        0.9
57641        0.8
57642        0.9
57643        1.5
57644        1.6
57645        1.9
57646        1.9
57647        2.7
57648        2.2
57649        2.4
57650        2.9
57651        3.3
57652        3.0
57653        3.0
57654        2.7
57655        3.3
57656        2.4
57657        2.6
57658        2.7
57659        3.0
57660        1.8
57661        1.2
57662        1.8
57663        2.2
57664        2.7
57665        2.7
57666        2.8
57667        3.4
57668        2.9
57669        3.1
57670        2.5
57671        2.1
57672        1.9
57673        1.9
57674       -0.1
57675        1.1
57676        1.2
57677        1.2
57678        3.0
57679        4.1
57680        3.3
57681        3.5
57682        3.2
57683        3.1
57684        2.1
57685        2.3
57686        2.8
57687        4.1
57688        3.7
57689        2.8
57690          -
57691          -
57692        3.1
57693        3.4
57694        3.4
57695        3.0
57696        4.0
57697        3.7
57698        4.6
57699        6.0
57700        5.6
57701        5.3
57702        5.1
57703        5.2
57704        5.0
57705        4.0
57706        4.8
57707        4.4
57708        4.1
57709        3.6
57710        3.0
57711        2.8
57712        2.9
57713        2.6
57714        2.4
57715        2.2
57716        2.6
57717        3.3
57718        3.9
57719        4.9
57720        5.2
57721        5.6
57722        5.8
57723        6.2
57724        6.3
57725        6.2
57726        5.6
57727        3.7
57728        3.9
57729        3.7
57730        3.7
57731        4.1
57732        3.8
57733        4.1
57734        5.4
57735        6.1
57736        6.1
57737        5.6
57738        5.3
57739        4.6
57740        4.9
57741        2.3
57742        2.1
57743        0.5
57744        0.2
57745       -0.6
57746       -0.5
57747       -0.1
57748       -1.2
57749       -1.5
57750       -1.9
57751       -2.2
57752       -2.1
57753       -2.1
57754       -2.7
57755       -4.2
57756       -4.3
57757       -4.5
57758       -4.2
57759       -4.4
57760       -4.1
57761       -4.4
57762       -5.1
57763       -5.3
57764       -5.6
57765       -5.3
57766       -5.4
57767       -6.1
57768       -7.0
57769       -6.7
57770       -6.6
57771       -6.5
57772       -7.0
57773       -6.1
57774       -6.4
57775       -6.2
57776       -7.3
57777       -7.1
57778       -7.4
57779       -7.4
57780       -6.8
57781       -6.0
57782       -5.5
57783       -3.6
57784       -3.4
57785       -2.8
57786       -2.2
57787       -1.7
57788       -0.6
57789        0.1
57790       -0.8
57791       -0.8
57792        0.0
57793        1.0
57794        1.1
57795        1.1
57796        0.8
57797        0.9
57798        1.1
57799        0.3
57800       -0.0
57801        0.1
57802       -0.3
57803        0.1
57804       -1.5
57805       -1.7
57806       -2.4
57807       -2.1
57808       -2.4
57809       -2.9
57810       -3.2
57811       -2.8
57812       -3.0
57813       -3.0
57814       -3.8
57815       -4.9
57816       -5.0
57817       -4.8
57818       -8.6
57819       -8.5
57820       -9.1
57821       -9.2
57822       -9.5
57823      -10.0
57824       -9.8
57825      -10.2
57826      -11.0
57827      -11.0
57828      -11.0
57829      -10.6
57830      -10.0
57831       -9.2
57832       -8.7
57833       -8.1
57834       -7.1
57835       -6.5
57836       -5.8
57837       -6.6
57838       -5.6
57839       -5.9
57840       -5.5
57841       -5.7
57842       -6.2
57843       -7.1
57844       -7.0
57845       -6.2
57846        0.3
57847        0.3
57848        0.6
57849        0.9
57850        1.2
57851        1.8
57852        3.0
57853        4.6
57854        4.9
57855        6.3
57856        6.9
57857        7.7
57858        7.7
57859        7.7
57860        9.5
57861        9.3
57862        9.9
57863       10.2
57864        9.6
57865        9.1
57866        8.9
57867        7.8
57868        7.6
57869        7.3
57870        6.8
57871        7.2
57872        6.5
57873        6.2
57874        6.8
57875        6.2
57876        5.9
57877        4.8
57878        4.0
57879        3.5
57880        3.2
57881       -4.8
57882       -5.2
57883       -4.9
57884       -5.1
57885       -4.7
57886       -4.6
57887       -5.2
57888       -6.1
57889       -6.0
57890       -6.6
57891       -5.6
57892       -5.7
57893       -5.6
57894       -5.2
57895       -6.3
57896       -6.4
57897       -6.2
57898       -6.1
57899       -5.9
57900       -5.5
57901       -5.8
57902       -4.9
57903       -5.3
57904       -4.9
57905       -5.3
57906       -5.0
57907       -6.0
57908       -5.2
57909       -4.5
57910       -4.2
57911       -3.4
57912       -4.2
57913       -4.3
57914       -4.7
57915       -4.5
57916       -3.4
57917       -3.6
57918       -3.0
57919       -2.8
57920       -3.2
57921       -3.3
57922       -2.9
57923       -5.2
57924       -5.4
57925       -5.8
57926       -6.1
57927       -6.2
57928       -6.3
57929       -5.9
57930       -4.2
57931       -3.8
57932       -3.9
57933       -3.9
57934       -4.6
57935       -4.9
57936       -4.7
57937       -9.2
57938       -8.4
57939       -9.0
57940       -8.8
57941       -9.2
57942       -9.6
57943       -9.1
57944       -8.1
57945       -7.6
57946       -8.1
57947       -8.3
57948       -8.3
57949       -8.0
57950       -8.1
57951       -9.4
57952       -9.0
57953       -9.1
57954       -9.1
57955       -9.1
57956       -8.6
57957       -9.1
57958       -7.8
57959       -7.6
57960       -8.1
57961       -8.5
57962       -8.5
57963       -8.4
57964       -8.3
57965       -8.1
57966       -8.5
57967       -7.9
57968       -8.2
57969       -7.3
57970       -7.3
57971       -7.1
57972       -5.5
57973       -5.4
57974       -4.9
57975       -4.9
57976       -4.7
57977       -4.6
57978       -4.4
57979       -4.0
57980       -3.9
57981       -4.6
57982       -4.7
57983       -4.5
57984       -4.2
57985       -4.5
57986       -4.3
57987       -4.8
57988       -4.8
57989       -5.1
57990       -4.7
57991       -4.9
57992       -5.0
57993       -5.7
57994       -5.1
57995       -5.1
57996       -5.7
57997       -5.2
57998       -4.9
57999       -4.9
58000       -4.6
58001       -5.2
58002       -5.3
58003       -5.3
58004       -5.2
58005       -4.8
58006       -4.1
58007       -4.6
58008       -3.9
58009       -3.6
58010       -4.0
58011       -3.6
58012       -3.8
58013       -2.7
58014       -3.1
58015       -2.5
58016       -2.6
58017       -2.9
58018       -3.1
58019       -3.1
58020       -3.2
58021       -2.8
58022       -2.4
58023       -2.9
58024       -3.1
58025       -2.6
58026       -2.6
58027       -2.3
58028       -2.4
58029       -2.4
58030       -2.8
58031       -2.9
58032       -2.9
58033       -2.7
58034       -3.0
58035       -2.9
58036       -3.0
58037       -3.0
58038       -3.5
58039       -3.9
58040       -4.3
58041       -4.5
58042       -4.6
58043       -4.8
58044       -5.1
58045       -4.7
58046       -4.9
58047       -4.7
58048       -5.1
58049       -4.2
58050       -5.0
58051       -4.9
58052       -4.8
58053       -4.8
58054       -4.5
58055       -5.0
58056       -4.7
58057       -5.7
58058       -6.1
58059       -5.5
58060       -5.6
58061       -5.9
58062       -5.9
58063       -5.8
58064       -6.0
58065       -6.0
58066       -6.7
58067       -6.5
58068       -6.6
58069       -6.5
58070       -6.2
58071       -6.4
58072       -6.2
58073       -6.2
58074       -5.9
58075       -5.3
58076       -5.0
58077       -4.9
58078       -4.5
58079       -4.1
58080       -3.1
58081       -3.3
58082       -2.8
58083       -2.2
58084       -1.9
58085       -1.3
58086       -0.8
58087       -0.3
58088       -0.2
58089        0.7
58090        0.0
58091        1.6
58092        1.9
58093        2.2
58094        2.4
58095        2.7
58096        3.2
58097        3.7
58098        3.8
58099        3.9
58100        4.2
58101        4.2
58102        4.4
58103        4.5
58104        4.0
58105        3.6
58106        3.2
58107        3.1
58108        2.9
58109        3.0
58110        2.7
58111        2.5
58112        2.2
58113        2.1
58114        2.1
58115        2.7
58116        2.7
58117        2.4
58118        2.5
58119        3.4
58120        3.7
58121        3.2
58122        3.1
58123        3.2
58124        3.2
58125        2.8
58126        2.4
58127        2.4
58128        2.2
58129        2.4
58130        2.2
58131        2.6
58132        2.3
58133        2.8
58134        2.9
58135        3.1
58136        3.5
58137        3.4
58138        3.3
58139        3.8
58140        3.6
58141        3.7
58142        4.1
58143        3.9
58144        3.8
58145        3.9
58146        3.7
58147        2.9
58148        2.8
58149        3.0
58150        2.9
58151        2.8
58152        3.5
58153        3.2
58154        4.9
58155        4.9
58156        5.1
58157        5.1
58158        5.0
58159        5.7
58160        5.5
58161        5.7
58162        5.5
58163        5.5
58164        5.3
58165        5.3
58166        5.7
58167        5.8
58168        5.8
58169        5.9
58170        5.5
58171        5.3
58172        5.1
58173        4.9
58174        4.5
58175        5.3
58176        5.5
58177        5.2
58178        4.6
58179        4.5
58180        4.0
58181        3.5
58182        1.9
58183        1.2
58184        1.3
58185        0.8
58186        0.3
58187       -0.0
58188          -
58189       -8.7
58190       -9.6
58191      -10.3
58192      -11.0
58193      -10.8
58194      -10.3
58195       -9.5
58196       -9.9
58197       -9.4
58198       -8.0
58199       -6.0
58200       -4.9
58201       -3.5
58202       -3.3
58203       -3.7
58204       -3.7
58205       -4.1
58206       -4.4
58207       -4.7
58208       -5.0
58209       -5.1
58210       -4.8
58211       -6.0
58212       -6.4
58213       -7.0
58214       -6.9
58215       -7.3
58216       -8.3
58217       -9.4
58218       -9.3
58219       -9.2
58220       -8.7
58221       -8.9
58222       -9.0
58223       -8.2
58224       -9.0
58225       -9.4
58226       -7.8
58227       -6.6
58228       -5.2
58229       -4.5
58230       -4.1
58231       -4.0
58232       -3.8
58233       -3.9
58234       -4.0
58235       -3.8
58236       -3.1
58237       -2.8
58238       -1.8
58239       -1.7
58240       -0.4
58241       -2.8
58242       -1.5
58243       -1.5
58244       -2.5
58245       -1.2
58246       -1.0
58247       -1.0
58248       -1.3
58249       -2.6
58250       -2.9
58251       -2.7
58252       -1.9
58253       -1.8
58254       -3.1
58255       -3.0
58256       -3.0
58257       -3.6
58258       -3.8
58259       -2.9
58260       -3.2
58261       -3.4
58262       -3.6
58263       -4.4
58264       -4.8
58265       -4.9
58266       -5.0
58267       -5.3
58268       -5.5
58269       -5.3
58270       -5.6
58271       -6.0
58272       -6.3
58273       -3.5
58274       -3.4
58275       -2.9
58276       -3.0
58277       -2.9
58278       -3.1
58279       -2.8
58280       -3.1
58281       -3.2
58282       -2.7
58283       -2.8
58284       -2.7
58285       -2.5
58286       -2.5
58287       -2.6
58288       -2.6
58289       -1.4
58290       -1.7
58291       -1.1
58292       -0.8
58293       -0.7
58294       -0.6
58295       -0.3
58296       -0.1
58297        0.5
58298        0.7
58299        1.2
58300        1.2
58301        1.7
58302        1.6
58303        1.7
58304        1.9
58305        1.3
58306        1.5
58307        1.3
58308        1.1
58309        1.2
58310        0.9
58311        1.1
58312        1.3
58313        0.6
58314        1.1
58315        1.8
58316        1.0
58317        1.3
58318        1.0
58319        1.6
58320        2.1
58321        2.0
58322        2.1
58323        1.9
58324        1.8
58325        1.7
58326        2.0
58327        1.3
58328        1.8
58329        1.6
58330        1.8
58331        1.8
58332        2.0
58333        2.2
58334        2.6
58335        3.1
58336        1.8
58337        2.0
58338        1.9
58339        1.8
58340        1.5
58341        1.3
58342        1.2
58343        1.3
58344        1.0
58345        0.7
58346        0.3
58347        0.5
58348        0.5
58349        0.6
58350        0.5
58351        0.5
58352        1.0
58353        0.6
58354        0.4
58355        0.7
58356        0.8
58357        1.1
58358        1.4
58359        1.2
58360        0.9
58361        2.3
58362        1.6
58363        2.0
58364        3.0
58365        2.9
58366        3.6
58367        3.4
58368        3.7
58369        4.1
58370        4.2
58371        4.2
58372        4.6
58373        4.6
58374        4.3
58375        5.0
58376        4.7
58377        5.7
58378        4.8
58379        6.3
58380        9.0
58381        9.5
58382        9.5
58383        8.6
58384        7.1
58385        7.3
58386        6.7
58387        5.8
58388        5.0
58389        3.9
58390        3.5
58391        3.1
58392        3.0
58393        3.3
58394        3.3
58395        3.0
58396        2.8
58397        3.2
58398        3.3
58399        3.2
58400        3.4
58401        4.2
58402        4.7
58403        3.7
58404        3.1
58405        3.2
58406        2.8
58407        2.1
58408        1.2
58409        0.7
58410        0.4
58411        0.5
58412        0.3
58413        1.0
58414        0.9
58415        1.1
58416        0.8
58417        1.3
58418        1.6
58419        2.3
58420        1.9
58421        2.9
58422        2.5
58423        1.9
58424        1.3
58425        0.8
58426        0.6
58427        1.4
58428        1.4
58429        0.7
58430        0.6
58431        0.2
58432        0.5
58433        0.9
58434        0.5
58435        0.4
58436        0.8
58437        0.7
58438        0.3
58439        1.2
58440        0.7
58441        1.0
58442        1.5
58443        0.8
58444        0.7
58445        1.1
58446        2.2
58447        1.8
58448        2.0
58449        2.3
58450        2.5
58451        2.9
58452        3.0
58453        3.0
58454        3.2
58455        3.8
58456        3.7
58457        2.7
58458        2.2
58459        2.1
58460        2.3
58461        2.4
58462        2.4
58463        2.0
58464        1.9
58465        1.4
58466        1.7
58467        1.3
58468        1.7
58469        1.8
58470        1.9
58471        2.0
58472        2.0
58473        1.9
58474        2.5
58475        2.4
58476        2.7
58477        2.7
58478        3.2
58479        3.1
58480        3.0
58481        3.3
58482        4.3
58483        4.3
58484        4.7
58485        4.9
58486        4.7
58487        4.7
58488        5.3
58489        5.5
58490        6.5
58491        7.4
58492        7.7
58493        7.3
58494        6.4
58495        6.3
58496        5.7
58497        5.3
58498        4.5
58499        4.1
58500        4.1
58501        4.4
58502        4.6
58503        4.4
58504        4.7
58505        4.8
58506        5.6
58507        6.1
58508        5.8
58509        5.6
58510        5.5
58511        4.7
58512        4.0
58513        4.1
58514        4.3
58515        4.1
58516        4.4
58517        4.9
58518        0.5
58519        0.5
58520        0.4
58521        0.3
58522        0.0
58523        0.0
58524       -0.4
58525        0.1
58526       -0.8
58527       -0.9
58528       -1.3
58529       -1.5
58530       -1.7
58531       -2.0
58532       -2.1
58533       -2.2
58534       -2.4
58535       -2.2
58536       -1.9
58537       -1.5
58538       -1.3
58539       -1.0
58540       -1.7
58541       -1.6
58542       -1.1
58543       -1.0
58544       -0.7
58545       -0.9
58546       -0.8
58547       -0.5
58548       -0.6
58549       -0.1
58550       -0.4
58551       -0.7
58552       -0.5
58553       -0.3
58554        0.0
58555       -0.1
58556        0.3
58557        0.4
58558        0.1
58559        0.1
58560        0.4
58561        0.3
58562        0.5
58563        0.1
58564       -0.0
58565       -0.3
58566       -0.3
58567       -0.3
58568       -0.1
58569       -0.7
58570       -0.2
58571       -0.2
58572       -0.3
58573       -0.3
58574        0.1
58575       -0.3
58576        0.1
58577        0.7
58578        0.3
58579        0.0
58580        0.5
58581        1.2
58582        0.8
58583        1.2
58584        0.8
58585        0.4
58586        0.0
58587        0.2
58588       -0.1
58589        0.0
58590       -0.4
58591       -0.5
58592       -0.6
58593       -1.0
58594       -0.9
58595       -1.1
58596       -0.8
58597       -1.2
58598       -1.8
58599       -2.1
58600       -2.2
58601       -2.7
58602       -3.2
58603       -3.7
58604       -4.2
58605       -3.9
58606       -3.7
58607       -3.7
58608       -3.8
58609       -5.7
58610       -6.6
58611       -6.8
58612       -6.6
58613       -7.8
58614       -8.1
58615       -7.8
58616       -8.4
58617       -9.0
58618       -8.5
58619       -9.4
58620       -9.2
58621       -8.0
58622       -7.9
58623       -7.9
58624       -7.6
58625       -7.0
58626       -6.5
58627       -6.2
58628       -5.5
58629       -4.4
58630       -4.7
58631       -3.8
58632       -3.3
58633       -3.2
58634       -3.2
58635       -3.8
58636       -4.3
58637       -4.4
58638       -4.5
58639       -4.5
58640       -4.0
58641       -4.5
58642       -4.3
58643       -4.1
58644       -3.7
58645       -3.3
58646       -2.9
58647       -2.6
58648       -2.5
58649       -2.6
58650       -2.0
58651       -2.1
58652       -1.5
58653       -0.9
58654       -1.0
58655       -0.5
58656        0.1
58657       -0.1
58658       -0.4
58659       -0.5
58660       -0.7
58661       -1.2
58662       -0.8
58663       -0.4
58664       -0.6
58665       -1.1
58666       -0.5
58667       -0.6
58668       -0.7
58669       -1.6
58670       -1.9
58671       -1.8
58672       -2.0
58673       -2.4
58674       -2.1
58675       -2.9
58676       -3.0
58677       -3.2
58678       -3.7
58679       -3.4
58680       -3.6
58681       -4.3
58682       -4.1
58683       -4.7
58684       -5.2
58685       -5.7
58686       -6.0
58687       -6.1
58688       -5.3
58689       -4.8
58690       -4.2
58691       -2.9
58692       -2.5
58693       -2.4
58694       -2.1
58695       -2.0
58696       -1.6
58697       -1.4
58698       -1.2
58699       -1.2
58700       -0.1
58701        0.3
58702        0.8
58703        1.1
58704        0.9
58705        0.6
58706        1.3
58707        1.4
58708        1.5
58709        2.1
58710        2.0
58711        2.3
58712        2.4
58713        2.5
58714        3.0
58715        3.4
58716        3.6
58717        3.9
58718        3.8
58719        4.3
58720        4.2
58721        4.2
58722        4.5
58723        4.6
58724        4.6
58725        4.9
58726        5.3
58727        6.0
58728        6.3
58729        6.7
58730        6.7
58731        7.1
58732        7.1
58733        6.4
58734        6.1
58735        5.4
58736        5.2
58737        5.1
58738        5.0
58739        4.8
58740        4.8
58741        4.4
58742        4.1
58743        4.1
58744        4.6
58745        4.9
58746        5.1
58747        5.1
58748        5.6
58749        5.7
58750        5.4
58751        5.4
58752        5.8
58753        6.2
58754        6.0
58755        6.5
58756        7.2
58757        7.1
58758        7.8
58759        8.1
58760        7.9
58761        7.1
58762        6.7
58763        6.5
58764        5.8
58765        5.0
58766        4.8
58767        4.2
58768        4.1
58769        3.7
58770        3.6
58771        3.7
58772        4.1
58773        4.2
58774        4.0
58775        4.2
58776        4.1
58777        4.1
58778        4.1
58779        3.6
58780        4.6
58781        4.7
58782        4.8
58783        4.5
58784        4.3
58785        4.5
58786        4.5
58787        5.5
58788        4.8
58789        4.6
58790        5.1
58791        5.7
58792        5.8
58793        5.6
58794        5.9
58795        6.7
58796        6.5
58797        7.1
58798        7.1
58799        7.5
58800        8.1
58801        7.9
58802        6.5
58803        6.1
58804        5.6
58805        4.5
58806        3.7
58807        2.6
58808        2.1
58809        2.1
58810        1.4
58811        0.6
58812       -1.0
58813       -2.1
58814       -2.0
58815       -2.3
58816       -2.4
58817       -2.8
58818       -3.0
58819       -1.7
58820       -2.1
58821       -2.5
58822       -2.6
58823       -2.8
58824       -2.5
58825       -2.1
58826       -1.6
58827       -1.0
58828       -1.2
58829       -0.6
58830       -0.1
58831        0.4
58832        0.5
58833       -0.4
58834        0.0
58835       -0.3
58836       -0.1
58837        0.3
58838        0.8
58839        1.0
58840        0.9
58841        1.3
58842        1.3
58843        1.4
58844        1.8
58845        1.8
58846        1.6
58847        2.1
58848        2.5
58849        2.4
58850        2.8
58851        2.7
58852        2.8
58853        3.1
58854        4.7
58855        4.9
58856        5.2
58857        5.3
58858        5.3
58859        5.0
58860        5.2
58861        4.7
58862        5.0
58863        4.5
58864        4.4
58865        4.3
58866        4.2
58867        3.7
58868        3.6
58869        3.2
58870        2.6
58871        2.5
58872        1.8
58873        1.1
58874        0.9
58875        0.9
58876        0.4
58877       -0.2
58878       -0.8
58879       -1.3
58880       -1.4
58881       -1.6
58882        0.3
58883        0.2
58884        0.1
58885        0.3
58886        0.1
58887        0.2
58888        0.2
58889        0.4
58890        0.8
58891        1.2
58892        1.0
58893        1.4
58894        1.2
58895        1.5
58896        1.4
58897        1.9
58898        2.2
58899        2.8
58900        3.0
58901        2.8
58902        2.9
58903        3.5
58904        3.8
58905        3.9
58906        4.7
58907        4.6
58908        3.9
58909        4.5
58910        4.9
58911        5.0
58912        4.4
58913        4.5
58914        4.6
58915        4.2
58916        4.2
58917        4.2
58918        4.2
58919        3.6
58920        3.4
58921        3.4
58922        3.3
58923        3.2
58924        2.8
58925        2.7
58926        3.3
58927        3.4
58928        3.1
58929        3.3
58930        3.7
58931        2.8
58932        3.3
58933        3.3
58934        3.2
58935        2.9
58936        2.7
58937        1.9
58938        1.6
58939        1.6
58940        1.2
58941        1.1
58942        0.9
58943        0.6
58944        0.5
58945        0.1
58946       -0.4
58947       -0.9
58948       -1.4
58949       -1.6
58950       -1.8
58951       -2.4
58952       -2.2
58953       -2.1
58954       -2.1
58955       -2.5
58956       -2.4
58957       -2.2
58958       -2.4
58959       -2.3
58960       -1.7
58961       -2.5
58962       -3.2
58963       -3.1
58964       -3.3
58965       -2.8
58966       -2.8
58967       -2.6
58968       -2.5
58969       -2.6
58970       -1.6
58971       -1.2
58972       -1.1
58973       -2.3
58974       -2.3
58975       -1.5
58976       -1.2
58977       -0.5
58978       -0.5
58979        0.7
58980        0.8
58981        1.0
58982        0.6
58983        1.0
58984        1.4
58985        0.9
58986        1.0
58987        0.1
58988       -0.6
58989       -0.3
58990       -0.1
58991       -0.3
58992       -0.3
58993        0.7
58994        0.6
58995        1.2
58996        1.7
58997        1.9
58998        2.5
58999        2.4
59000        2.6
59001        3.0
59002        3.0
59003        3.5
59004        4.0
59005        3.9
59006        4.0
59007        4.4
59008        4.9
59009        4.9
59010        4.8
59011        4.7
59012        5.3
59013        4.8
59014        3.8
59015        3.4
59016        3.8
59017        3.5
59018        2.8
59019        2.7
59020        2.1
59021        1.7
59022        1.8
59023        1.3
59024        0.8
59025        1.0
59026        0.6
59027        0.1
59028        0.2
59029       -0.7
59030       -0.9
59031       -1.7
59032       -2.0
59033       -1.7
59034       -0.6
59035       -1.0
59036       -0.9
59037        0.0
59038        0.3
59039        1.6
59040        1.3
59041        1.8
59042        1.8
59043        1.5
59044        2.1
59045        2.0
59046        2.3
59047        2.4
59048        2.7
59049        1.8
59050        1.5
59051        2.0
59052        1.9
59053        2.2
59054        2.1
59055        2.4
59056        2.1
59057        2.8
59058        2.6
59059        3.0
59060        2.7
59061        2.8
59062        2.6
59063        2.9
59064        2.4
59065        2.8
59066        2.6
59067        2.9
59068        2.6
59069        2.3
59070        1.6
59071        1.7
59072        1.9
59073        1.5
59074        1.4
59075        1.4
59076        1.0
59077        1.7
59078        1.2
59079        1.3
59080        1.2
59081        0.7
59082        0.5
59083        0.8
59084        0.4
59085        1.4
59086        1.2
59087        1.1
59088        0.8
59089        1.0
59090        1.7
59091        1.8
59092        2.1
59093        2.0
59094        2.1
59095        1.8
59096        1.6
59097        1.5
59098        1.2
59099       -0.0
59100       -0.5
59101       -0.9
59102       -1.1
59103       -0.8
59104       -1.0
59105       -1.1
59106       -0.7
59107       -0.3
59108       -0.0
59109       -0.4
59110        0.2
59111        0.4
59112        0.5
59113        1.0
59114        0.9
59115        1.0
59116        1.2
59117        1.9
59118        2.6
59119        2.5
59120        1.9
59121        1.3
59122        1.2
59123        0.9
59124        1.2
59125        1.3
59126        1.2
59127        0.3
59128       -0.5
59129       -0.5
59130       -0.9
59131       -1.6
59132       -2.2
59133       -2.1
59134       -1.6
59135       -2.1
59136       -2.3
59137       -2.8
59138       -3.2
59139       -3.4
59140       -3.4
59141       -4.2
59142       -4.4
59143       -4.9
59144       -4.8
59145       -5.1
59146       -5.1
59147       -4.9
59148       -5.1
59149       -4.4
59150       -4.7
59151       -4.8
59152       -4.8
59153       -4.8
59154       -4.3
59155       -3.6
59156       -3.4
59157       -3.5
59158       -3.2
59159       -3.0
59160       -2.8
59161       -2.7
59162       -2.4
59163       -2.0
59164       -1.7
59165       -1.1
59166       -1.1
59167       -0.9
59168       -0.2
59169       -0.2
59170        0.3
59171        0.8
59172        1.2
59173        2.1
59174        2.1
59175        2.5
59176        2.5
59177        2.6
59178        2.8
59179        3.0
59180        3.0
59181        2.7
59182        2.9
59183        3.8
59184        3.9
59185        4.4
59186        4.3
59187        4.4
59188        4.2
59189        4.2
59190        3.0
59191        2.8
59192        2.5
59193        2.6
59194        2.4
59195        2.1
59196        1.6
59197        1.4
59198        0.9
59199        0.9
59200        0.5
59201        0.1
59202       -0.1
59203       -0.2
59204       -0.0
59205        0.1
59206        0.1
59207        0.0
59208       -0.1
59209        0.6
59210        0.9
59211        1.2
59212        1.2
59213        0.9
59214        1.1
59215        0.9
59216        1.3
59217        1.1
59218        0.3
59219        0.4
59220        0.1
59221        0.1
59222        0.3
59223        0.1
59224        0.3
59225        0.1
59226        0.1
59227        0.1
59228       -0.1
59229       -0.3
59230       -0.2
59231       -0.2
59232        0.0
59233       -0.2
59234        0.1
59235        0.0
59236        0.2
59237        0.6
59238        0.2
59239        0.6
59240        0.6
59241        0.2
59242        0.1
59243        0.3
59244        0.1
59245        0.7
59246        0.8
59247        0.6
59248        0.8
59249        0.7
59250        0.8
59251        0.7
59252        1.3
59253        0.2
59254        0.1
59255       -0.4
59256       -0.2
59257       -0.1
59258        0.3
59259        0.1
59260       -0.1
59261       -0.4
59262       -0.9
59263       -0.8
59264       -1.0
59265       -1.3
59266       -1.2
59267       -0.6
59268       -1.1
59269       -1.3
59270       -1.3
59271       -1.2
59272       -1.0
59273       -0.8
59274       -1.5
59275       -1.4
59276       -1.5
59277       -1.5
59278       -1.4
59279       -1.5
59280       -1.3
59281       -1.3
59282       -1.4
59283       -1.7
59284       -1.7
59285       -1.5
59286       -1.4
59287       -1.9
59288       -1.1
59289       -1.4
59290       -1.8
59291       -1.8
59292       -1.2
59293       -1.2
59294       -1.0
59295       -1.2
59296       -1.1
59297       -1.0
59298       -1.0
59299       -1.2
59300       -1.2
59301       -1.2
59302       -1.3
59303       -1.2
59304       -1.1
59305       -1.2
59306       -1.3
59307       -0.9
59308       -0.2
59309       -0.5
59310       -0.5
59311       -0.2
59312       -0.6
59313       -0.5
59314       -1.0
59315       -0.6
59316       -0.5
59317       -0.7
59318       -0.8
59319       -0.7
59320       -0.6
59321       -1.0
59322       -1.2
59323       -0.9
59324       -1.1
59325       -0.8
59326       -0.9
59327       -1.1
59328       -1.0
59329       -0.8
59330       -0.7
59331        0.1
59332        0.2
59333        0.2
59334        0.4
59335        0.8
59336        1.1
59337        1.8
59338        1.6
59339        2.5
59340        2.4
59341        2.3
59342        2.4
59343        2.3
59344        2.1
59345        2.5
59346        2.4
59347        2.5
59348        2.5
59349        2.7
59350        2.9
59351        2.7
59352        2.7
59353        2.9
59354        2.7
59355        2.8
59356        3.1
59357        2.4
59358        2.9
59359        3.1
59360        3.0
59361        2.7
59362        2.7
59363        3.2
59364        3.7
59365        4.4
59366        4.7
59367        4.1
59368        3.0
59369        2.3
59370        2.0
59371        2.1
59372        2.7
59373        2.4
59374        2.4
59375        2.4
59376        2.3
59377        2.4
59378        2.1
59379        2.2
59380        1.8
59381        1.7
59382        1.3
59383        1.7
59384        1.9
59385        1.9
59386        2.1
59387        1.9
59388        1.6
59389        1.7
59390        2.1
59391        2.1
59392        2.0
59393        1.9
59394        2.1
59395        2.1
59396        2.5
59397        2.3
59398        1.7
59399        1.9
59400        2.1
59401        2.2
59402        2.1
59403        2.0
59404        2.6
59405        2.6
59406        2.6
59407        2.4
59408        2.5
59409        2.9
59410        2.5
59411        2.6
59412        2.5
59413        2.5
59414        2.2
59415        2.2
59416        1.9
59417        1.8
59418        1.7
59419        1.4
59420        1.3
59421        1.5
59422        1.3
59423        1.2
59424        1.2
59425        0.6
59426        0.7
59427        0.9
59428       -0.2
59429       -0.2
59430       -0.6
59431       -0.3
59432       -0.3
59433       -0.5
59434       -0.6
59435       -0.5
59436       -0.8
59437       -0.9
59438       -0.9
59439       -1.1
59440       -1.1
59441       -1.4
59442       -1.3
59443       -0.8
59444       -0.8
59445       -0.9
59446       -0.8
59447       -0.6
59448       -0.4
59449       -0.2
59450       -0.6
59451       -0.1
59452       -0.1
59453        0.1
59454        0.1
59455        0.5
59456       -0.1
59457        0.1
59458        0.2
59459        0.2
59460        0.4
59461        0.5
59462        0.5
59463        0.6
59464        0.4
59465        0.6
59466        0.4
59467        0.0
59468        0.1
59469        0.2
59470        0.0
59471       -0.1
59472       -0.0
59473        0.3
59474        0.2
59475        0.2
59476        0.9
59477        0.7
59478        0.8
59479        0.6
59480        0.7
59481        0.4
59482        0.2
59483        0.3
59484        0.8
59485        0.6
59486        1.3
59487        1.9
59488        1.8
59489        1.5
59490        2.2
59491        3.0
59492        3.3
59493        3.3
59494        3.5
59495        3.7
59496        3.7
59497        3.9
59498        4.1
59499        4.3
59500        4.4
59501        4.3
59502        4.1
59503        4.1
59504        4.0
59505        3.5
59506        3.6
59507        3.5
59508        3.4
59509        3.1
59510        2.8
59511        3.0
59512        2.4
59513        2.1
59514        2.0
59515        1.8
59516        2.0
59517        1.7
59518        1.3
59519        1.1
59520        1.4
59521        1.2
59522        0.6
59523        0.6
59524        0.7
59525        0.8
59526        1.0
59527        0.9
59528        0.7
59529        0.8
59530        0.5
59531        0.6
59532        0.4
59533        1.3
59534        0.8
59535        0.7
59536        0.5
59537        0.8
59538        1.1
59539        1.2
59540        1.3
59541        1.0
59542        0.9
59543        1.1
59544        1.9
59545        2.3
59546        2.5
59547        2.8
59548        3.2
59549        3.1
59550        3.3
59551        3.6
59552        3.4
59553        3.5
59554        4.1
59555        4.3
59556        4.3
59557        4.6
59558        4.6
59559        4.7
59560        4.6
59561        4.0
59562        4.1
59563        3.8
59564        4.0
59565        3.8
59566        3.7
59567        3.4
59568        3.5
59569        3.4
59570        2.8
59571        3.6
59572        3.3
59573        3.2
59574        3.2
59575        3.0
59576        2.4
59577        2.4
59578        2.2
59579        1.9
59580        1.6
59581        1.4
59582        1.3
59583        1.0
59584        0.6
59585        0.8
59586        0.5
59587        0.5
59588        0.9
59589       -0.8
59590       -1.3
59591       -1.3
59592       -1.5
59593       -1.7
59594       -2.3
59595       -2.6
59596       -3.0
59597       -3.3
59598       -3.7
59599       -3.5
59600       -3.2
59601       -2.7
59602       -2.5
59603       -2.4
59604       -1.7
59605       -1.6
59606       -1.3
59607       -0.9
59608       -1.6
59609       -1.3
59610       -1.6
59611       -1.4
59612       -1.3
59613       -1.9
59614       -1.8
59615       -2.1
59616       -2.2
59617       -1.7
59618       -2.5
59619       -2.3
59620       -2.6
59621       -2.5
59622       -2.3
59623       -2.2
59624       -2.1
59625       -1.4
59626       -1.7
59627       -1.6
59628       -2.0
59629       -1.8
59630       -1.8
59631       -1.9
59632       -1.2
59633       -1.8
59634       -1.4
59635       -1.6
59636       -1.2
59637       -1.0
59638       -1.0
59639       -1.1
59640       -0.7
59641       -0.7
59642       -0.4
59643       -0.5
59644       -0.3
59645       -0.5
59646       -0.1
59647       -0.0
59648        0.1
59649        0.4
59650        0.6
59651        0.5
59652        0.8
59653        0.6
59654        0.5
59655        0.9
59656        0.7
59657        0.9
59658        1.3
59659        1.5
59660        1.5
59661        1.5
59662        1.5
59663        1.5
59664        1.4
59665        1.1
59666        1.0
59667        1.2
59668        1.3
59669        1.4
59670        1.5
59671        1.7
59672        1.4
59673        0.2
59674       -0.3
59675       -0.7
59676       -0.5
59677       -0.7
59678       -1.0
59679       -1.0
59680       -1.4
59681       -1.7
59682       -1.8
59683       -2.1
59684       -2.1
59685       -2.0
59686       -1.7
59687       -1.6
59688       -1.6
59689       -1.7
59690       -1.6
59691       -1.5
59692       -1.3
59693       -0.8
59694       -1.1
59695       -0.9
59696       -0.8
59697       -0.6
59698       -0.4
59699       -0.5
59700       -0.2
59701       -0.0
59702        0.1
59703        0.2
59704        0.6
59705        1.1
59706        0.8
59707        0.9
59708        0.6
59709        0.8
59710        0.5
59711        1.0
59712        1.2
59713        1.3
59714        1.3
59715        1.5
59716        1.4
59717        1.5
59718        1.8
59719        1.7
59720        1.8
59721        1.6
59722        1.7
59723        1.4
59724        1.6
59725        1.4
59726        1.1
59727        1.0
59728        1.3
59729        1.2
59730        1.0
59731        0.5
59732        0.2
59733        0.1
59734        0.1
59735       -0.2
59736       -0.1
59737       -0.5
59738       -0.4
59739       -0.9
59740       -0.3
59741       -0.2
59742       -0.3
59743       -1.0
59744       -1.0
59745       -0.9
59746       -1.0
59747       -1.1
59748       -1.1
59749       -0.8
59750       -1.2
59751       -0.9
59752       -0.8
59753       -1.0
59754       -0.8
59755       -1.0
59756       -1.0
59757       -0.9
59758       -0.8
59759       -0.6
59760       -0.7
59761       -0.8
59762       -0.5
59763       -0.5
59764       -1.8
59765       -1.6
59766       -1.7
59767       -1.7
59768       -1.6
59769       -1.7
59770       -1.3
59771       -1.4
59772       -1.4
59773       -1.4
59774       -1.6
59775       -1.6
59776       -1.5
59777       -1.5
59778       -1.6
59779       -1.3
59780       -1.2
59781       -1.1
59782       -1.1
59783       -1.1
59784       -0.9
59785       -1.0
59786       -1.0
59787       -1.0
59788       -1.2
59789       -1.4
59790       -1.7
59791       -1.7
59792       -1.9
59793       -1.7
59794       -2.2
59795       -2.1
59796       -2.3
59797       -2.1
59798       -2.2
59799       -3.3
59800       -3.4
59801       -3.3
59802       -3.3
59803       -3.3
59804       -3.0
59805       -3.2
59806       -3.1
59807       -2.9
59808       -2.7
59809       -2.5
59810       -2.7
59811       -2.4
59812       -2.0
59813       -1.6
59814       -1.4
59815       -0.7
59816       -0.6
59817       -0.6
59818       -0.5
59819        0.0
59820        0.1
59821        0.1
59822        0.4
59823        0.8
59824        1.1
59825        1.1
59826        1.0
59827       -0.2
59828       -0.5
59829       -0.5
59830       -0.5
59831       -0.7
59832       -0.5
59833       -0.7
59834       -0.8
59835       -0.9
59836       -1.0
59837       -0.9
59838       -1.1
59839       -0.8
59840       -0.8
59841       -0.8
59842       -0.8
59843       -0.8
59844       -1.0
59845       -0.8
59846       -1.1
59847       -1.4
59848       -0.5
59849       -0.5
59850       -0.2
59851       -0.3
59852       -0.1
59853       -0.1
59854       -0.5
59855       -1.7
59856       -2.0
59857       -1.6
59858       -2.1
59859       -2.0
59860       -2.1
59861       -2.0
59862       -1.9
59863       -2.7
59864       -3.0
59865       -2.9
59866       -2.9
59867       -3.0
59868       -3.1
59869       -3.3
59870       -3.9
59871       -3.6
59872       -3.8
59873       -3.9
59874       -3.7
59875       -4.2
59876       -4.5
59877       -4.8
59878       -4.9
59879       -5.0
59880       -4.9
59881       -4.6
59882       -4.2
59883       -3.7
59884       -3.2
59885       -2.7
59886       -2.4
59887       -2.2
59888       -2.2
59889       -2.4
59890       -1.8
59891       -2.1
59892       -2.6
59893       -2.8
59894        1.8
59895        1.4
59896        1.5
59897        1.3
59898        1.0
59899        1.0
59900        1.0
59901        0.9
59902        1.1
59903        0.8
59904        0.7
59905        0.6
59906        0.3
59907        0.0
59908       -0.1
59909       -0.2
59910       -0.5
59911       -0.5
59912       -0.3
59913       -0.7
59914       -0.6
59915       -0.7
59916       -0.6
59917       -0.5
59918        0.8
59919        0.8
59920        0.7
59921        1.1
59922        1.0
59923        1.3
59924        1.4
59925        0.8
59926        1.1
59927        1.0
59928        1.1
59929        0.8
59930        0.6
59931        0.2
59932       -0.1
59933       -0.1
59934       -0.5
59935       -0.3
59936       -0.7
59937       -0.5
59938       -0.8
59939       -0.9
59940       -0.7
59941       -0.9
59942       -0.9
59943       -0.7
59944       -0.7
59945       -0.6
59946       -0.6
59947       -0.3
59948       -0.1
59949        0.6
59950        0.7
59951        0.9
59952        1.1
59953        2.6
59954        3.1
59955        2.5
59956        2.9
59957        3.1
59958        3.3
59959        3.2
59960        3.3
59961        3.6
59962        3.6
59963        3.8
59964        3.4
59965        3.1
59966        3.0
59967        2.9
59968        2.8
59969        2.5
59970        2.4
59971        2.3
59972        2.2
59973        2.1
59974        2.0
59975        1.9
59976        1.8
59977        1.7
59978        1.5
59979        1.3
59980        1.1
59981       -0.6
59982       -0.6
59983       -0.9
59984       -0.9
59985       -1.0
59986       -1.6
59987       -1.9
59988       -2.0
59989       -2.3
59990       -2.3
59991       -2.5
59992       -2.6
59993       -2.4
59994       -2.2
59995       -1.9
59996       -1.8
59997       -1.7
59998       -1.4
59999       -1.2
60000       -0.9
60001       -1.0
60002       -0.4
60003       -0.7
60004       -0.5
60005       -0.3
60006       -0.5
60007       -0.6
60008       -0.5
60009       -1.5
60010       -1.6
60011       -1.5
60012       -1.7
60013       -1.8
60014       -1.4
60015       -1.6
60016       -2.3
60017       -1.9
60018       -1.8
60019       -2.3
60020       -2.2
60021       -2.4
60022       -2.8
60023       -2.6
60024       -2.9
60025       -3.0
60026       -3.1
60027       -3.0
60028       -2.8
60029       -2.6
60030       -2.5
60031       -2.4
60032       -2.5
60033       -2.5
60034       -2.4
60035       -1.9
60036       -2.1
60037       -2.1
60038       -1.6
60039       -1.5
60040       -1.5
60041       -1.5
60042       -1.6
60043       -1.3
60044        1.8
60045        2.0
60046        2.1
60047        2.5
60048        2.9
60049        2.6
60050        2.7
60051        3.1
60052        3.2
60053        3.6
60054        4.2
60055        4.4
60056        4.1
60057        3.8
60058        3.9
60059        4.1
60060        4.1
60061        3.7
60062        3.4
60063        3.3
60064        3.1
60065        3.5
60066        3.5
60067        3.8
60068        3.8
60069        3.9
60070        4.1
60071        4.0
60072        3.4
60073        3.5
60074        4.0
60075        4.1
60076        4.0
60077        4.2
60078        3.8
60079        3.7
60080        3.5
60081        3.6
60082        3.6
60083        3.5
60084        3.9
60085        3.6
60086        3.2
60087        2.8
60088        3.1
60089        3.3
60090        3.1
60091        3.1
60092        3.4
60093        3.7
60094        3.4
60095        3.9
60096        3.8
60097        3.9
60098        4.1
60099        4.0
60100        2.5
60101        1.9
60102        1.8
60103        1.7
60104        1.5
60105        1.4
60106        1.0
60107        0.8
60108        0.3
60109        0.0
60110       -0.6
60111       -0.9
60112       -0.9
60113       -0.9
60114       -1.2
60115       -1.2
60116       -1.5
60117       -1.4
60118       -1.3
60119       -1.1
60120       -1.2
60121       -1.2
60122       -1.1
60123       -1.0
60124       -1.1
60125       -1.4
60126       -1.3
60127       -2.0
60128       -2.2
60129       -2.5
60130       -2.8
60131       -2.8
60132       -3.0
60133       -2.7
60134       -2.8
60135       -1.3
60136       -1.1
60137       -0.9
60138       -0.5
60139       -0.5
60140       -0.3
60141       -0.2
60142        0.3
60143        0.6
60144        0.9
60145        1.2
60146        1.4
60147        1.4
60148        1.1
60149        1.5
60150        1.6
60151        2.0
60152        1.8
60153        1.9
60154        1.6
60155        1.7
60156        1.7
60157        1.8
60158        1.8
60159        1.8
60160        1.7
60161        1.6
60162        1.7
60163        2.3
60164        2.1
60165        2.2
60166        2.0
60167        1.9
60168        1.8
60169        1.9
60170        1.7
60171        1.4
60172        1.2
60173        1.3
60174        1.3
60175        1.5
60176        1.4
60177        1.9
60178        1.9
60179        1.9
60180        1.8
60181        1.7
60182        1.8
60183        2.0
60184        2.4
60185        2.1
60186        2.0
60187        2.0
60188        2.0
60189        1.6
60190        1.4
60191       -0.1
60192       -0.5
60193       -0.9
60194       -1.2
60195       -1.5
60196       -1.5
60197       -1.7
60198       -1.9
60199       -2.3
60200       -2.2
60201       -1.8
60202       -1.7
60203       -1.7
60204       -1.9
60205       -2.0
60206       -1.7
60207       -2.0
60208       -1.3
60209       -1.4
60210       -0.8
60211       -1.3
60212       -1.0
60213       -1.2
60214       -1.0
60215       -0.9
60216       -1.0
60217       -0.8
60218       -0.8
60219       -1.6
60220       -1.5
60221       -1.6
60222       -1.3
60223       -1.7
60224       -1.7
60225       -1.6
60226       -1.7
60227       -1.5
60228       -1.5
60229       -1.5
60230       -1.8
60231       -1.6
60232       -1.5
60233       -1.4
60234       -1.7
60235       -1.3
60236       -1.2
60237       -1.1
60238       -1.1
60239       -1.0
60240       -1.4
60241       -1.3
60242       -1.3
60243       -1.5
60244       -1.3
60245       -1.1
60246       -1.0
60247       -1.1
60248       -1.2
60249       -1.2
60250       -1.2
60251       -0.8
60252       -0.7
60253       -0.7
60254       -0.0
60255       -0.2
60256       -0.2
60257       -0.2
60258        0.1
60259        0.1
60260       -0.0
60261        0.0
60262       -0.0
60263        0.2
60264        0.1
60265        0.3
60266       -0.0
60267       -0.1
60268        0.0
60269        0.3
60270        0.4
60271        0.4
60272        0.4
60273        0.7
60274        0.8
60275        1.1
60276        1.2
60277        1.6
60278        1.7
60279        1.6
60280        1.8
60281        2.1
60282        0.3
60283        0.6
60284        0.3
60285        0.2
60286        0.0
60287        0.1
60288        0.3
60289        0.3
60290        0.0
60291       -0.2
60292       -0.2
60293       -0.1
60294       -0.5
60295       -0.7
60296       -0.7
60297       -0.8
60298       -0.8
60299       -0.7
60300       -0.3
60301       -0.7
60302       -0.7
60303       -0.8
60304       -1.0
60305       -0.8
60306       -0.9
60307       -0.9
60308       -0.7
60309       -0.8
60310       -0.5
60311       -0.5
60312       -0.5
60313       -0.4
60314       -0.4
60315       -0.2
60316       -0.4
60317       -1.0
60318       -0.9
60319       -1.0
60320       -1.3
60321       -1.4
60322       -1.3
60323       -1.4
60324       -1.3
60325       -1.4
60326       -1.5
60327       -1.5
60328       -1.3
60329       -1.2
60330       -1.4
60331       -1.3
60332       -1.0
60333       -1.4
60334       -1.1
60335       -1.2
60336       -0.9
60337       -0.8
60338       -1.1
60339       -1.0
60340       -0.9
60341       -0.6
60342       -0.7
60343       -0.7
60344       -0.5
60345        0.1
60346        0.1
60347        0.1
60348        0.3
60349        0.5
60350        0.8
60351        0.9
60352        0.9
60353        1.1
60354        1.1
60355        1.0
60356        1.1
60357        1.1
60358        1.1
60359        1.2
60360        1.3
60361        1.0
60362        1.1
60363        1.6
60364        1.3
60365        1.5
60366        1.6
60367        1.4
60368        1.6
60369        1.0
60370        1.3
60371        0.9
60372        1.2
60373       -0.8
60374       -1.4
60375       -1.2
60376       -1.5
60377       -1.5
60378       -2.7
60379       -2.6
60380       -3.0
60381       -1.9
60382       -2.4
60383       -2.7
60384       -2.5
60385       -2.4
60386       -2.5
60387       -2.2
60388       -2.2
60389       -1.9
60390       -2.0
60391       -1.7
60392       -1.3
60393       -0.8
60394       -0.4
60395       -0.4
60396       -0.1
60397        0.1
60398        0.0
60399       -0.2
60400        0.4
60401        0.4
60402        0.3
60403        0.1
60404        0.1
60405        0.1
60406        0.3
60407        0.5
60408        0.1
60409        0.3
60410        0.7
60411        0.5
60412        0.4
60413        0.3
60414        0.2
60415        0.6
60416        0.9
60417        0.9
60418        0.6
60419        0.5
60420        0.5
60421        0.5
60422        0.6
60423        0.5
60424        0.4
60425        0.4
60426        0.4
60427        0.1
60428        0.0
60429       -0.0
60430       -0.3
60431        0.0
60432       -0.1
60433       -0.2
60434       -0.2
60435       -0.3
60436        0.5
60437        0.6
60438        0.4
60439        0.2
60440       -0.1
60441       -0.2
60442       -0.1
60443        0.3
60444        0.6
60445        1.2
60446        1.2
60447        0.7
60448        0.8
60449        0.9
60450        0.9
60451        1.0
60452        0.6
60453        1.0
60454        0.7
60455        0.8
60456        0.7
60457        1.0
60458        0.7
60459        0.8
60460        0.7
60461        1.0
60462        0.8
60463        0.8
60464       -0.1
60465       -0.1
60466        0.1
60467        0.3
60468        0.2
60469        0.1
60470        0.2
60471        0.3
60472        0.4
60473        0.6
60474        0.5
60475        0.4
60476        0.5
60477        0.4
60478        0.2
60479        0.4
60480        0.2
60481        0.7
60482        0.3
60483        0.4
60484        0.7
60485        0.8
60486        0.7
60487        0.7
60488        0.6
60489        0.6
60490        1.0
60491        0.7
60492        0.9
60493        0.9
60494        1.0
60495        1.2
60496        1.5
60497        1.4
60498        1.7
60499        2.0
60500        1.7
60501        1.7
60502        1.4
60503        1.7
60504        1.9
60505        1.8
60506        1.7
60507        1.5
60508        1.5
60509        1.2
60510        1.2
60511        1.1
60512        1.0
60513        0.8
60514        0.9
60515        0.5
60516        0.6
60517        0.3
60518        0.1
60519        0.0
60520        0.1
60521       -0.1
60522       -0.3
60523       -0.5
60524       -0.7
60525       -0.5
60526       -0.7
60527       -1.5
60528       -1.6
60529       -1.5
60530       -1.6
60531       -1.6
60532       -1.7
60533       -2.0
60534       -2.3
60535       -2.3
60536       -1.8
60537       -1.6
60538       -1.8
60539       -1.6
60540       -1.7
60541       -1.3
60542       -1.3
60543       -1.0
60544       -1.0
60545       -1.1
60546       -1.1
60547       -0.9
60548       -1.1
60549       -0.8
60550       -0.6
60551       -0.6
60552       -0.8
60553       -0.7
60554       -0.6
60555       -0.7
60556       -0.4
60557       -0.3
60558        0.1
60559        0.2
60560        0.2
60561        0.2
60562        0.6
60563        0.8
60564        0.8
60565        1.1
60566        1.2
60567        0.7
60568        0.6
60569        0.9
60570        0.7
60571        0.7
60572        0.7
60573        0.7
60574        0.6
60575        0.5
60576        0.8
60577        0.5
60578        0.6
60579        0.5
60580        0.4
60581        0.7
60582        0.2
60583       -2.5
60584       -2.3
60585       -2.5
60586       -2.4
60587       -2.4
60588       -2.5
60589       -2.4
60590       -3.9
60591       -4.2
60592       -3.8
60593       -4.2
60594       -3.7
60595       -3.8
60596       -3.9
60597       -3.7
60598       -3.6
60599       -3.8
60600       -3.5
60601       -3.4
60602       -2.4
60603          -
60604          -
60605       -0.5
60606       -0.7
60607       -0.6
60608       -0.5
60609       -0.3
60610       -0.6
60611        0.1
60612       -0.6
60613       -0.8
60614       -1.4
60615       -1.2
60616       -1.4
60617       -1.4
60618       -1.7
60619       -1.8
60620       -1.4
60621       -1.9
60622       -2.1
60623       -2.3
60624       -2.3
60625       -0.3
60626       -0.3
60627       -0.4
60628       -0.2
60629       -0.2
60630       -0.2
60631       -0.2
60632        0.1
60633        0.1
60634        0.7
60635        1.0
60636        1.2
60637        1.0
60638        0.6
60639        0.9
60640        0.6
60641        0.7
60642        0.5
60643        0.6
60644        0.9
60645        0.9
60646        0.5
60647        0.5
60648        0.7
60649        0.7
60650        0.6
60651        0.7
60652        0.9
60653        0.2
60654       -0.1
60655        0.2
60656        0.1
60657       -0.1
60658        0.2
60659        0.4
60660       -0.2
60661       -0.3
60662       -0.1
60663       -0.1
60664        0.1
60665        0.1
60666        0.1
60667        0.5
60668        0.5
60669        0.1
60670        0.1
60671        0.4
60672        0.4
60673        0.4
60674        0.6
60675        0.5
60676        0.7
60677        0.8
60678        1.1
60679        1.1
60680        1.0
60681        0.2
60682        0.6
60683        0.6
60684        0.4
60685        0.6
60686        0.5
60687        0.6
60688        0.4
60689        0.5
60690        0.4
60691        0.3
60692       -0.0
60693        0.3
60694        0.2
60695        0.1
60696        0.1
60697        0.0
60698       -0.1
60699        0.0
60700       -0.1
60701        0.0
60702       -0.6
60703       -0.4
60704       -0.4
60705       -0.5
60706       -0.5
60707       -0.7
60708       -0.5
60709       -0.7
60710       -0.7
60711       -0.8
60712       -0.5
60713       -0.7
60714       -0.9
60715       -0.9
60716       -0.9
60717       -1.0
60718       -0.8
60719       -0.8
60720       -0.8
60721       -0.7
60722       -0.7
60723       -0.5
60724       -0.6
60725       -0.6
60726       -0.6
60727       -0.6
60728       -0.5
60729       -0.3
60730       -0.3
60731       -0.4
60732       -0.2
60733        0.3
60734        0.1
60735        0.2
60736        0.2
60737        0.8
60738        1.0
60739        1.1
60740        1.1
60741        1.1
60742        1.2
60743        1.1
60744        1.0
60745        1.3
60746        1.4
60747        1.8
60748        1.8
60749        1.4
60750        1.5
60751        1.5
60752        1.3
60753        1.1
60754        1.3
60755        1.2
60756        1.4
60757        1.4
60758        1.2
60759        1.1
60760        1.4
60761        1.2
60762        1.7
60763        1.4
60764        1.4
60765        1.3
60766        1.4
60767        1.5
60768        0.9
60769        0.9
60770        0.8
60771        0.9
60772        0.9
60773        0.8
60774        0.5
60775        0.4
60776        0.5
60777        0.4
60778        0.4
60779        0.3
60780        0.5
60781        0.3
60782        0.5
60783        0.3
60784        0.3
60785        0.6
60786        0.3
60787       -0.0
60788        0.0
60789        0.1
60790        0.1
60791        0.1
60792        0.1
60793       -0.1
60794       -0.2
60795       -0.5
60796       -0.4
60797       -0.2
60798       -0.6
60799       -0.3
60800       -0.6
60801       -0.5
60802       -0.6
60803       -0.9
60804       -0.7
60805       -0.9
60806       -0.9
60807       -0.8
60808       -0.4
60809       -0.5
60810       -0.9
60811       -0.5
60812       -0.6
60813       -0.9
60814       -1.0
60815       -0.9
60816       -0.8
60817       -0.5
60818       -0.7
60819       -0.7
60820       -0.9
60821       -0.9
60822       -0.6
60823       -0.9
60824       -0.7
60825       -1.0
60826       -0.6
60827       -0.7
60828       -1.4
60829       -1.5
60830       -1.3
60831       -1.7
60832       -1.9
60833       -1.8
60834       -1.8
60835       -1.4
60836       -1.5
60837       -1.5
60838       -1.5
60839       -1.6
60840       -1.6
60841       -1.6
60842       -1.5
60843       -1.3
60844       -1.3
60845       -1.3
60846       -1.4
60847       -1.2
60848       -1.2
60849       -1.1
60850       -1.0
60851       -1.0
60852       -1.1
60853       -1.1
60854       -1.1
60855       -0.9
60856       -0.8
60857       -0.5
60858       -0.5
60859       -0.9
60860       -0.8
60861       -0.8
60862       -0.7
60863       -0.6
60864       -0.3
60865       -0.4
60866       -0.2
60867       -0.3
60868       -0.4
60869       -0.4
60870       -0.3
60871       -0.5
60872       -0.1
60873       -0.3
60874       -0.1
60875       -0.2
60876        0.1
60877       -0.2
60878       -0.1
60879       -0.2
60880        0.2
60881        0.0
60882        0.1
60883       -0.0
60884        0.4
60885        0.4
60886        0.6
60887        0.2
60888        0.4
60889        0.5
60890        0.3
60891        0.6
60892        0.5
60893        0.6
60894        0.8
60895        0.4
60896        0.7
60897        0.6
60898        0.7
60899        0.6
60900        0.7
60901        0.4
60902        0.4
60903        0.4
60904        0.3
60905        0.6
60906        0.6
60907        0.6
60908        0.6
60909        0.5
60910        0.5
60911        0.5
60912        0.2
60913        0.5
60914        0.4
60915        0.3
60916        0.2
60917        0.4
60918        0.3
60919        0.3
60920        0.2
60921        0.4
60922        0.1
60923       -0.2
60924        0.1
60925        0.3
60926        0.4
60927        0.3
60928        0.2
60929        0.3
60930        0.0
60931        0.2
60932       -0.1
60933        0.2
60934        0.2
60935        0.4
60936        0.1
60937        0.2
60938        0.3
60939        0.3
60940        0.4
60941        0.5
60942        0.6
60943        0.8
60944        0.7
60945        0.9
60946        0.6
60947        1.1
60948        1.0
60949        1.0
60950        1.1
60951        1.2
60952        1.0
60953        1.2
60954        1.4
60955        0.9
60956        1.1
60957        0.6
60958        0.8
60959        0.6
60960        0.8
60961        1.1
60962        1.0
60963        1.3
60964        1.0
60965        1.3
60966        1.1
60967        1.4
60968        1.3
60969        1.4
60970        1.4
60971        1.6
60972        1.8
60973        1.9
60974        1.5
60975        2.1
60976        1.7
60977        2.0
60978        1.8
60979        1.7
60980        1.6
60981        1.5
60982        1.8
60983        1.6
60984        1.9
60985        1.8
60986        2.2
60987        1.8
60988        1.9
60989        1.6
60990        1.9
60991        1.8
60992        2.1
60993        1.6
60994        1.9
60995        1.8
60996        2.0
60997        2.1
60998        2.0
60999        2.1
61000        2.0
61001        2.2
61002        2.0
61003        2.4
61004        2.2
61005        2.4
61006        2.2
61007        2.0
61008        2.1
61009        2.0
61010        1.9
61011        2.3
61012        1.8
61013        2.2
61014        2.2
61015        2.1
61016        2.2
61017        2.2
61018        2.1
61019        2.0
61020        2.2
61021        2.2
61022        2.5
61023        2.9
61024        2.4
61025        2.6
61026        2.4
61027        2.5
61028        2.4
61029        2.3
61030        2.3
61031        2.2
61032        2.4
61033        2.2
61034        2.5
61035        2.6
61036        2.0
61037        2.3
61038        2.3
61039        2.2
61040        2.1
61041        2.2
61042        2.4
61043        2.4
61044        2.6
61045        2.1
61046        2.2
61047        2.0
61048        2.0
61049        1.5
61050        1.8
61051        1.5
61052        1.3
61053        0.8
61054        0.9
61055        0.9
61056        1.0
61057        1.1
61058        0.8
61059        1.1
61060        0.8
61061        0.8
61062        0.7
61063        1.3
61064        1.4
61065        1.2
61066        1.2
61067        1.3
61068        2.1
61069        1.8
61070        1.8
61071        1.9
61072        1.6
61073        1.9
61074        1.7
61075        1.7
61076        1.4
61077        1.7
61078        0.9
61079        0.8
61080        0.8
61081        1.0
61082        0.7
61083        1.0
61084        0.7
61085        1.0
61086        0.7
61087        0.2
61088        0.2
61089       -0.1
61090       -0.7
61091       -0.5
61092       -0.6
61093       -0.5
61094       -0.6
61095       -0.6
61096       -0.9
61097       -0.9
61098       -0.8
61099       -0.7
61100       -1.0
61101       -0.6
61102       -0.4
61103       -0.7
61104       -0.5
61105       -0.3
61106       -0.5
61107       -0.4
61108       -1.0
61109       -1.2
61110       -1.0
61111       -1.1
61112       -1.1
61113       -1.1
61114       -0.6
61115       -1.1
61116       -1.2
61117       -0.7
61118       -0.9
61119       -0.6
61120       -0.6
61121       -0.1
61122       -0.3
61123       -0.4
61124       -0.1
61125        0.4
61126        0.6
61127        0.4
61128        0.8
61129        0.7
61130        0.8
61131        0.8
61132        0.9
61133        1.0
61134        0.9
61135        1.2
61136        1.0
61137        1.0
61138        1.4
61139        1.4
61140        1.6
61141        1.7
61142        1.4
61143        1.8
61144        1.5
61145        1.7
61146        1.6
61147        1.6
61148        1.3
61149        1.4
61150        1.4
61151        1.3
61152        1.3
61153        1.1
61154        0.7
61155        0.6
61156        0.7
61157        0.4
61158        0.3
61159        0.3
61160       -0.1
61161       -0.5
61162       -0.5
61163       -0.5
61164       -0.4
61165       -0.6
61166       -0.7
61167       -0.6
61168       -0.8
61169       -0.9
61170       -0.8
61171       -1.0
61172       -0.5
61173       -0.4
61174       -0.7
61175       -0.4
61176       -0.5
61177       -0.3
61178       -0.6
61179       -0.5
61180       -0.5
61181       -0.3
61182       -0.5
61183       -0.4
61184       -0.4
61185       -0.6
61186       -0.4
61187       -0.4
61188       -0.3
61189       -0.3
61190       -0.6
61191       -0.5
61192       -0.2
61193        0.0
61194        0.1
61195        0.2
61196       -0.0
61197       -0.0
61198       -0.2
61199       -0.2
61200       -0.3
61201        0.2
61202        0.2
61203        0.4
61204       -0.1
61205        0.2
61206        0.3
61207        0.8
61208        0.3
61209        0.4
61210        0.4
61211        0.4
61212        0.3
61213        0.5
61214        0.5
61215        0.7
61216        0.6
61217        0.8
61218        0.7
61219        0.9

# UTC remains available from the monthly Circular T at
# (http://www.bipm.org/en/bipm-services/timescales/time-ftp/Circular-T.html).
