# MJD  [UTCr-UTC(BSJ)]/ns
60611          -
60612          -
60613        1.1
60614       15.2
60615       17.9
60616       20.5
60617       27.7
60618       20.9
60619       21.1
60620       19.2
60621       18.4
60622       17.0
60623       15.1
60624       22.4
60625       14.1
60626       11.2
60627        4.9
60628        8.1
60629        7.5
60630          -
60631          -
60632          -
60633          -
60634          -
60635       17.5
60636       28.2
60637       25.4
60638       17.7
60639       16.6
60640       14.7
60641       15.9
60642       25.2
60643       22.9
60644       12.5
60645       15.6
60646       20.8
60647       23.1
60648       22.0
60649       16.6
60650       16.6
60651       17.5
60652       12.9
60653        5.4
60654        9.2
60655       11.8
60656       14.3
60657          -
60658       -0.7
60659       15.8
60660        8.4
60661        8.6
60662        9.4
60663       16.8
60664       14.4
60665       12.7
60666       13.3
60667       12.3
60668        9.0
60669        9.4
60670       12.2
60671        7.5
60672       16.7
60673       15.8
60674       16.1
60675       13.5
60676       14.0
60677       20.3
60678       18.5
60679       15.2
60680       23.9
60681       18.1
60682       13.2
60683       27.9
60684       24.4
60685       21.8
60686       21.0
60687       24.6
60688       21.0
60689       16.1
60690       17.9
60691       17.9
60692       19.2
60693       13.9
60694       16.8
60695       18.1
60696       19.3
60697       18.4
60698       11.2
60699        8.5
60700        7.0
60701        9.9
60702       13.9
60703       27.5
60704       32.5
60705       31.6
60706       22.3
60707       22.6
60708       17.5
60709       12.6
60710       14.7
60711       14.0
60712        6.7
60713       12.1
60714       16.9
60715       14.1
60716       12.6
60717       20.1
60718       28.4
60719       31.4
60720       27.1
60721       18.5
60722       14.8
60723       16.4
60724       19.1
60725       24.2
60726       24.2
60727       29.6
60728       35.7
60729       25.2
60730       15.0
60731       19.4
60732       16.4
60733       26.6
60734       27.2
60735       33.6
60736       41.6
60737       35.5
60738       37.9
60739       30.0
60740       22.0
60741       23.0
60742       30.6
60743       37.4
60744       27.6
60745       21.9
60746       23.9
60747       21.2
60748       35.5
60749       40.3
60750       42.1
60751       39.5
60752       42.7
60753       47.8
60754       47.6
60755       34.8
60756       37.4
60757       46.0
60758       59.5
60759       56.8
60760       54.4
60761       44.2
60762       52.6
60763       38.5
60764       32.3
60765       25.5
60766       27.1
60767       34.7
60768       37.8
60769       34.0
60770       21.0
60771       23.7
60772       24.8
60773       23.9
60774       28.5
60775       16.3
60776       23.6
60777       31.6
60778       29.3
60779       26.2
60780       29.6
60781       35.4
60782       30.7
60783       28.7
60784       33.0
60785       37.5
60786       28.9
60787       25.7
60788       17.1
60789       25.8
60790       33.1
60791       35.2
60792       25.5
60793       36.9
60794       41.8
60795       41.2
60796       31.9
60797       23.5
60798       14.7
60799        9.0
60800       16.1
60801       25.1
60802       41.2
60803       46.7
60804       36.6
60805       28.7
60806       18.2
60807       10.8
60808       13.8
60809       29.3
60810       38.0
60811       37.1
60812       30.4
60813       16.6
60814       14.4
60815       18.2
60816       23.7
60817       14.9
60818       24.5
60819       20.8
60820       26.4
60821       31.2
60822       38.6
60823       38.4
60824       29.1
60825       20.8
60826       23.7
60827       30.1
60828       12.5
60829        9.8
60830        7.5
60831       16.8
60832       22.8
60833       29.4
60834       33.2
60835       31.0
60836       23.1
60837       27.1
60838       22.6
60839       18.9
60840       13.9
60841        6.8
60842       17.3
60843       22.4
60844       19.6
60845       18.5
60846       18.9
60847       19.5
60848       17.9
60849       24.8
60850       29.1
60851       25.4
60852       24.2
60853       20.3
60854       17.3
60855       16.1
60856       17.9
60857       20.6
60858       31.9
60859       29.3
60860       19.9
60861       12.1
60862       18.7
60863       18.2
60864       23.3
60865       20.9
60866       23.7
60867       24.1
60868       26.0
60869       25.4
60870       20.3
60871       19.1
60872       19.6
60873       26.7
60874       14.3
60875       13.8
60876       14.3
60877        6.2
60878       14.8
60879       26.3
60880       23.1
60881       21.6
60882       31.1
60883       28.2
60884       17.3
60885       15.6
60886       21.0
60887       27.5
60888       31.1
60889       27.2
60890       19.5
60891       12.8
60892       21.8
60893       27.2
60894       27.7
60895       21.2
60896       20.7
60897       11.7
60898        3.9
60899       14.7
60900       22.1
60901       25.6
60902       23.7
60903       24.3
60904       18.7
60905       17.1
60906       19.0
60907       26.8
60908       19.4
60909       26.0
60910       16.9
60911       12.2
60912       13.2
60913       25.7
60914       27.5
60915       24.8
60916       42.6
60917       43.6
60918       31.6
60919       24.1
60920       25.3
60921       12.0
60922       13.8
60923       16.9
60924       15.6
60925       26.3
60926       25.1
60927       18.6
60928       21.4
60929       16.8
60930       17.2
60931       17.8
60932        9.5
60933       11.4
60934       22.5
60935       27.7
60936       24.3
60937       21.5
60938       23.4
60939       32.4
60940       30.9
60941       30.3
60942       20.1
60943       20.8
60944       33.2
60945       32.8
60946       24.5
60947       20.7
60948       23.7
60949       21.2
60950       16.6
60951       20.0
60952       21.6
60953       16.4
60954       12.0
60955       11.6
60956       12.8
60957       18.3
60958       35.0
60959       37.2
60960       31.5
60961       22.7
60962       13.8
60963       28.3
60964       25.9
60965       22.6
60966       23.7
60967       27.8
60968       24.7
60969       17.9
60970       12.9
60971       16.7
60972       15.4
60973       18.4
60974       24.4
60975       21.3
60976       20.3
60977       23.6
60978       22.6
60979       32.3
60980       35.9
60981       28.5
60982       22.7
60983       20.2
60984       10.1
60985       20.5
60986       22.8
60987       19.3
60988       16.5
60989       10.7
60990        7.4
60991       10.4
60992       18.1
60993       16.4
60994       16.7
60995       18.5
60996       19.0
60997       17.2
60998       18.2
60999       15.9
61000       12.8
61001       10.3
61002       17.3
61003       31.0
61004       36.2
61005       18.6
61006       14.5
61007       15.4
61008       17.2
61009       15.8
61010       12.9
61011       11.4
61012        3.4
61013        9.7
61014       13.2
61015       17.4
61016       17.0
61017        5.2
61018        3.6
61019       -0.9
61020       -1.3
61021        6.4
61022       28.8
61023       35.5
61024       18.3
61025       12.9
61026        8.5
61027        7.3
61028       10.8
61029       18.7
61030       11.2
61031        7.9
61032        8.9
61033        8.6
61034       18.3
61035       22.1
61036       14.5
61037        4.0
61038        5.1
61039        7.4
61040       15.3
61041       17.5
61042       15.0
61043       19.0
61044       22.6
61045       14.1
61046       13.3
61047       15.8
61048        8.0
61049        6.0
61050       10.0
61051       17.1
61052       17.2
61053       15.8
61054        7.1
61055        0.6
61056        3.8
61057        8.3
61058       12.7
61059       18.8
61060       13.6
61061       21.1
61062        6.8
61063        9.8
61064       18.0
61065       18.6
61066       15.7
61067       15.0
61068       14.5
61069       14.3
61070       16.4
61071       24.0
61072       20.6
61073       12.5
61074       11.8
61075       14.2
61076       11.8
61077       10.4
61078       14.8
61079       15.6
61080       21.8
61081       27.0
61082       18.4
61083       14.6
61084       20.3
61085       26.2
61086       22.5
61087       15.6
61088       12.2
61089       20.7
61090       23.3
61091       17.0
61092       13.8
61093       14.1
61094       18.8
61095       24.5
61096       17.1
61097       14.0
61098       19.7
61099       31.6
61100       31.6
61101       21.3
61102       18.4
61103       22.1
61104       24.6
61105       23.4
61106       26.9
61107       27.1
61108       21.5
61109       17.5
61110       17.0
61111       21.6
61112       37.7
61113       39.7
61114       34.9
61115       28.5
61116       25.6
61117       29.5
61118       30.6
61119       18.4
61120       20.6
61121       29.9
61122       25.4
61123       18.4
61124       21.5
61125       24.9
61126       17.2
61127       17.0
61128       16.8
61129       15.9
61130       23.6
61131       17.6
61132       16.8
61133       25.8
61134       36.1
61135       32.4
61136       25.3
61137       24.5
61138       25.0
61139       23.7
61140       27.9
61141       24.7
61142       23.5
61143        9.9
61144        8.7
61145       10.2
61146        6.3
61147        9.6
61148       10.9
61149       13.8
61150       11.3
61151        4.7
61152        6.8
61153        7.0
61154        9.9
61155       15.9
61156        5.8
61157        1.2
61158        3.8
61159        1.7
61160        3.9
61161        5.7
61162        3.5
61163        2.7
61164        0.5
61165        4.6
61166        8.7
61167       11.8
61168        8.8
61169       12.9
61170       10.8
61171       12.1
61172        9.1
61173        0.6
61174        4.7
61175        5.5
61176        0.9
61177        0.1
61178        5.6
61179        6.2
61180        4.0
61181        1.9
61182        2.2
61183        5.1
61184        7.6
61185       15.6
61186       16.5
61187        8.3
61188        5.7
61189       10.0
61190       -0.6
61191       -3.5
61192        2.8
61193       13.6
61194       12.5
61195        4.7
61196        6.2
61197        2.0
61198        1.8
61199        4.8
61200        0.1
61201       -1.7
61202       -1.1
61203        4.5
61204        2.1
61205       12.0
61206       18.1
61207        6.3
61208        3.9
61209        1.3
61210        4.1
61211       11.8
61212       10.3
61213        8.4
61214       -2.8
61215        3.2
61216        7.1
61217       16.4
61218       16.7
61219       12.8

# UTC remains available from the monthly Circular T at
# (http://www.bipm.org/en/bipm-services/timescales/time-ftp/Circular-T.html).
