# MJD  [UTCr-UTC(OP)]/ns
56467        1.9
56468        1.9
56469        2.2
56470        1.9
56471        1.8
56472        1.3
56473        1.7
56474        3.1
56475        3.4
56476        3.1
56477        2.9
56478        2.7
56479        2.5
56480        1.5
56481        1.5
56482        1.2
56483        2.2
56484        1.9
56485        1.9
56486        2.2
56487        2.2
56488        2.3
56489        2.3
56490        2.7
56491        2.3
56492        2.7
56493        1.7
56494        2.4
56495        3.1
56496        3.5
56497        3.7
56498        3.9
56499        4.1
56500        3.9
56501        4.1
56502        3.7
56503        3.0
56504        3.1
56505        2.8
56506        3.2
56507        3.1
56508        2.6
56509        2.0
56510        2.4
56511        2.3
56512        2.1
56513        2.6
56514        2.6
56515        2.3
56516        1.0
56517        1.2
56518        1.0
56519        0.4
56520        0.1
56521        0.2
56522        0.4
56523        0.4
56524       -0.0
56525        0.1
56526       -0.1
56527       -0.3
56528       -0.3
56529       -0.6
56530       -0.6
56531       -0.2
56532        0.0
56533       -0.1
56534        0.1
56535       -0.3
56536       -0.4
56537       -1.1
56538       -1.7
56539       -1.9
56540       -1.6
56541       -1.2
56542       -0.2
56543       -1.0
56544       -0.4
56545       -0.1
56546        0.4
56547        0.2
56548        0.3
56549        0.0
56550        0.1
56551        0.7
56552        0.7
56553        0.7
56554        0.6
56555        0.5
56556       -0.0
56557       -0.1
56558       -2.2
56559       -2.1
56560       -2.6
56561       -2.9
56562       -2.4
56563       -1.9
56564       -1.9
56565       -2.8
56566       -3.1
56567       -3.1
56568       -2.9
56569       -2.6
56570       -2.8
56571       -2.8
56572       -1.2
56573       -2.6
56574       -1.3
56575       -1.4
56576       -1.6
56577       -1.5
56578       -1.1
56579       -1.2
56580       -2.7
56581       -1.9
56582       -2.3
56583       -2.3
56584       -2.2
56585       -1.9
56586       -2.6
56587       -3.3
56588       -3.7
56589       -3.9
56590       -2.9
56591       -3.5
56592       -3.2
56593       -3.1
56594       -2.8
56595       -3.1
56596       -3.3
56597       -3.2
56598       -3.6
56599       -3.4
56600       -6.3
56601       -5.8
56602       -6.2
56603       -6.3
56604       -6.8
56605       -6.6
56606       -6.6
56607       -4.8
56608       -5.4
56609       -4.8
56610       -4.4
56611       -4.3
56612       -4.0
56613       -4.5
56614       -3.5
56615       -3.4
56616       -2.8
56617       -3.1
56618       -2.8
56619       -3.6
56620       -3.5
56621       -4.5
56622       -5.6
56623       -5.7
56624       -5.3
56625       -5.9
56626       -5.7
56627       -6.1
56628       -3.1
56629       -2.9
56630       -2.9
56631       -2.5
56632       -2.3
56633       -1.9
56634       -1.8
56635       -2.3
56636       -2.5
56637       -2.4
56638       -2.1
56639       -1.8
56640       -2.1
56641       -1.6
56642       -1.7
56643       -1.1
56644       -0.5
56645        0.1
56646        0.3
56647        1.1
56648        1.8
56649        2.6
56650        2.8
56651        3.3
56652        3.5
56653        3.5
56654        3.8
56655        3.9
56656        4.5
56657        4.5
56658        4.5
56659        4.6
56660        5.8
56661        5.7
56662        5.4
56663        6.2
56664        6.1
56665        6.2
56666        6.5
56667        6.9
56668        6.9
56669        7.0
56670        6.3
56671        6.0
56672        5.9
56673        5.8
56674        5.9
56675        5.9
56676        5.5
56677        5.7
56678        5.8
56679        5.7
56680        5.2
56681        5.0
56682        4.9
56683        4.7
56684        3.4
56685        3.5
56686        3.3
56687        3.3
56688        3.3
56689        3.3
56690        3.3
56691        3.3
56692        2.8
56693        3.1
56694        2.4
56695        2.7
56696        2.6
56697        2.3
56698        2.1
56699        1.9
56700        2.2
56701        2.3
56702        2.6
56703        2.4
56704        2.4
56705        2.9
56706        2.7
56707        3.0
56708        2.7
56709        2.8
56710        2.2
56711        1.7
56712        1.9
56713        1.6
56714        1.2
56715        1.2
56716        1.1
56717        0.6
56718        1.0
56719        1.0
56720        0.4
56721        1.1
56722        0.9
56723        1.4
56724        1.4
56725        1.4
56726        0.7
56727        0.3
56728        0.7
56729        1.2
56730        0.9
56731        1.2
56732        1.1
56733       -0.4
56734       -0.1
56735       -0.4
56736       -0.3
56737       -0.7
56738       -0.5
56739       -0.9
56740       -0.7
56741       -0.6
56742       -0.4
56743       -0.6
56744       -0.6
56745       -0.5
56746       -0.6
56747       -0.9
56748       -1.1
56749       -1.2
56750       -1.1
56751       -1.6
56752       -1.8
56753       -1.8
56754       -0.2
56755        0.6
56756        0.3
56757        0.6
56758        0.2
56759        0.3
56760        0.7
56761        0.7
56762        0.9
56763        0.7
56764        0.5
56765        0.7
56766        0.4
56767       -0.1
56768       -0.7
56769       -0.9
56770       -0.7
56771       -1.0
56772       -1.0
56773       -1.0
56774       -1.0
56775       -0.3
56776       -0.3
56777       -0.8
56778       -1.1
56779       -1.4
56780       -1.8
56781       -1.8
56782        0.6
56783        0.1
56784       -0.2
56785        0.1
56786        0.0
56787       -0.5
56788        0.1
56789       -0.2
56790       -0.4
56791       -0.8
56792       -0.9
56793       -1.5
56794       -1.8
56795       -1.8
56796        0.2
56797        0.2
56798       -0.5
56799       -0.4
56800       -0.5
56801       -0.5
56802       -0.1
56803       -2.0
56804       -2.1
56805       -2.2
56806       -2.5
56807       -2.3
56808       -3.1
56809       -1.9
56810       -0.6
56811       -0.5
56812       -0.7
56813       -0.3
56814       -1.0
56815       -1.4
56816       -1.3
56817       -1.0
56818       -1.5
56819       -1.4
56820       -1.2
56821       -1.5
56822       -1.3
56823       -1.2
56824       -2.1
56825       -2.0
56826       -2.1
56827       -2.4
56828       -2.1
56829       -2.5
56830       -2.1
56831       -2.7
56832       -2.7
56833       -2.3
56834       -2.3
56835       -2.0
56836       -2.6
56837       -2.2
56838       -1.7
56839       -1.5
56840       -1.6
56841       -1.9
56842       -1.9
56843       -2.4
56844       -2.3
56845       -0.6
56846       -0.7
56847       -0.8
56848       -0.7
56849       -0.8
56850       -0.6
56851       -0.7
56852       -0.0
56853       -0.0
56854        0.3
56855        0.2
56856        0.5
56857        0.5
56858        0.3
56859        0.6
56860        0.7
56861        0.7
56862        0.4
56863        1.0
56864        0.6
56865        0.3
56866        0.1
56867       -0.1
56868       -0.6
56869       -0.2
56870       -0.4
56871       -0.4
56872       -0.5
56873       -0.9
56874       -0.6
56875       -0.9
56876        0.4
56877       -1.5
56878       -1.1
56879       -0.5
56880       -1.7
56881       -1.5
56882       -1.3
56883       -1.7
56884       -2.1
56885       -1.9
56886       -2.1
56887       -2.0
56888       -1.8
56889       -1.7
56890       -1.7
56891       -2.1
56892       -2.4
56893       -2.1
56894       -2.3
56895       -2.6
56896       -2.8
56897       -2.5
56898       -2.7
56899       -2.3
56900       -2.5
56901       -3.3
56902       -3.8
56903       -3.9
56904       -4.0
56905       -4.2
56906       -4.0
56907       -4.2
56908       -3.2
56909       -3.1
56910       -3.3
56911       -3.5
56912       -3.6
56913       -3.2
56914       -3.1
56915       -2.1
56916       -1.7
56917       -1.7
56918       -1.6
56919       -1.1
56920       -1.1
56921       -1.5
56922       -1.7
56923       -2.0
56924       -1.7
56925       -1.7
56926       -1.7
56927       -1.4
56928       -1.4
56929       -1.3
56930       -1.7
56931       -1.5
56932       -1.6
56933       -1.5
56934       -1.5
56935       -1.4
56936       -0.1
56937        0.1
56938       -0.2
56939       -0.3
56940        0.1
56941        0.5
56942        0.3
56943       -1.1
56944       -1.1
56945       -1.2
56946       -1.4
56947       -1.5
56948       -1.8
56949       -1.8
56950       -2.4
56951       -2.3
56952       -1.8
56953       -2.2
56954       -2.1
56955       -2.4
56956       -2.6
56957       -2.0
56958       -2.0
56959       -2.1
56960       -2.0
56961       -1.8
56962       -1.5
56963       -1.7
56964       -2.1
56965       -2.1
56966       -2.4
56967       -2.6
56968       -2.8
56969       -2.6
56970       -2.5
56971       -2.5
56972       -2.2
56973       -2.2
56974       -2.7
56975       -2.8
56976       -2.9
56977       -2.7
56978       -3.7
56979       -4.1
56980       -3.9
56981       -4.2
56982       -3.9
56983       -3.6
56984       -3.4
56985       -3.4
56986       -3.3
56987       -3.9
56988       -4.0
56989       -4.0
56990       -4.3
56991       -4.4
56992       -4.8
56993       -4.7
56994       -4.7
56995       -4.9
56996       -4.7
56997       -4.7
56998       -4.6
56999       -2.7
57000       -2.7
57001       -2.5
57002       -2.6
57003       -2.4
57004       -2.9
57005       -3.0
57006       -2.3
57007       -2.2
57008       -2.3
57009       -2.0
57010       -2.0
57011       -2.1
57012       -1.9
57013       -0.8
57014       -0.9
57015       -0.4
57016       -0.7
57017       -0.6
57018       -0.2
57019        0.1
57020       -0.1
57021       -0.2
57022       -0.4
57023       -0.2
57024       -0.4
57025       -0.3
57026       -0.3
57027       -0.4
57028       -0.4
57029       -0.5
57030       -0.6
57031       -0.6
57032       -0.7
57033       -0.6
57034       -0.6
57035       -0.7
57036       -1.0
57037       -0.7
57038       -0.7
57039       -1.2
57040       -1.0
57041       -0.6
57042       -0.7
57043       -0.6
57044       -0.9
57045       -1.1
57046       -1.2
57047       -1.5
57048       -1.4
57049       -1.5
57050       -1.7
57051       -1.1
57052       -1.6
57053       -1.5
57054       -1.4
57055        3.2
57056        2.7
57057        2.6
57058        2.4
57059        2.3
57060        2.7
57061        3.4
57062        2.2
57063        2.0
57064        2.8
57065        2.8
57066        3.0
57067        2.8
57068        2.6
57069        2.5
57070        2.6
57071        2.6
57072        3.2
57073        3.3
57074        3.5
57075        3.6
57076        4.5
57077        3.9
57078        4.2
57079        4.3
57080        4.2
57081        4.1
57082        3.9
57083        2.5
57084        2.8
57085        3.1
57086        3.6
57087        3.7
57088        3.5
57089        3.6
57090        1.0
57091        0.3
57092        0.4
57093       -0.0
57094        0.1
57095       -0.1
57096       -0.2
57097       -0.5
57098       -0.1
57099       -0.4
57100       -0.4
57101       -0.7
57102       -0.7
57103       -0.7
57104       -1.3
57105       -1.2
57106       -1.2
57107       -1.0
57108       -1.1
57109       -1.2
57110       -0.9
57111       -1.2
57112       -1.2
57113       -0.9
57114       -1.0
57115       -1.1
57116       -0.9
57117       -1.2
57118        0.8
57119        0.4
57120        0.2
57121        0.0
57122        0.3
57123        0.3
57124       -0.5
57125        0.8
57126        0.5
57127        0.9
57128        1.1
57129        1.1
57130        1.1
57131        0.9
57132        0.6
57133        0.4
57134       -0.2
57135       -0.5
57136       -0.5
57137       -0.2
57138        0.1
57139        1.3
57140        1.2
57141        1.4
57142        1.2
57143        0.8
57144        0.8
57145        0.8
57146       -0.5
57147       -0.3
57148       -0.5
57149       -0.1
57150       -0.6
57151       -0.6
57152       -0.7
57153       -0.6
57154       -0.3
57155       -0.6
57156       -0.7
57157       -1.2
57158       -1.5
57159       -1.6
57160       -1.7
57161       -2.3
57162       -2.7
57163       -2.5
57164       -2.5
57165       -2.6
57166       -3.0
57167       -2.5
57168       -2.8
57169       -2.6
57170       -2.8
57171       -2.8
57172       -2.7
57173       -3.1
57174       -1.5
57175       -1.3
57176       -1.7
57177       -2.0
57178       -2.2
57179       -2.2
57180       -2.6
57181       -2.6
57182       -3.1
57183       -3.5
57184       -3.5
57185       -3.2
57186       -2.5
57187       -2.3
57188       -3.0
57189       -2.6
57190       -2.9
57191       -2.9
57192       -3.2
57193       -2.8
57194       -2.9
57195       -3.6
57196       -3.5
57197       -3.8
57198       -4.2
57199       -3.9
57200       -4.1
57201       -3.8
57202       -3.6
57203       -4.0
57204       -4.1
57205       -3.6
57206       -3.6
57207       -3.7
57208       -3.8
57209       -0.8
57210       -0.6
57211       -0.7
57212       -0.7
57213       -0.9
57214       -0.8
57215       -0.7
57216       -1.2
57217       -1.4
57218       -1.1
57219       -1.5
57220       -1.1
57221       -1.6
57222       -1.5
57223       -2.3
57224       -2.6
57225       -2.4
57226       -2.4
57227       -2.5
57228       -2.4
57229       -2.8
57230       -2.2
57231       -2.4
57232       -2.4
57233       -2.2
57234       -2.3
57235       -2.2
57236       -2.0
57237       -1.9
57238       -1.4
57239       -1.7
57240       -2.0
57241       -1.9
57242       -2.2
57243       -2.1
57244       -0.6
57245       -0.4
57246       -0.1
57247       -0.4
57248        0.0
57249        0.2
57250        0.3
57251       -0.1
57252        0.3
57253        0.6
57254        0.7
57255        0.8
57256        0.9
57257        1.0
57258        0.1
57259        0.1
57260       -0.2
57261       -0.0
57262       -0.2
57263       -0.6
57264       -0.1
57265        0.0
57266       -0.1
57267       -0.0
57268       -0.1
57269       -0.5
57270       -0.2
57271        0.0
57272       -0.2
57273       -0.3
57274       -0.3
57275       -0.6
57276       -0.8
57277       -0.2
57278       -0.7
57279       -0.8
57280       -0.8
57281       -0.9
57282       -0.6
57283       -0.7
57284       -1.2
57285       -0.9
57286        0.9
57287        0.9
57288        1.1
57289        1.2
57290        0.9
57291        1.1
57292        1.2
57293        1.4
57294        0.5
57295        0.2
57296        0.5
57297        0.8
57298        0.9
57299        1.3
57300        2.7
57301        2.6
57302        2.8
57303        2.5
57304        2.5
57305        2.5
57306        2.6
57307        3.0
57308        2.6
57309        2.1
57310        2.1
57311        1.8
57312        1.6
57313        1.3
57314       -0.4
57315       -0.4
57316       -0.9
57317       -0.6
57318       -0.6
57319       -0.7
57320       -0.9
57321       -0.7
57322       -0.6
57323       -0.6
57324       -0.7
57325       -0.8
57326       -1.2
57327       -0.9
57328       -0.2
57329       -0.7
57330       -1.1
57331       -0.9
57332       -1.0
57333       -0.5
57334       -0.3
57335        0.6
57336        0.5
57337        1.0
57338        0.9
57339        1.1
57340        0.9
57341        0.8
57342        1.3
57343        1.1
57344        1.0
57345        1.0
57346        1.3
57347        1.0
57348        1.3
57349        1.3
57350        0.4
57351        2.1
57352        1.7
57353        1.2
57354        1.5
57355        1.8
57356        1.7
57357        1.9
57358        1.8
57359        1.7
57360        1.3
57361        1.0
57362        1.4
57363       -0.9
57364       -1.4
57365       -1.6
57366       -1.3
57367       -1.3
57368       -1.3
57369       -1.2
57370       -1.3
57371       -1.2
57372       -0.9
57373       -1.2
57374       -0.9
57375       -0.7
57376       -0.4
57377        1.1
57378        1.7
57379        1.5
57380        1.9
57381        2.0
57382        1.7
57383        2.0
57384        2.4
57385        2.5
57386        2.4
57387        3.0
57388        3.2
57389        3.2
57390        3.1
57391        1.6
57392        1.7
57393        1.6
57394        1.7
57395        2.3
57396        2.7
57397        3.0
57398        3.4
57399        3.6
57400        3.8
57401        4.1
57402        3.8
57403        3.9
57404        4.0
57405        2.6
57406        1.4
57407        1.9
57408        2.1
57409        1.8
57410        1.8
57411        2.0
57412        2.8
57413        2.9
57414        3.1
57415        3.1
57416        2.7
57417        3.0
57418        3.1
57419        3.3
57420        3.2
57421        2.7
57422        2.7
57423        3.5
57424        3.3
57425        3.6
57426        0.8
57427        0.9
57428        1.0
57429        0.8
57430        0.7
57431        0.4
57432        0.7
57433        0.5
57434        1.0
57435        1.1
57436        1.2
57437        0.9
57438        0.4
57439       -0.3
57440        0.8
57441        0.9
57442        0.8
57443        0.5
57444        0.5
57445        0.1
57446       -0.2
57447       -0.6
57448       -0.8
57449       -0.6
57450       -1.1
57451       -1.3
57452       -1.3
57453       -1.6
57454       -0.5
57455       -0.7
57456       -1.0
57457       -1.4
57458       -1.7
57459       -1.8
57460       -1.6
57461       -0.8
57462       -1.4
57463       -1.2
57464       -0.9
57465       -0.6
57466       -0.4
57467       -1.1
57468       -1.8
57469       -1.6
57470       -1.7
57471       -1.7
57472       -1.8
57473       -1.9
57474       -1.7
57475       -1.1
57476       -1.0
57477       -0.9
57478       -0.6
57479       -0.2
57480       -0.0
57481        0.3
57482        3.6
57483        4.1
57484        4.3
57485        4.0
57486        3.7
57487        3.8
57488        3.5
57489        4.0
57490        3.4
57491        3.5
57492        3.5
57493        3.6
57494        3.4
57495        3.3
57496        2.3
57497        2.0
57498        2.3
57499        2.2
57500        2.6
57501        2.6
57502        2.5
57503        3.1
57504        3.2
57505        3.6
57506        3.7
57507        3.7
57508        3.3
57509        3.7
57510        2.3
57511        2.5
57512        2.1
57513        2.8
57514        2.3
57515        2.4
57516        2.3
57517        1.6
57518        1.4
57519        1.5
57520        1.2
57521        0.8
57522        0.6
57523        0.4
57524        0.8
57525        1.0
57526        0.7
57527        0.1
57528        0.1
57529       -0.2
57530        0.1
57531        0.6
57532        0.6
57533        0.4
57534        0.3
57535        0.2
57536        0.0
57537       -0.3
57538        0.7
57539        0.2
57540        0.4
57541       -0.2
57542       -0.2
57543       -0.4
57544       -0.6
57545       -2.0
57546       -2.2
57547       -2.5
57548       -2.8
57549       -2.8
57550       -2.9
57551       -2.9
57552       -2.1
57553       -1.9
57554       -2.2
57555       -2.4
57556       -1.9
57557       -1.9
57558       -1.7
57559       -0.5
57560       -0.7
57561       -0.8
57562       -0.9
57563       -1.5
57564       -1.5
57565       -1.5
57566       -2.5
57567       -3.0
57568       -3.2
57569       -3.4
57570       -3.7
57571       -3.3
57572       -2.7
57573       -1.0
57574       -0.8
57575       -0.1
57576        0.1
57577        0.2
57578        0.7
57579        0.5
57580        0.6
57581        0.8
57582        1.4
57583        1.1
57584        0.7
57585        1.2
57586        1.3
57587        1.6
57588        1.7
57589        1.7
57590        2.3
57591        2.8
57592        2.9
57593        2.9
57594        2.7
57595        3.2
57596        2.9
57597        2.7
57598        2.5
57599        2.6
57600        3.3
57601        4.7
57602        4.6
57603        4.7
57604        5.6
57605        5.5
57606        5.8
57607        5.8
57608        0.4
57609        0.5
57610        0.7
57611        1.0
57612        0.6
57613        0.1
57614       -0.0
57615        2.7
57616        2.6
57617        2.4
57618        2.1
57619        2.4
57620        2.5
57621        2.0
57622        2.2
57623        1.5
57624        1.8
57625        2.0
57626        2.3
57627        1.8
57628        1.7
57629        2.4
57630        2.0
57631        1.9
57632        2.1
57633        2.2
57634        1.8
57635        2.0
57636       -2.2
57637       -2.2
57638       -2.3
57639       -2.8
57640       -2.7
57641       -3.0
57642       -3.1
57643       -2.6
57644       -2.3
57645       -2.1
57646       -2.7
57647       -2.3
57648       -2.3
57649       -2.0
57650       -0.5
57651       -0.1
57652       -0.3
57653       -0.2
57654        0.3
57655        0.6
57656        0.5
57657        0.5
57658        0.4
57659        0.1
57660       -0.1
57661        0.2
57662        0.4
57663        0.7
57664        1.0
57665        1.3
57666        1.7
57667        1.3
57668        1.8
57669        2.0
57670        1.9
57671        0.9
57672        0.8
57673        0.8
57674        0.9
57675        0.7
57676        0.8
57677        0.6
57678        2.2
57679        2.1
57680        2.3
57681        2.6
57682        2.5
57683        2.5
57684        2.7
57685        3.0
57686        2.5
57687        3.1
57688        3.3
57689        2.9
57690        3.0
57691        2.6
57692        2.5
57693        2.5
57694        2.5
57695        2.4
57696        2.6
57697        2.5
57698        3.3
57699        4.5
57700        4.5
57701        4.4
57702        4.4
57703        4.3
57704        4.0
57705        3.8
57706        4.5
57707        4.5
57708        4.6
57709        4.4
57710        4.2
57711        4.2
57712        4.7
57713        4.5
57714        4.3
57715        4.4
57716        4.4
57717        4.7
57718        4.5
57719        5.0
57720        3.1
57721        2.8
57722        2.8
57723        2.8
57724        2.6
57725        2.3
57726        2.2
57727        0.2
57728        0.3
57729        0.2
57730        0.0
57731        0.2
57732        0.2
57733        0.4
57734        1.8
57735        1.9
57736        2.4
57737        2.1
57738        2.5
57739        2.3
57740        2.7
57741        0.4
57742        0.4
57743       -0.1
57744        0.1
57745       -0.5
57746       -0.5
57747       -0.5
57748       -1.2
57749       -1.1
57750       -1.3
57751       -1.2
57752       -1.1
57753       -0.9
57754       -0.8
57755       -1.9
57756       -1.9
57757       -1.5
57758       -1.6
57759       -1.7
57760       -1.7
57761       -1.5
57762       -2.4
57763       -2.3
57764       -2.3
57765       -2.0
57766       -1.4
57767       -1.7
57768       -1.7
57769       -0.7
57770       -0.5
57771       -0.4
57772       -0.4
57773        0.0
57774        0.1
57775       -0.0
57776       -0.6
57777       -0.5
57778       -0.3
57779        0.1
57780        0.4
57781        0.6
57782        0.4
57783        1.9
57784        2.1
57785        2.4
57786        2.4
57787        2.5
57788        3.3
57789        3.6
57790        2.3
57791        2.3
57792        2.6
57793        2.8
57794        3.2
57795        3.7
57796        3.9
57797        3.8
57798        4.1
57799        4.2
57800        4.2
57801        4.9
57802        4.4
57803        4.6
57804        3.1
57805        3.5
57806        3.5
57807        3.6
57808        3.8
57809        3.8
57810        3.7
57811        4.2
57812        4.3
57813        4.4
57814        4.2
57815        3.6
57816        3.5
57817        3.6
57818       -0.3
57819       -0.6
57820       -0.9
57821       -0.9
57822       -0.9
57823       -1.6
57824       -1.8
57825       -2.4
57826       -2.8
57827       -2.9
57828       -3.2
57829       -3.3
57830       -3.7
57831       -4.0
57832       -3.5
57833       -3.8
57834       -3.9
57835       -4.2
57836       -4.6
57837       -5.2
57838       -5.7
57839       -6.6
57840       -6.6
57841       -6.8
57842       -9.1
57843      -11.2
57844      -11.2
57845      -11.3
57846       -5.0
57847       -4.8
57848       -4.6
57849       -4.4
57850       -4.4
57851       -4.3
57852       -3.6
57853       -2.5
57854       -2.6
57855       -2.3
57856       -1.8
57857       -2.0
57858       -1.7
57859       -1.9
57860       -0.1
57861       -0.3
57862       -0.5
57863       -0.3
57864       -0.2
57865        0.1
57866        0.1
57867       -0.6
57868       -0.4
57869       -0.2
57870       -0.3
57871       -0.1
57872       -0.4
57873       -0.6
57874        0.2
57875        0.1
57876        0.6
57877        0.4
57878        0.3
57879        0.8
57880        1.4
57881       -5.9
57882       -5.8
57883       -6.1
57884       -5.9
57885       -6.0
57886       -6.2
57887       -6.1
57888       -7.0
57889       -7.3
57890       -7.5
57891       -6.9
57892       -7.1
57893       -7.1
57894       -6.6
57895       -7.6
57896       -7.5
57897       -7.3
57898       -7.5
57899       -7.5
57900       -7.5
57901       -7.3
57902       -6.7
57903       -6.5
57904       -6.6
57905       -6.5
57906       -6.6
57907       -6.5
57908       -6.4
57909       -5.8
57910       -5.2
57911       -4.5
57912       -4.9
57913       -4.9
57914       -4.7
57915       -4.8
57916       -3.0
57917       -3.1
57918       -3.2
57919       -2.9
57920       -2.7
57921       -2.3
57922       -2.5
57923       -4.3
57924       -4.1
57925       -4.1
57926       -4.4
57927       -4.5
57928       -4.3
57929       -4.0
57930       -1.8
57931       -1.9
57932       -2.0
57933       -2.0
57934       -2.3
57935       -2.5
57936       -2.3
57937       -5.9
57938       -5.6
57939       -5.7
57940       -5.2
57941       -5.9
57942       -5.9
57943       -5.8
57944       -4.6
57945       -4.6
57946       -4.5
57947       -4.6
57948       -4.4
57949       -3.6
57950       -3.3
57951       -4.1
57952       -4.0
57953       -4.1
57954       -4.1
57955       -4.1
57956       -3.8
57957       -3.9
57958       -2.2
57959       -2.7
57960       -3.1
57961       -2.6
57962       -2.7
57963       -2.7
57964       -3.1
57965       -2.7
57966       -2.5
57967       -2.1
57968       -2.1
57969       -1.3
57970       -1.1
57971       -1.0
57972        0.1
57973        0.2
57974        0.4
57975        0.5
57976        0.7
57977        0.9
57978        1.2
57979        1.8
57980        2.0
57981        1.4
57982        1.1
57983        1.2
57984        1.2
57985        1.0
57986        0.4
57987        0.9
57988        1.0
57989        1.1
57990        1.4
57991        1.5
57992        1.5
57993        1.2
57994        1.0
57995        0.8
57996        0.5
57997        0.7
57998        0.8
57999        1.0
58000        1.6
58001        1.5
58002        1.5
58003        1.6
58004        1.9
58005        1.5
58006        1.6
58007        1.6
58008        1.9
58009        1.9
58010        2.0
58011        2.1
58012        2.0
58013        2.3
58014        2.2
58015        2.1
58016        2.1
58017        2.4
58018        2.5
58019        2.7
58020        2.5
58021        2.6
58022        2.7
58023        2.8
58024        3.0
58025        3.0
58026        2.9
58027        2.6
58028        2.3
58029        2.3
58030        2.2
58031        1.7
58032        1.7
58033        1.8
58034        1.6
58035        1.4
58036        1.4
58037        1.2
58038        1.4
58039        1.3
58040        1.0
58041        0.6
58042        1.0
58043        0.5
58044        0.1
58045        0.1
58046       -0.2
58047       -0.2
58048       -0.2
58049       -0.1
58050       -0.4
58051       -0.2
58052       -0.2
58053       -0.2
58054       -0.1
58055       -0.1
58056       -0.1
58057       -0.7
58058       -0.6
58059       -0.6
58060       -1.0
58061       -1.0
58062       -1.4
58063       -1.9
58064       -2.0
58065       -2.2
58066       -2.6
58067       -2.9
58068       -3.0
58069       -3.0
58070       -3.8
58071       -3.8
58072       -3.8
58073       -3.7
58074       -3.7
58075       -3.4
58076       -3.3
58077       -3.5
58078       -3.7
58079       -3.4
58080       -3.0
58081       -3.2
58082       -3.3
58083       -3.9
58084       -4.0
58085       -3.6
58086       -3.7
58087       -3.7
58088       -3.9
58089       -4.1
58090       -4.2
58091       -3.1
58092       -2.9
58093       -2.8
58094       -2.5
58095       -2.5
58096       -2.6
58097       -2.0
58098       -1.8
58099       -1.6
58100       -1.4
58101       -1.1
58102       -0.6
58103       -0.6
58104       -0.7
58105       -0.9
58106       -0.9
58107       -1.3
58108       -1.6
58109       -2.0
58110       -2.4
58111       -2.6
58112       -2.6
58113       -2.5
58114       -2.4
58115       -2.3
58116       -2.4
58117       -2.4
58118       -2.0
58119       -0.6
58120       -0.4
58121       -0.0
58122       -0.2
58123        0.6
58124        0.9
58125        0.9
58126        0.3
58127        0.2
58128        0.6
58129        0.7
58130        0.6
58131        0.7
58132        0.3
58133        0.5
58134        0.7
58135        0.9
58136        0.7
58137        0.9
58138        0.9
58139        1.3
58140        1.6
58141        1.5
58142        2.1
58143        2.2
58144        2.2
58145        2.1
58146        2.4
58147        1.8
58148        1.6
58149        1.7
58150        2.2
58151        1.9
58152        2.0
58153        2.2
58154        3.3
58155        3.1
58156        3.1
58157        3.0
58158        3.0
58159        3.3
58160        3.2
58161        3.2
58162        2.8
58163        2.7
58164        2.8
58165        2.5
58166        2.6
58167        2.7
58168        2.4
58169        2.6
58170        2.5
58171        2.6
58172        2.5
58173        2.4
58174        2.5
58175        2.7
58176        2.9
58177        2.4
58178        2.3
58179        1.6
58180        1.2
58181        1.2
58182        0.8
58183        0.9
58184        1.2
58185        0.9
58186        1.2
58187        1.0
58188        1.3
58189        1.8
58190        1.8
58191        2.2
58192        2.1
58193        2.1
58194        1.7
58195        1.3
58196        1.2
58197        3.0
58198        0.7
58199        1.0
58200        0.4
58201        0.5
58202       -0.1
58203       -0.4
58204       -0.5
58205       -0.3
58206       -0.7
58207       -0.9
58208       -0.9
58209       -0.7
58210       -1.1
58211       -1.0
58212       -1.0
58213       -0.7
58214       -1.1
58215       -0.8
58216       -0.7
58217       -1.8
58218       -0.9
58219       -0.9
58220       -0.7
58221       -0.6
58222       -0.6
58223       -0.3
58224       -1.2
58225       -1.1
58226       -0.9
58227       -1.5
58228       -1.7
58229       -2.1
58230       -2.4
58231       -2.9
58232       -2.5
58233       -3.0
58234       -3.0
58235       -3.3
58236       -3.4
58237       -3.4
58238       -3.7
58239       -3.8
58240       -2.9
58241       -4.7
58242       -4.7
58243       -2.7
58244       -5.1
58245       -3.9
58246       -4.1
58247       -4.1
58248       -4.0
58249       -4.1
58250       -4.4
58251       -4.3
58252       -4.6
58253       -4.7
58254       -5.0
58255       -5.2
58256       -5.0
58257       -5.5
58258       -5.7
58259       -4.8
58260       -4.9
58261       -5.1
58262       -5.3
58263       -5.4
58264       -5.6
58265       -5.4
58266       -5.8
58267       -6.1
58268       -6.0
58269       -6.3
58270       -6.5
58271       -6.5
58272       -6.7
58273       -4.4
58274       -4.3
58275       -4.1
58276       -4.0
58277       -4.2
58278       -4.4
58279       -4.6
58280       -4.6
58281       -4.8
58282       -4.9
58283       -4.8
58284       -4.6
58285       -4.5
58286       -4.3
58287       -4.4
58288       -4.0
58289       -3.7
58290       -3.9
58291       -3.8
58292       -3.8
58293       -3.8
58294       -3.7
58295       -3.7
58296       -3.3
58297       -3.3
58298       -3.1
58299       -2.9
58300       -2.7
58301       -2.5
58302       -2.4
58303       -2.2
58304       -2.3
58305       -2.1
58306       -1.8
58307       -1.7
58308       -1.8
58309       -1.7
58310       -1.9
58311       -1.9
58312       -1.6
58313       -1.6
58314       -1.5
58315       -1.5
58316       -1.4
58317       -1.5
58318       -1.4
58319       -1.5
58320       -1.6
58321       -1.7
58322       -1.7
58323       -1.6
58324       -1.5
58325       -1.4
58326       -1.4
58327       -1.4
58328       -1.4
58329       -1.6
58330       -1.3
58331       -1.2
58332       -1.3
58333       -1.0
58334       -0.9
58335       -0.7
58336       -2.1
58337       -1.8
58338       -1.9
58339       -2.1
58340       -1.8
58341       -1.6
58342       -1.6
58343       -1.7
58344       -1.8
58345       -1.5
58346       -1.4
58347       -1.5
58348       -1.5
58349       -1.3
58350       -1.1
58351       -1.2
58352       -1.1
58353       -1.2
58354       -1.2
58355       -1.0
58356       -1.0
58357       -0.5
58358       -0.0
58359       -0.1
58360       -0.2
58361        0.3
58362        0.3
58363        1.0
58364        1.6
58365        1.8
58366        2.1
58367        1.8
58368        1.8
58369        2.5
58370        2.8
58371        2.7
58372        2.9
58373        3.1
58374        3.3
58375        3.3
58376        3.5
58377        3.1
58378        3.1
58379        2.7
58380        2.7
58381        2.5
58382        2.7
58383        3.0
58384        2.6
58385        3.2
58386        3.2
58387        3.3
58388        3.3
58389        3.3
58390        2.9
58391        3.2
58392        2.1
58393        2.0
58394        2.3
58395        1.8
58396        1.6
58397        1.8
58398        1.8
58399        1.9
58400        2.0
58401        2.1
58402        1.7
58403        1.7
58404        1.6
58405        1.7
58406        1.6
58407        1.5
58408        1.5
58409        1.3
58410        1.6
58411        1.4
58412        1.4
58413        1.5
58414        1.4
58415        1.4
58416        1.4
58417        1.4
58418        1.6
58419        1.1
58420        0.7
58421        0.6
58422        0.9
58423        0.2
58424        0.2
58425        0.0
58426       -0.2
58427        0.5
58428        0.4
58429        0.2
58430        0.1
58431        0.2
58432        0.2
58433        0.2
58434        0.1
58435        0.4
58436        0.4
58437        0.3
58438        0.1
58439       -0.1
58440       -0.7
58441       -0.2
58442       -0.5
58443       -0.6
58444       -0.8
58445       -0.3
58446       -0.2
58447       -0.2
58448       -0.5
58449       -0.3
58450       -0.7
58451       -0.8
58452       -0.7
58453       -0.8
58454       -0.7
58455        0.2
58456        0.3
58457       -0.2
58458       -0.5
58459       -0.3
58460       -0.4
58461       -0.4
58462       -0.4
58463       -0.4
58464       -0.6
58465       -0.8
58466       -0.6
58467       -0.7
58468       -0.6
58469       -0.3
58470       -0.4
58471       -0.1
58472        0.2
58473       -0.2
58474        0.2
58475        0.2
58476        0.6
58477        0.6
58478        0.7
58479        0.2
58480        0.1
58481       -0.2
58482       -0.1
58483       -0.5
58484       -0.8
58485       -0.4
58486       -0.4
58487       -0.4
58488       -0.4
58489       -0.1
58490        0.5
58491        0.1
58492        0.8
58493        1.0
58494        0.9
58495        1.7
58496        1.9
58497        2.2
58498        2.0
58499        2.1
58500        2.2
58501        2.0
58502        2.2
58503        1.6
58504        1.8
58505        2.2
58506        2.1
58507        2.4
58508        2.6
58509        3.0
58510        3.3
58511        3.2
58512        3.3
58513        3.4
58514        3.8
58515        3.6
58516        4.0
58517        4.0
58518        0.3
58519        0.5
58520        0.5
58521        0.6
58522        0.3
58523        0.6
58524        0.4
58525        0.8
58526        1.2
58527        1.2
58528        1.3
58529        1.3
58530        1.4
58531        1.6
58532        1.6
58533        1.8
58534        1.7
58535        1.4
58536        1.3
58537        1.0
58538        1.1
58539        1.2
58540        1.7
58541        1.2
58542        1.3
58543        1.4
58544        1.2
58545        1.1
58546        0.9
58547        0.9
58548        0.8
58549        0.7
58550        1.1
58551        0.8
58552        0.4
58553        0.6
58554        0.6
58555        0.4
58556        0.3
58557       -0.0
58558        0.1
58559        0.1
58560        0.0
58561       -0.0
58562       -0.3
58563       -0.6
58564       -0.8
58565       -1.0
58566       -0.9
58567       -0.9
58568       -1.3
58569       -1.8
58570       -1.6
58571       -1.3
58572       -1.4
58573       -1.4
58574       -0.8
58575       -0.9
58576       -0.6
58577       -0.7
58578       -0.6
58579       -0.1
58580        0.2
58581        1.3
58582        1.4
58583        1.2
58584        1.0
58585        1.0
58586        0.4
58587        0.4
58588        0.8
58589        1.0
58590        1.2
58591        1.6
58592        1.5
58593        1.7
58594        1.7
58595        1.7
58596        1.9
58597        2.3
58598        2.4
58599        2.6
58600        2.0
58601        2.1
58602        2.1
58603        2.2
58604        2.1
58605        2.4
58606        2.2
58607        2.4
58608        2.2
58609        0.8
58610        0.6
58611        0.3
58612        0.3
58613        0.4
58614        0.1
58615        0.5
58616        0.1
58617        0.5
58618        0.5
58619        0.2
58620        0.0
58621        0.1
58622       -0.0
58623       -0.4
58624       -0.7
58625       -0.8
58626       -0.5
58627       -1.1
58628       -1.0
58629       -0.9
58630       -1.5
58631       -0.8
58632       -1.1
58633       -1.2
58634       -1.3
58635       -1.5
58636       -1.7
58637       -2.0
58638       -2.3
58639       -2.2
58640       -2.0
58641       -1.8
58642       -2.1
58643       -1.8
58644       -2.2
58645       -2.1
58646       -2.0
58647       -1.8
58648       -1.8
58649       -2.1
58650       -1.8
58651       -1.8
58652       -1.4
58653       -1.4
58654       -1.8
58655       -1.5
58656       -1.5
58657       -1.7
58658       -1.4
58659       -1.3
58660       -1.3
58661       -1.1
58662       -1.1
58663       -0.7
58664       -0.7
58665       -0.8
58666       -0.5
58667       -0.4
58668       -0.6
58669       -0.8
58670       -0.9
58671       -0.7
58672       -0.4
58673       -0.4
58674       -0.4
58675       -0.6
58676       -0.4
58677       -0.4
58678       -0.6
58679       -1.3
58680       -1.4
58681       -1.4
58682       -1.7
58683       -2.2
58684       -1.9
58685       -2.2
58686       -1.6
58687       -1.9
58688       -1.8
58689       -1.6
58690       -1.8
58691       -2.2
58692       -2.2
58693       -2.4
58694       -2.8
58695       -2.8
58696       -2.6
58697       -2.6
58698       -2.4
58699       -2.5
58700       -1.6
58701       -1.5
58702       -1.3
58703       -1.4
58704       -1.6
58705       -1.8
58706       -1.4
58707       -1.4
58708       -1.3
58709       -1.2
58710       -1.2
58711       -0.9
58712       -1.0
58713       -0.7
58714       -0.1
58715        0.4
58716        0.1
58717        0.4
58718        0.4
58719        0.2
58720        0.8
58721        0.3
58722        0.2
58723        0.5
58724       -0.0
58725        0.7
58726        0.3
58727        0.5
58728        0.7
58729        1.1
58730        1.0
58731        1.3
58732        1.4
58733        1.2
58734        1.6
58735        0.4
58736        0.3
58737        0.6
58738        0.4
58739        0.4
58740        0.6
58741        0.5
58742        0.3
58743        0.3
58744        0.3
58745        0.2
58746        0.6
58747        0.7
58748        1.1
58749        1.2
58750        1.0
58751        0.8
58752        0.6
58753        0.5
58754        0.8
58755        0.9
58756        1.2
58757        1.3
58758        1.2
58759        1.2
58760        1.6
58761        1.5
58762        1.8
58763        2.0
58764        1.9
58765        2.6
58766        2.7
58767        2.5
58768        2.4
58769        2.3
58770        2.1
58771        2.3
58772        2.4
58773        2.1
58774        2.6
58775        2.7
58776        2.4
58777        2.2
58778        2.3
58779        2.1
58780        2.6
58781        2.4
58782        2.4
58783        2.2
58784        2.0
58785        1.9
58786        1.9
58787        2.2
58788        1.8
58789        1.8
58790        2.3
58791        2.7
58792        2.7
58793        2.6
58794        2.4
58795        2.5
58796        2.1
58797        2.2
58798        2.0
58799        1.9
58800        1.9
58801        1.8
58802        1.9
58803        1.9
58804        1.8
58805        1.2
58806        1.3
58807        0.9
58808        1.3
58809        1.3
58810        1.1
58811        0.9
58812        0.3
58813        0.2
58814        0.5
58815        0.4
58816        0.3
58817        0.3
58818       -0.3
58819        1.1
58820        0.9
58821        0.7
58822        0.8
58823        0.8
58824        1.0
58825        0.7
58826        1.1
58827        0.6
58828        0.6
58829        0.7
58830        1.2
58831        1.6
58832        1.5
58833        0.7
58834        1.0
58835        0.8
58836        0.7
58837        0.8
58838        0.8
58839        0.7
58840        0.6
58841        0.1
58842        0.2
58843       -0.1
58844        0.2
58845       -0.0
58846       -0.2
58847        0.2
58848        0.1
58849        0.1
58850        0.2
58851        0.4
58852        0.2
58853        0.3
58854        1.4
58855        1.6
58856        1.6
58857        1.7
58858        1.7
58859        1.3
58860        1.3
58861        1.1
58862        1.4
58863        1.4
58864        1.4
58865        1.0
58866        0.8
58867        0.7
58868        0.4
58869        0.3
58870        0.3
58871        0.4
58872        0.2
58873        0.1
58874        0.1
58875       -0.0
58876       -0.0
58877       -0.7
58878       -0.7
58879       -0.9
58880       -1.0
58881       -1.1
58882        1.1
58883        1.3
58884        1.1
58885        1.0
58886        0.9
58887        0.8
58888        0.9
58889        1.0
58890        1.0
58891        0.8
58892        0.6
58893        0.7
58894        0.3
58895        0.3
58896       -0.2
58897       -0.1
58898       -0.2
58899        0.0
58900        0.0
58901       -0.4
58902       -0.3
58903       -0.1
58904        0.0
58905        0.0
58906       -0.2
58907       -0.6
58908       -0.4
58909       -0.4
58910       -0.0
58911       -0.2
58912       -0.4
58913       -0.5
58914       -0.4
58915       -0.6
58916       -0.5
58917       -0.6
58918       -0.5
58919       -0.8
58920       -0.4
58921       -0.3
58922       -0.6
58923       -0.4
58924       -1.0
58925       -1.2
58926       -1.1
58927       -1.0
58928       -0.7
58929       -0.4
58930       -0.2
58931       -0.6
58932       -0.4
58933       -0.4
58934       -0.0
58935        0.3
58936        0.2
58937        0.3
58938       -0.4
58939       -0.0
58940        0.1
58941        0.3
58942        0.4
58943        0.3
58944        0.4
58945        0.4
58946        0.2
58947       -0.1
58948        0.3
58949        0.5
58950        0.3
58951        0.4
58952        0.0
58953        0.3
58954        0.1
58955        0.7
58956        0.5
58957        0.8
58958        0.8
58959        0.7
58960        0.9
58961        0.9
58962        0.7
58963        0.7
58964        0.8
58965        1.0
58966        0.8
58967        1.0
58968        1.0
58969        0.9
58970        0.8
58971        1.0
58972        1.0
58973       -0.3
58974       -0.2
58975       -0.1
58976       -0.0
58977       -0.0
58978        0.1
58979       -0.0
58980       -0.1
58981        0.2
58982       -0.0
58983       -0.1
58984       -0.2
58985       -0.2
58986       -0.5
58987       -0.3
58988       -0.3
58989       -0.3
58990        0.1
58991       -0.1
58992       -0.4
58993       -0.3
58994       -0.7
58995       -0.7
58996       -0.9
58997       -0.8
58998       -0.4
58999       -0.7
59000       -0.6
59001       -0.3
59002       -0.1
59003       -0.4
59004       -0.2
59005        0.1
59006        0.3
59007        0.2
59008        0.1
59009       -0.2
59010       -0.2
59011       -0.1
59012       -0.1
59013        0.0
59014       -0.4
59015       -0.6
59016       -0.6
59017       -0.6
59018       -0.3
59019       -0.2
59020       -0.2
59021       -0.3
59022       -0.1
59023        0.2
59024        0.2
59025        0.1
59026        0.2
59027       -0.1
59028       -0.2
59029       -0.1
59030        0.2
59031        0.0
59032        0.3
59033        0.1
59034        0.1
59035       -0.1
59036       -0.3
59037       -0.2
59038       -0.2
59039       -0.2
59040       -0.4
59041       -0.2
59042       -0.3
59043       -0.4
59044       -0.1
59045        0.2
59046        0.3
59047        0.4
59048        0.5
59049        0.2
59050        0.3
59051        0.5
59052        0.3
59053       -0.2
59054       -0.1
59055       -0.3
59056        0.0
59057        0.4
59058        0.5
59059        0.5
59060        0.5
59061        0.4
59062        0.6
59063        0.8
59064        0.5
59065        0.6
59066        0.6
59067        0.5
59068        0.7
59069        0.4
59070        0.5
59071        0.6
59072        0.4
59073        0.4
59074        0.5
59075        0.5
59076        0.4
59077        0.6
59078        0.4
59079        1.0
59080        1.1
59081        0.8
59082        0.9
59083        1.1
59084        1.9
59085        2.2
59086        1.8
59087        2.0
59088        1.8
59089        2.3
59090        2.3
59091        2.5
59092        2.3
59093        2.4
59094        2.3
59095        2.2
59096        2.3
59097        2.5
59098        2.5
59099        0.8
59100        1.0
59101        0.9
59102        1.1
59103        1.3
59104        1.0
59105        0.7
59106        0.9
59107        1.1
59108        0.9
59109        0.8
59110        0.8
59111        0.8
59112        0.9
59113        0.8
59114        0.8
59115        0.9
59116        1.0
59117        1.3
59118        1.1
59119        1.1
59120        0.4
59121        1.0
59122        0.6
59123        0.6
59124        0.7
59125        0.6
59126        1.1
59127        0.6
59128        0.3
59129        0.2
59130       -0.0
59131       -0.0
59132       -0.3
59133       -0.3
59134       -0.2
59135       -0.1
59136       -0.4
59137       -0.4
59138       -0.3
59139       -0.5
59140       -0.6
59141       -0.8
59142       -0.8
59143       -0.7
59144       -0.3
59145       -0.5
59146       -0.5
59147       -0.6
59148       -0.6
59149       -0.4
59150       -0.6
59151       -0.9
59152       -1.1
59153       -1.4
59154       -1.2
59155       -0.9
59156       -0.5
59157       -0.9
59158       -1.0
59159       -1.2
59160       -0.9
59161       -0.8
59162       -0.6
59163       -0.5
59164       -0.7
59165       -0.4
59166       -0.6
59167       -0.6
59168       -0.6
59169       -0.7
59170       -1.0
59171       -1.1
59172       -1.1
59173       -1.0
59174       -1.0
59175       -0.7
59176       -0.6
59177       -0.9
59178       -0.6
59179       -0.6
59180       -1.0
59181       -1.6
59182       -1.9
59183       -1.2
59184       -1.1
59185       -1.0
59186       -0.9
59187       -0.3
59188       -0.6
59189       -0.4
59190       -1.8
59191       -1.8
59192       -1.9
59193       -2.1
59194       -1.9
59195       -1.7
59196       -1.6
59197       -1.8
59198       -1.7
59199       -1.4
59200       -1.5
59201       -1.4
59202       -1.1
59203       -1.2
59204       -0.9
59205       -0.8
59206       -0.6
59207       -0.5
59208       -0.6
59209       -0.4
59210       -0.0
59211       -0.0
59212        0.0
59213       -0.2
59214       -0.1
59215       -0.2
59216       -0.4
59217       -0.2
59218       -0.2
59219       -0.3
59220       -0.0
59221       -0.2
59222        0.0
59223       -0.3
59224       -0.3
59225       -0.2
59226       -0.1
59227       -0.3
59228        0.1
59229       -0.2
59230       -0.3
59231       -0.1
59232        0.2
59233        0.4
59234        0.3
59235        0.5
59236        0.3
59237        0.1
59238        0.0
59239        0.2
59240       -0.0
59241       -0.0
59242       -0.1
59243        0.2
59244       -0.0
59245        0.4
59246        0.6
59247        0.6
59248        0.8
59249        1.0
59250        1.3
59251        0.9
59252        0.9
59253        0.0
59254       -0.1
59255        0.1
59256        0.1
59257        0.0
59258       -0.0
59259       -0.1
59260        0.1
59261        0.1
59262       -0.0
59263        0.2
59264        0.3
59265       -0.2
59266        0.2
59267        0.6
59268        0.4
59269        0.4
59270        0.8
59271        0.5
59272        0.5
59273        0.4
59274       -0.3
59275       -0.0
59276       -0.1
59277       -0.1
59278       -0.5
59279       -0.5
59280       -0.5
59281       -0.3
59282       -0.4
59283       -0.4
59284       -0.5
59285       -0.0
59286        0.3
59287        0.1
59288        0.8
59289        0.1
59290        0.2
59291        0.3
59292        0.0
59293        0.3
59294        0.4
59295        0.4
59296        0.4
59297        0.4
59298        0.4
59299        0.5
59300        0.5
59301        0.5
59302        0.6
59303        0.4
59304        0.7
59305        0.6
59306        0.7
59307        0.9
59308        0.9
59309        0.7
59310        0.6
59311        0.6
59312        0.5
59313        0.5
59314        0.1
59315        0.4
59316        0.5
59317        0.7
59318        0.5
59319        0.0
59320       -0.2
59321       -0.1
59322       -0.2
59323        0.1
59324        0.1
59325        0.2
59326        0.2
59327        0.2
59328        0.0
59329       -0.0
59330       -0.0
59331       -0.0
59332        0.4
59333        0.1
59334       -0.1
59335       -0.0
59336       -0.0
59337        0.7
59338        0.7
59339        0.6
59340        0.7
59341        0.4
59342        0.8
59343        0.3
59344        0.6
59345       -0.1
59346        0.5
59347        0.3
59348        0.3
59349        0.6
59350        0.3
59351        0.4
59352        0.4
59353        0.4
59354        0.5
59355        0.4
59356        0.5
59357        0.0
59358       -0.6
59359       -0.3
59360       -0.4
59361       -0.2
59362       -0.7
59363       -0.9
59364       -0.9
59365       -0.8
59366       -0.8
59367       -1.1
59368       -1.7
59369       -1.6
59370       -1.4
59371       -0.9
59372       -0.4
59373       -0.4
59374       -0.6
59375       -1.0
59376       -0.7
59377       -0.4
59378       -0.6
59379       -0.4
59380       -0.9
59381       -1.0
59382       -1.5
59383       -1.4
59384       -1.1
59385       -0.4
59386       -1.1
59387       -1.2
59388       -1.1
59389       -1.2
59390       -0.9
59391       -1.2
59392       -1.1
59393       -1.1
59394       -1.1
59395       -1.5
59396       -1.3
59397       -1.5
59398       -2.0
59399       -1.8
59400       -1.4
59401       -1.5
59402       -1.5
59403       -1.5
59404       -1.2
59405       -1.4
59406       -1.2
59407       -1.3
59408       -1.2
59409       -1.2
59410       -1.2
59411       -1.0
59412       -0.8
59413       -0.7
59414       -0.8
59415       -0.9
59416       -0.9
59417       -0.6
59418       -0.6
59419       -0.9
59420       -0.9
59421       -0.5
59422       -0.2
59423        0.1
59424        0.2
59425       -0.2
59426        0.2
59427        0.4
59428       -1.1
59429       -1.0
59430       -1.0
59431       -0.9
59432       -0.9
59433       -0.8
59434       -0.8
59435       -1.0
59436       -1.1
59437       -1.1
59438       -0.7
59439       -0.7
59440       -0.9
59441       -1.1
59442       -1.1
59443       -1.0
59444       -1.4
59445       -1.3
59446       -1.3
59447       -1.3
59448       -1.2
59449       -1.3
59450       -1.1
59451       -1.2
59452       -1.2
59453       -1.2
59454       -1.3
59455       -1.2
59456       -1.1
59457       -1.0
59458       -1.0
59459       -1.2
59460       -1.2
59461       -1.1
59462       -1.2
59463       -1.2
59464       -1.5
59465       -1.4
59466       -1.3
59467       -1.7
59468       -1.7
59469       -1.8
59470       -1.8
59471       -1.8
59472       -1.7
59473       -1.5
59474       -1.4
59475       -1.2
59476       -1.3
59477       -1.2
59478       -1.2
59479       -1.1
59480       -1.0
59481       -1.3
59482       -1.3
59483       -1.2
59484       -1.0
59485       -1.1
59486       -0.9
59487       -0.8
59488       -0.7
59489       -0.6
59490       -0.6
59491        0.0
59492        0.3
59493        0.6
59494        0.2
59495        0.5
59496        0.6
59497        0.9
59498        0.9
59499        0.9
59500        1.1
59501        0.8
59502        0.9
59503        0.9
59504        1.2
59505        0.9
59506        0.9
59507        1.0
59508        1.1
59509        1.1
59510        1.1
59511        1.2
59512        1.2
59513        1.0
59514        1.2
59515        1.0
59516        1.2
59517        1.3
59518        1.4
59519        1.4
59520        1.4
59521        1.4
59522        1.1
59523        1.0
59524        0.8
59525        0.9
59526        0.9
59527        1.0
59528        0.9
59529        1.0
59530        0.9
59531        0.9
59532        0.7
59533        0.9
59534        0.8
59535        1.0
59536        0.8
59537        0.8
59538        0.8
59539        0.7
59540        0.8
59541        0.6
59542        0.6
59543        0.6
59544        0.4
59545        0.6
59546        0.5
59547        0.8
59548        0.6
59549        0.6
59550        0.6
59551        0.4
59552        0.4
59553        0.3
59554        0.7
59555        0.7
59556        0.7
59557        0.6
59558        0.5
59559        0.5
59560        0.6
59561        0.4
59562        0.5
59563        0.3
59564        0.5
59565        0.7
59566        0.6
59567        0.8
59568        0.9
59569        0.9
59570        1.1
59571        1.2
59572        1.3
59573        1.4
59574        1.6
59575        1.7
59576        1.8
59577        2.0
59578        1.9
59579        2.0
59580        2.1
59581        2.1
59582        2.4
59583        2.7
59584        2.7
59585        3.0
59586        2.9
59587        3.0
59588        3.3
59589        1.7
59590        1.6
59591        1.5
59592        1.4
59593        1.5
59594        1.4
59595        1.4
59596        1.4
59597        1.3
59598        1.4
59599        1.3
59600        1.3
59601        1.4
59602        1.4
59603        1.5
59604        1.5
59605        1.6
59606        1.7
59607        1.5
59608        1.3
59609        1.3
59610        0.9
59611        0.9
59612        0.7
59613        0.4
59614        0.3
59615        0.2
59616       -0.3
59617        0.1
59618        0.0
59619       -0.2
59620       -0.1
59621        0.0
59622        0.0
59623        0.2
59624        0.1
59625        0.0
59626       -0.1
59627        0.1
59628        0.1
59629       -0.0
59630       -0.2
59631       -0.1
59632       -0.1
59633       -0.2
59634       -0.2
59635       -0.2
59636       -0.5
59637       -0.3
59638       -0.5
59639       -0.4
59640       -0.3
59641       -0.3
59642       -0.1
59643       -0.2
59644       -0.1
59645       -0.1
59646        0.1
59647        0.2
59648        0.3
59649        0.2
59650        0.3
59651        0.4
59652        0.3
59653        0.2
59654        0.2
59655        0.5
59656        0.6
59657        0.5
59658        0.5
59659        0.5
59660        0.6
59661        0.7
59662        0.8
59663        0.7
59664        0.8
59665        0.5
59666        0.6
59667        0.8
59668        1.0
59669        1.4
59670        1.4
59671        1.4
59672        1.7
59673        0.2
59674        0.2
59675        0.1
59676        0.2
59677        0.2
59678        0.3
59679        0.1
59680        0.2
59681        0.2
59682        0.4
59683        0.1
59684        0.2
59685        0.1
59686        0.2
59687        0.1
59688        0.1
59689        0.2
59690        0.1
59691        0.1
59692        0.2
59693        0.5
59694        0.5
59695        0.4
59696        0.2
59697        0.2
59698        0.3
59699        0.0
59700        0.1
59701        0.1
59702       -0.0
59703        0.0
59704        0.0
59705        0.2
59706        0.2
59707        0.2
59708        0.0
59709       -0.0
59710       -0.5
59711       -0.2
59712       -0.2
59713       -0.4
59714       -0.4
59715       -0.3
59716       -0.5
59717       -0.6
59718       -0.5
59719       -0.3
59720       -0.3
59721       -0.2
59722       -0.2
59723       -0.2
59724       -0.3
59725       -0.2
59726       -0.3
59727       -0.4
59728       -0.3
59729       -0.3
59730       -0.3
59731       -0.3
59732       -0.4
59733       -0.3
59734       -0.4
59735       -0.2
59736       -0.2
59737       -0.3
59738       -0.0
59739       -0.2
59740       -0.2
59741       -0.4
59742       -0.4
59743       -0.4
59744       -0.5
59745       -0.4
59746       -0.4
59747       -0.3
59748       -0.2
59749        0.0
59750       -0.4
59751       -0.1
59752       -0.1
59753       -0.1
59754        0.2
59755        0.1
59756        0.2
59757        0.2
59758        0.4
59759        0.3
59760        0.4
59761        0.4
59762        0.8
59763        0.9
59764       -0.2
59765       -0.0
59766       -0.1
59767       -0.1
59768       -0.0
59769       -0.3
59770       -0.0
59771        0.1
59772        0.1
59773        0.2
59774        0.2
59775        0.2
59776        0.2
59777        0.4
59778        0.3
59779        0.6
59780        0.7
59781        0.7
59782        0.6
59783        0.6
59784        0.8
59785        0.7
59786        0.7
59787        0.7
59788        0.8
59789        0.7
59790        0.9
59791        1.1
59792        1.0
59793        1.3
59794        1.1
59795        1.3
59796        1.3
59797        1.6
59798        1.6
59799        0.8
59800        0.8
59801        0.7
59802        0.4
59803        0.7
59804        0.9
59805        0.9
59806        1.0
59807        1.2
59808        1.3
59809        1.2
59810        0.9
59811        1.2
59812        1.5
59813        1.7
59814        1.4
59815        1.6
59816        1.5
59817        1.6
59818        1.6
59819        2.1
59820        2.2
59821        2.3
59822        2.2
59823        2.2
59824        2.2
59825        2.3
59826        2.1
59827        1.0
59828        0.8
59829        1.0
59830        1.1
59831        1.4
59832        1.4
59833        1.4
59834        1.3
59835        1.3
59836        1.4
59837        1.4
59838        1.3
59839        1.1
59840        1.1
59841        1.0
59842        0.9
59843        0.9
59844        0.8
59845        0.7
59846        0.6
59847        0.5
59848        1.7
59849        1.5
59850        1.4
59851        1.4
59852        1.5
59853        1.6
59854        1.4
59855       -0.0
59856       -0.5
59857       -0.2
59858       -0.4
59859       -0.2
59860       -0.1
59861       -0.4
59862       -0.6
59863       -0.9
59864       -0.8
59865       -0.5
59866       -0.5
59867       -0.5
59868       -0.5
59869       -0.7
59870       -1.2
59871       -0.6
59872       -0.6
59873       -0.7
59874       -0.6
59875       -0.8
59876       -0.7
59877       -0.7
59878       -0.8
59879       -0.9
59880       -1.2
59881       -1.4
59882       -1.3
59883       -1.5
59884       -1.4
59885       -1.1
59886       -1.1
59887       -1.3
59888       -1.6
59889       -1.7
59890       -0.7
59891       -0.7
59892       -0.7
59893       -0.6
59894       -0.7
59895       -0.8
59896       -1.0
59897       -0.9
59898       -0.8
59899       -0.8
59900       -0.6
59901       -0.6
59902       -0.8
59903       -0.8
59904       -0.6
59905       -0.5
59906       -0.4
59907       -0.7
59908       -1.1
59909       -1.0
59910       -1.1
59911       -1.0
59912       -0.7
59913       -1.1
59914       -1.3
59915       -1.2
59916       -1.1
59917       -0.9
59918        0.3
59919        0.3
59920        0.3
59921        0.3
59922        0.4
59923        0.5
59924        0.5
59925        0.1
59926        0.3
59927        0.3
59928        0.7
59929        0.8
59930        1.1
59931        1.0
59932        1.0
59933        1.1
59934        1.2
59935        1.7
59936        1.3
59937        1.5
59938        1.6
59939        1.6
59940        1.6
59941        1.3
59942        1.5
59943        1.7
59944        1.6
59945        1.6
59946        1.6
59947        1.9
59948        1.9
59949        2.1
59950        2.1
59951        2.3
59952        2.3
59953        3.6
59954        3.7
59955        3.4
59956        3.7
59957        3.9
59958        4.2
59959        4.1
59960        4.0
59961        4.0
59962        4.0
59963        4.0
59964        3.8
59965        3.7
59966        3.6
59967        3.8
59968        3.8
59969        3.6
59970        3.7
59971        3.5
59972        3.4
59973        3.4
59974        3.5
59975        3.7
59976        3.9
59977        4.1
59978        4.0
59979        3.7
59980        3.7
59981        2.3
59982        2.2
59983        2.1
59984        2.3
59985        2.0
59986        1.7
59987        1.4
59988        1.6
59989        1.6
59990        1.8
59991        1.9
59992        1.7
59993        1.9
59994        1.8
59995        1.8
59996        1.5
59997        1.7
59998        1.9
59999        1.8
60000        2.1
60001        1.9
60002        1.9
60003        2.0
60004        2.1
60005        2.1
60006        2.0
60007        1.8
60008        1.7
60009        0.8
60010        1.0
60011        1.0
60012        1.0
60013        0.9
60014        0.8
60015        0.5
60016        0.2
60017        0.5
60018        0.3
60019        0.2
60020        0.0
60021        0.1
60022       -0.1
60023       -0.0
60024       -0.2
60025       -0.2
60026       -0.2
60027       -0.3
60028       -0.1
60029       -0.1
60030       -0.3
60031       -0.5
60032       -0.8
60033       -0.8
60034       -0.7
60035       -0.8
60036       -1.0
60037       -0.8
60038       -0.9
60039       -1.0
60040       -1.1
60041       -1.1
60042       -1.4
60043       -1.4
60044        1.4
60045        1.7
60046        1.6
60047        1.6
60048        1.5
60049        1.4
60050        1.2
60051        1.3
60052        1.3
60053        1.3
60054        1.6
60055        1.4
60056        1.3
60057        1.4
60058        1.4
60059        1.4
60060        1.5
60061        1.3
60062        1.2
60063        1.2
60064        1.3
60065        1.6
60066        1.5
60067        1.7
60068        1.7
60069        1.8
60070        1.7
60071        1.8
60072        1.0
60073        1.1
60074        1.1
60075        1.2
60076        1.4
60077        1.5
60078        1.4
60079        1.4
60080        1.4
60081        1.8
60082        1.9
60083        2.0
60084        2.0
60085        1.8
60086        2.0
60087        1.9
60088        2.3
60089        2.4
60090        2.3
60091        2.5
60092        2.8
60093        3.1
60094        3.1
60095        3.2
60096        3.4
60097        3.8
60098        4.2
60099        4.4
60100        3.2
60101        3.4
60102        3.3
60103        3.4
60104        3.1
60105        3.3
60106        3.3
60107        2.9
60108        4.1
60109        3.4
60110        3.1
60111        3.3
60112        2.9
60113        2.4
60114        2.0
60115        1.7
60116        1.3
60117        1.2
60118        1.3
60119        1.4
60120        1.1
60121        1.1
60122        1.1
60123        1.0
60124        0.6
60125        0.4
60126        0.5
60127        0.2
60128        0.1
60129       -0.2
60130       -0.2
60131       -0.2
60132       -0.4
60133       -0.6
60134       -1.0
60135        0.2
60136        0.2
60137       -0.2
60138       -0.1
60139       -0.4
60140       -0.8
60141       -1.1
60142       -0.9
60143       -1.0
60144       -1.2
60145       -1.5
60146       -1.6
60147       -1.8
60148       -2.3
60149       -2.2
60150       -2.3
60151       -2.4
60152       -2.5
60153       -2.6
60154       -2.8
60155       -3.1
60156       -2.8
60157       -2.8
60158       -3.1
60159       -2.8
60160       -2.8
60161       -2.9
60162       -3.0
60163       -2.5
60164       -2.8
60165       -3.2
60166       -2.8
60167       -2.7
60168       -2.8
60169       -2.6
60170       -2.6
60171       -2.7
60172       -2.7
60173       -2.8
60174       -2.5
60175       -2.6
60176       -2.1
60177       -1.7
60178       -1.4
60179       -1.6
60180       -1.4
60181       -1.4
60182       -0.9
60183       -0.9
60184       -0.9
60185       -0.7
60186       -0.7
60187       -0.7
60188       -1.1
60189       -0.5
60190        0.1
60191       -2.0
60192       -2.1
60193       -2.1
60194       -1.8
60195       -1.4
60196       -1.4
60197       -1.2
60198       -1.0
60199       -1.1
60200       -0.8
60201       -0.5
60202       -0.3
60203       -0.2
60204       -0.3
60205       -0.3
60206       -0.1
60207       -0.2
60208       -0.1
60209        0.0
60210        0.4
60211        0.3
60212        0.8
60213        0.8
60214        1.0
60215        1.1
60216        1.1
60217        1.2
60218        1.2
60219        0.5
60220        0.6
60221        0.6
60222        0.7
60223        0.5
60224        0.8
60225        0.9
60226        0.8
60227        1.0
60228        1.1
60229        1.1
60230        0.9
60231        1.0
60232        1.1
60233        1.1
60234        1.1
60235        1.2
60236        1.2
60237        0.9
60238        1.1
60239        1.4
60240        0.8
60241        0.7
60242        0.9
60243        0.6
60244        0.7
60245        0.9
60246        1.0
60247        1.0
60248        1.0
60249        0.7
60250        0.7
60251        1.0
60252        1.0
60253        1.1
60254        1.7
60255        1.7
60256        1.9
60257        1.9
60258        2.4
60259        2.3
60260        2.3
60261        2.2
60262        2.5
60263        2.5
60264        2.5
60265        2.8
60266        2.3
60267        2.2
60268        2.3
60269        2.4
60270        2.6
60271        2.6
60272        2.7
60273        2.9
60274        3.2
60275        3.4
60276        3.6
60277        3.3
60278        3.4
60279        3.6
60280        4.0
60281        4.5
60282        2.8
60283        2.6
60284        2.4
60285        2.6
60286        2.8
60287        2.9
60288        3.0
60289        2.8
60290        2.8
60291        2.5
60292        2.3
60293        2.0
60294        1.5
60295        1.5
60296        1.4
60297        1.3
60298        1.4
60299        1.4
60300        1.5
60301        1.4
60302        1.0
60303        1.2
60304        0.8
60305        0.9
60306        0.8
60307        0.6
60308        0.6
60309        0.5
60310        0.8
60311        0.5
60312        0.6
60313        0.5
60314        0.3
60315        0.2
60316        0.3
60317       -0.6
60318       -0.6
60319       -0.7
60320       -0.9
60321       -1.1
60322       -0.9
60323       -1.1
60324       -0.7
60325       -0.6
60326       -0.5
60327       -0.6
60328       -0.5
60329       -0.8
60330       -1.1
60331       -1.0
60332       -0.9
60333       -1.3
60334       -1.2
60335       -1.4
60336       -1.4
60337       -1.4
60338       -1.6
60339       -1.6
60340       -1.7
60341       -1.4
60342       -1.7
60343       -1.6
60344       -1.5
60345       -0.9
60346       -0.8
60347       -0.7
60348       -0.6
60349       -0.5
60350       -0.4
60351       -0.1
60352       -0.1
60353       -0.3
60354       -0.4
60355       -0.4
60356       -0.2
60357       -0.1
60358        0.1
60359        0.6
60360        0.9
60361        1.0
60362        1.1
60363        1.7
60364        1.8
60365        2.0
60366        1.9
60367        1.9
60368        1.8
60369        1.9
60370        2.3
60371        2.6
60372        2.6
60373        0.6
60374        0.3
60375        0.3
60376        0.2
60377        0.4
60378        0.6
60379        0.7
60380        0.8
60381        0.8
60382        0.5
60383        0.2
60384        0.3
60385        0.6
60386        0.5
60387        0.4
60388        0.3
60389        0.2
60390        0.1
60391        0.2
60392        0.4
60393        0.5
60394        0.7
60395        0.7
60396        0.7
60397        0.8
60398        0.6
60399        0.3
60400        0.3
60401        0.2
60402        0.1
60403       -0.3
60404       -0.4
60405       -0.4
60406       -0.3
60407       -0.1
60408       -0.5
60409       -0.3
60410       -0.4
60411       -0.6
60412       -0.7
60413       -0.8
60414       -0.9
60415       -0.7
60416       -0.5
60417       -0.7
60418       -0.8
60419       -0.8
60420       -0.8
60421       -0.8
60422       -1.0
60423       -1.0
60424       -0.9
60425       -0.9
60426       -0.7
60427       -0.7
60428       -0.7
60429       -0.8
60430       -1.1
60431       -1.2
60432       -1.3
60433       -1.3
60434       -1.4
60435       -1.4
60436       -0.6
60437       -0.5
60438       -0.8
60439       -0.9
60440       -1.2
60441       -1.1
60442       -1.0
60443       -2.5
60444       -2.4
60445       -2.0
60446       -1.9
60447       -1.7
60448       -2.1
60449       -2.0
60450       -0.3
60451       -0.3
60452       -0.6
60453       -0.4
60454       -0.4
60455       -0.6
60456       -0.7
60457       -0.3
60458       -0.4
60459       -0.2
60460        0.0
60461       -0.0
60462        0.0
60463       -0.2
60464       -1.3
60465       -1.2
60466       -1.2
60467       -0.9
60468       -1.0
60469       -1.1
60470       -1.1
60471       -1.3
60472       -1.1
60473       -0.9
60474       -1.1
60475       -1.0
60476       -0.9
60477       -0.7
60478       -0.8
60479       -1.0
60480       -1.1
60481       -0.9
60482       -1.2
60483       -1.0
60484       -0.8
60485       -0.6
60486       -0.6
60487       -0.2
60488       -0.4
60489       -0.3
60490       -0.2
60491       -0.4
60492       -0.1
60493       -0.2
60494       -0.2
60495        0.1
60496        0.6
60497        0.6
60498        0.9
60499        1.2
60500        1.1
60501        1.3
60502        1.2
60503        1.5
60504        1.6
60505        1.8
60506        1.7
60507        1.6
60508        1.5
60509        1.1
60510        1.7
60511        1.6
60512        1.8
60513        1.7
60514        1.9
60515        1.7
60516        1.8
60517        1.4
60518        1.5
60519        1.7
60520        1.9
60521        1.8
60522        1.6
60523        1.6
60524        1.9
60525        2.2
60526        2.0
60527        1.3
60528        1.2
60529        1.5
60530        1.5
60531        1.5
60532        1.4
60533        1.2
60534        1.5
60535        1.5
60536        1.4
60537        1.1
60538        1.4
60539        1.1
60540        1.2
60541        1.3
60542        1.6
60543        1.5
60544        1.4
60545        1.3
60546        1.2
60547        1.4
60548        1.1
60549        1.1
60550        1.0
60551        1.0
60552        0.9
60553        0.9
60554        0.9
60555        1.1
60556        1.2
60557        1.1
60558        1.2
60559        1.3
60560        1.4
60561        1.5
60562        1.6
60563        2.0
60564        2.0
60565        2.3
60566        2.1
60567        1.7
60568        1.9
60569        1.9
60570        2.5
60571        2.8
60572        2.9
60573        3.0
60574        3.1
60575        3.1
60576        3.3
60577        3.4
60578        3.5
60579        3.2
60580        3.6
60581        3.6
60582        3.3
60583        2.6
60584        1.8
60585        1.8
60586        1.9
60587        1.8
60588        1.7
60589        1.7
60590        0.5
60591        0.3
60592        0.1
60593       -0.2
60594        0.1
60595        0.1
60596       -0.0
60597       -0.1
60598        0.0
60599        0.2
60600        0.3
60601        0.2
60602        0.2
60603        0.0
60604       -0.4
60605       -0.3
60606       -0.2
60607       -0.2
60608       -0.3
60609       -0.3
60610       -0.1
60611        0.0
60612       -0.2
60613       -0.1
60614       -0.3
60615       -0.1
60616       -0.4
60617       -0.6
60618       -1.1
60619       -1.2
60620       -1.2
60621       -1.4
60622       -1.3
60623       -1.6
60624       -1.5
60625        0.6
60626        0.6
60627        0.8
60628        0.7
60629        0.9
60630        0.8
60631        0.9
60632        1.0
60633        1.1
60634        1.5
60635        1.6
60636        1.7
60637        1.5
60638        1.2
60639        1.3
60640        1.3
60641        1.1
60642        1.0
60643        1.1
60644        0.9
60645        1.2
60646        0.8
60647        0.8
60648        0.7
60649        0.9
60650        0.8
60651        1.0
60652        1.0
60653        0.7
60654        0.6
60655        0.7
60656        0.6
60657        0.5
60658        0.6
60659        0.7
60660        0.5
60661        0.5
60662        0.6
60663        0.8
60664        1.2
60665        1.0
60666        0.8
60667        1.0
60668        1.1
60669        0.6
60670        0.6
60671        0.7
60672        0.7
60673        0.8
60674        0.9
60675        0.9
60676        1.1
60677        1.0
60678        1.1
60679        1.0
60680        1.0
60681        0.5
60682        1.0
60683        0.9
60684        0.8
60685        0.6
60686        0.4
60687        0.3
60688        0.0
60689        0.1
60690       -0.1
60691       -0.1
60692        0.1
60693        0.4
60694        0.3
60695        0.5
60696        0.4
60697        0.5
60698        0.8
60699        0.9
60700        0.9
60701        0.9
60702        1.0
60703        1.1
60704        1.0
60705        1.0
60706        0.7
60707        0.6
60708        0.5
60709        0.5
60710        0.7
60711        0.7
60712        0.8
60713        0.8
60714        1.1
60715        1.2
60716        1.1
60717        1.1
60718        1.4
60719        1.3
60720        1.1
60721        1.1
60722        0.9
60723        0.8
60724        0.8
60725        0.7
60726        0.6
60727        0.4
60728        0.6
60729        0.8
60730        0.7
60731        0.7
60732        1.0
60733        1.0
60734        0.9
60735        0.8
60736        0.6
60737        0.8
60738        1.1
60739        0.7
60740        0.9
60741        1.0
60742        1.0
60743        1.2
60744        1.1
60745        1.1
60746        1.1
60747        1.2
60748        1.0
60749        0.9
60750        0.5
60751        0.4
60752        0.0
60753       -0.1
60754       -0.2
60755       -0.3
60756       -0.1
60757        0.3
60758        0.3
60759        0.3
60760       -0.1
60761       -0.2
60762       -0.2
60763       -0.5
60764       -0.5
60765       -0.4
60766       -0.3
60767       -0.2
60768       -0.4
60769       -0.3
60770       -0.4
60771       -0.3
60772       -0.6
60773       -1.0
60774       -1.0
60775       -1.2
60776       -1.2
60777       -1.4
60778       -1.2
60779       -0.9
60780       -0.9
60781       -0.6
60782       -0.7
60783       -0.5
60784       -0.6
60785       -0.5
60786       -0.7
60787       -0.7
60788       -0.5
60789       -0.5
60790       -0.5
60791       -0.6
60792       -0.5
60793       -0.4
60794       -0.4
60795       -0.6
60796       -0.4
60797       -0.2
60798       -0.4
60799       -0.1
60800       -0.1
60801       -0.2
60802       -0.3
60803       -0.3
60804       -0.4
60805       -0.4
60806       -0.6
60807       -0.4
60808       -0.2
60809       -0.4
60810       -0.4
60811       -0.4
60812       -0.5
60813       -0.8
60814       -1.0
60815       -0.8
60816       -0.7
60817       -0.5
60818       -0.5
60819       -0.7
60820       -0.9
60821       -0.8
60822       -0.8
60823       -0.9
60824       -0.8
60825       -1.2
60826       -1.1
60827       -1.0
60828       -1.7
60829       -1.7
60830       -1.6
60831       -1.8
60832       -1.9
60833       -1.7
60834       -1.9
60835       -1.6
60836       -1.9
60837       -2.0
60838       -2.1
60839       -2.2
60840       -2.3
60841       -2.3
60842       -2.0
60843       -2.0
60844       -1.9
60845       -2.1
60846       -2.2
60847       -2.4
60848       -2.1
60849       -2.0
60850       -1.9
60851       -1.9
60852       -1.7
60853       -1.6
60854       -1.7
60855       -1.8
60856       -1.7
60857       -1.7
60858       -1.5
60859       -1.6
60860       -1.7
60861       -1.8
60862       -1.7
60863       -1.7
60864       -1.2
60865       -1.6
60866       -1.8
60867       -2.0
60868       -2.0
60869       -2.1
60870       -1.7
60871       -1.9
60872       -1.7
60873       -2.1
60874       -2.1
60875       -2.2
60876       -1.7
60877       -2.0
60878       -1.9
60879       -2.2
60880       -2.0
60881       -2.2
60882       -2.3
60883       -2.5
60884       -2.1
60885       -2.3
60886       -2.2
60887       -2.4
60888       -2.4
60889       -2.2
60890       -2.3
60891       -2.1
60892       -2.2
60893       -2.2
60894       -2.2
60895       -2.6
60896       -2.4
60897       -2.3
60898       -2.2
60899       -2.2
60900       -2.0
60901       -2.1
60902       -2.1
60903       -2.1
60904       -1.8
60905       -1.6
60906       -1.8
60907       -1.6
60908       -1.5
60909       -1.4
60910       -1.6
60911       -1.4
60912       -1.6
60913       -1.3
60914       -1.3
60915       -1.5
60916       -1.0
60917       -1.1
60918       -0.9
60919       -0.9
60920       -0.8
60921       -0.8
60922       -0.8
60923       -1.0
60924       -1.0
60925       -1.0
60926       -0.8
60927       -0.7
60928       -0.7
60929       -0.3
60930       -0.5
60931       -0.3
60932       -0.6
60933       -0.4
60934       -0.3
60935       -0.6
60936       -0.6
60937       -0.3
60938       -1.4
60939       -0.5
60940       -0.5
60941       -0.5
60942       -0.8
60943       -0.3
60944       -0.3
60945        0.2
60946       -0.2
60947        0.2
60948       -0.4
60949       -0.3
60950       -0.5
60951       -0.4
60952       -0.5
60953       -0.1
60954       -0.1
60955       -0.4
60956       -0.3
60957       -0.5
60958       -0.6
60959       -0.4
60960       -0.4
60961        0.1
60962       -0.2
60963       -0.0
60964        0.0
60965        0.3
60966        0.2
60967        0.3
60968        0.3
60969        0.7
60970        0.6
60971        1.0
60972        0.7
60973        0.9
60974        0.3
60975        0.5
60976        0.3
60977        0.4
60978        0.2
60979        0.4
60980        0.4
60981        0.4
60982        0.4
60983        0.1
60984        0.1
60985       -0.1
60986        0.3
60987        0.2
60988        0.2
60989       -0.1
60990        0.3
60991        0.1
60992        0.5
60993       -0.1
60994        0.1
60995        0.0
60996       -0.0
60997        0.1
60998       -0.2
60999       -0.3
61000       -0.2
61001       -0.3
61002       -0.5
61003        0.2
61004        0.1
61005        0.3
61006        0.1
61007       -0.1
61008       -0.2
61009       -0.2
61010       -0.4
61011       -0.1
61012       -0.6
61013       -0.3
61014       -0.0
61015       -0.0
61016       -0.1
61017       -0.3
61018       -0.4
61019       -0.6
61020       -0.6
61021       -0.9
61022       -0.7
61023       -0.2
61024       -0.7
61025       -0.5
61026       -0.3
61027       -0.1
61028       -0.0
61029       -0.0
61030        0.3
61031        0.3
61032        0.5
61033        0.7
61034        0.6
61035        0.4
61036        0.3
61037        0.3
61038        0.3
61039        0.4
61040        0.3
61041        0.3
61042        0.5
61043        0.8
61044        0.8
61045        0.6
61046        0.7
61047        0.3
61048        0.4
61049        0.2
61050        0.4
61051        0.1
61052       -0.0
61053       -0.4
61054       -0.2
61055       -0.2
61056        0.0
61057        0.0
61058       -0.1
61059        0.1
61060       -0.1
61061       -0.0
61062        0.1
61063        0.2
61064        0.2
61065       -0.1
61066        0.1
61067       -0.1
61068        0.2
61069        0.2
61070        0.1
61071        0.2
61072        0.0
61073        0.1
61074        0.1
61075        0.2
61076        0.2
61077        0.3
61078        0.1
61079        0.0
61080        0.2
61081        0.1
61082        0.0
61083        0.3
61084       -0.0
61085        0.2
61086        0.2
61087        0.1
61088        0.3
61089       -0.2
61090        0.1
61091        0.1
61092       -0.3
61093       -0.2
61094        0.1
61095        0.0
61096       -0.1
61097       -0.0
61098        0.1
61099        0.1
61100        0.1
61101       -0.2
61102       -0.1
61103       -0.1
61104       -0.3
61105       -0.1
61106        0.0
61107       -0.2
61108       -0.7
61109       -0.8
61110       -0.7
61111       -0.6
61112       -0.2
61113       -0.1
61114        0.0
61115        0.1
61116       -0.2
61117       -0.1
61118       -0.1
61119       -0.3
61120       -0.3
61121       -0.2
61122        0.2
61123       -0.1
61124        0.2
61125        0.5
61126        0.4
61127        0.2
61128        0.5
61129        0.1
61130        0.0
61131       -0.1
61132       -0.1
61133        0.0
61134        0.1
61135        0.3
61136        0.3
61137        0.2
61138        0.3
61139        0.2
61140        0.4
61141        0.5
61142        0.5
61143        0.8
61144        0.8
61145        0.9
61146        0.8
61147        0.6
61148        0.2
61149        0.2
61150        0.1
61151        0.3
61152        0.4
61153        0.4
61154        0.2
61155        0.0
61156        0.2
61157        0.0
61158        0.0
61159       -0.1
61160        0.1
61161       -0.0
61162       -0.1
61163       -0.0
61164        0.1
61165        0.0
61166        0.3
61167        0.4
61168        0.3
61169        0.5
61170        0.3
61171        0.3
61172        0.6
61173        0.7
61174        0.5
61175        0.7
61176        0.7
61177        0.8
61178        0.5
61179        0.6
61180        0.5
61181        0.5
61182        0.3
61183        0.4
61184        0.5
61185        0.4
61186        0.6
61187        0.5
61188        0.5
61189        0.4
61190        0.3
61191        0.6
61192        0.6
61193        1.1
61194        1.1
61195        1.3
61196        1.2
61197        0.9
61198        0.7
61199        0.3
61200        0.2
61201        0.5
61202        0.3
61203        0.3
61204        0.0
61205        0.3
61206        0.2
61207        0.4
61208        0.1
61209        0.3
61210        0.2
61211        0.1
61212        0.1
61213        0.0
61214        0.1
61215        0.3
61216        0.1
61217        0.3
61218        0.2
61219        0.3

# UTC remains available from the monthly Circular T at
# (http://www.bipm.org/en/bipm-services/timescales/time-ftp/Circular-T.html).
