# MJD  [UTCr-UTC(ORB)]/ns
56467       -2.6
56468       -2.1
56469       -1.6
56470       -2.1
56471       -2.3
56472       -2.5
56473       -2.3
56474       -0.3
56475       -0.0
56476       -0.3
56477       -0.2
56478       -0.7
56479       -0.8
56480       -0.7
56481          -
56482          -
56483     -134.4
56484       -3.5
56485        0.0
56486        0.1
56487       -0.6
56488        2.5
56489        0.5
56490       -0.8
56491        1.1
56492        1.3
56493       -0.5
56494        2.5
56495        3.9
56496        3.5
56497        0.7
56498       -1.8
56499       -2.8
56500       -7.0
56501       -5.4
56502       -7.3
56503       -9.9
56504       -9.9
56505      -11.6
56506      -12.9
56507      -16.1
56508      -19.2
56509      -20.3
56510      -18.0
56511      -18.8
56512      -19.9
56513      -18.1
56514      -18.9
56515      -19.6
56516      -22.5
56517      -24.7
56518      -23.5
56519      -25.2
56520      -31.4
56521      -32.6
56522      -31.9
56523      -32.1
56524      -26.6
56525      -20.9
56526      -18.3
56527      -12.6
56528       -6.2
56529       -1.4
56530        3.8
56531        4.7
56532        4.4
56533        4.2
56534        5.0
56535        7.0
56536        7.6
56537        4.8
56538        0.7
56539        2.3
56540        3.4
56541        5.7
56542        6.9
56543        9.3
56544       11.8
56545       14.9
56546       14.6
56547       13.6
56548       16.0
56549       17.5
56550       14.7
56551       13.6
56552       11.3
56553       11.8
56554       12.0
56555       11.5
56556       12.6
56557       14.5
56558       11.5
56559       11.4
56560       10.1
56561        9.6
56562       10.4
56563       10.6
56564       10.7
56565        9.2
56566        7.9
56567        6.0
56568        7.9
56569        8.2
56570        6.4
56571        8.2
56572        8.7
56573       11.4
56574       14.8
56575       13.1
56576       12.0
56577        6.6
56578        2.6
56579        0.8
56580        2.2
56581        0.5
56582        2.6
56583        3.4
56584        7.1
56585        3.2
56586        0.7
56587        2.6
56588       -1.1
56589       -5.2
56590       -4.4
56591       -6.6
56592       -8.7
56593      -11.4
56594      -10.6
56595      -10.7
56596      -12.9
56597      -12.4
56598      -15.2
56599      -17.3
56600      -16.5
56601      -20.4
56602      -23.4
56603      -24.8
56604      -23.8
56605      -22.3
56606      -21.3
56607      -20.8
56608      -16.6
56609      -15.3
56610      -11.8
56611      -10.1
56612       -8.6
56613       -9.5
56614       -6.8
56615       -4.1
56616       -5.7
56617       -7.6
56618       -3.8
56619       -3.1
56620        0.7
56621        0.5
56622        3.6
56623        1.3
56624        2.5
56625        0.6
56626        3.5
56627        8.3
56628       11.1
56629       13.4
56630       10.9
56631        6.0
56632       -1.5
56633       -0.3
56634       -3.6
56635       -0.8
56636       -1.7
56637       -2.4
56638       -5.4
56639       -5.2
56640       -1.9
56641        1.2
56642        3.1
56643        0.4
56644       -2.1
56645       -3.2
56646        0.9
56647        2.8
56648        5.7
56649        7.4
56650        9.0
56651        6.9
56652        7.1
56653        7.7
56654        8.0
56655        8.7
56656        9.1
56657        6.9
56658        5.8
56659        9.5
56660       12.1
56661       11.1
56662       11.4
56663        9.7
56664        9.2
56665        9.1
56666        6.0
56667        1.9
56668        0.8
56669        1.8
56670       -1.1
56671       -0.3
56672        0.1
56673        4.2
56674        0.8
56675        1.4
56676        0.9
56677       -2.1
56678        0.0
56679        4.7
56680        3.5
56681        1.1
56682        1.4
56683        2.1
56684       -4.5
56685       -5.8
56686       -6.2
56687       -7.6
56688       -9.1
56689       -8.6
56690       -7.1
56691       -4.0
56692        1.3
56693        0.6
56694       -0.8
56695       -4.3
56696       -4.4
56697       -4.5
56698       -9.8
56699      -12.9
56700      -12.5
56701      -10.8
56702       -3.5
56703       -2.7
56704       -3.9
56705       -5.0
56706       -5.8
56707       -5.5
56708       -4.1
56709       -2.1
56710       -3.7
56711       -6.6
56712       -6.0
56713       -4.7
56714       -5.3
56715       -2.6
56716        3.6
56717        4.0
56718        3.0
56719        4.7
56720        5.8
56721        5.0
56722        4.5
56723        1.6
56724        1.2
56725        1.8
56726        2.5
56727        3.6
56728        4.3
56729        7.5
56730        8.7
56731        8.4
56732       10.3
56733        9.2
56734        7.7
56735        6.1
56736        4.9
56737        1.2
56738       -1.7
56739          -
56740       -0.6
56741       -1.3
56742        2.8
56743       -0.7
56744       -1.7
56745        2.7
56746        5.8
56747        5.1
56748        4.4
56749        0.9
56750       -0.9
56751       -0.6
56752        2.5
56753        3.2
56754        6.9
56755        5.4
56756        1.9
56757        1.4
56758        0.9
56759        0.6
56760        1.2
56761        1.7
56762        3.0
56763        0.2
56764        1.4
56765        3.2
56766        2.7
56767        2.1
56768        2.0
56769        2.5
56770       -0.1
56771        0.4
56772        1.2
56773        2.9
56774        4.1
56775        5.5
56776        3.6
56777       -0.6
56778       -0.5
56779       -3.1
56780       -2.2
56781       -5.1
56782       -2.2
56783       -3.7
56784       -5.2
56785       -4.0
56786       -8.2
56787       -7.9
56788       -8.2
56789       -8.3
56790       -7.3
56791       -6.6
56792       -6.1
56793       -7.3
56794       -7.4
56795       -9.6
56796      -10.4
56797      -11.0
56798       -7.8
56799       -6.0
56800       -5.4
56801      -11.0
56802       -9.5
56803       -9.4
56804      -10.8
56805       -8.2
56806       -7.9
56807       -9.8
56808       -8.5
56809       -9.7
56810       -7.5
56811       -8.6
56812       -6.9
56813       -6.5
56814       -7.0
56815       -4.0
56816       -3.2
56817       -1.2
56818       -0.1
56819        1.0
56820        1.3
56821        0.9
56822        0.5
56823        3.8
56824        2.3
56825       -2.4
56826       -2.0
56827       -3.6
56828       -4.3
56829       -1.7
56830       -4.2
56831       -2.1
56832       -6.6
56833       -8.2
56834      -10.4
56835       -9.7
56836      -11.0
56837      -11.4
56838      -11.1
56839      -10.2
56840      -13.9
56841      -14.5
56842      -12.8
56843      -13.5
56844      -14.6
56845      -15.4
56846      -15.2
56847       -9.0
56848       -9.6
56849      -10.3
56850       -7.3
56851       -4.9
56852       -5.1
56853       -6.3
56854       -7.6
56855       -4.6
56856       -4.9
56857       -2.2
56858       -0.2
56859        1.4
56860        0.4
56861        0.1
56862        2.1
56863        1.6
56864        4.7
56865        4.6
56866        3.5
56867        2.7
56868        4.5
56869        6.4
56870        7.4
56871        8.6
56872        7.2
56873        8.2
56874        9.4
56875        9.7
56876        7.2
56877        5.1
56878        0.5
56879        0.1
56880       -4.7
56881       -4.6
56882       -5.0
56883       -6.6
56884       -9.2
56885       -9.0
56886       -8.5
56887      -11.4
56888      -12.1
56889      -16.1
56890      -15.3
56891      -14.2
56892      -14.9
56893      -18.2
56894      -18.3
56895      -17.5
56896      -16.5
56897      -14.9
56898      -13.3
56899      -10.9
56900      -11.8
56901      -10.7
56902      -10.9
56903      -10.1
56904       -9.6
56905       -8.7
56906       -3.4
56907       -0.3
56908        1.6
56909        3.1
56910       -2.7
56911       -2.3
56912       -5.9
56913       -7.0
56914       -7.0
56915       -5.3
56916       -6.2
56917       -8.1
56918       -7.4
56919       -5.2
56920       -3.7
56921       -3.2
56922       -0.2
56923       -0.6
56924       -0.7
56925        1.7
56926        3.8
56927        4.2
56928        3.5
56929        0.8
56930       -1.0
56931        3.4
56932        4.1
56933        8.0
56934        4.5
56935        7.2
56936        8.0
56937        7.1
56938        9.7
56939       13.3
56940        9.9
56941       10.9
56942       10.9
56943        6.8
56944        3.6
56945        1.9
56946        0.5
56947        0.4
56948       -1.7
56949       -4.9
56950       -8.5
56951       -8.6
56952       -7.1
56953       -5.0
56954       -4.3
56955       -1.2
56956       -0.2
56957       -1.7
56958       -4.8
56959       -2.6
56960       -3.1
56961       -3.1
56962        4.2
56963        1.9
56964        1.1
56965        2.0
56966        3.4
56967        6.2
56968        7.3
56969        6.0
56970        6.2
56971        8.1
56972        7.0
56973       13.0
56974       11.9
56975       10.8
56976       12.3
56977       12.5
56978       12.4
56979        9.9
56980       12.2
56981        8.4
56982        5.3
56983        6.6
56984        6.3
56985        0.9
56986        0.7
56987        1.5
56988        3.9
56989        3.9
56990        0.1
56991        3.6
56992        2.5
56993        0.1
56994       -4.4
56995       -7.5
56996       -7.9
56997       -4.1
56998       -3.0
56999        1.1
57000        1.1
57001        2.3
57002        5.5
57003        3.7
57004        4.2
57005        4.9
57006        5.9
57007        5.2
57008        5.8
57009        3.1
57010       -1.8
57011       -5.4
57012       -4.6
57013       -8.5
57014       -7.6
57015       -7.5
57016       -8.8
57017       -8.2
57018       -7.9
57019      -10.5
57020       -7.8
57021       -3.3
57022       -2.5
57023       -3.9
57024       -6.7
57025       -5.5
57026       -7.7
57027       -9.5
57028       -9.5
57029       -6.6
57030      -12.2
57031      -12.7
57032      -13.7
57033      -13.5
57034      -12.5
57035      -11.4
57036      -12.8
57037      -13.7
57038      -14.2
57039      -13.4
57040       -8.4
57041       -7.8
57042       -7.9
57043       -8.2
57044       -6.0
57045       -5.1
57046       -5.6
57047       -5.8
57048       -3.6
57049       -2.0
57050        3.1
57051        6.1
57052        5.6
57053        3.3
57054        6.1
57055        7.5
57056        5.1
57057        3.8
57058        2.8
57059        4.4
57060        7.6
57061        4.9
57062        0.5
57063       -0.9
57064       -2.2
57065       -3.6
57066       -3.0
57067       -2.1
57068       -3.8
57069       -2.8
57070       -2.8
57071       -5.2
57072       -6.3
57073       -8.7
57074       -9.9
57075       -9.6
57076       -6.5
57077       -5.3
57078       -0.9
57079        3.3
57080        1.6
57081       -0.3
57082       -3.6
57083       -6.3
57084       -7.3
57085       -4.4
57086       -2.4
57087       -1.2
57088       -0.7
57089       -2.5
57090       -7.0
57091       -9.0
57092       -8.0
57093       -5.2
57094       -2.4
57095        0.1
57096       -1.2
57097        0.7
57098       -1.6
57099       -2.7
57100       -3.7
57101       -2.0
57102       -3.1
57103        1.3
57104       -0.4
57105        1.4
57106        0.7
57107        2.7
57108        1.3
57109        0.7
57110        0.6
57111        2.0
57112        5.1
57113        7.1
57114        1.5
57115       -1.9
57116       -3.1
57117       -6.2
57118       -6.0
57119       -3.2
57120       -6.8
57121       -7.5
57122       -4.7
57123       -2.7
57124       -3.2
57125       -0.5
57126        0.7
57127        2.7
57128        2.0
57129        0.5
57130        1.9
57131        5.3
57132        5.2
57133        7.1
57134        7.8
57135        7.0
57136        5.3
57137        4.0
57138        6.0
57139        3.3
57140        1.6
57141        5.0
57142        4.5
57143        3.2
57144        2.6
57145        4.2
57146        1.1
57147        1.5
57148        8.0
57149        9.0
57150       13.5
57151        9.9
57152       10.7
57153       10.1
57154        7.1
57155        6.6
57156        4.3
57157        5.2
57158        3.8
57159        2.4
57160        2.6
57161        2.3
57162       -1.8
57163       -3.2
57164       -4.4
57165       -8.9
57166      -10.0
57167      -14.7
57168      -13.1
57169      -11.4
57170      -12.6
57171      -12.0
57172      -12.6
57173      -14.5
57174      -14.5
57175      -12.9
57176      -12.5
57177       -9.1
57178       -9.4
57179       -9.6
57180       -8.4
57181       -7.2
57182       -6.7
57183       -6.2
57184       -5.8
57185       -5.2
57186       -3.8
57187       -2.6
57188       -2.2
57189       -0.8
57190       -0.5
57191       -1.0
57192       -1.4
57193       -1.7
57194       -2.0
57195       -2.7
57196       -2.4
57197       -2.6
57198       -2.8
57199       -2.8
57200       -2.8
57201       -3.0
57202       -2.5
57203       -2.4
57204       -1.8
57205       -1.2
57206       -1.2
57207       -0.6
57208       -0.5
57209        2.8
57210        2.5
57211        2.8
57212        2.9
57213        3.1
57214        3.4
57215        3.2
57216        1.9
57217        1.0
57218        0.7
57219        0.4
57220        0.5
57221        0.2
57222       -0.0
57223       -0.7
57224       -1.1
57225       -1.0
57226       -0.6
57227       -0.1
57228        0.0
57229       -0.2
57230        0.3
57231        0.0
57232       -0.7
57233       -0.7
57234       -0.9
57235       -0.8
57236       -0.8
57237       -0.4
57238        0.0
57239        0.5
57240        0.4
57241        0.1
57242        0.1
57243        0.6
57244        2.3
57245        2.6
57246        3.0
57247        3.4
57248        3.2
57249        6.0
57250        3.3
57251        3.7
57252        4.5
57253        5.4
57254        5.8
57255        5.2
57256        5.2
57257        6.1
57258        5.0
57259        4.8
57260        4.3
57261        4.3
57262        4.1
57263        3.4
57264        3.6
57265        3.4
57266        3.0
57267        3.3
57268        3.5
57269        3.2
57270        3.4
57271        3.8
57272        3.3
57273        3.4
57274        3.3
57275        3.2
57276        2.9
57277        2.8
57278        2.6
57279        2.5
57280        2.6
57281        2.3
57282        2.6
57283        2.5
57284        2.0
57285        2.0
57286        3.8
57287        3.9
57288        3.8
57289        3.6
57290        3.6
57291        3.5
57292        3.7
57293        3.8
57294        3.9
57295        3.7
57296        3.5
57297        3.7
57298        3.4
57299        3.3
57300        5.0
57301        4.2
57302        4.5
57303        4.1
57304        4.3
57305        4.5
57306        4.7
57307        5.0
57308        4.6
57309        3.8
57310        3.2
57311        2.1
57312        1.6
57313        0.8
57314       -0.8
57315       -1.4
57316       -2.0
57317       -2.1
57318       -2.2
57319       -2.1
57320       -2.7
57321       -2.5
57322       -2.6
57323       -3.3
57324       -2.3
57325       -2.9
57326       -3.3
57327       -3.0
57328       -2.5
57329       -2.9
57330       -3.6
57331       -3.6
57332       -3.8
57333       -3.8
57334       -3.8
57335       -2.8
57336       -3.0
57337       -2.2
57338       -2.3
57339       -2.3
57340       -2.2
57341       -2.2
57342       -1.6
57343       -2.6
57344       -2.8
57345       -2.7
57346       -2.2
57347       -2.4
57348       -2.3
57349       -2.2
57350       -3.0
57351       -2.3
57352       -2.9
57353       -3.4
57354       -2.8
57355       -2.6
57356       -2.2
57357       -2.3
57358       -1.9
57359       -1.9
57360       -1.8
57361       -1.6
57362       -1.0
57363       -3.4
57364       -3.0
57365       -3.0
57366       -2.5
57367       -2.1
57368       -1.8
57369       -1.5
57370       -1.1
57371       -1.4
57372       -1.9
57373       -1.9
57374       -1.5
57375       -1.6
57376       -1.0
57377        0.6
57378        0.8
57379        0.9
57380        1.6
57381        1.7
57382        1.3
57383        1.7
57384        2.3
57385        2.4
57386        3.0
57387        2.7
57388        2.8
57389        2.9
57390        3.0
57391        1.3
57392        0.9
57393        0.4
57394        0.1
57395        0.1
57396       -0.0
57397        0.3
57398        0.4
57399       -0.1
57400       -0.6
57401       -0.5
57402       -1.1
57403       -1.0
57404       -0.8
57405       -2.7
57406       -3.3
57407       -3.9
57408       -4.2
57409       -4.7
57410       -5.4
57411       -5.8
57412       -5.7
57413       -5.5
57414       -5.6
57415       -5.7
57416       -5.8
57417       -6.0
57418       -5.5
57419       -5.9
57420       -6.5
57421       -6.0
57422       -6.3
57423       -6.2
57424       -6.3
57425       -6.4
57426       -9.1
57427       -9.3
57428       -9.1
57429       -9.4
57430       -9.6
57431       -9.5
57432       -9.7
57433      -10.1
57434       -9.8
57435       -9.0
57436       -8.6
57437       -8.5
57438       -8.2
57439       -8.0
57440       -6.9
57441       -6.4
57442       -5.7
57443       -4.7
57444       -4.3
57445       -3.7
57446       -3.7
57447       -4.3
57448       -4.5
57449       -4.2
57450       -4.8
57451       -5.0
57452       -5.2
57453       -5.5
57454       -3.8
57455       -3.8
57456       -3.5
57457       -4.4
57458       -4.7
57459       -5.0
57460       -4.5
57461       -3.7
57462       -3.8
57463       -3.6
57464       -2.7
57465       -2.0
57466       -1.6
57467       -2.0
57468       -3.3
57469       -3.8
57470       -3.7
57471       -3.7
57472       -3.5
57473       -2.6
57474       -2.4
57475       -1.2
57476       -1.2
57477       -0.9
57478       -0.6
57479        0.3
57480        1.1
57481        1.4
57482        4.7
57483        5.4
57484        6.1
57485        6.3
57486        6.7
57487        6.8
57488        6.8
57489        8.1
57490        7.8
57491        8.4
57492        8.2
57493        8.7
57494        9.0
57495        9.5
57496        8.3
57497        8.0
57498        7.7
57499        8.0
57500        7.7
57501        7.7
57502        7.9
57503        8.5
57504        8.5
57505        8.8
57506        8.4
57507        8.3
57508        8.1
57509        8.8
57510        6.8
57511        6.8
57512        7.2
57513        7.8
57514        8.1
57515        8.2
57516        8.2
57517        8.0
57518        7.5
57519        8.0
57520        8.1
57521        7.9
57522        8.3
57523        8.5
57524        9.4
57525        9.6
57526        9.7
57527        9.5
57528        9.8
57529        9.7
57530       10.1
57531       11.0
57532       11.3
57533       11.5
57534       11.7
57535       11.3
57536       11.0
57537       10.9
57538       11.6
57539       11.1
57540       11.1
57541       10.2
57542       10.1
57543        9.8
57544        9.7
57545        7.9
57546        7.8
57547        7.4
57548        6.8
57549        6.2
57550        5.7
57551        4.8
57552        5.0
57553        4.1
57554        3.7
57555        3.0
57556        3.1
57557        2.5
57558        2.4
57559        2.9
57560        2.7
57561        2.4
57562        2.0
57563        1.2
57564        1.5
57565        1.8
57566        0.7
57567        0.4
57568        0.4
57569       -0.0
57570       -0.3
57571        0.1
57572        0.1
57573        1.5
57574        1.7
57575        1.8
57576        1.6
57577        1.5
57578        1.7
57579        2.1
57580        1.9
57581        2.4
57582        3.0
57583        2.9
57584        2.5
57585        2.0
57586        2.3
57587        2.4
57588        2.1
57589        1.8
57590        1.2
57591        1.1
57592        1.2
57593        1.4
57594        1.3
57595        1.5
57596        1.6
57597        1.6
57598        1.7
57599        2.1
57600        3.0
57601        4.6
57602        4.6
57603        4.9
57604        6.0
57605        6.2
57606        6.4
57607        6.5
57608        4.4
57609        4.6
57610        4.7
57611        5.3
57612        4.9
57613        5.1
57614        5.1
57615        5.0
57616        5.1
57617        4.5
57618        4.1
57619        4.4
57620        4.5
57621        4.0
57622        4.3
57623        4.7
57624        5.3
57625        5.9
57626        5.9
57627        5.6
57628        5.2
57629        5.6
57630        5.3
57631        5.3
57632        5.7
57633        6.2
57634        6.0
57635        6.1
57636        2.5
57637        2.2
57638        2.3
57639        2.2
57640        1.0
57641        1.1
57642        0.1
57643        0.5
57644        0.1
57645       -0.2
57646       -0.6
57647       -1.0
57648       -1.2
57649       -1.5
57650       -0.2
57651       -0.1
57652       -0.6
57653       -1.0
57654       -1.2
57655       -0.7
57656       -0.6
57657       -0.1
57658        0.2
57659       -0.4
57660       -0.0
57661        0.3
57662        0.2
57663        0.6
57664        1.2
57665        1.3
57666        1.5
57667        1.7
57668        1.4
57669        1.3
57670        1.0
57671        0.2
57672       -0.3
57673       -0.0
57674        0.4
57675        0.4
57676        0.1
57677        0.2
57678        1.5
57679        2.1
57680        1.9
57681        2.5
57682        2.5
57683        2.5
57684        2.6
57685        2.8
57686        2.9
57687        3.4
57688        3.9
57689        4.1
57690        3.9
57691        4.2
57692        4.7
57693        4.7
57694        4.6
57695        4.2
57696        4.5
57697        4.1
57698        4.7
57699        7.3
57700        9.6
57701        9.8
57702        8.0
57703        8.4
57704        7.6
57705        6.2
57706        9.3
57707       15.1
57708       16.8
57709       16.8
57710       20.2
57711       18.6
57712       15.4
57713       11.7
57714        9.1
57715        6.8
57716        5.0
57717        5.1
57718        5.5
57719        5.2
57720        4.0
57721        4.1
57722        3.9
57723        3.9
57724        4.1
57725        4.1
57726        4.3
57727        2.5
57728        1.8
57729        1.6
57730        1.7
57731        2.0
57732        2.5
57733        1.9
57734        3.6
57735        3.4
57736        3.7
57737        4.1
57738        4.3
57739        4.6
57740        5.0
57741        2.8
57742        2.4
57743        1.9
57744        1.5
57745        1.4
57746        1.9
57747        0.9
57748        0.3
57749        0.3
57750        0.3
57751       -0.0
57752       -0.1
57753        0.5
57754       -1.2
57755       -2.0
57756       -1.4
57757       -0.7
57758       -0.2
57759        0.6
57760        0.9
57761        0.9
57762        0.5
57763        0.8
57764        1.1
57765        1.3
57766        1.3
57767        1.5
57768        1.4
57769        3.2
57770        3.7
57771        4.2
57772        3.7
57773        4.2
57774        4.1
57775        4.2
57776        3.4
57777        4.2
57778        4.0
57779        4.0
57780        4.1
57781        4.1
57782        4.5
57783        5.8
57784        6.4
57785        6.1
57786        4.9
57787        4.9
57788        5.0
57789        4.9
57790        2.8
57791        3.1
57792        2.9
57793        2.8
57794        2.6
57795        2.8
57796        2.9
57797        2.6
57798        3.0
57799        2.5
57800        2.4
57801        2.8
57802        2.7
57803        2.8
57804        1.3
57805        1.3
57806        1.3
57807        1.3
57808        1.5
57809        1.2
57810        0.6
57811        0.9
57812        1.2
57813       -0.3
57814       -1.0
57815       -2.0
57816       -2.4
57817       -2.2
57818       -5.9
57819       -6.2
57820       -6.2
57821       -4.7
57822       -4.3
57823       -4.3
57824       -4.3
57825       -4.9
57826       -5.4
57827       -5.9
57828       -5.7
57829       -5.7
57830       -6.1
57831       -6.6
57832       -6.3
57833       -6.3
57834       -6.4
57835       -7.3
57836       -8.5
57837       -8.8
57838       -9.6
57839      -10.5
57840      -10.9
57841      -11.5
57842      -11.0
57843      -10.8
57844      -10.5
57845      -10.1
57846       -4.5
57847       -4.2
57848       -3.4
57849       -2.3
57850       -1.6
57851       -1.8
57852       -1.5
57853       -0.5
57854        0.2
57855        0.5
57856        0.8
57857        1.1
57858        1.0
57859        1.0
57860        2.6
57861        2.5
57862        2.4
57863        2.6
57864        2.3
57865        1.9
57866        2.6
57867        2.0
57868        2.4
57869        2.0
57870        1.9
57871        1.9
57872        1.3
57873        1.1
57874        1.1
57875        1.1
57876        1.5
57877        1.4
57878        2.1
57879        2.7
57880        2.4
57881       -4.6
57882       -4.3
57883       -4.2
57884       -4.2
57885       -5.0
57886       -5.5
57887       -5.1
57888       -6.1
57889       -7.0
57890       -6.6
57891       -6.2
57892       -6.2
57893       -5.9
57894       -5.6
57895       -6.6
57896       -6.7
57897       -6.6
57898       -6.8
57899       -6.5
57900       -6.4
57901       -7.2
57902       -5.4
57903       -5.5
57904       -4.9
57905       -5.1
57906       -5.2
57907       -5.1
57908       -4.6
57909       -4.0
57910       -4.0
57911       -2.9
57912       -3.5
57913       -3.3
57914       -2.6
57915       -2.6
57916       -0.9
57917       -0.8
57918       -0.2
57919       -0.1
57920        0.7
57921        1.0
57922        1.7
57923       -0.2
57924       -0.2
57925       -0.3
57926       -0.1
57927        0.4
57928        0.8
57929        0.9
57930        3.3
57931        3.3
57932        3.4
57933        3.8
57934        4.1
57935        3.4
57936        3.8
57937        0.3
57938        0.5
57939        0.6
57940        0.8
57941        0.7
57942        0.5
57943        0.6
57944        1.9
57945        2.1
57946        1.6
57947        2.0
57948        1.9
57949        2.0
57950        1.3
57951        0.4
57952        0.6
57953        0.4
57954        0.4
57955        0.7
57956        0.9
57957        0.6
57958        2.1
57959        2.1
57960        2.3
57961        2.3
57962        2.7
57963        2.3
57964        2.2
57965        2.6
57966        2.7
57967        2.9
57968        3.1
57969        3.0
57970        2.9
57971        2.9
57972        3.6
57973        3.4
57974        3.5
57975        3.3
57976        3.4
57977        3.4
57978        3.2
57979        3.8
57980        3.5
57981        3.2
57982        3.0
57983        3.1
57984        3.3
57985        2.7
57986        2.3
57987        2.0
57988        1.5
57989        1.4
57990        1.4
57991        0.9
57992        0.7
57993        0.6
57994        0.8
57995        0.7
57996        0.6
57997        0.7
57998        0.6
57999        0.6
58000        0.9
58001        0.5
58002        0.9
58003        0.8
58004        0.7
58005        1.0
58006        1.3
58007        1.0
58008        1.0
58009        1.3
58010        1.4
58011        1.3
58012        1.9
58013        2.3
58014        2.3
58015        2.1
58016        2.1
58017        2.0
58018        2.3
58019        2.3
58020        2.3
58021        2.1
58022        2.2
58023        2.0
58024        1.9
58025        2.0
58026        1.5
58027        1.5
58028        0.9
58029        1.2
58030        1.2
58031        0.4
58032        1.0
58033        1.1
58034        1.3
58035        1.0
58036        0.9
58037        0.7
58038        0.7
58039        0.8
58040       -0.0
58041        0.4
58042        0.1
58043       -0.2
58044        0.0
58045       -0.5
58046       -0.3
58047        0.2
58048        0.6
58049        0.5
58050       -0.0
58051        0.1
58052        0.0
58053        0.1
58054        0.5
58055        0.2
58056        0.4
58057       -0.3
58058       -0.2
58059        0.1
58060       -0.0
58061       -0.0
58062       -0.2
58063       -0.2
58064        0.1
58065       -0.4
58066        2.3
58067        1.0
58068        0.7
58069        1.3
58070        0.9
58071        1.0
58072       -0.2
58073       -0.3
58074        0.3
58075        1.7
58076        1.3
58077       -0.2
58078       -0.2
58079       -0.1
58080       -0.3
58081       -0.4
58082       -0.3
58083       -0.6
58084       -1.1
58085       -1.1
58086       -1.2
58087       -1.6
58088       -2.5
58089       -2.1
58090       -2.3
58091       -1.2
58092       -1.6
58093       -1.7
58094       -1.5
58095       -1.2
58096       -1.0
58097       -0.6
58098        0.5
58099       -0.5
58100       -0.8
58101        0.1
58102        0.4
58103       -0.3
58104       -0.1
58105       -1.9
58106       -2.2
58107       -2.4
58108       -2.2
58109       -2.2
58110       -1.9
58111       -1.8
58112       -1.9
58113       -1.8
58114       -1.9
58115       -2.3
58116       -2.5
58117       -2.7
58118       -3.1
58119       -1.7
58120       -1.2
58121       -0.9
58122       -1.0
58123       -0.6
58124       -0.4
58125       -0.4
58126       -0.7
58127       -0.1
58128       -0.1
58129       -0.0
58130       -0.2
58131        0.1
58132        0.2
58133        0.5
58134        0.7
58135        0.8
58136        0.6
58137        0.6
58138        0.6
58139        0.8
58140        0.8
58141        0.7
58142        0.7
58143        0.8
58144        1.5
58145        1.6
58146        1.2
58147        0.8
58148        0.7
58149        0.8
58150       -5.8
58151        1.6
58152        1.4
58153        1.3
58154        2.7
58155        2.6
58156        2.8
58157        2.9
58158        3.3
58159        3.2
58160        3.2
58161        3.6
58162        3.8
58163        4.2
58164        3.9
58165        4.3
58166        4.9
58167        5.0
58168        4.9
58169        5.1
58170        5.2
58171        5.2
58172        4.9
58173        5.0
58174        4.6
58175        4.3
58176        4.6
58177        4.7
58178        4.4
58179        4.2
58180        3.7
58181        3.8
58182        2.8
58183        2.1
58184        1.3
58185        0.9
58186        1.1
58187        1.0
58188        1.3
58189        1.7
58190        1.6
58191        2.5
58192        2.9
58193        2.9
58194        3.0
58195        3.0
58196        2.7
58197        2.5
58198        2.6
58199        2.4
58200        2.5
58201        2.5
58202        2.9
58203        2.8
58204        3.2
58205        3.2
58206        3.5
58207        3.5
58208        3.8
58209        4.1
58210        4.4
58211        3.9
58212        3.9
58213        3.8
58214        4.0
58215        4.0
58216        3.4
58217        2.0
58218        2.2
58219        2.4
58220        2.7
58221        2.6
58222        2.1
58223        2.3
58224        1.6
58225        1.5
58226        1.9
58227        1.6
58228        1.9
58229        1.9
58230        2.1
58231        2.0
58232        2.0
58233        1.8
58234        1.5
58235        1.1
58236        0.9
58237        0.5
58238       -0.2
58239       -0.4
58240        0.7
58241       -1.1
58242       -1.5
58243       -2.0
58244       -2.3
58245       -1.3
58246       -1.7
58247       -1.9
58248       -2.3
58249       -2.2
58250       -2.6
58251       -2.8
58252       -3.4
58253       -3.4
58254       -3.5
58255       -3.6
58256       -3.4
58257       -3.8
58258       -3.8
58259       -3.5
58260       -3.3
58261       -3.8
58262       -3.7
58263       -3.4
58264       -3.2
58265       -3.1
58266       -3.0
58267       -3.2
58268       -2.7
58269       -2.7
58270       -2.4
58271       -2.2
58272       -2.2
58273       -0.2
58274       -0.5
58275       -0.4
58276       -0.5
58277       -0.4
58278       -0.2
58279       -0.1
58280       -0.1
58281       -0.6
58282       -0.6
58283       -0.8
58284       -0.6
58285       -0.8
58286       -0.8
58287       -0.5
58288       -0.3
58289        0.3
58290        0.4
58291        0.9
58292        0.9
58293        0.8
58294        0.5
58295        1.1
58296        1.1
58297        1.4
58298        1.7
58299        2.1
58300        2.9
58301        3.6
58302        3.6
58303        3.9
58304        4.3
58305        4.7
58306        4.8
58307        5.1
58308        4.9
58309        5.1
58310        5.1
58311        4.9
58312        4.7
58313        4.4
58314        4.1
58315        3.9
58316        3.4
58317        3.6
58318        3.7
58319        3.5
58320        3.1
58321        3.2
58322        2.6
58323        2.9
58324        2.8
58325        2.6
58326        3.0
58327        3.1
58328        3.8
58329        3.1
58330        3.0
58331        3.3
58332        3.4
58333        3.4
58334        3.3
58335        3.5
58336        2.2
58337        1.9
58338        1.6
58339        1.9
58340        1.9
58341        1.8
58342        2.0
58343        1.4
58344        1.0
58345        1.1
58346        1.0
58347        0.1
58348        0.6
58349        0.4
58350       -0.0
58351       -0.2
58352       -0.6
58353       -0.7
58354       -0.8
58355       -1.0
58356       -1.0
58357       -1.4
58358       -1.0
58359       -1.1
58360       -1.5
58361       -1.3
58362       -1.2
58363       -1.0
58364       -0.5
58365       -1.0
58366       -1.0
58367       -0.9
58368       -0.3
58369       -0.2
58370       -0.5
58371       -0.5
58372       -0.3
58373       -0.4
58374       -0.2
58375        0.2
58376        0.4
58377        0.3
58378        0.5
58379        0.6
58380        0.5
58381        0.4
58382        0.9
58383        0.9
58384        0.5
58385        1.7
58386        1.5
58387        1.6
58388        1.6
58389        1.4
58390        1.5
58391        1.6
58392        0.4
58393        0.2
58394       -0.0
58395        0.2
58396        0.5
58397        0.8
58398        0.7
58399        1.2
58400        1.2
58401        0.9
58402        0.2
58403        0.1
58404       -0.2
58405       -0.1
58406       -0.3
58407       -0.3
58408       -0.3
58409       -0.5
58410       -0.7
58411       -0.3
58412       -0.7
58413       -0.9
58414       -0.4
58415       -0.9
58416       -0.6
58417       -0.7
58418       -0.4
58419       -0.4
58420       -1.0
58421       -1.1
58422       -1.3
58423       -1.4
58424       -1.3
58425       -1.2
58426       -0.7
58427       -0.5
58428       -0.5
58429       -0.5
58430       -0.4
58431       -0.5
58432       -0.6
58433       -0.7
58434       -1.1
58435       -0.6
58436       -0.7
58437       -0.5
58438       -0.1
58439       -0.0
58440        0.3
58441        0.4
58442        0.2
58443        0.1
58444       -0.1
58445       -0.0
58446        0.3
58447        0.1
58448       -0.2
58449       -0.2
58450        0.2
58451        0.3
58452        0.3
58453        0.5
58454        0.7
58455        1.9
58456        2.1
58457        2.5
58458        2.7
58459        2.5
58460        3.2
58461        3.1
58462        3.0
58463        3.0
58464        3.1
58465        3.0
58466        3.0
58467        2.8
58468        2.5
58469        2.0
58470        1.2
58471        1.4
58472        1.2
58473        0.8
58474        0.7
58475        0.6
58476        0.9
58477        1.2
58478        0.9
58479        0.8
58480        0.4
58481        0.4
58482        0.5
58483        0.5
58484        0.5
58485        0.8
58486        0.8
58487        0.7
58488        0.5
58489        0.7
58490        1.4
58491        1.5
58492        1.8
58493        2.0
58494        1.9
58495        2.6
58496        2.7
58497        3.2
58498        3.0
58499        3.1
58500        3.3
58501        3.7
58502        3.8
58503        4.0
58504        3.9
58505        4.1
58506        4.2
58507        4.1
58508        4.2
58509        4.3
58510        4.9
58511        5.1
58512        5.6
58513        5.6
58514        5.6
58515        5.7
58516        5.0
58517        5.0
58518        1.2
58519        1.2
58520        0.9
58521        0.9
58522        1.0
58523        1.3
58524        1.1
58525        1.4
58526        1.4
58527        1.5
58528        1.4
58529        1.5
58530        1.8
58531        2.1
58532        2.3
58533        2.3
58534        2.6
58535        2.6
58536        2.7
58537        3.3
58538        3.9
58539        3.7
58540        4.1
58541        4.2
58542        4.1
58543        4.1
58544        4.4
58545        4.2
58546        3.8
58547        3.7
58548        3.5
58549        3.6
58550        3.6
58551        3.5
58552        3.7
58553        4.1
58554        3.8
58555        4.0
58556        3.7
58557        3.5
58558        3.0
58559        3.3
58560        3.2
58561        3.2
58562        2.6
58563        2.2
58564        2.3
58565        2.2
58566        1.9
58567        1.8
58568        1.9
58569        1.6
58570        1.6
58571        1.1
58572        0.9
58573        0.6
58574        0.4
58575        0.2
58576        0.7
58577        1.3
58578          -
58579          -
58580          -
58581        1.6
58582        1.8
58583        2.2
58584        2.0
58585        2.1
58586        2.0
58587        2.1
58588        2.4
58589        2.5
58590        2.3
58591        2.7
58592        2.7
58593        3.0
58594        3.5
58595        4.0
58596        4.4
58597        4.3
58598        4.4
58599        4.5
58600        4.6
58601        4.3
58602        4.0
58603        3.8
58604        4.2
58605        3.6
58606        3.3
58607        3.3
58608        2.9
58609        1.1
58610        0.7
58611        0.6
58612        0.8
58613        0.5
58614        0.5
58615        0.4
58616        0.1
58617       -0.1
58618        0.1
58619        0.2
58620        0.0
58621        0.0
58622       -0.0
58623        0.2
58624        0.5
58625        0.7
58626        0.5
58627        0.6
58628        0.8
58629        0.7
58630        0.8
58631        0.8
58632        0.6
58633        0.3
58634        0.8
58635        0.9
58636        1.0
58637        0.8
58638        1.2
58639        1.1
58640        1.2
58641        1.7
58642        1.9
58643        1.8
58644        1.8
58645        1.8
58646        1.6
58647        1.4
58648        0.9
58649        1.2
58650        1.0
58651        1.1
58652        1.4
58653        1.4
58654        1.3
58655        1.5
58656        1.2
58657        1.0
58658        0.7
58659        0.5
58660        0.3
58661        0.7
58662        1.0
58663        1.1
58664        1.1
58665        1.3
58666        1.6
58667        1.4
58668        1.5
58669        1.6
58670        1.9
58671        1.6
58672        2.4
58673        2.5
58674        2.2
58675        2.5
58676        2.9
58677        2.8
58678        2.7
58679        2.7
58680        2.8
58681        2.6
58682        2.3
58683        2.2
58684        1.9
58685        2.1
58686        2.0
58687        2.3
58688        2.7
58689        2.2
58690        2.3
58691        2.0
58692        2.0
58693        2.5
58694        2.4
58695        1.6
58696        1.7
58697        1.6
58698        1.5
58699        1.5
58700        1.6
58701        1.7
58702        1.8
58703        2.2
58704        1.3
58705        1.8
58706        1.0
58707        1.1
58708        1.3
58709        1.7
58710        1.5
58711        1.8
58712        1.5
58713        1.7
58714        1.9
58715        2.1
58716        2.0
58717        1.9
58718        1.8
58719        1.7
58720        1.8
58721        1.9
58722        1.3
58723        1.4
58724        1.1
58725        1.7
58726        1.7
58727        1.6
58728        1.6
58729        1.1
58730        1.2
58731        1.4
58732        1.0
58733        0.5
58734        0.8
58735       -0.0
58736       -0.3
58737       -0.5
58738       -0.4
58739       -0.3
58740        0.1
58741        0.2
58742        0.1
58743        0.0
58744        0.2
58745       -0.1
58746        0.2
58747        0.5
58748        0.1
58749        0.1
58750        0.5
58751        0.4
58752        0.3
58753        0.5
58754        0.6
58755        0.4
58756        0.5
58757       -0.0
58758        0.1
58759        0.2
58760        0.0
58761       -0.3
58762       -0.3
58763       -0.0
58764       -0.5
58765        0.1
58766        0.1
58767       -0.4
58768       -0.1
58769       -0.6
58770       -0.8
58771       -1.0
58772       -0.8
58773       -1.3
58774       -1.0
58775       -1.0
58776       -0.6
58777       -0.9
58778       -0.7
58779       -0.8
58780       -0.7
58781       -0.6
58782       -0.7
58783       -1.1
58784       -1.2
58785       -1.5
58786       -1.8
58787       -1.8
58788       -2.1
58789       -2.1
58790       -1.9
58791       -1.4
58792       -1.3
58793       -1.5
58794       -1.7
58795       -1.4
58796       -1.5
58797       -1.7
58798       -1.8
58799       -2.0
58800       -2.0
58801       -1.9
58802       -2.2
58803       -2.1
58804       -2.1
58805       -2.5
58806       -2.5
58807       -2.5
58808       -2.1
58809       -2.3
58810       -2.3
58811       -2.2
58812       -2.5
58813       -2.4
58814       -2.3
58815       -2.5
58816       -3.0
58817       -2.9
58818       -2.8
58819       -1.6
58820       -1.6
58821       -1.6
58822       -1.3
58823       -1.4
58824       -1.3
58825       -1.5
58826       -1.0
58827       -1.5
58828       -1.9
58829       -1.7
58830       -1.3
58831       -1.5
58832       -2.2
58833       -2.5
58834       -2.6
58835       -2.8
58836       -2.7
58837       -2.8
58838       -2.9
58839       -3.2
58840       -3.3
58841       -3.5
58842       -3.7
58843       -3.9
58844       -3.8
58845       -3.8
58846       -3.9
58847       -3.7
58848       -3.8
58849       -3.8
58850       -3.9
58851       -3.9
58852       -3.8
58853       -3.7
58854       -1.9
58855       -1.6
58856       -1.6
58857       -0.9
58858       -0.2
58859       -0.4
58860       -0.3
58861       -0.2
58862       -0.5
58863       -0.6
58864       -0.7
58865       -0.9
58866       -0.9
58867       -1.3
58868       -1.7
58869       -1.4
58870       -1.5
58871       -1.5
58872       -1.4
58873       -1.5
58874       -1.8
58875       -1.8
58876       -1.9
58877       -2.3
58878       -2.5
58879       -2.9
58880       -3.3
58881       -3.4
58882       -1.1
58883       -1.1
58884       -1.6
58885       -1.8
58886       -1.8
58887       -2.2
58888       -2.4
58889       -2.4
58890       -2.6
58891       -2.7
58892       -2.9
58893       -2.9
58894       -3.1
58895       -3.2
58896       -2.7
58897       -2.8
58898       -2.7
58899       -2.7
58900       -2.9
58901       -2.8
58902       -3.0
58903       -2.8
58904       -2.6
58905       -2.2
58906       -1.8
58907       -1.7
58908       -2.4
58909       -2.2
58910       -2.2
58911       -2.3
58912       -2.3
58913       -2.3
58914       -1.9
58915       -2.1
58916       -1.7
58917       -1.3
58918       -1.2
58919       -1.2
58920       -0.7
58921       -0.0
58922        0.3
58923        0.8
58924        0.7
58925        1.0
58926        1.2
58927        1.3
58928        1.3
58929        1.1
58930        1.4
58931        1.1
58932        1.3
58933        1.4
58934        1.5
58935        1.6
58936        1.3
58937        1.6
58938        1.4
58939        1.8
58940        2.1
58941        2.3
58942        2.3
58943        2.4
58944        2.6
58945        2.3
58946        2.4
58947        2.4
58948        2.6
58949        2.7
58950        3.1
58951        3.4
58952        3.3
58953        3.5
58954        3.4
58955        3.7
58956        3.3
58957        3.5
58958        3.6
58959        4.1
58960        4.1
58961        3.9
58962        3.7
58963        3.3
58964        3.3
58965        3.2
58966        3.3
58967        3.1
58968        3.2
58969        3.1
58970        3.3
58971        3.2
58972        2.9
58973        1.3
58974        1.3
58975        1.1
58976        0.7
58977        0.5
58978        0.4
58979        0.3
58980        0.6
58981        0.3
58982        0.5
58983        0.5
58984        0.3
58985        0.2
58986        0.0
58987       -0.1
58988        0.3
58989        0.2
58990        0.2
58991       -0.0
58992        0.3
58993        0.2
58994       -0.2
58995        0.1
58996       -0.0
58997        0.1
58998        0.3
58999        0.4
59000       -0.0
59001       -0.2
59002        0.1
59003       -0.0
59004        0.3
59005        0.4
59006        0.6
59007        0.6
59008        0.4
59009        0.3
59010        0.2
59011        0.1
59012        0.1
59013       -0.2
59014       -0.3
59015       -0.7
59016       -0.8
59017       -0.6
59018       -1.0
59019       -0.3
59020       -0.6
59021       -0.9
59022       -0.6
59023       -0.4
59024       -0.5
59025       -0.2
59026       -0.3
59027       -0.5
59028       -0.1
59029       -0.2
59030        0.2
59031       -0.3
59032        0.0
59033        0.1
59034        0.1
59035       -0.0
59036       -0.3
59037       -0.4
59038       -0.5
59039       -0.6
59040       -0.4
59041       -0.4
59042       -0.3
59043       -0.2
59044       -0.3
59045       -0.1
59046       -0.3
59047       -0.1
59048        0.3
59049        0.4
59050        0.5
59051        0.6
59052        0.7
59053        1.0
59054        1.2
59055        1.3
59056        1.7
59057        2.1
59058        2.3
59059        2.4
59060        2.3
59061        3.0
59062        2.8
59063        3.7
59064        3.3
59065        3.6
59066        3.8
59067        3.9
59068        4.0
59069        4.3
59070        3.9
59071        4.4
59072        4.1
59073        4.1
59074        4.4
59075          -
59076        4.0
59077        5.2
59078        5.0
59079        5.3
59080        5.5
59081        4.8
59082        5.5
59083        6.2
59084        6.4
59085        6.5
59086        6.1
59087        6.7
59088        6.3
59089        6.7
59090        6.3
59091        6.1
59092        6.1
59093        5.7
59094        5.6
59095        5.2
59096        5.0
59097        5.1
59098        4.8
59099        2.5
59100        2.2
59101        2.0
59102        1.9
59103        2.1
59104        1.9
59105        1.6
59106          -
59107        0.9
59108        1.1
59109        0.7
59110        1.0
59111        0.2
59112       -0.9
59113       -0.7
59114       -0.7
59115       -0.7
59116       -0.4
59117       -0.4
59118       -0.7
59119       -0.7
59120       -1.1
59121       -1.2
59122       -0.9
59123       -0.9
59124       -0.6
59125       -0.9
59126       -0.8
59127       -1.4
59128       -1.8
59129       -1.9
59130       -2.2
59131       -2.2
59132       -2.1
59133       -2.2
59134       -2.3
59135       -2.6
59136       -2.9
59137       -3.3
59138       -3.8
59139       -3.7
59140       -3.7
59141       -3.0
59142       -2.8
59143       -2.8
59144       -2.8
59145       -2.6
59146       -2.8
59147       -2.9
59148       -2.5
59149       -2.6
59150       -3.2
59151       -3.4
59152       -3.1
59153       -2.7
59154       -2.8
59155       -2.6
59156       -2.4
59157       -2.7
59158       -2.4
59159       -2.2
59160       -2.8
59161       -3.1
59162       -3.3
59163       -3.3
59164       -3.2
59165       -2.9
59166       -3.1
59167       -3.1
59168       -3.0
59169       -2.6
59170       -2.6
59171       -2.2
59172       -2.1
59173       -1.9
59174       -2.0
59175       -1.6
59176       -1.7
59177       -1.8
59178       -1.6
59179       -2.1
59180       -2.2
59181       -2.3
59182       -2.3
59183       -1.2
59184       -1.2
59185       -1.0
59186       -1.3
59187       -1.1
59188       -1.2
59189       -1.2
59190       -2.9
59191       -3.1
59192       -3.3
59193       -3.2
59194       -3.1
59195       -3.3
59196       -3.9
59197       -4.2
59198       -4.4
59199       -4.3
59200       -4.3
59201       -4.1
59202       -4.1
59203       -4.0
59204       -3.9
59205       -4.0
59206       -4.1
59207       -3.7
59208       -3.7
59209       -3.6
59210       -3.5
59211       -3.3
59212       -3.3
59213       -3.9
59214       -4.2
59215       -4.2
59216       -4.2
59217       -3.9
59218       -4.4
59219       -3.9
59220       -3.7
59221       -3.5
59222       -3.4
59223       -3.1
59224       -2.5
59225       -1.9
59226       -1.8
59227       -1.8
59228       -2.1
59229       -1.3
59230       -0.9
59231       -0.5
59232        0.1
59233        0.3
59234        0.9
59235        0.9
59236        0.7
59237        0.6
59238        0.5
59239        0.0
59240        0.1
59241       -0.1
59242       -0.2
59243        0.3
59244        0.5
59245        0.6
59246        0.9
59247        1.1
59248        1.3
59249        1.6
59250        1.6
59251        1.8
59252        2.0
59253        1.2
59254        1.1
59255        0.9
59256        0.9
59257        0.8
59258        1.0
59259        0.7
59260        0.2
59261        0.3
59262        0.3
59263        0.3
59264        0.2
59265       -0.2
59266       -0.0
59267        0.1
59268       -0.0
59269        0.4
59270        0.7
59271        0.7
59272        1.1
59273        1.1
59274        0.7
59275        0.5
59276        0.3
59277        0.1
59278        0.2
59279        0.3
59280        0.3
59281        0.2
59282       -0.1
59283       -0.0
59284       -0.4
59285       -0.5
59286       -0.6
59287       -0.4
59288        0.1
59289       -0.1
59290       -0.1
59291        0.3
59292        0.5
59293        0.5
59294        0.5
59295        0.5
59296        0.5
59297        0.7
59298        0.4
59299        0.8
59300        0.9
59301        1.2
59302        1.5
59303        1.6
59304        1.8
59305        2.1
59306        2.2
59307        2.1
59308        2.2
59309        2.1
59310        1.9
59311        2.3
59312        2.6
59313        2.5
59314        2.3
59315        2.0
59316        2.4
59317        2.2
59318        2.4
59319        2.2
59320        2.3
59321        2.3
59322        2.2
59323        2.0
59324        2.2
59325        1.8
59326        1.8
59327        2.1
59328        1.8
59329        2.1
59330        2.4
59331        2.4
59332        2.3
59333        2.5
59334        2.5
59335        2.6
59336        2.6
59337        3.0
59338        3.0
59339        3.2
59340        3.2
59341        3.4
59342        3.0
59343        3.0
59344        2.7
59345        3.0
59346        2.8
59347        2.7
59348        2.6
59349        2.5
59350        2.6
59351        2.3
59352        2.1
59353        2.1
59354        1.8
59355        2.0
59356        2.0
59357        2.0
59358        1.9
59359        2.2
59360        1.9
59361        1.9
59362        1.6
59363        1.6
59364        1.3
59365        1.0
59366        1.0
59367        1.0
59368        0.1
59369       -0.1
59370       -0.1
59371        0.5
59372        1.3
59373        1.1
59374        0.8
59375        0.7
59376        0.4
59377        0.5
59378        0.5
59379        0.8
59380        0.5
59381        0.5
59382        0.3
59383        0.2
59384        0.7
59385        0.6
59386        0.4
59387        0.5
59388        0.2
59389        0.4
59390        0.7
59391        0.4
59392        0.6
59393        0.5
59394        0.5
59395        0.1
59396        0.4
59397        0.5
59398       -0.1
59399        0.0
59400        0.3
59401        0.5
59402        0.5
59403        0.4
59404        0.7
59405        1.1
59406        1.1
59407        1.3
59408        1.5
59409        1.5
59410        1.4
59411        1.7
59412        1.7
59413        2.0
59414        2.0
59415        2.1
59416        2.2
59417        2.3
59418        2.6
59419        2.5
59420        2.6
59421        2.7
59422        2.9
59423        3.0
59424        3.2
59425        3.0
59426        3.3
59427        3.1
59428        1.7
59429        1.8
59430        1.9
59431        1.8
59432        1.8
59433        2.0
59434        2.3
59435        2.4
59436        2.5
59437        2.9
59438        3.2
59439        3.0
59440        3.1
59441        2.7
59442        2.8
59443        2.6
59444        2.2
59445        2.2
59446        2.0
59447        1.8
59448        1.9
59449        1.7
59450        1.8
59451        1.9
59452        1.2
59453        1.2
59454        1.1
59455        1.0
59456        0.8
59457        0.8
59458        0.6
59459        0.7
59460        0.9
59461        0.7
59462        0.4
59463        0.5
59464        0.2
59465        0.4
59466        0.4
59467        0.2
59468        0.2
59469        0.2
59470       -0.1
59471       -0.0
59472       -0.2
59473        0.0
59474       -0.2
59475       -0.1
59476       -0.0
59477       -0.3
59478       -0.4
59479       -0.5
59480       -0.5
59481       -0.4
59482        0.0
59483        0.2
59484        0.5
59485        0.6
59486        0.4
59487        0.7
59488        0.6
59489        0.8
59490        0.7
59491        1.6
59492        1.4
59493        1.2
59494        0.6
59495        0.5
59496        0.5
59497        0.7
59498        0.5
59499        0.6
59500        0.8
59501        0.8
59502        0.7
59503        0.5
59504        0.6
59505        0.5
59506       -0.2
59507        0.4
59508        0.8
59509        0.9
59510        0.7
59511        1.0
59512        0.8
59513        0.8
59514        0.7
59515        0.7
59516        1.1
59517        1.0
59518        1.3
59519        1.3
59520        1.0
59521        1.3
59522        1.2
59523        0.8
59524        0.4
59525        0.3
59526        0.6
59527        0.6
59528        0.7
59529        0.7
59530        0.8
59531        0.4
59532        0.5
59533        0.6
59534        0.6
59535        0.9
59536        0.8
59537        0.7
59538        0.7
59539        0.9
59540        1.1
59541        1.0
59542        1.2
59543        1.5
59544        1.4
59545        1.7
59546        1.4
59547        1.3
59548        1.0
59549        1.1
59550        1.1
59551        1.0
59552        1.0
59553        1.3
59554        1.9
59555        1.8
59556        1.8
59557        1.7
59558        1.5
59559        1.4
59560        1.3
59561        1.7
59562        1.8
59563        1.8
59564        1.8
59565        1.7
59566        1.9
59567        2.0
59568        2.3
59569        2.7
59570        2.8
59571        3.1
59572        3.0
59573        2.9
59574        2.9
59575        3.1
59576        3.0
59577        3.0
59578        2.7
59579        2.8
59580        2.4
59581        2.3
59582        2.3
59583        2.0
59584        2.0
59585        1.7
59586        1.7
59587        1.7
59588        1.5
59589       -0.1
59590       -0.2
59591       -0.6
59592       -0.5
59593       -0.6
59594       -0.7
59595       -0.9
59596       -1.2
59597       -1.5
59598       -1.8
59599       -2.0
59600       -2.1
59601       -2.3
59602       -1.9
59603       -1.7
59604       -1.9
59605       -2.0
59606       -2.2
59607       -2.4
59608       -2.4
59609       -2.3
59610       -2.5
59611       -2.4
59612       -2.3
59613       -2.0
59614       -1.8
59615       -2.0
59616       -2.1
59617       -1.6
59618       -1.6
59619       -1.4
59620       -1.1
59621       -0.6
59622       -0.1
59623        0.2
59624        0.5
59625        0.5
59626        0.6
59627        0.9
59628        0.8
59629        1.1
59630        0.9
59631        1.2
59632        1.3
59633        1.2
59634        1.4
59635        1.5
59636        1.4
59637        1.6
59638        1.6
59639        1.5
59640        1.5
59641        1.9
59642        2.2
59643        2.2
59644        2.1
59645        2.2
59646        2.4
59647        2.3
59648        2.3
59649        2.3
59650        2.1
59651        1.9
59652        1.6
59653        1.7
59654        1.7
59655        1.5
59656        1.5
59657        1.4
59658        1.5
59659        1.4
59660        1.2
59661        1.2
59662        1.3
59663        1.1
59664        1.1
59665        0.7
59666        0.6
59667        0.5
59668        0.5
59669        0.7
59670        0.6
59671        0.3
59672        0.2
59673       -1.4
59674       -1.8
59675       -1.7
59676       -1.7
59677       -1.8
59678       -1.8
59679       -2.1
59680       -2.1
59681       -2.2
59682       -2.4
59683       -2.4
59684       -2.5
59685       -2.6
59686       -2.6
59687       -2.6
59688       -2.9
59689       -2.9
59690       -3.0
59691       -3.0
59692       -3.1
59693       -3.2
59694       -3.1
59695       -3.3
59696       -3.2
59697       -3.4
59698       -3.3
59699       -3.4
59700       -3.2
59701       -3.3
59702       -3.2
59703       -3.0
59704       -2.9
59705       -2.7
59706       -2.6
59707       -2.4
59708       -2.3
59709       -2.3
59710       -2.0
59711       -1.6
59712       -1.4
59713       -1.3
59714       -1.3
59715       -1.2
59716       -1.0
59717       -0.6
59718       -0.5
59719       -0.4
59720        0.1
59721        0.0
59722        0.2
59723        0.5
59724        0.7
59725        0.6
59726        0.3
59727        0.5
59728        0.6
59729        0.5
59730        0.6
59731        0.4
59732        0.5
59733        0.5
59734        0.2
59735        0.0
59736        0.3
59737        0.4
59738        0.7
59739        1.0
59740        0.7
59741        0.8
59742        1.2
59743        1.1
59744        1.2
59745        1.4
59746        1.2
59747        1.1
59748        1.2
59749        1.4
59750        1.0
59751        1.5
59752        1.5
59753        1.2
59754        1.3
59755        1.5
59756        1.7
59757        2.0
59758        2.3
59759        2.2
59760        2.4
59761        2.5
59762        2.6
59763        2.7
59764        1.6
59765        1.8
59766        1.7
59767        1.6
59768        1.6
59769        1.4
59770        1.5
59771        1.4
59772        1.8
59773        1.6
59774        1.4
59775        1.7
59776        1.7
59777        1.6
59778        1.6
59779        1.5
59780        1.4
59781        1.2
59782        1.6
59783        1.4
59784        1.3
59785        1.3
59786        1.6
59787        1.8
59788        1.9
59789        1.6
59790        1.8
59791        1.6
59792        1.7
59793        1.7
59794        2.0
59795        2.1
59796        1.9
59797        2.1
59798        2.0
59799        1.2
59800        1.1
59801        1.1
59802        1.1
59803        1.3
59804        1.5
59805        1.8
59806        1.2
59807          -
59808        1.3
59809        0.3
59810        2.5
59811        4.3
59812        4.9
59813        3.3
59814        5.7
59815        5.3
59816        3.2
59817        3.6
59818        9.2
59819        7.3
59820        5.5
59821        5.5
59822        5.2
59823        6.5
59824        7.0
59825        7.7
59826        5.4
59827        0.2
59828       -1.1
59829        0.5
59830        2.3
59831       -1.0
59832        0.9
59833       -1.2
59834        1.0
59835        2.6
59836        2.3
59837        4.1
59838        6.0
59839        3.3
59840       -2.3
59841       -2.8
59842       -0.6
59843        3.2
59844        0.3
59845        2.2
59846        3.6
59847        4.0
59848       -2.8
59849       -7.8
59850       -9.1
59851      -13.1
59852      -15.0
59853      -17.8
59854      -16.5
59855      -14.4
59856      -16.5
59857      -15.7
59858      -10.2
59859      -10.7
59860      -12.4
59861      -10.2
59862       -5.7
59863       -4.8
59864       -4.4
59865       -4.2
59866       -3.6
59867       -2.7
59868       -1.4
59869       -0.2
59870        0.7
59871        1.8
59872        2.0
59873        3.0
59874        2.9
59875        2.4
59876        2.7
59877        2.5
59878        2.2
59879        2.1
59880        1.8
59881        1.2
59882        0.9
59883        0.3
59884       -0.3
59885       -1.0
59886       -0.9
59887       -0.9
59888       -1.1
59889       -1.3
59890       -0.2
59891        0.2
59892        0.2
59893        0.1
59894        0.1
59895        0.2
59896        0.0
59897        0.4
59898        0.1
59899        0.3
59900        0.4
59901        0.8
59902        0.6
59903        1.0
59904        1.2
59905        1.3
59906        1.3
59907        1.2
59908        1.1
59909        1.5
59910        1.6
59911        1.8
59912        2.2
59913        2.3
59914        2.2
59915        2.3
59916        2.9
59917        3.1
59918        3.6
59919        3.6
59920        3.8
59921        4.3
59922        4.8
59923        5.3
59924        5.7
59925        5.3
59926        5.5
59927       14.0
59928        4.9
59929        2.4
59930        2.7
59931        2.8
59932        3.7
59933        3.8
59934        4.0
59935        3.9
59936        3.4
59937        3.1
59938        2.8
59939        2.6
59940        2.1
59941        1.8
59942        1.7
59943        1.3
59944        0.8
59945        0.8
59946        0.6
59947        0.4
59948        0.4
59949        0.6
59950        0.7
59951        0.8
59952        1.0
59953        2.6
59954        2.4
59955        2.0
59956        1.9
59957        2.1
59958        2.1
59959        2.4
59960        2.4
59961        2.5
59962        2.5
59963        2.4
59964        2.3
59965        2.3
59966        2.4
59967        2.2
59968        4.7
59969        4.0
59970        3.9
59971        4.3
59972        4.2
59973        4.4
59974        4.1
59975        4.4
59976        4.6
59977        4.8
59978        5.0
59979        5.2
59980        5.2
59981        4.2
59982        3.9
59983        3.5
59984        3.3
59985        2.6
59986        2.7
59987        3.4
59988        3.5
59989        3.5
59990        4.3
59991        4.1
59992        3.5
59993        3.4
59994        3.3
59995        3.3
59996        2.8
59997        3.0
59998        2.7
59999        2.8
60000        2.7
60001        2.8
60002        2.5
60003        2.9
60004        2.6
60005        2.3
60006        1.9
60007        1.6
60008        1.6
60009        0.8
60010        0.2
60011        0.5
60012        0.7
60013        1.1
60014        1.4
60015        1.1
60016        1.1
60017        1.1
60018        0.9
60019        0.7
60020        1.0
60021        0.9
60022        0.7
60023        0.8
60024        0.5
60025        0.9
60026        1.0
60027        0.8
60028        0.7
60029        0.5
60030        0.1
60031        0.2
60032       -0.3
60033       -0.1
60034       -0.5
60035       -0.4
60036       -0.4
60037       -0.5
60038       -0.5
60039       -0.4
60040       -0.8
60041       -1.3
60042       -1.3
60043       -1.4
60044        1.6
60045        1.7
60046        1.4
60047        1.8
60048        1.8
60049        1.6
60050        1.3
60051        1.2
60052        1.3
60053        0.7
60054        0.9
60055        0.6
60056        0.5
60057        0.6
60058        0.8
60059        1.2
60060        1.6
60061        1.6
60062        1.4
60063        1.7
60064        1.7
60065        1.8
60066        1.9
60067        1.9
60068        1.9
60069        1.5
60070        1.8
60071        1.7
60072        0.8
60073        0.8
60074        1.0
60075        1.2
60076        1.0
60077        1.1
60078        0.9
60079        0.9
60080        0.9
60081        0.8
60082        0.6
60083        0.8
60084        0.8
60085        0.6
60086        0.4
60087        0.6
60088        0.8
60089        1.1
60090        1.1
60091        1.2
60092        1.2
60093        1.2
60094        1.3
60095        1.3
60096        1.5
60097        1.8
60098        1.7
60099        1.8
60100        0.5
60101        0.4
60102        0.5
60103        0.4
60104        0.4
60105        0.3
60106        0.5
60107        0.3
60108        0.3
60109        0.5
60110        0.3
60111        0.2
60112       -0.0
60113       -0.4
60114       -0.5
60115       -0.5
60116       -0.8
60117       -0.6
60118       -0.3
60119       -0.4
60120       -0.1
60121        0.1
60122       -0.0
60123        0.1
60124        0.5
60125        1.1
60126        0.8
60127        0.9
60128        0.6
60129        0.4
60130        0.7
60131        0.3
60132        0.0
60133       -0.3
60134       -0.9
60135        0.4
60136        0.4
60137        0.3
60138        0.1
60139       -0.1
60140        0.0
60141        0.4
60142        0.5
60143        0.9
60144        1.0
60145        1.2
60146        1.2
60147        1.2
60148        1.0
60149        1.0
60150        1.0
60151        1.0
60152        0.8
60153        1.1
60154        1.1
60155        1.3
60156        1.1
60157        1.2
60158        1.3
60159        1.3
60160        1.5
60161        1.3
60162        1.3
60163        1.9
60164        1.8
60165        1.7
60166        1.6
60167        1.5
60168        0.9
60169          -
60170        1.4
60171        0.9
60172        0.4
60173        0.2
60174        0.2
60175        0.2
60176        1.0
60177        1.3
60178        1.4
60179        1.5
60180        1.3
60181        1.5
60182        2.0
60183        1.8
60184        1.8
60185        1.8
60186        2.1
60187        2.5
60188        2.1
60189        2.8
60190        3.1
60191        2.8
60192        3.1
60193        3.7
60194        4.1
60195        4.3
60196        4.5
60197        4.4
60198        4.7
60199        4.7
60200        4.7
60201        4.7
60202        4.8
60203        4.7
60204        4.2
60205        4.4
60206        4.6
60207        4.4
60208        4.4
60209        4.6
60210        4.5
60211        4.5
60212        4.4
60213        4.3
60214        4.2
60215        3.9
60216        3.4
60217        3.5
60218        3.4
60219        2.5
60220        2.4
60221        2.4
60222        2.2
60223        1.9
60224        2.0
60225        2.0
60226        2.2
60227        2.0
60228        2.2
60229        2.0
60230        1.8
60231        2.1
60232        2.3
60233        2.5
60234        2.7
60235        2.7
60236        2.6
60237        2.8
60238        3.0
60239        2.8
60240        2.7
60241        2.5
60242        2.5
60243        2.7
60244        2.5
60245        2.6
60246        2.5
60247        2.4
60248        2.2
60249        2.0
60250        2.0
60251        1.8
60252        1.9
60253        2.0
60254        2.5
60255        2.3
60256        2.1
60257        1.9
60258        2.1
60259        1.8
60260        1.7
60261        1.1
60262        1.2
60263        1.1
60264        1.1
60265        0.8
60266        0.6
60267        0.8
60268        0.6
60269        0.6
60270        0.3
60271        0.4
60272        0.2
60273        0.1
60274        0.1
60275        0.6
60276        0.9
60277        1.7
60278        1.8
60279        1.9
60280        1.8
60281        1.9
60282        0.2
60283        0.0
60284        0.0
60285       -0.0
60286       -0.3
60287       -0.1
60288        0.1
60289        0.2
60290        0.1
60291        0.3
60292        0.3
60293        0.2
60294        0.0
60295       -0.2
60296       -0.1
60297       -0.1
60298        0.0
60299       -0.0
60300       -0.1
60301        0.1
60302        0.3
60303        0.2
60304        0.4
60305        0.1
60306        0.5
60307        0.2
60308       -0.0
60309        0.4
60310        1.0
60311        1.0
60312        1.5
60313        1.2
60314        1.5
60315        1.4
60316        1.7
60317        1.3
60318        1.6
60319        1.8
60320        1.4
60321        1.2
60322        1.1
60323        0.9
60324        0.9
60325        0.7
60326        0.8
60327        0.5
60328        0.5
60329        0.3
60330        0.2
60331        0.0
60332        0.0
60333       -0.4
60334       -0.5
60335       -0.6
60336       -0.3
60337       -0.3
60338       -0.5
60339       -0.6
60340       -0.5
60341       -0.8
60342       -0.8
60343       -0.7
60344       -0.6
60345        0.3
60346        0.3
60347        0.3
60348        0.2
60349        0.2
60350        0.2
60351       -0.1
60352        0.0
60353       -0.0
60354       -0.4
60355       -0.3
60356       -0.2
60357       -0.2
60358       -0.3
60359       -0.1
60360       -0.0
60361        0.2
60362        0.2
60363        0.7
60364        0.2
60365       -0.0
60366       -0.3
60367       -0.5
60368       -0.5
60369       -0.7
60370       -0.4
60371       -0.1
60372       -0.1
60373       -2.0
60374       -1.7
60375       -1.9
60376       -2.0
60377       -1.9
60378       -2.2
60379       -2.2
60380       -2.5
60381       -2.4
60382       -2.5
60383       -2.1
60384       -2.0
60385       -1.7
60386       -1.7
60387       -1.2
60388       -1.2
60389       -0.7
60390       -0.5
60391       -0.3
60392       -0.0
60393        0.2
60394        0.8
60395        1.0
60396        1.0
60397        1.5
60398        1.4
60399        1.3
60400        1.6
60401        1.5
60402        1.3
60403        1.1
60404        1.1
60405        1.2
60406        1.2
60407        1.2
60408        0.9
60409        1.0
60410        0.9
60411        0.4
60412        0.6
60413        0.6
60414        0.5
60415        0.7
60416        0.8
60417        0.7
60418        0.7
60419        0.7
60420        0.8
60421        0.6
60422        0.6
60423        0.7
60424        0.6
60425        0.5
60426        0.5
60427        0.4
60428        0.2
60429        0.5
60430        0.1
60431       -0.1
60432       -0.0
60433       -0.3
60434        0.2
60435        0.2
60436        0.6
60437        0.7
60438        0.6
60439        0.7
60440        0.6
60441        0.7
60442        0.9
60443        0.9
60444        1.0
60445        0.9
60446        1.0
60447        1.1
60448        0.8
60449        1.1
60450        1.0
60451        0.8
60452        0.8
60453        0.9
60454        0.7
60455        0.5
60456        0.7
60457        0.6
60458        0.7
60459        0.2
60460        0.5
60461        0.6
60462        0.3
60463        0.1
60464       -0.8
60465       -1.3
60466       -1.2
60467       -1.2
60468       -1.5
60469       -1.5
60470       -1.6
60471       -2.0
60472       -1.9
60473       -2.1
60474       -1.9
60475       -2.0
60476       -1.9
60477       -2.0
60478       -1.8
60479       -1.7
60480       -1.6
60481       -1.4
60482       -1.3
60483       -1.0
60484       -0.7
60485       -0.4
60486       -0.1
60487        0.2
60488        0.5
60489        0.9
60490        0.8
60491        0.9
60492        1.1
60493        1.1
60494        1.4
60495        1.5
60496        1.6
60497        1.7
60498        1.9
60499        2.1
60500        2.0
60501        2.0
60502        2.0
60503        1.7
60504        1.8
60505        1.6
60506        1.5
60507        1.3
60508        0.7
60509        0.6
60510        0.1
60511       -0.2
60512       -0.3
60513       -0.2
60514       -0.7
60515       -0.7
60516       -1.1
60517       -1.3
60518       -1.0
60519       -0.7
60520       -0.6
60521       -0.9
60522       -1.0
60523       -1.2
60524       -0.6
60525       -0.8
60526       -0.5
60527       -1.2
60528       -0.8
60529       -1.1
60530       -0.7
60531       -0.9
60532       -0.6
60533       -0.8
60534       -0.6
60535       -0.6
60536       -0.6
60537       -0.2
60538       -0.3
60539       -0.1
60540        0.2
60541        0.3
60542        0.5
60543        0.5
60544        0.5
60545        0.3
60546        0.2
60547        0.6
60548        0.0
60549        0.1
60550        0.2
60551       -0.1
60552       -0.1
60553       -0.2
60554       -0.3
60555       -0.5
60556       -0.6
60557       -0.6
60558       -0.6
60559       -0.9
60560       -0.6
60561       -0.6
60562       -0.1
60563       -0.3
60564       -0.3
60565       -0.2
60566       -0.2
60567       -0.4
60568       -0.4
60569       -0.5
60570       -0.3
60571       -0.3
60572       -0.3
60573       -0.3
60574       -0.3
60575       -0.4
60576       -0.4
60577        0.1
60578        0.1
60579        0.1
60580        0.3
60581        0.3
60582        0.3
60583        0.4
60584        0.6
60585        0.6
60586        0.5
60587        0.5
60588        0.4
60589        0.2
60590       -1.4
60591       -1.7
60592       -1.7
60593       -2.0
60594       -2.2
60595       -2.0
60596       -2.0
60597       -2.3
60598       -2.5
60599       -2.9
60600       -2.7
60601       -3.0
60602       -2.9
60603       -2.7
60604       -3.0
60605       -2.7
60606       -2.5
60607       -2.3
60608       -2.3
60609       -2.0
60610       -2.0
60611       -1.7
60612       -1.5
60613       -1.1
60614       -1.0
60615       -0.9
60616       -0.8
60617       -0.8
60618       -0.9
60619       -0.8
60620       -0.8
60621       -0.7
60622       -0.4
60623       -0.4
60624       -0.6
60625        1.3
60626        1.5
60627        1.6
60628        1.5
60629        1.8
60630        2.1
60631        2.2
60632        2.2
60633        2.3
60634        2.8
60635        2.9
60636        3.2
60637        2.8
60638        2.8
60639        2.9
60640        2.9
60641        2.6
60642        2.8
60643        2.8
60644        2.8
60645        2.6
60646        2.2
60647        2.0
60648        1.9
60649        1.6
60650        1.6
60651        1.3
60652        1.3
60653        0.8
60654        0.5
60655        0.2
60656       -0.1
60657       -0.3
60658       -0.2
60659       -0.5
60660       -0.8
60661       -0.8
60662       -0.8
60663       -0.9
60664       -0.6
60665       -0.6
60666       -0.4
60667       -0.3
60668       -0.2
60669       -0.1
60670        0.1
60671          -
60672          -
60673          -
60674        0.8
60675        0.8
60676        0.9
60677        0.7
60678        1.0
60679        1.1
60680        0.9
60681        0.6
60682        0.5
60683        0.7
60684        0.5
60685        0.6
60686        0.5
60687        0.3
60688        0.1
60689        0.2
60690       -0.1
60691       -0.6
60692       -0.2
60693       -0.3
60694       -0.3
60695       -0.3
60696       -0.5
60697       -0.7
60698       -0.6
60699       -0.8
60700       -0.9
60701       -0.7
60702       -0.9
60703       -0.7
60704       -0.9
60705       -0.8
60706       -0.7
60707       -0.7
60708       -0.5
60709       -0.6
60710       -0.6
60711       -0.5
60712       -0.4
60713       -0.4
60714       -0.1
60715       -0.1
60716        0.1
60717        0.1
60718        0.5
60719        0.5
60720        0.5
60721        0.5
60722          -
60723       -0.4
60724        0.0
60725       -0.1
60726       -0.4
60727       -0.4
60728       -0.3
60729       -0.3
60730       -0.6
60731       -0.4
60732       -0.4
60733       -0.4
60734       -0.6
60735       -0.6
60736       -0.9
60737       -0.7
60738       -0.6
60739       -0.7
60740       -1.0
60741       -1.1
60742       -1.2
60743       -1.3
60744       -1.3
60745       -1.2
60746       -1.2
60747       -1.0
60748       -0.9
60749       -1.0
60750       -1.0
60751       -1.1
60752       -1.1
60753       -1.1
60754       -1.2
60755       -0.9
60756       -1.1
60757       -0.8
60758       -0.8
60759       -0.8
60760       -0.9
60761       -0.8
60762       -0.5
60763       -0.8
60764       -0.7
60765       -0.6
60766       -0.3
60767       -0.0
60768       -0.2
60769       -0.2
60770       -0.1
60771        0.0
60772        0.1
60773        0.1
60774        0.1
60775        0.2
60776        0.3
60777        0.4
60778       -0.1
60779        0.3
60780        0.2
60781        0.2
60782        0.3
60783        0.3
60784        0.4
60785        0.3
60786        0.5
60787        0.6
60788        0.7
60789        0.8
60790        0.8
60791        1.0
60792        1.1
60793        1.2
60794        1.3
60795        1.5
60796        1.5
60797        1.6
60798        1.2
60799        1.3
60800        1.3
60801        1.1
60802        1.0
60803        0.9
60804        1.1
60805        1.0
60806        0.9
60807        0.8
60808        0.4
60809        0.7
60810        0.4
60811        0.4
60812        0.3
60813        0.2
60814       -0.1
60815        0.2
60816       -0.1
60817       -0.1
60818       -0.3
60819       -0.4
60820       -0.7
60821       -0.5
60822       -0.5
60823       -0.5
60824       -0.6
60825       -0.3
60826       -0.2
60827        0.0
60828       -0.5
60829       -0.5
60830       -0.5
60831       -0.2
60832       -0.5
60833       -0.5
60834       -0.3
60835        0.1
60836       -0.1
60837       -0.2
60838       -0.0
60839       -0.5
60840       -0.2
60841        0.1
60842        0.2
60843        0.2
60844        0.5
60845        0.6
60846        0.3
60847        0.5
60848        0.6
60849        1.0
60850        0.8
60851        0.8
60852        1.0
60853        1.1
60854        1.0
60855        1.1
60856        1.2
60857        1.5
60858        1.0
60859        1.5
60860        1.4
60861        0.9
60862        0.9
60863        1.0
60864        1.0
60865        0.8
60866        0.8
60867        0.3
60868        0.5
60869        0.4
60870        0.5
60871        0.4
60872        0.4
60873        0.1
60874       -0.1
60875       -0.0
60876       -0.1
60877        0.1
60878       -0.0
60879       -0.2
60880       -0.1
60881       -0.3
60882        0.0
60883       -0.3
60884        0.3
60885        0.3
60886        0.3
60887        0.3
60888        0.3
60889        0.5
60890        0.5
60891        0.5
60892        1.0
60893        1.1
60894        1.4
60895        1.1
60896        1.1
60897        1.1
60898        1.1
60899        1.1
60900        0.9
60901        0.6
60902        0.9
60903        0.5
60904        0.5
60905        0.5
60906        0.5
60907        0.1
60908        0.2
60909        0.1
60910       -0.1
60911        0.3
60912        0.1
60913        0.3
60914        0.1
60915        0.0
60916        0.2
60917       -0.1
60918       -0.5
60919       -0.1
60920       -0.1
60921       -0.2
60922       -0.2
60923        0.3
60924       -0.0
60925        0.4
60926       -0.1
60927        0.4
60928        0.8
60929        0.9
60930        0.7
60931        0.9
60932        0.9
60933        1.1
60934        0.9
60935        1.0
60936        1.0
60937        1.2
60938        0.5
60939        0.8
60940        0.6
60941        0.6
60942        0.0
60943        0.2
60944       -0.1
60945        0.2
60946       -0.3
60947       -0.1
60948       -0.8
60949       -0.9
60950       -1.2
60951       -1.3
60952       -1.5
60953       -1.3
60954       -1.4
60955       -1.5
60956       -1.2
60957       -1.6
60958       -1.5
60959       -1.4
60960       -1.1
60961       -0.5
60962       -0.2
60963        0.2
60964        0.2
60965        0.6
60966        0.5
60967        0.8
60968        0.7
60969        1.6
60970        1.4
60971        2.1
60972        1.8
60973        2.0
60974        1.8
60975        2.1
60976        2.0
60977        2.2
60978        2.3
60979        2.4
60980        2.1
60981        1.9
60982        1.9
60983        1.7
60984        1.4
60985        1.1
60986        1.1
60987        0.9
60988        0.9
60989        0.8
60990        0.8
60991        0.4
60992        0.6
60993        0.2
60994        0.3
60995        0.1
60996        0.2
60997        0.1
60998        0.0
60999        0.0
61000       -0.4
61001       -0.2
61002       -0.3
61003        0.2
61004       -0.0
61005       -0.1
61006       -0.1
61007       -0.2
61008       -0.1
61009       -0.1
61010       -0.2
61011       -0.2
61012       -0.3
61013       -0.0
61014        0.1
61015       -0.1
61016        0.1
61017       -0.0
61018       -0.1
61019        0.1
61020        0.3
61021       -0.2
61022       -0.0
61023        0.4
61024        0.0
61025       -0.0
61026       -0.2
61027       -0.0
61028       -0.3
61029       -0.1
61030       -0.2
61031       -0.1
61032       -0.2
61033       -0.2
61034       -0.3
61035       -0.6
61036       -0.5
61037       -0.7
61038       -0.6
61039       -0.7
61040       -0.7
61041       -0.8
61042       -0.7
61043       -0.6
61044       -0.7
61045       -0.9
61046       -0.5
61047       -1.1
61048       -0.7
61049       -0.8
61050       -0.5
61051       -0.7
61052       -0.8
61053       -0.7
61054       -0.6
61055       -0.4
61056       -0.1
61057       -0.1
61058        0.0
61059        0.1
61060        0.2
61061        0.3
61062        0.5
61063        0.4
61064        0.7
61065        0.6
61066        0.8
61067        0.7
61068        0.9
61069        0.9
61070        1.0
61071        0.8
61072        0.8
61073        1.0
61074        0.9
61075        1.0
61076        0.8
61077        0.6
61078        0.6
61079        0.6
61080        0.7
61081        0.5
61082        0.4
61083        0.6
61084        0.5
61085        0.5
61086        0.4
61087        0.3
61088        0.4
61089        0.1
61090        0.0
61091       -0.0
61092       -0.0
61093       -0.2
61094        0.2
61095        0.1
61096        0.3
61097        0.3
61098        0.6
61099        0.7
61100        0.9
61101        0.9
61102        1.2
61103        1.4
61104        1.7
61105        1.6
61106        1.4
61107        1.6
61108        1.1
61109        0.8
61110        1.0
61111        1.1
61112        0.8
61113        1.0
61114        1.0
61115        0.5
61116        0.1
61117        0.1
61118        0.1
61119       -0.0
61120       -0.2
61121       -0.4
61122       -0.6
61123       -1.0
61124       -1.1
61125       -1.5
61126       -1.6
61127       -1.8
61128       -1.7
61129       -2.0
61130       -2.4
61131       -2.6
61132       -2.8
61133       -2.6
61134       -2.9
61135       -2.5
61136       -2.7
61137       -2.7
61138       -2.5
61139       -2.5
61140       -2.3
61141       -2.2
61142       -1.7
61143       -1.7
61144       -1.4
61145       -1.4
61146       -1.3
61147       -1.2
61148       -1.2
61149       -0.7
61150       -0.9
61151       -0.8
61152       -0.8
61153       -0.7
61154       -0.6
61155       -0.6
61156       -0.7
61157       -0.8
61158       -0.8
61159       -0.8
61160       -0.8
61161       -0.8
61162       -1.2
61163       -1.3
61164       -1.2
61165       -1.3
61166       -0.9
61167       -1.0
61168       -0.9
61169       -0.5
61170       -0.5
61171       -0.2
61172       -0.0
61173        0.3
61174        0.7
61175        0.8
61176        1.0
61177        1.0
61178        1.0
61179        1.2
61180        1.3
61181        1.5
61182        1.5
61183        1.4
61184        1.3
61185        1.3
61186        1.4
61187        1.2
61188        0.8
61189        0.6
61190        0.5
61191        0.6
61192        0.8
61193        0.9
61194        0.9
61195        0.9
61196        0.7
61197        0.8
61198        0.6
61199        0.5
61200        0.6
61201        0.7
61202        0.5
61203        0.4
61204        0.4
61205        0.3
61206        0.4
61207        0.1
61208       -0.3
61209       -0.1
61210       -0.2
61211       -0.3
61212       -0.5
61213       -0.2
61214       -0.5
61215       -0.5
61216       -0.6
61217       -0.4
61218       -0.5
61219       -0.5

# UTC remains available from the monthly Circular T at
# (http://www.bipm.org/en/bipm-services/timescales/time-ftp/Circular-T.html).
