# MJD  [UTCr-UTC(APL)]/ns
60394       -1.1
60395       -1.1
60396       -1.0
60397       -1.0
60398       -0.5
60399       -0.0
60400       -0.0
60401       -0.3
60402       -0.6
60403       -0.5
60404       -0.1
60405        0.1
60406        0.2
60407       -0.1
60408       -0.0
60409       -0.4
60410       -0.6
60411       -0.9
60412       -0.8
60413       -0.2
60414       -0.2
60415       -0.3
60416       -0.4
60417       -0.7
60418       -1.0
60419       -0.7
60420       -1.4
60421       -0.9
60422       -1.3
60423       -1.5
60424       -1.8
60425       -2.0
60426       -2.1
60427       -1.7
60428       -2.0
60429       -1.3
60430       -0.6
60431       -0.5
60432       -0.4
60433       -0.2
60434       -0.5
60435       -0.6
60436        0.3
60437        0.1
60438        1.0
60439        1.7
60440        1.4
60441        1.7
60442        2.3
60443        3.0
60444        3.2
60445        3.1
60446        3.1
60447        2.6
60448        1.7
60449        1.3
60450        1.2
60451        1.1
60452        1.7
60453        1.7
60454        1.3
60455        1.7
60456        1.2
60457        1.0
60458        0.5
60459        0.5
60460        0.0
60461        0.3
60462        0.0
60463        0.3
60464       -1.5
60465       -1.6
60466       -1.7
60467       -2.4
60468       -1.9
60469       -1.9
60470       -2.6
60471       -2.9
60472       -3.3
60473       -3.6
60474       -3.4
60475       -3.3
60476       -3.2
60477       -2.6
60478       -2.5
60479       -2.2
60480       -2.3
60481       -1.8
60482       -1.9
60483       -2.3
60484       -2.6
60485       -2.6
60486       -2.4
60487       -2.9
60488       -3.0
60489       -2.3
60490       -2.6
60491       -2.4
60492       -2.2
60493       -1.8
60494       -2.1
60495       -2.6
60496       -3.2
60497       -3.0
60498       -3.2
60499       -2.6
60500       -2.4
60501       -2.5
60502       -2.4
60503       -1.7
60504       -2.1
60505       -1.4
60506       -0.6
60507       -0.2
60508       -0.4
60509       -0.5
60510       -0.3
60511       -0.4
60512       -0.5
60513       -0.2
60514       -1.0
60515       -0.7
60516       -1.1
60517       -0.8
60518       -0.8
60519       -0.8
60520       -0.9
60521       -1.3
60522       -1.7
60523       -1.4
60524       -1.6
60525       -2.1
60526       -2.3
60527       -2.5
60528       -2.9
60529       -3.3
60530       -3.6
60531       -3.8
60532       -4.0
60533       -3.5
60534       -3.4
60535       -3.3
60536       -2.7
60537       -2.5
60538       -2.5
60539       -2.6
60540       -2.3
60541       -2.4
60542       -2.3
60543       -2.3
60544       -2.4
60545       -2.0
60546       -1.4
60547       -1.5
60548       -1.5
60549       -1.2
60550       -1.6
60551       -1.9
60552       -1.2
60553       -1.0
60554       -1.2
60555       -1.2
60556       -0.6
60557       -0.5
60558       -0.5
60559       -0.4
60560        0.1
60561        0.1
60562        0.3
60563        0.3
60564        0.2
60565        0.4
60566        0.8
60567        0.9
60568        1.1
60569        1.6
60570        1.3
60571        1.3
60572        1.3
60573        1.5
60574        1.3
60575        0.9
60576        1.0
60577        0.6
60578        0.4
60579        0.7
60580        0.0
60581       -0.1
60582       -0.2
60583       -0.8
60584       -0.5
60585       -0.8
60586       -0.3
60587       -0.4
60588       -0.4
60589       -0.1
60590       -1.5
60591       -1.6
60592       -2.0
60593       -2.6
60594       -2.4
60595       -2.2
60596       -2.7
60597       -2.3
60598       -2.8
60599       -2.8
60600       -2.7
60601       -2.5
60602       -2.5
60603       -2.3
60604       -2.2
60605       -2.4
60606       -2.4
60607       -3.0
60608       -2.9
60609       -3.4
60610       -3.6
60611       -3.5
60612       -3.6
60613       -4.1
60614       -3.8
60615       -3.9
60616       -3.7
60617       -3.9
60618       -4.5
60619       -4.5
60620       -4.4
60621       -4.4
60622       -4.1
60623       -3.5
60624       -3.4
60625       -1.9
60626       -1.5
60627       -1.7
60628       -1.2
60629       -1.4
60630       -0.4
60631        0.5
60632        1.6
60633        1.9
60634        2.1
60635        2.4
60636        2.7
60637        2.4
60638        2.3
60639        2.4
60640        2.0
60641        2.7
60642        2.4
60643        2.6
60644        2.5
60645        2.7
60646        2.5
60647        2.5
60648        2.7
60649        3.0
60650        2.9
60651        2.9
60652        2.5
60653        2.7
60654        2.7
60655        2.7
60656        2.7
60657        2.7
60658        1.9
60659        1.8
60660        1.8
60661        2.3
60662        2.4
60663        2.1
60664        2.1
60665        2.6
60666        2.8
60667        2.7
60668        2.8
60669        3.0
60670        3.4
60671        3.4
60672        2.9
60673        3.0
60674        3.8
60675        4.1
60676        4.4
60677        4.4
60678        4.7
60679        4.7
60680        4.1
60681        2.8
60682        2.3
60683        1.6
60684        1.5
60685        1.2
60686        1.4
60687        1.0
60688        0.2
60689        0.1
60690       -0.0
60691       -0.2
60692       -0.6
60693       -0.9
60694       -0.6
60695       -0.3
60696       -0.5
60697       -0.8
60698       -0.3
60699       -0.2
60700       -0.1
60701        0.1
60702       -0.1
60703        0.4
60704       -0.1
60705       -0.1
60706       -0.3
60707        0.3
60708        0.3
60709        0.0
60710       -0.2
60711        0.3
60712       -0.1
60713        0.3
60714        0.4
60715        0.6
60716        0.8
60717        0.7
60718        0.1
60719        0.5
60720        0.5
60721        0.8
60722        0.6
60723        1.3
60724        1.1
60725        0.8
60726        0.8
60727        1.3
60728        1.0
60729        1.1
60730        0.8
60731        0.9
60732        1.2
60733        1.2
60734        1.2
60735        1.2
60736        1.0
60737        1.1
60738        0.9
60739        1.0
60740        1.3
60741        1.1
60742        0.6
60743        0.5
60744        0.8
60745        0.9
60746        0.8
60747        0.4
60748        0.1
60749       -0.1
60750       -0.6
60751       -0.7
60752        0.0
60753       -0.5
60754       -0.3
60755        0.1
60756        0.3
60757        0.2
60758        0.3
60759        0.4
60760        1.0
60761        0.8
60762        0.9
60763       -0.0
60764        1.1
60765        0.6
60766        0.9
60767        1.0
60768        0.6
60769        0.4
60770        0.3
60771        0.1
60772        0.5
60773          -
60774     -195.5
60775     -195.8
60776     -195.9
60777     -195.6
60778     -195.9
60779     -195.8
60780       -1.8
60781       -0.2
60782       -0.5
60783       -0.7
60784       -0.8
60785       -0.9
60786       -1.5
60787       -1.7
60788       -1.3
60789       -1.3
60790       -1.3
60791       -1.7
60792       -0.9
60793       -0.6
60794       -0.8
60795       -0.7
60796       -0.1
60797        0.3
60798        0.3
60799       -0.1
60800       -0.0
60801        0.1
60802        0.4
60803        0.7
60804        0.9
60805        1.5
60806        2.0
60807        2.3
60808        1.9
60809        2.0
60810        1.5
60811        2.1
60812        1.9
60813        2.5
60814        2.6
60815        3.0
60816        2.8
60817        3.0
60818        2.7
60819        3.0
60820        3.3
60821        3.5
60822        4.0
60823        3.3
60824        3.1
60825        3.4
60826        3.7
60827        3.8
60828        2.9
60829        3.1
60830        3.2
60831        3.5
60832        3.0
60833        2.9
60834        2.8
60835        2.9
60836        2.8
60837        3.7
60838        3.9
60839        3.8
60840        3.3
60841        2.8
60842        1.6
60843        0.6
60844        0.4
60845        1.0
60846        0.8
60847        0.6
60848        0.6
60849        1.1
60850        1.0
60851        1.5
60852        1.0
60853        1.1
60854        0.7
60855        1.2
60856        0.9
60857        1.3
60858        1.0
60859        1.7
60860        1.3
60861        1.4
60862        1.4
60863        0.7
60864        0.7
60865        0.9
60866        1.1
60867        0.6
60868        0.2
60869       -0.2
60870       -0.3
60871       -0.4
60872       -0.3
60873       -0.4
60874       -0.1
60875       -0.4
60876       -0.3
60877       -0.1
60878        0.4
60879        0.3
60880        0.3
60881        0.3
60882       -0.1
60883       -0.5
60884       -0.1
60885        0.4
60886       -0.0
60887       -0.3
60888       -0.4
60889       -0.3
60890       -0.1
60891        0.0
60892       -0.1
60893       -0.7
60894       -0.6
60895       -0.4
60896       -0.5
60897       -0.5
60898       -1.0
60899       -1.4
60900       -1.5
60901       -1.7
60902       -1.6
60903       -1.7
60904       -1.8
60905       -1.7
60906       -1.9
60907       -1.9
60908       -2.3
60909       -1.9
60910       -1.3
60911       -1.2
60912       -1.0
60913        0.2
60914       -0.3
60915       -0.2
60916       -0.2
60917       -0.1
60918       -0.1
60919        0.1
60920       -0.0
60921       -0.1
60922       -0.2
60923       -0.6
60924       -0.8
60925       -1.3
60926       -1.3
60927       -1.2
60928       -1.0
60929       -1.2
60930       -1.5
60931       -1.1
60932       -0.7
60933        0.3
60934        0.1
60935       -0.2
60936        0.0
60937        0.9
60938        0.7
60939        1.0
60940        1.0
60941        1.4
60942        1.0
60943        1.4
60944        1.7
60945        2.5
60946        1.4
60947        2.3
60948        1.7
60949        2.3
60950        2.1
60951        1.7
60952        2.1
60953        1.9
60954        2.0
60955        1.5
60956        1.8
60957        1.6
60958        1.4
60959        1.1
60960        0.6
60961       -0.1
60962       -0.6
60963       -1.1
60964       -0.8
60965       -0.1
60966       -0.7
60967       -0.6
60968       -0.6
60969       -0.3
60970       -0.8
60971       -0.4
60972       -0.9
60973       -0.8
60974       -1.2
60975       -1.0
60976       -1.1
60977       -1.2
60978       -1.5
60979       -1.3
60980       -1.1
60981       -1.6
60982       -1.6
60983       -1.7
60984       -1.7
60985       -2.0
60986       -1.8
60987       -2.5
60988       -2.2
60989       -2.1
60990       -1.3
60991       -1.3
60992       -0.4
60993       -0.3
60994       -0.1
60995       -0.1
60996        0.4
60997        0.5
60998        0.3
60999        0.3
61000        0.4
61001        0.3
61002        0.7
61003        0.7
61004        0.8
61005        1.0
61006        1.3
61007        1.3
61008        1.6
61009        1.6
61010        1.7
61011        1.7
61012        2.4
61013        2.6
61014        2.6
61015        1.9
61016        2.5
61017        2.2
61018        2.6
61019        2.6
61020        3.1
61021        2.5
61022        2.6
61023        2.1
61024        1.9
61025        1.4
61026        1.8
61027        1.8
61028        1.3
61029        1.5
61030        1.0
61031        1.0
61032        0.7
61033        0.6
61034        0.5
61035        0.3
61036        0.2
61037        0.2
61038       -0.3
61039        0.4
61040        0.5
61041        0.0
61042       -0.3
61043       -0.2
61044       -0.4
61045       -0.6
61046       -0.7
61047       -1.0
61048       -0.5
61049       -0.7
61050       -0.6
61051       -0.1
61052        0.4
61053        0.9
61054        0.9
61055        1.2
61056        1.4
61057        1.3
61058        1.0
61059        1.1
61060        1.1
61061        0.9
61062        0.8
61063        0.8
61064        0.7
61065        0.4
61066        0.3
61067        0.7
61068        0.9
61069        0.8
61070        0.7
61071        0.9
61072        0.9
61073        1.2
61074        0.8
61075        0.8
61076        0.6
61077        0.4
61078        0.4
61079        1.0
61080        1.0
61081        0.7
61082        0.7
61083        0.9
61084        0.9
61085        0.7
61086        0.6
61087        0.4
61088        0.2
61089       -0.2
61090       -0.1
61091       -0.1
61092        0.2
61093        0.0
61094        0.2
61095        0.3
61096        0.1
61097       -0.2
61098       -0.1
61099       -0.0
61100        0.0
61101       -0.1
61102       -0.0
61103        0.3
61104        0.1
61105       -0.0
61106        0.0
61107        0.1
61108       -0.0
61109       -0.1
61110        0.3
61111       -0.1
61112        0.0
61113        0.2
61114        0.1
61115       -0.4
61116       -0.4
61117        0.1
61118       -0.1
61119       -0.1
61120       -0.6
61121       -0.6
61122       -0.4
61123       -0.8
61124       -0.7
61125       -1.1
61126       -0.7
61127       -0.5
61128       -0.5
61129       -0.3
61130       -0.7
61131       -0.3
61132       -0.7
61133       -0.5
61134       -0.2
61135        0.1
61136        0.3
61137        0.7
61138        0.8
61139        0.8
61140        1.1
61141        1.2
61142        1.6
61143        1.2
61144        1.2
61145        1.4
61146        1.5
61147        1.3
61148        1.2
61149        1.2
61150        1.2
61151        1.1
61152        0.8
61153        1.2
61154        1.1
61155        0.8
61156        0.9
61157        0.9
61158        1.2
61159        0.5
61160        0.7
61161        0.9
61162        0.5
61163        0.1
61164        0.4
61165        0.3
61166        0.2
61167       -0.9
61168       -0.4
61169       -0.3
61170       -0.9
61171       -1.0
61172       -0.8
61173       -1.0
61174       -1.0
61175       -1.5
61176       -0.9
61177       -1.1
61178       -1.2
61179       -0.7
61180       -0.6
61181       -0.4
61182       -0.6
61183       -0.0
61184        0.5
61185        0.8
61186        1.1
61187        1.4
61188        2.1
61189        2.6
61190        2.5
61191        2.6
61192        2.8
61193        2.7
61194        2.8
61195        3.3
61196        3.4
61197        3.3
61198        2.0
61199        2.3
61200        1.5
61201        1.1
61202        0.6
61203        0.9
61204        0.5
61205        0.6
61206       -0.4
61207       -0.4
61208       -0.8
61209       -0.8
61210       -1.0
61211       -0.8
61212       -0.7
61213       -0.4
61214       -0.7
61215       -0.4
61216       -0.1
61217       -0.1
61218       -0.1
61219        0.0

# UTC remains available from the monthly Circular T at
# (http://www.bipm.org/en/bipm-services/timescales/time-ftp/Circular-T.html).
