# MJD  [UTCr-UTC(NIMB)]/ns
57692     1394.4
57693     1390.2
57694     1381.1
57695     1381.9
57696     1380.0
57697     1389.9
57698     1390.8
57699     1401.3
57700     1405.8
57701     1412.3
57702     1420.9
57703     1427.5
57704     1429.2
57705     1421.0
57706     1422.0
57707     1413.7
57708     1423.8
57709     1422.3
57710     1426.4
57711     1419.8
57712     1416.3
57713     1416.7
57714     1423.2
57715     1426.7
57716     1413.2
57717     1424.5
57718     1411.3
57719     1409.2
57720     1408.8
57721     1406.6
57722     1411.1
57723     1413.1
57724     1408.2
57725     1411.6
57726     1417.2
57727     1418.3
57728     1425.7
57729     1425.4
57730     1426.5
57731     1425.9
57732     1430.2
57733     1432.0
57734     1438.3
57735     1439.5
57736     1444.3
57737     1450.6
57738     1458.9
57739     1467.9
57740     1471.4
57741     1469.2
57742     1463.6
57743     1471.7
57744     1473.3
57745     1470.6
57746     1468.1
57747     1482.1
57748     1485.0
57749     1498.7
57750     1501.6
57751     1513.1
57752     1512.3
57753     1508.6
57754     1501.0
57755     1504.9
57756     1505.5
57757     1505.7
57758     1511.5
57759     1508.8
57760     1506.1
57761     1520.1
57762     1528.1
57763     1535.3
57764     1551.4
57765     1541.8
57766     1540.2
57767     1542.5
57768     1545.4
57769     1542.9
57770     1546.6
57771     1544.0
57772     1546.8
57773     1551.8
57774     1551.4
57775     1555.6
57776     1558.8
57777     1559.9
57778     1555.8
57779     1560.0
57780     1564.0
57781     1573.3
57782     1570.3
57783     1565.1
57784     1567.8
57785     1568.8
57786     1569.9
57787     1575.7
57788     1572.8
57789     1564.8
57790     1566.2
57791     1571.8
57792     1565.2
57793     1565.3
57794     1563.0
57795     1566.9
57796     1562.7
57797     1564.2
57798     1558.2
57799     1554.3
57800     1548.4
57801     1547.2
57802     1548.2
57803     1542.9
57804     1554.9
57805     1558.5
57806     1550.7
57807     1555.6
57808     1558.3
57809     1562.0
57810     1565.2
57811     1568.8
57812     1580.4
57813     1582.2
57814     1588.4
57815     1595.0
57816     1599.8
57817     1595.9
57818     1602.3
57819     1603.4
57820     1618.9
57821     1621.9
57822     1632.6
57823     1631.2
57824     1636.9
57825     1639.8
57826     1637.2
57827     1631.2
57828     1627.6
57829     1620.6
57830     1618.5
57831     1609.3
57832     1606.0
57833     1596.6
57834     1594.4
57835     1601.3
57836     1602.4
57837     1610.3
57838     1620.5
57839     1610.8
57840     1602.4
57841     1596.8
57842     1607.0
57843     1616.4
57844     1628.1
57845     1629.2
57846     1633.1
57847     1638.7
57848     1651.4
57849     1662.6
57850     1669.1
57851     1667.0
57852     1671.0
57853     1676.4
57854     1675.4
57855     1676.8
57856     1676.2
57857     1678.2
57858     1684.1
57859     1687.8
57860     1691.0
57861     1698.1
57862     1698.1
57863     1703.6
57864     1710.3
57865     1703.3
57866     1716.3
57867     1723.5
57868     1732.5
57869     1732.6
57870     1745.5
57871     1745.9
57872     1740.2
57873     1744.1
57874     1746.9
57875     1753.7
57876     1758.1
57877     1764.3
57878     1768.3
57879     1775.3
57880     1776.3
57881     1779.0
57882     1777.6
57883     1778.0
57884     1782.7
57885     1784.4
57886     1787.8
57887     1783.1
57888     1783.0
57889     1779.4
57890     1781.9
57891     1780.6
57892     1788.6
57893     1793.1
57894     1813.6
57895     1821.1
57896     1825.1
57897     1822.7
57898     1815.2
57899     1814.0
57900     1826.5
57901     1828.4
57902     1831.6
57903     1830.5
57904     1831.0
57905     1830.8
57906     1841.9
57907     1847.4
57908     1843.0
57909     1850.9
57910     1848.3
57911     1856.5
57912     1852.1
57913     1857.7
57914     1866.3
57915     1879.4
57916     1871.7
57917     1875.4
57918     1879.8
57919     1886.6
57920     1889.1
57921     1882.7
57922     1886.7
57923     1889.8
57924     1884.6
57925     1888.9
57926     1887.1
57927     1884.0
57928     1869.8
57929     1870.5
57930     1880.8
57931     1883.6
57932     1876.2
57933     1869.2
57934     1881.3
57935     1880.5
57936     1871.6
57937     1857.4
57938     1853.0
57939     1854.0
57940     1849.2
57941     1854.3
57942     1858.0
57943     1866.3
57944     1872.7
57945     1870.9
57946     1879.9
57947     1886.8
57948     1891.2
57949     1898.4
57950     1900.4
57951     1896.2
57952     1891.0
57953     1895.4
57954     1903.6
57955     1899.9
57956     1909.8
57957     1907.0
57958     1906.2
57959     1903.6
57960     1906.6
57961     1900.4
57962     1893.0
57963     1895.3
57964     1891.2
57965     1889.7
57966     1890.9
57967     1885.3
57968     1884.5
57969     1880.5
57970     1877.5
57971     1873.1
57972     1844.5
57973     1847.4
57974     1840.5
57975     1844.9
57976     1840.4
57977     1826.0
57978     1815.9
57979     1825.1
57980     1815.3
57981     1821.0
57982     1819.3
57983     1810.8
57984     1813.3
57985     1810.1
57986     1818.7
57987     1819.9
57988     1820.8
57989     1821.8
57990     1825.4
57991     1816.1
57992     1816.4
57993     1817.2
57994     1811.7
57995     1808.5
57996     1808.8
57997     1818.7
57998     1815.1
57999     1814.9
58000     1817.3
58001     1813.2
58002     1812.8
58003     1813.3
58004     1802.9
58005     1800.1
58006     1810.7
58007     1816.0
58008     1820.5
58009     1815.5
58010     1817.5
58011     1817.9
58012     1811.4
58013     1812.1
58014     1818.5
58015     1808.7
58016     1811.3
58017     1814.3
58018     1817.7
58019     1815.5
58020     1812.9
58021     1805.1
58022     1811.1
58023     1813.8
58024     1808.2
58025     1796.1
58026     1792.8
58027     1792.3
58028     1794.0
58029     1795.4
58030     1800.8
58031     1807.5
58032     1806.7
58033     1826.1
58034     1832.2
58035     1832.1
58036     1831.6
58037     1831.5
58038     1824.9
58039     1828.8
58040     1826.1
58041     1829.0
58042     1826.5
58043     1826.3
58044     1824.5
58045     1824.3
58046     1831.9
58047     1840.0
58048     1838.3
58049     1849.6
58050     1852.6
58051     1858.7
58052     1870.4
58053     1879.8
58054     1891.4
58055     1896.6
58056     1901.7
58057     1900.9
58058      288.3
58059      292.5
58060      301.7
58061      309.3
58062      318.4
58063      327.8
58064      338.7
58065      351.0
58066      362.4
58067      370.2
58068      379.8
58069      389.7
58070      399.4
58071      408.0
58072      415.0
58073      424.8
58074      436.4
58075      447.1
58076      456.3
58077      468.7
58078      479.0
58079      489.0
58080      497.9
58081      509.3
58082      518.7
58083      528.9
58084      539.8
58085      550.9
58086      561.9
58087      571.3
58088      576.3
58089      583.1
58090      591.1
58091      600.4
58092      612.2
58093      621.7
58094      629.8
58095      638.1
58096      649.4
58097      659.8
58098      670.2
58099      679.3
58100      687.9
58101      698.0
58102      708.3
58103      719.6
58104      728.1
58105      738.3
58106      747.0
58107      755.0
58108      767.7
58109      778.1
58110      788.1
58111      796.9
58112      808.1
58113      819.0
58114      829.8
58115      842.5
58116      850.2
58117      858.8
58118      868.0
58119      877.8
58120      888.0
58121      897.9
58122      905.7
58123      918.1
58124      927.9
58125      937.3
58126      945.5
58127      953.2
58128      962.5
58129      974.5
58130      984.8
58131      992.4
58132     1002.3
58133     1013.8
58134     1023.5
58135     1031.6
58136     1040.9
58137     1051.0
58138     1061.8
58139     1071.9
58140     1083.6
58141     1093.7
58142     1105.1
58143     1114.0
58144     1125.2
58145     1134.6
58146     1145.2
58147     1154.0
58148     1165.8
58149     1175.1
58150     1188.3
58151     1199.0
58152     1208.1
58153     1220.9
58154     1231.1
58155     1238.7
58156     1250.5
58157     1259.8
58158     1273.2
58159     1285.0
58160     1295.3
58161     1306.9
58162     1318.2
58163     1327.9
58164     1336.8
58165     1349.3
58166     1361.4
58167     1371.1
58168     1381.7
58169     1392.2
58170     1402.6
58171     1413.8
58172     1424.9
58173     1436.9
58174     1446.9
58175     1457.6
58176     1470.0
58177     1482.2
58178     1492.8
58179     1501.7
58180     1510.5
58181     1521.7
58182     1528.4
58183     1538.5
58184     1550.5
58185     1558.2
58186     1565.7
58187     1574.7
58188     1584.9
58189     1595.2
58190     1605.7
58191     1616.4
58192     1625.9
58193     1636.5
58194     1643.3
58195     1655.1
58196     1666.6
58197     1678.9
58198     1688.7
58199     1700.0
58200     1711.2
58201     1720.5
58202     1728.2
58203     1736.1
58204     1746.4
58205     1745.1
58206     1753.1
58207     1763.5
58208     1773.9
58209     1785.0
58210     1796.7
58211     1805.4
58212     1814.2
58213     1820.9
58214     1829.2
58215     1837.8
58216     1848.6
58217     1856.6
58218     1866.7
58219     1875.5
58220     1886.7
58221     1896.3
58222     1903.7
58223     1913.4
58224     1921.0
58225     1932.6
58226     1940.9
58227     1950.9
58228     1958.8
58229     1969.3
58230     1976.8
58231     1984.0
58232     1995.7
58233     2004.1
58234     2011.6
58235     2017.5
58236     2030.0
58237     2040.7
58238     2049.2
58239     2058.6
58240     2069.8
58241     2074.2
58242     2085.2
58243     2094.1
58244     2100.8
58245     2112.6
58246     2123.1
58247     2132.4
58248     2142.4
58249     2152.9
58250     2160.2
58251     2169.9
58252     2178.6
58253     2188.3
58254     2195.9
58255     2206.9
58256     2214.9
58257     2223.3
58258     2234.4
58259     2243.2
58260     2251.0
58261     2259.1
58262     2270.2
58263     2280.5
58264     2290.9
58265     2298.6
58266     2307.8
58267     2318.1
58268     2328.2
58269     2334.7
58270     2345.9
58271     2357.0
58272     2366.7
58273     2377.3
58274     2387.1
58275     2393.7
58276     2405.9
58277     2414.8
58278     2424.2
58279     2432.9
58280     2439.7
58281     2449.3
58282     2459.2
58283     2466.7
58284     2477.1
58285     2487.6
58286     2498.6
58287     2506.8
58288     2514.8
58289     2526.0
58290     2539.3
58291     2548.9
58292     2560.1
58293     2568.5
58294     2578.3
58295     2588.1
58296     2597.0
58297     2603.7
58298     2613.4
58299     2623.6
58300     2634.3
58301     2646.2
58302     2655.7
58303     2662.2
58304     2670.1
58305     2681.1
58306     2690.4
58307     2700.3
58308     2708.5
58309     2716.7
58310     2726.9
58311     2736.9
58312     2747.3
58313     2757.3
58314     2765.7
58315     2773.3
58316     2785.0
58317     2796.2
58318     2807.0
58319     2815.3
58320     2826.2
58321     2838.1
58322     2848.6
58323     2856.6
58324     2865.4
58325     2874.4
58326     2882.8
58327     2892.9
58328     2904.4
58329     2914.4
58330     2924.1
58331     2933.5
58332     2944.1
58333     2954.4
58334     2969.5
58335     2981.5
58336     2991.0
58337     3000.4
58338     3008.0
58339     3017.1
58340     3027.6
58341     3035.9
58342     3047.8
58343     3055.6
58344     3066.4
58345     3076.4
58346     3085.7
58347     3094.3
58348     3101.3
58349     3111.0
58350     3119.1
58351     3130.9
58352     3142.5
58353     3152.6
58354     3162.2
58355     3173.7
58356     3182.7
58357     3192.1
58358     3197.9
58359     3208.7
58360     3215.7
58361     3224.8
58362     3234.5
58363     3242.8
58364     3251.4
58365     3260.3
58366     3271.3
58367     3281.4
58368     3292.6
58369     3305.1
58370     3315.2
58371     3326.3
58372     3334.7
58373     3343.0
58374     3353.8
58375     3360.3
58376     3369.6
58377     3377.9
58378     3386.3
58379     3394.5
58380     3403.7
58381     3413.3
58382     3423.5
58383     3433.6
58384     3443.7
58385     3454.4
58386     3464.6
58387     3473.9
58388     3484.7
58389     3493.6
58390     3503.4
58391     3514.9
58392     3525.2
58393     3534.5
58394     3544.4
58395     3554.0
58396     3563.6
58397     3572.4
58398     3584.7
58399     3596.4
58400     3605.9
58401     3614.6
58402     3623.5
58403     3633.0
58404     3642.0
58405     3649.6
58406     3659.7
58407     3670.2
58408     3678.2
58409     3689.1
58410     3698.1
58411     3710.2
58412     3717.9
58413     3727.3
58414     3734.2
58415     3746.1
58416     3756.6
58417     3763.4
58418     3773.1
58419     3779.9
58420     3788.1
58421     3795.9
58422     3803.7
58423     3812.8
58424     3817.7
58425     3828.6
58426     3837.5
58427     3846.6
58428     3853.5
58429     3860.9
58430     3870.2
58431     3880.3
58432     3891.2
58433     3901.1
58434     3910.1
58435     3921.6
58436     3930.2
58437     3939.9
58438     3948.2
58439     3957.3
58440     3967.2
58441     3974.8
58442     3981.0
58443     3990.1
58444     3999.2
58445     4009.1
58446     4019.5
58447     4027.9
58448     4036.3
58449     4044.5
58450     4053.0
58451     4063.2
58452     4075.5
58453     4086.6
58454     4097.5
58455     4109.2
58456     4117.9
58457     4129.2
58458     4141.6
58459     4149.9
58460     4159.6
58461     4168.5
58462     4180.6
58463     4189.7
58464     4196.4
58465     4204.9
58466     4215.4
58467     4224.0
58468     4236.8
58469     4247.7
58470     4254.9
58471     4264.5
58472     4275.3
58473     4285.7
58474     4297.2
58475     4306.9
58476     4316.4
58477     4326.0
58478     4334.5
58479     4344.2
58480     4355.0
58481     4363.0
58482     4371.6
58483     4380.7
58484     4387.2
58485     4397.2
58486     4409.3
58487     4419.5
58488     4428.4
58489     4436.9
58490     4446.3
58491     4457.4
58492     4468.8
58493     4480.4
58494     4491.8
58495     4502.2
58496     4510.4
58497     4518.6
58498     4527.7
58499     4537.6
58500     4546.5
58501     4555.7
58502     4569.1
58503     4579.4
58504     4589.0
58505     4598.9
58506     4605.6
58507     4616.3
58508     4625.7
58509     4635.2
58510     4645.7
58511     4653.9
58512     4664.0
58513     4672.2
58514     4681.6
58515     4692.7
58516     4703.8
58517     4714.4
58518     4718.5
58519     4726.2
58520     4738.7
58521     4747.8
58522     4760.2
58523     4769.4
58524     4780.3
58525     4791.7
58526     4801.0
58527     4812.4
58528     4821.3
58529     4829.6
58530     4840.2
58531     4846.3
58532     4858.2
58533     4869.6
58534     4880.1
58535     4890.2
58536     4903.1
58537     4914.7
58538     4923.7
58539     4931.7
58540     4939.1
58541     4948.2
58542     4958.2
58543     4965.6
58544     4973.0
58545     4980.9
58546     4990.6
58547     5002.2
58548     5010.2
58549     5020.2
58550     5028.6
58551     5036.8
58552     5046.7
58553     5059.0
58554     5069.3
58555     5077.5
58556     5085.9
58557     5094.0
58558     5102.5
58559     5110.6
58560     5121.3
58561     5128.7
58562     5136.7
58563     5147.8
58564     5157.9
58565     5167.7
58566     5175.0
58567     5188.0
58568     5198.6
58569     5207.8
58570     5217.5
58571     5225.9
58572     5233.4
58573     5241.2
58574     5250.1
58575     5260.1
58576     5268.0
58577     5275.2
58578     5285.5
58579     5296.7
58580     5306.8
58581     5319.1
58582     5328.2
58583          -
58584     5345.3
58585     5353.8
58586     5360.6
58587     5376.1
58588     5383.8
58589     5390.9
58590     5404.9
58591     5413.7
58592     5424.9
58593     5438.8
58594     5446.4
58595     5457.1
58596     5463.6
58597     5473.5
58598     5469.9
58599     5482.8
58600     5492.0
58601     5499.3
58602     5506.7
58603     5519.1
58604     5528.4
58605     5537.7
58606     5546.7
58607     5553.9
58608     5561.0
58609     5569.6
58610     5584.0
58611     5591.4
58612     5598.7
58613     5608.8
58614     5618.2
58615     5629.7
58616     5639.8
58617     5651.6
58618     5658.0
58619     5668.5
58620     5678.1
58621     5687.6
58622     5696.5
58623     5702.0
58624     5750.9
58625     5762.9
58626     5773.7
58627     5785.6
58628     5793.6
58629     5806.9
58630     5816.5
58631     5824.4
58632     5837.9
58633     5846.5
58634          -
58635          -
58636          -
58637     5891.9
58638     5897.7
58639     5831.6
58640     5841.8
58641     5925.4
58642     5938.2
58643     5945.1
58644     5956.4
58645     5965.2
58646     5975.0
58647     5987.7
58648     5981.3
58649     5991.4
58650     6002.1
58651     6012.6
58652     6025.4
58653     6038.6
58654     6049.6
58655     6059.0
58656     6072.4
58657     6082.7
58658     6094.2
58659     6106.2
58660     6118.1
58661     6131.0
58662     6140.8
58663     6154.2
58664     6166.1
58665     6176.2
58666     6183.5
58667     6194.3
58668     6203.1
58669     6215.9
58670     6227.8
58671     6240.5
58672     6249.7
58673     6261.1
58674     6270.4
58675     6282.3
58676     6293.4
58677     6304.1
58678     6316.1
58679     6325.9
58680     6336.4
58681     6346.7
58682     6358.2
58683     6369.9
58684     6378.0
58685     6389.4
58686     6397.3
58687     6405.7
58688     6418.3
58689     6430.4
58690     6440.8
58691     6452.3
58692     6466.1
58693     6475.9
58694     6486.2
58695     6497.2
58696     6504.4
58697     6514.1
58698     6521.8
58699     6535.1
58700     6546.3
58701     6553.5
58702     6560.5
58703     6570.5
58704     6579.8
58705     6590.8
58706     6601.2
58707     6611.8
58708     6623.9
58709     6633.2
58710     6642.5
58711     6652.2
58712     6664.6
58713     6677.5
58714     6688.5
58715     6697.9
58716     6707.1
58717     6714.6
58718     6727.5
58719     6736.3
58720     6745.9
58721     6753.6
58722     6764.7
58723     6776.3
58724     6786.0
58725     6792.9
58726     6803.3
58727     6812.8
58728     6824.7
58729     6834.8
58730     6846.3
58731     6856.6
58732     6868.3
58733     6879.6
58734     6891.4
58735     6900.1
58736     6909.8
58737     6920.2
58738     6934.3
58739     6937.8
58740     6947.7
58741     6959.3
58742     6969.8
58743     6983.1
58744     6993.7
58745     7002.5
58746     7014.0
58747     7023.0
58748     7030.0
58749     7039.3
58750     7049.8
58751     7060.9
58752     7068.0
58753     7079.1
58754     7089.5
58755     7100.2
58756     7112.3
58757     7120.6
58758     7133.1
58759     7141.2
58760     7150.9
58761     7163.4
58762     7173.1
58763     7180.4
58764     7189.1
58765     7198.9
58766     7212.6
58767     7220.7
58768     7229.1
58769     7236.3
58770     7246.1
58771     7254.2
58772     7262.9
58773     7274.8
58774     7285.2
58775          -
58776          -
58777     7309.1
58778     7319.6
58779     7330.3
58780     7339.0
58781     7346.9
58782     7356.0
58783     7365.5
58784     7376.8
58785     7387.9
58786     7396.0
58787     7404.4
58788     7412.9
58789     7423.4
58790     7433.2
58791     7441.7
58792     7452.5
58793     7459.2
58794     7459.3
58795     7469.0
58796     7482.9
58797     7494.5
58798     7503.9
58799     7514.0
58800     7523.9
58801     7537.2
58802     7547.9
58803     7558.9
58804     7568.8
58805     7578.9
58806     7590.3
58807     7601.0
58808     7611.4
58809     7621.2
58810     7629.2
58811     7636.9
58812     7643.1
58813     7648.6
58814     7658.5
58815     7669.2
58816     7680.1
58817     7691.1
58818     7699.9
58819     7711.6
58820     7722.9
58821     7735.3
58822     7744.5
58823     7753.6
58824     7764.3
58825     7774.1
58826     7784.8
58827     7793.3
58828     7800.9
58829     7810.2
58830     7817.4
58831     7825.5
58832     7835.3
58833     7847.9
58834     7859.8
58835     7870.3
58836     7881.7
58837     7890.2
58838     7899.2
58839     7909.7
58840     7920.0
58841     7931.1
58842     7941.7
58843     7949.6
58844     7957.5
58845     7965.4
58846     7974.8
58847     7987.0
58848     7997.6
58849     8008.2
58850     8021.3
58851     8033.7
58852     8041.9
58853     8053.0
58854     8063.8
58855     8075.9
58856     8085.5
58857     8100.0
58858     8109.0
58859     8115.2
58860     8127.2
58861     8137.4
58862     8147.0
58863     8154.5
58864     8164.6
58865     8171.3
58866     8180.5
58867     8191.7
58868     8200.2
58869     8211.6
58870     8221.4
58871     8231.8
58872     8239.9
58873     8250.2
58874     8260.7
58875     8269.6
58876     8276.3
58877     8285.8
58878     8295.3
58879     8304.4
58880     8312.2
58881     8321.7
58882     8333.5
58883     8342.9
58884     8351.6
58885     8361.1
58886     8368.9
58887     8379.6
58888     8388.8
58889     8402.4
58890     8413.5
58891     8425.2
58892     8435.1
58893     8444.7
58894     8455.0
58895     8463.8
58896     8475.7
58897     8484.6
58898     8492.8
58899     8501.8
58900     8510.9
58901     8519.8
58902     8528.3
58903     8538.5
58904     8547.7
58905     8556.3
58906     8560.8
58907     8571.3
58908     8578.8
58909     8588.7
58910     8600.1
58911     8610.3
58912     8623.2
58913     8634.6
58914     8644.8
58915     8654.1
58916     8666.2
58917     8674.4
58918     8681.0
58919     8692.0
58920     8701.9
58921     8712.0
58922     8724.6
58923     8734.6
58924     8744.7
58925     8754.3
58926     8758.6
58927     8768.2
58928     8775.8
58929     8787.2
58930     8796.1
58931     8806.3
58932     8815.1
58933     8824.0
58934     8835.1
58935     8843.9
58936     8850.1
58937     8857.8
58938     8867.9
58939     8875.9
58940     8885.8
58941     8897.0
58942     8907.3
58943     8913.9
58944     8920.7
58945     8928.6
58946     8937.6
58947     8947.5
58948     8956.1
58949     8965.9
58950     8973.0
58951     8977.8
58952     8985.8
58953     8996.8
58954     9004.0
58955     9013.3
58956     9020.2
58957     9030.0
58958     9039.8
58959     9047.6
58960     9056.1
58961     9065.5
58962     9073.1
58963     9081.6
58964     9089.4
58965     9096.9
58966     9105.6
58967     9116.0
58968     9126.3
58969     9134.4
58970     9143.7
58971     9153.6
58972     9162.0
58973     9167.7
58974     9172.6
58975     9183.1
58976          -
58977     9195.3
58978     9205.1
58979     9214.7
58980     9221.6
58981     9231.5
58982     9242.0
58983     9252.0
58984     9262.4
58985     9271.9
58986     9280.3
58987     9288.7
58988     9296.9
58989     9306.2
58990     9317.2
58991     9329.2
58992     9337.8
58993     9345.0
58994     9353.4
58995     9361.8
58996     9371.4
58997     9380.1
58998     9388.5
58999     9396.4
59000     9408.4
59001     9417.2
59002     9425.6
59003     9485.8
59004     9570.8
59005     9658.5
59006     9744.4
59007     9830.7
59008     9917.9
59009    10004.1
59010     9977.2
59011     9907.2
59012     9838.0
59013     9771.0
59014     9705.7
59015     9638.4
59016     9569.7
59017     9500.1
59018     9431.5
59019     9366.0
59020     9298.5
59021     9230.1
59022     9163.7
59023     9096.0
59024     9028.0
59025     8958.7
59026     8888.9
59027     8817.5
59028     8748.8
59029     8683.1
59030     8616.7
59031     8547.7
59032     8477.3
59033     8408.6
59034     8339.6
59035     8270.5
59036     8202.6
59037     8132.2
59038     8064.9
59039     7996.1
59040     7925.6
59041     7857.8
59042     7789.5
59043     7718.2
59044     7651.2
59045     7579.9
59046     7512.8
59047     7442.7
59048     7374.4
59049     7304.5
59050     7234.8
59051     7165.9
59052     7095.7
59053     7026.2
59054     6960.2
59055     6891.0
59056     6818.0
59057     6747.4
59058     6682.2
59059     6614.7
59060     6543.9
59061     6476.7
59062     6406.6
59063     6339.1
59064     6276.0
59065     6204.9
59066     6138.1
59067     6068.9
59068     5999.6
59069     5929.3
59070     5862.0
59071     5792.1
59072     5722.7
59073     5654.0
59074     5584.8
59075     5516.7
59076     5451.1
59077     5383.6
59078     5317.5
59079     5249.1
59080     5179.7
59081     5111.6
59082     5043.6
59083     4975.1
59084     4904.9
59085     4837.3
59086     4768.0
59087     4701.3
59088     4631.0
59089     4563.5
59090     4493.5
59091     4424.0
59092     4356.1
59093     4288.7
59094     4219.5
59095     4151.1
59096     4083.5
59097     4016.0
59098     3950.5
59099     3881.9
59100     3813.7
59101     3748.3
59102     3680.4
59103     3614.2
59104     3544.9
59105     3478.3
59106     3409.5
59107     3340.0
59108     3270.5
59109     3202.7
59110     3136.6
59111     3066.3
59112     2996.8
59113     2927.7
59114     2857.3
59115     2788.2
59116     2718.5
59117     2649.5
59118     2581.7
59119     2512.7
59120     2443.6
59121     2374.9
59122     2307.7
59123     2239.6
59124     2170.5
59125     2105.0
59126     2034.8
59127     1966.0
59128     1897.3
59129     1828.2
59130     1759.6
59131     1692.7
59132     1623.5
59133     1556.0
59134     1488.3
59135     1419.5
59136     1350.8
59137     1282.3
59138     1213.0
59139     1145.7
59140     1077.1
59141     1007.4
59142      939.1
59143      871.9
59144      798.6
59145      729.6
59146      659.5
59147      589.7
59148      521.1
59149      452.1
59150      384.6
59151      315.6
59152      246.3
59153      176.4
59154      106.6
59155       37.7
59156      -30.9
59157      -98.6
59158     -166.5
59159     -236.4
59160     -304.0
59161     -373.3
59162     -445.3
59163     -515.7
59164     -587.7
59165     -658.2
59166     -725.6
59167     -795.0
59168     -864.6
59169     -934.2
59170    -1005.4
59171    -1076.3
59172    -1144.0
59173    -1213.5
59174    -1279.4
59175    -1344.8
59176    -1417.2
59177    -1491.0
59178    -1564.5
59179    -1632.7
59180    -1701.4
59181    -1769.9
59182    -1840.0
59183    -1907.0
59184    -1977.3
59185    -2049.9
59186    -2119.7
59187    -2190.3
59188    -2259.8
59189    -2331.5
59190    -2401.7
59191    -2473.1
59192    -2542.6
59193    -2611.3
59194    -2680.4
59195    -2749.5
59196    -2821.3
59197    -2891.3
59198    -2960.5
59199    -3025.9
59200    -3096.8
59201    -3167.1
59202    -3237.8
59203    -3308.0
59204    -3375.0
59205    -3444.3
59206    -3513.5
59207    -3584.3
59208    -3655.1
59209    -3723.1
59210    -3793.9
59211    -3863.7
59212    -3931.0
59213    -4001.3
59214    -4069.4
59215    -4137.6
59216    -4206.2
59217    -4274.6
59218    -4342.9
59219    -4411.5
59220    -4481.1
59221    -4549.9
59222    -4618.9
59223    -4688.5
59224    -4759.8
59225    -4826.9
59226    -4897.5
59227    -4967.2
59228    -5040.6
59229    -5109.3
59230    -5179.8
59231    -5248.1
59232    -5318.5
59233    -5388.6
59234    -5455.9
59235    -5525.8
59236    -5596.1
59237    -5664.8
59238    -5735.2
59239    -5805.4
59240    -5872.6
59241    -5942.7
59242    -6013.4
59243    -6084.7
59244    -6154.4
59245    -6225.0
59246    -6296.0
59247    -6365.5
59248    -6438.0
59249    -6511.3
59250    -6580.9
59251    -6652.4
59252    -6723.3
59253    -6797.5
59254    -6866.8
59255    -6936.3
59256    -7008.3
59257    -7005.5
59258    -6920.2
59259    -6833.9
59260    -6746.8
59261    -6662.1
59262    -6577.7
59263    -6496.8
59264    -6413.2
59265    -6329.4
59266    -6245.5
59267    -6159.3
59268    -6074.4
59269    -5988.6
59270    -5903.0
59271    -5820.3
59272    -5736.7
59273    -5651.0
59274    -5565.0
59275    -5479.5
59276    -5394.3
59277    -5312.9
59278    -5228.6
59279    -5143.0
59280    -5061.5
59281    -4975.3
59282    -4890.0
59283    -4805.5
59284    -4719.4
59285    -4634.1
59286    -4548.3
59287    -4463.9
59288    -4377.5
59289    -4291.7
59290    -4206.5
59291    -4120.6
59292    -4034.8
59293    -3948.1
59294    -3862.5
59295    -3778.4
59296    -3693.4
59297    -3607.9
59298    -3520.2
59299    -3431.8
59300    -3344.7
59301    -3260.2
59302    -3177.3
59303    -3093.6
59304    -3007.0
59305    -2921.9
59306    -2837.9
59307    -2752.3
59308    -2667.6
59309    -2579.6
59310    -2494.4
59311    -2410.4
59312    -2327.8
59313    -2244.0
59314    -2159.0
59315    -2074.2
59316    -1987.4
59317    -1902.7
59318    -1821.4
59319    -1735.5
59320    -1650.4
59321    -1567.3
59322          -
59323          -
59324    -1311.2
59325    -1226.2
59326    -1141.6
59327    -1059.3
59328     -975.5
59329     -890.4
59330     -802.7
59331     -716.1
59332     -629.8
59333     -543.3
59334     -459.3
59335     -373.9
59336     -288.7
59337     -201.4
59338     -116.0
59339      -30.3
59340       54.5
59341      138.2
59342      115.2
59343       42.4
59344      -30.8
59345     -102.8
59346     -173.9
59347     -246.8
59348     -318.7
59349     -388.1
59350     -459.5
59351     -529.3
59352     -600.0
59353     -668.9
59354     -739.1
59355     -812.3
59356     -883.8
59357     -953.8
59358    -1025.3
59359    -1095.7
59360    -1167.6
59361    -1238.8
59362    -1305.7
59363    -1375.1
59364    -1441.8
59365    -1512.2
59366    -1582.4
59367    -1652.1
59368    -1720.7
59369    -1789.9
59370    -1861.2
59371    -1933.6
59372    -2004.9
59373    -1991.0
59374    -1904.0
59375    -1818.0
59376    -1730.6
59377    -1644.7
59378    -1558.8
59379    -1473.1
59380    -1392.6
59381    -1308.9
59382    -1226.1
59383    -1140.9
59384    -1054.4
59385     -969.0
59386     -881.1
59387     -796.2
59388     -709.1
59389     -627.8
59390     -542.8
59391     -453.8
59392     -371.5
59393     -289.9
59394     -205.7
59395     -121.5
59396      -34.4
59397       50.3
59398      135.2
59399      222.1
59400      310.6
59401      310.8
59402      238.9
59403      166.9
59404       92.6
59405       22.9
59406      -46.0
59407     -117.6
59408     -111.2
59409      -65.8
59410      -19.4
59411       26.9
59412       75.6
59413      120.1
59414      166.8
59415      211.9
59416      256.6
59417      262.6
59418      248.4
59419      236.6
59420      224.7
59421      212.8
59422      199.8
59423      186.7
59424      174.2
59425      162.4
59426      150.9
59427      139.2
59428      124.4
59429      110.1
59430       96.6
59431      101.4
59432      117.6
59433      132.9
59434      151.2
59435      165.7
59436      179.6
59437      195.9
59438      213.0
59439      226.7
59440      242.0
59441      258.9
59442      276.5
59443      293.8
59444      310.1
59445      329.8
59446      337.4
59447      338.9
59448      339.8
59449      341.9
59450      345.3
59451      344.8
59452      346.7
59453      350.4
59454      350.8
59455      353.5
59456      355.4
59457      355.8
59458      359.3
59459      362.4
59460      361.6
59461      364.7
59462      367.1
59463      370.6
59464      372.0
59465      374.9
59466      377.8
59467      381.0
59468      381.3
59469      384.6
59470      386.6
59471      393.4
59472      396.9
59473      401.5
59474      404.0
59475      407.4
59476      412.0
59477      414.5
59478      415.6
59479      417.8
59480      418.6
59481      421.5
59482      421.9
59483      426.0
59484      427.9
59485      433.1
59486      436.3
59487      439.9
59488      441.1
59489      442.9
59490      443.4
59491      444.4
59492      448.2
59493      450.7
59494      450.8
59495      453.4
59496      455.5
59497      460.6
59498      465.0
59499      467.8
59500      473.3
59501      474.6
59502      477.3
59503      479.7
59504      482.2
59505      487.5
59506      490.6
59507      494.1
59508      497.8
59509      498.1
59510      500.2
59511      502.7
59512      503.5
59513      506.2
59514      509.1
59515      514.7
59516      517.6
59517      521.0
59518      526.2
59519      529.6
59520      533.2
59521      537.9
59522      539.8
59523      543.9
59524      546.5
59525      547.0
59526      551.2
59527      555.9
59528      563.2
59529      567.4
59530      575.2
59531      580.9
59532      583.0
59533      585.0
59534      585.7
59535      590.0
59536      591.2
59537      592.4
59538      594.9
59539      596.9
59540      598.7
59541      601.2
59542      603.9
59543      608.9
59544      611.9
59545      612.1
59546      616.0
59547      621.1
59548      626.1
59549      627.5
59550      630.2
59551      634.7
59552      637.0
59553      639.3
59554      640.0
59555      642.5
59556      646.9
59557      650.4
59558      652.5
59559      656.8
59560      660.1
59561      663.0
59562      661.4
59563      666.1
59564      669.7
59565      670.6
59566      671.7
59567      675.8
59568      679.7
59569      680.1
59570      683.7
59571      685.4
59572      686.8
59573      687.2
59574      687.4
59575      692.9
59576      694.6
59577      693.0
59578      698.2
59579      702.9
59580      705.9
59581      706.8
59582      710.3
59583      714.0
59584      715.2
59585      719.1
59586      723.6
59587      727.5
59588      728.8
59589      728.6
59590      733.5
59591      740.0
59592      744.3
59593      746.7
59594      748.1
59595      748.5
59596      750.0
59597      751.2
59598      753.6
59599      754.0
59600      758.5
59601      760.7
59602      764.2
59603      764.0
59604      765.3
59605      766.4
59606      768.3
59607      769.2
59608      772.7
59609      773.7
59610      775.2
59611      775.9
59612      778.0
59613      776.5
59614      777.3
59615      778.9
59616      785.0
59617      786.8
59618      787.7
59619      789.2
59620      786.5
59621      790.2
59622      793.0
59623      796.0
59624      797.8
59625      806.5
59626      818.4
59627      828.6
59628      840.7
59629      850.7
59630      860.7
59631      874.4
59632      885.2
59633      897.7
59634      915.3
59635      931.1
59636      948.4
59637      966.1
59638      982.7
59639     1003.9
59640     1010.2
59641     1006.8
59642     1000.9
59643      995.0
59644      987.0
59645      979.6
59646      973.2
59647      967.8
59648      959.9
59649      954.4
59650      954.1
59651      950.7
59652      943.2
59653      936.0
59654      932.1
59655      926.9
59656      921.5
59657      918.8
59658      913.8
59659      911.0
59660      906.3
59661      899.2
59662      892.9
59663      885.7
59664      885.1
59665      882.3
59666      876.6
59667      874.3
59668      870.1
59669      864.3
59670      859.3
59671      854.4
59672      849.0
59673      842.6
59674      839.4
59675      833.2
59676      827.1
59677      822.7
59678      815.8
59679      812.3
59680      811.3
59681      807.3
59682      800.6
59683      795.6
59684      793.0
59685      791.1
59686      785.5
59687      778.9
59688      777.1
59689      772.5
59690      770.9
59691      765.7
59692      761.6
59693      753.3
59694      748.4
59695      746.0
59696      741.6
59697      737.8
59698      737.3
59699      734.9
59700      730.5
59701      724.8
59702      718.5
59703      713.3
59704      710.6
59705      706.2
59706      704.1
59707      701.2
59708      695.9
59709      692.1
59710      687.5
59711      679.8
59712      675.1
59713      670.3
59714      666.2
59715      657.0
59716      654.0
59717      648.4
59718      642.7
59719      636.9
59720      633.4
59721      629.1
59722      626.3
59723      620.7
59724      615.9
59725      610.4
59726      608.6
59727      605.1
59728      602.3
59729      599.3
59730      594.9
59731      590.9
59732      587.2
59733      581.6
59734      578.2
59735      573.4
59736      571.3
59737      565.9
59738      562.4
59739      563.4
59740      559.3
59741      554.6
59742      552.0
59743      549.2
59744      546.2
59745      540.4
59746      536.6
59747      532.1
59748      532.2
59749      529.4
59750      524.8
59751      521.0
59752      516.3
59753      516.0
59754      512.0
59755      503.4
59756      497.3
59757      492.1
59758      486.7
59759      486.7
59760      478.2
59761      472.0
59762      470.3
59763      464.4
59764      457.6
59765      453.9
59766      451.7
59767      448.9
59768      445.1
59769      437.7
59770      432.2
59771      431.5
59772      430.4
59773      427.1
59774      424.2
59775      420.1
59776      415.0
59777      409.4
59778      404.8
59779      399.6
59780      397.4
59781      395.6
59782      393.9
59783      391.9
59784      388.0
59785      382.0
59786      376.3
59787      375.1
59788      371.2
59789      369.0
59790      370.1
59791      365.5
59792      362.6
59793      360.6
59794      359.3
59795      357.9
59796      353.5
59797      350.1
59798      350.5
59799      348.0
59800      347.2
59801      345.0
59802      345.0
59803      345.2
59804      342.1
59805      337.7
59806      337.4
59807      335.4
59808      334.5
59809      336.3
59810      335.6
59811      333.9
59812      333.8
59813      333.0
59814      332.6
59815      328.3
59816      329.2
59817      330.5
59818      327.1
59819      327.1
59820      325.2
59821      322.9
59822      320.8
59823      320.0
59824      317.5
59825      313.6
59826      313.6
59827      310.5
59828      309.7
59829      306.6
59830      305.0
59831      301.4
59832      301.1
59833      300.7
59834      297.9
59835      297.0
59836      296.1
59837      292.0
59838      290.0
59839      287.4
59840      288.1
59841      290.6
59842      290.8
59843      290.1
59844      289.7
59845      289.8
59846      282.5
59847      282.6
59848      277.1
59849      272.2
59850      272.5
59851      269.7
59852      263.2
59853      259.5
59854      256.6
59855      252.0
59856      249.8
59857      249.3
59858      248.1
59859      245.3
59860      240.0
59861      237.8
59862      235.5
59863      229.9
59864      226.0
59865      222.3
59866      221.2
59867      218.2
59868      215.2
59869      212.6
59870      207.6
59871      204.5
59872      198.7
59873      195.1
59874      194.0
59875      188.5
59876      185.5
59877      181.8
59878      177.4
59879      174.1
59880      170.3
59881      170.6
59882      166.9
59883      163.7
59884      163.3
59885      161.5
59886      158.9
59887      159.7
59888      155.5
59889      152.9
59890      152.5
59891      149.1
59892      144.6
59893      142.3
59894      138.2
59895      133.2
59896      131.4
59897      128.1
59898      126.1
59899      126.5
59900      123.5
59901      119.6
59902      112.8
59903      105.4
59904      105.7
59905      100.7
59906       96.8
59907       92.4
59908       88.9
59909       86.1
59910       82.1
59911       78.8
59912       75.6
59913       73.8
59914       73.3
59915       71.9
59916       65.6
59917       64.2
59918       59.1
59919       56.8
59920       56.6
59921       55.4
59922       50.7
59923       49.2
59924       47.1
59925       41.0
59926       36.0
59927       32.7
59928       28.3
59929       22.6
59930       18.0
59931       10.3
59932        8.2
59933        2.3
59934       -2.2
59935       -8.4
59936      -16.1
59937      -27.4
59938      -34.0
59939      -41.3
59940      -49.8
59941      -55.7
59942      -58.6
59943      -65.2
59944      -70.0
59945      -77.8
59946      -87.5
59947      -93.7
59948      -99.1
59949     -105.2
59950     -110.4
59951     -117.0
59952     -122.1
59953     -128.3
59954     -135.8
59955     -141.9
59956     -145.3
59957     -150.7
59958     -156.9
59959     -165.9
59960     -174.1
59961     -169.9
59962     -149.4
59963     -130.1
59964     -112.7
59965      -91.1
59966      -70.1
59967      -47.6
59968      -26.3
59969       -6.6
59970       17.0
59971       37.0
59972       59.8
59973       81.6
59974       97.8
59975      114.3
59976      135.3
59977      153.9
59978      173.2
59979      190.1
59980      210.8
59981      229.8
59982      245.7
59983      264.3
59984      273.8
59985      274.8
59986      274.7
59987      276.2
59988      276.9
59989      275.1
59990      276.5
59991      274.3
59992      274.5
59993      274.0
59994      273.1
59995      273.2
59996      268.6
59997      266.8
59998      266.1
59999      265.3
60000      263.5
60001      266.3
60002      265.3
60003      269.2
60004      265.1
60005      265.0
60006      267.1
60007      266.5
60008      266.0
60009      265.3
60010      266.3
60011      262.7
60012      262.3
60013      259.4
60014      257.6
60015      254.8
60016      252.8
60017      251.0
60018      251.1
60019      245.0
60020      245.8
60021      242.4
60022      240.3
60023      236.9
60024      235.0
60025      231.7
60026      230.4
60027          -
60028      227.3
60029      223.8
60030      220.6
60031      217.9
60032      213.9
60033      214.7
60034      214.9
60035      213.3
60036      213.3
60037      214.3
60038      214.2
60039      211.7
60040      210.5
60041      210.6
60042      207.8
60043      202.9
60044      203.2
60045      201.2
60046      200.8
60047      198.4
60048      195.2
60049      193.6
60050      191.9
60051      195.1
60052      196.3
60053      189.3
60054      185.6
60055      183.1
60056      179.4
60057      176.0
60058      174.2
60059      170.9
60060      169.1
60061      168.2
60062      166.9
60063      168.6
60064      168.5
60065      166.8
60066      163.6
60067      162.1
60068      159.3
60069      153.4
60070      153.0
60071      152.1
60072      149.6
60073      151.1
60074      147.9
60075      147.5
60076      148.3
60077      148.8
60078      147.4
60079      148.1
60080      146.3
60081      144.6
60082      144.9
60083      144.4
60084      144.5
60085      142.5
60086      140.7
60087      140.9
60088      142.7
60089      141.5
60090      143.8
60091      144.1
60092      145.5
60093      143.9
60094      136.6
60095      133.8
60096      132.6
60097      131.4
60098      129.2
60099      128.4
60100      124.0
60101      120.9
60102      122.3
60103      122.3
60104      123.6
60105      120.4
60106      120.0
60107      117.5
60108      118.2
60109      119.7
60110      117.5
60111      116.3
60112      115.7
60113      115.8
60114      112.4
60115      115.5
60116      113.3
60117      109.6
60118      110.7
60119      110.6
60120      109.2
60121      110.4
60122      113.4
60123      110.2
60124      111.4
60125      111.4
60126      114.0
60127      115.6
60128      114.2
60129      116.6
60130      117.5
60131      116.5
60132      116.1
60133      115.5
60134      114.9
60135      115.2
60136      114.4
60137      114.7
60138      113.9
60139      117.5
60140      117.9
60141      117.6
60142      123.1
60143      121.5
60144      118.3
60145      118.5
60146      121.0
60147      119.6
60148      119.5
60149      120.0
60150      120.2
60151      118.8
60152      120.0
60153      121.3
60154      122.1
60155      121.3
60156      117.8
60157      118.1
60158      117.3
60159      118.0
60160      119.8
60161      116.0
60162      113.4
60163      115.8
60164      115.1
60165      110.0
60166      112.9
60167      112.3
60168      111.1
60169      109.2
60170      104.3
60171      103.0
60172      101.5
60173       98.6
60174       98.9
60175       99.5
60176       98.0
60177       95.9
60178       93.6
60179       88.6
60180       87.0
60181       86.6
60182       84.1
60183       84.8
60184       86.3
60185       87.7
60186       89.9
60187       90.6
60188       91.4
60189       91.6
60190       91.0
60191       88.1
60192       87.6
60193       87.9
60194       83.3
60195       81.0
60196       81.0
60197       80.6
60198       79.7
60199       80.4
60200       80.3
60201       83.7
60202       84.6
60203       84.8
60204       85.2
60205       85.2
60206       83.4
60207       84.3
60208       83.1
60209       81.9
60210       80.9
60211       85.1
60212       86.2
60213       85.0
60214       83.8
60215       81.3
60216       82.2
60217       80.2
60218       77.0
60219       74.4
60220       73.9
60221       72.1
60222       72.3
60223       77.4
60224       80.7
60225       82.3
60226       84.6
60227       85.1
60228       84.9
60229       86.2
60230       84.3
60231       82.7
60232       85.6
60233       80.6
60234       80.0
60235       79.3
60236       78.3
60237       76.7
60238       75.5
60239       75.7
60240       71.5
60241       68.9
60242       67.4
60243       63.3
60244       60.7
60245       59.9
60246       56.0
60247       54.5
60248       52.6
60249       51.5
60250       50.7
60251       48.7
60252       45.8
60253       42.1
60254       42.1
60255       39.1
60256       38.3
60257       37.0
60258       38.2
60259       34.4
60260       31.9
60261       31.3
60262       28.0
60263       26.2
60264       22.8
60265       20.3
60266       17.5
60267       15.0
60268       10.9
60269        6.7
60270        1.0
60271       -1.3
60272       -1.9
60273       -4.6
60274       -4.9
60275      -10.0
60276      -15.7
60277      -18.4
60278      -20.0
60279      -25.0
60280      -26.4
60281      -30.0
60282      -31.4
60283      -37.1
60284      -39.8
60285      -44.7
60286      -48.1
60287      -50.0
60288      -55.9
60289      -61.3
60290      -67.7
60291      -71.0
60292      -78.2
60293      -79.8
60294      -83.9
60295      -86.4
60296      -90.7
60297      -90.5
60298      -92.0
60299      -94.3
60300      -94.4
60301          -
60302     -105.9
60303     -111.9
60304     -112.4
60305     -117.5
60306     -121.7
60307     -125.0
60308     -128.1
60309     -132.9
60310     -134.4
60311     -142.6
60312     -149.2
60313     -155.7
60314     -160.2
60315     -163.1
60316     -166.6
60317     -174.9
60318     -177.9
60319     -182.9
60320     -185.4
60321     -188.8
60322     -190.7
60323     -191.7
60324     -198.8
60325     -201.4
60326     -207.3
60327     -212.4
60328     -213.5
60329     -219.5
60330     -228.6
60331     -235.9
60332     -241.6
60333     -249.0
60334     -251.7
60335     -253.7
60336     -259.0
60337     -262.5
60338     -270.1
60339     -274.5
60340     -279.8
60341     -284.9
60342     -293.3
60343     -298.5
60344     -300.3
60345     -302.7
60346     -305.8
60347     -310.7
60348     -311.3
60349     -310.4
60350     -315.1
60351     -317.6
60352     -318.8
60353     -323.9
60354     -329.3
60355     -333.6
60356     -337.9
60357     -343.1
60358     -343.5
60359     -348.9
60360     -354.1
60361     -357.6
60362     -363.3
60363     -371.0
60364     -365.0
60365     -356.8
60366     -345.4
60367     -340.1
60368     -328.2
60369     -314.0
60370     -301.7
60371     -293.0
60372     -280.1
60373     -272.1
60374     -266.7
60375     -257.5
60376     -245.9
60377     -233.8
60378     -223.3
60379     -216.2
60380     -207.2
60381     -197.0
60382     -187.9
60383     -175.0
60384     -166.2
60385     -154.9
60386     -143.5
60387     -128.0
60388     -115.2
60389     -105.7
60390      -95.9
60391      -85.6
60392      -74.6
60393      -62.6
60394      -49.6
60395      -41.4
60396      -29.4
60397      -21.9
60398      -10.2
60399        2.5
60400       14.5
60401       27.3
60402       44.5
60403       52.9
60404       64.4
60405       80.7
60406       90.1
60407      102.7
60408      115.6
60409      130.9
60410      140.9
60411      153.7
60412          -
60413          -
60414          -
60422      293.9
60423      309.6
60424      318.8
60425      331.7
60426      343.7
60427      355.3
60428      362.7
60429      376.4
60430      389.9
60431      403.1
60432      414.2
60433      428.0
60434      442.4
60435      454.6
60436      467.9
60437      477.5
60438      477.8
60439      475.2
60440      474.1
60441      472.7
60442      470.2
60443      472.2
60444      473.7
60445      471.2
60446      469.3
60447      467.5
60448      464.9
60449      464.7
60450      465.4
60451      468.8
60452      468.9
60453      466.3
60454      465.7
60455      465.6
60456      465.9
60457      465.4
60458      466.1
60459      465.2
60460      463.5
60461      460.5
60462      457.5
60463      455.3
60464      453.4
60465      454.8
60466      458.6
60467      455.5
60468      454.6
60469      454.4
60470      456.9
60471      455.9
60472      454.7
60473      456.2
60474      455.1
60475      450.4
60476      453.8
60477      450.9
60478      450.3
60479      453.4
60480      452.4
60481      449.4
60482      451.3
60483      450.2
60484      450.6
60485      447.2
60486      443.5
60487      444.3
60488      442.6
60489      444.7
60490      442.9
60491      448.6
60492      449.8
60493      448.5
60494      451.3
60495      454.3
60496      452.4
60497      452.0
60498      453.1
60499      454.5
60500      451.0
60501      450.9
60502      449.4
60503      444.9
60504      445.9
60505      446.8
60506      446.9
60507      446.2
60508      446.7
60509      447.0
60510      451.0
60511      458.0
60512      465.0
60513      464.5
60514      463.9
60515      463.7
60516      460.5
60517      464.5
60518      464.3
60519      466.7
60520      463.5
60521      465.2
60522      467.7
60523      468.6
60524      469.5
60525      468.0
60526      470.2
60527      470.3
60528      470.2
60529      466.8
60530      469.8
60531      473.8
60532      474.6
60533      474.0
60534      472.8
60535      468.1
60536      468.5
60537      468.4
60538      468.7
60539      467.4
60540      468.3
60541      468.0
60542      471.3
60543      470.9
60544      471.7
60545      469.0
60546      468.7
60547      471.1
60548      469.6
60549      468.9
60550      467.9
60551      467.4
60552      472.9
60553      475.5
60554      479.7
60555      479.7
60556      479.9
60557      479.8
60558      482.2
60559      480.8
60560      478.9
60561      478.3
60562      480.6
60563      486.0
60564      488.6
60565      488.0
60566      490.6
60567      493.6
60568      494.2
60569      495.4
60570      495.4
60571      492.8
60572      493.6
60573      493.0
60574      494.0
60575      492.4
60576      493.7
60577      495.0
60578      494.5
60579      494.0
60580      493.5
60581      493.2
60582          -
60583          -
60584          -
60585          -
60586          -
60587          -
60588          -
60589          -
60590          -
60591      499.6
60592      496.5
60593      496.0
60594      492.1
60595      491.3
60596      496.4
60597      493.4
60598      490.3
60599      488.4
60600      488.5
60601      489.9
60602      492.5
60603      492.5
60604      491.3
60605      491.8
60606      494.2
60607      493.9
60608      490.8
60609      491.1
60610      488.1
60611      487.3
60612      484.3
60613      481.6
60614      484.6
60615      483.5
60616      479.9
60617      478.7
60618      479.6
60619      477.7
60620      478.1
60621      477.6
60622      478.9
60623      478.5
60624      481.3
60625      485.9
60626      490.1
60627      491.8
60628      493.0
60629      492.2
60630      492.6
60631      494.3
60632      493.5
60633      492.0
60634      492.6
60635      494.1
60636      494.9
60637      492.6
60638      492.0
60639      491.5
60640      496.3
60641      497.3
60642      500.9
60643      497.6
60644      497.4
60645      497.5
60646      496.8
60647      495.7
60648      497.0
60649      500.1
60650      500.5
60651      503.4
60652      502.0
60653      502.1
60654      501.6
60655      504.0
60656      502.9
60657      503.4
60658      503.7
60659      503.3
60660      504.3
60661      504.1
60662      503.6
60663          -
60664          -
60665          -
60666          -
60674          -
60675          -
60676          -
60677          -
60678          -
60679          -
60680          -
61136     1977.1
61137     1974.4
61138     1975.1
61139     1974.1
61140     1974.9
61141     1975.9
61142     1973.7
61143     1971.5
61144     1970.0
61145     1974.4
61146     1973.0
61147     1973.1
61148          -
61149          -
61150          -
61151     1969.2
61152     1968.9
61153     1971.8
61154     1971.3
61155     1974.9
61156     1977.8
61157     1980.1
61158     1979.0
61159     1980.3
61160     1983.0
61161     1985.9
61162     1985.9
61163     1988.2
61164     1987.1
61165     1988.7
61166     1991.2
61167     1987.4
61168     1983.0
61169     1985.7
61170     1986.0
61171     1986.1
61172     1987.2
61173     1987.9
61174     1994.1
61175     1996.6
61176     1996.8
61177     1999.1
61178     2000.9
61179     2001.1
61180     2003.9
61181     2003.8
61182     2006.1
61183     2005.5
61184     2008.6
61185     2010.9
61186     2017.7
61187     2018.5
61188     2020.2
61189     2022.7
61190          -
61191          -
61192     2013.2
61193     2011.7
61194     2011.3
61195     2008.4
61196     2009.2
61197     2019.8
61198     2028.9
61199     2037.9
61200     2047.6
61201     2059.7
61202     2070.6
61203          -
61204     2101.4
61205     2113.1
61206     2119.5
61207     2126.3
61208     2132.8
61209     2140.9
61210     2151.4
61211     2158.4
61212     2163.6
61213     2178.1
61214     2188.2
61215     2198.2
61216     2205.0
61217     2219.3
61218     2226.5
61219     2236.1

# UTC remains available from the monthly Circular T at
# (http://www.bipm.org/en/bipm-services/timescales/time-ftp/Circular-T.html).
