# MJD  [UTCr-UTC(SP)]/ns
56467      -14.2
56468      -13.9
56469      -13.4
56470      -13.1
56471      -12.4
56472      -12.2
56473      -11.1
56474       -8.6
56475       -7.9
56476       -7.1
56477       -7.0
56478       -7.1
56479       -6.3
56480       -6.0
56481       -6.0
56482       -5.4
56483       -4.6
56484       -3.8
56485       -3.7
56486       -3.5
56487       -3.8
56488       -4.0
56489       -4.3
56490       -4.5
56491       -5.3
56492       -5.9
56493       -5.8
56494       -5.3
56495       -4.9
56496       -4.7
56497       -5.0
56498       -5.1
56499       -5.3
56500       -5.9
56501       -6.5
56502       -6.7
56503       -7.8
56504       -7.8
56505       -8.0
56506       -8.1
56507       -7.7
56508       -7.7
56509       -7.8
56510       -7.2
56511       -6.9
56512       -6.6
56513       -6.4
56514       -6.4
56515       -6.6
56516       -7.4
56517       -7.1
56518       -6.4
56519       -6.0
56520       -5.4
56521       -4.7
56522       -3.7
56523       -2.6
56524       -2.4
56525       -2.3
56526       -3.1
56527       -3.0
56528       -3.8
56529       -4.7
56530       -5.6
56531       -5.5
56532       -5.2
56533       -5.1
56534       -4.8
56535       -4.7
56536       -4.1
56537        0.5
56538        0.4
56539        0.3
56540        0.8
56541        1.0
56542        1.4
56543        1.6
56544        2.2
56545        3.2
56546        4.0
56547        3.7
56548        3.7
56549        3.7
56550        3.9
56551        4.5
56552        5.0
56553        5.0
56554        4.7
56555        4.5
56556        3.9
56557        3.9
56558        2.0
56559        2.2
56560        2.1
56561        2.1
56562        2.8
56563        3.5
56564        3.8
56565        2.8
56566        3.1
56567        2.9
56568        2.7
56569        2.9
56570        2.3
56571        2.7
56572        3.2
56573        3.0
56574        3.0
56575        2.7
56576        1.9
56577        0.7
56578        0.1
56579       -0.6
56580       -1.3
56581       -1.4
56582       -1.6
56583       -1.8
56584       -1.9
56585       -2.1
56586       -3.0
56587       -3.9
56588       -5.1
56589       -5.6
56590       -5.4
56591       -6.2
56592       -5.8
56593       -6.4
56594       -5.7
56595       -6.3
56596       -6.9
56597       -7.2
56598       -7.6
56599       -7.5
56600       -8.2
56601       -8.7
56602       -9.2
56603      -10.2
56604      -10.6
56605      -10.6
56606      -10.5
56607       -8.3
56608       -7.6
56609       -5.7
56610       -4.8
56611       -4.2
56612       -2.7
56613       -2.2
56614       -1.5
56615       -0.5
56616        1.2
56617        1.7
56618        2.8
56619        3.3
56620        4.3
56621        4.0
56622        4.0
56623        5.0
56624        5.9
56625        5.7
56626        6.6
56627        6.5
56628       10.1
56629       10.8
56630       11.2
56631       12.0
56632       12.7
56633       12.9
56634       13.4
56635       13.3
56636       13.1
56637       13.3
56638       13.2
56639       13.5
56640       12.6
56641       12.5
56642       11.5
56643       11.0
56644       11.0
56645       10.1
56646        9.7
56647        9.6
56648        9.7
56649        9.5
56650        8.6
56651        8.5
56652        8.1
56653        7.2
56654        6.6
56655        6.4
56656        6.9
56657        6.9
56658        6.4
56659        6.5
56660        6.9
56661        6.3
56662        5.6
56663        5.8
56664        5.1
56665        4.6
56666        5.0
56667        4.7
56668        4.5
56669        4.3
56670        3.2
56671        3.1
56672        2.9
56673        2.8
56674        2.7
56675        2.8
56676        2.4
56677        2.2
56678        2.2
56679        2.2
56680        1.9
56681        1.9
56682        1.9
56683        2.2
56684        1.0
56685        2.0
56686        2.5
56687        2.3
56688        2.8
56689        3.6
56690        4.2
56691        4.5
56692        4.5
56693        5.3
56694        5.3
56695        6.0
56696        6.4
56697        6.4
56698        6.6
56699        6.8
56700        6.9
56701        7.2
56702        7.3
56703        7.3
56704        7.2
56705        7.8
56706        7.9
56707        8.2
56708        8.2
56709        8.1
56710        7.9
56711        7.5
56712        8.2
56713        8.5
56714        8.6
56715        8.4
56716        9.0
56717        9.1
56718        9.8
56719       10.1
56720       10.2
56721       10.7
56722       11.1
56723       11.7
56724       12.0
56725       12.4
56726       12.0
56727       11.6
56728       12.0
56729       12.3
56730       11.9
56731       12.1
56732       12.2
56733       10.6
56734       11.3
56735       10.8
56736       11.5
56737       11.2
56738       11.5
56739       10.9
56740       11.0
56741       10.5
56742       10.4
56743        9.8
56744        9.2
56745        8.9
56746        8.6
56747        8.2
56748        7.6
56749        7.1
56750        6.9
56751        6.3
56752        5.9
56753        5.3
56754        6.5
56755        6.6
56756        5.9
56757        6.1
56758        5.7
56759        5.6
56760        5.6
56761        5.5
56762        5.3
56763        4.5
56764        4.1
56765        3.3
56766        3.2
56767        2.5
56768        1.6
56769        1.1
56770        1.0
56771        0.8
56772        0.2
56773       -0.0
56774       -0.4
56775        0.4
56776        0.1
56777       -0.8
56778       -1.2
56779       -1.8
56780       -2.3
56781       -2.4
56782       -0.2
56783       -0.7
56784       -0.8
56785       -0.7
56786       -0.8
56787       -1.1
56788       -0.3
56789       -0.9
56790       -0.7
56791       -1.1
56792       -0.8
56793       -1.0
56794       -0.8
56795       -0.2
56796        2.0
56797        2.0
56798        1.7
56799        1.9
56800        2.0
56801        2.6
56802        3.1
56803        1.5
56804        1.7
56805        2.0
56806        2.2
56807        2.7
56808        2.8
56809        3.2
56810        4.8
56811        5.3
56812        5.5
56813        5.9
56814        5.5
56815        5.8
56816        5.9
56817        6.3
56818        6.0
56819        5.9
56820        6.1
56821        5.5
56822        5.4
56823        4.8
56824        3.7
56825        3.2
56826        2.5
56827        1.8
56828        1.5
56829        0.4
56830        0.3
56831       -0.5
56832       -1.3
56833       -1.4
56834       -1.8
56835       -2.1
56836       -2.9
56837       -2.7
56838       -2.6
56839       -2.6
56840       -3.0
56841       -3.5
56842       -3.5
56843       -3.8
56844       -3.7
56845       -1.9
56846       -1.9
56847       -1.5
56848       -1.5
56849       -1.3
56850       -1.3
56851       -1.2
56852        0.1
56853        0.3
56854        1.3
56855        1.1
56856        1.7
56857        2.4
56858          -
56859        2.7
56860        3.5
56861        3.8
56862        4.0
56863        4.4
56864        5.1
56865        5.7
56866        6.3
56867        6.5
56868        6.9
56869        7.9
56870        8.3
56871        8.8
56872        8.4
56873        8.3
56874        8.4
56875        8.8
56876        9.2
56877        8.8
56878        9.1
56879        9.7
56880        7.5
56881        7.6
56882        8.0
56883        7.5
56884        7.4
56885        6.4
56886        6.2
56887        5.3
56888        5.0
56889        4.5
56890        3.5
56891        2.0
56892        1.1
56893        0.4
56894       -0.9
56895       -2.4
56896       -3.2
56897       -3.8
56898       -5.0
56899       -5.4
56900       -6.9
56901       -7.3
56902       -8.7
56903       -9.0
56904      -10.2
56905      -10.8
56906      -11.0
56907      -11.3
56908      -11.4
56909      -11.5
56910      -11.8
56911      -12.2
56912      -12.9
56913      -13.0
56914      -12.7
56915      -11.6
56916      -11.0
56917      -10.7
56918       -9.8
56919       -8.9
56920       -8.6
56921       -8.4
56922       -8.4
56923       -7.9
56924       -7.5
56925       -6.6
56926       -6.1
56927       -5.7
56928       -5.3
56929       -4.7
56930       -4.8
56931       -4.1
56932       -3.5
56933       -2.7
56934       -2.1
56935       -1.6
56936        0.5
56937        1.2
56938        1.9
56939        2.6
56940        3.9
56941        5.0
56942        5.8
56943        5.9
56944        7.4
56945        9.0
56946       10.4
56947       12.7
56948       13.8
56949       13.4
56950       12.6
56951       13.4
56952       13.6
56953       12.2
56954       11.5
56955       10.5
56956       10.0
56957       10.2
56958        9.8
56959        9.7
56960        9.5
56961        8.7
56962        8.0
56963        7.4
56964        7.1
56965        7.1
56966        6.9
56967        6.6
56968        6.0
56969        5.6
56970        5.2
56971        5.2
56972        4.7
56973        3.9
56974        2.7
56975        1.6
56976        1.0
56977        0.2
56978       -1.5
56979       -2.1
56980       -2.0
56981       -2.4
56982       -1.8
56983       -1.1
56984       -0.9
56985       -0.2
56986       -0.4
56987       -1.0
56988       -1.5
56989       -1.3
56990       -1.7
56991       -1.2
56992       -1.1
56993       -1.5
56994       -1.4
56995       -1.7
56996       -2.2
56997       -2.8
56998       -3.0
56999       -1.8
57000       -1.8
57001       -2.3
57002       -2.4
57003       -2.0
57004       -2.4
57005       -2.2
57006       -1.6
57007       -1.5
57008       -2.2
57009       -2.2
57010       -2.6
57011       -2.9
57012       -3.3
57013       -3.5
57014       -4.3
57015       -4.4
57016       -4.9
57017       -5.6
57018       -5.6
57019       -5.0
57020       -5.0
57021       -5.0
57022       -4.6
57023       -3.7
57024       -3.5
57025       -2.4
57026       -1.2
57027       -0.5
57028        0.4
57029        1.1
57030        1.6
57031        1.6
57032        1.2
57033        1.4
57034        1.9
57035        1.8
57036        1.6
57037        1.7
57038        1.3
57039        1.1
57040        1.4
57041        1.8
57042        1.7
57043        2.0
57044        2.0
57045        1.2
57046        0.9
57047        0.5
57048        0.2
57049       -0.1
57050       -0.1
57051        0.4
57052       -0.1
57053       -0.4
57054       -0.3
57055        4.2
57056        4.3
57057        4.5
57058        4.8
57059        5.2
57060        5.8
57061        7.0
57062        6.5
57063        6.6
57064        7.2
57065        7.2
57066        6.5
57067        5.8
57068        5.2
57069        4.2
57070        4.2
57071        4.3
57072        5.0
57073        5.1
57074        5.8
57075        6.4
57076        7.8
57077        7.6
57078        8.2
57079        8.0
57080        7.2
57081        6.7
57082        6.7
57083        5.7
57084        5.9
57085        6.1
57086        6.1
57087        5.7
57088        5.6
57089        5.2
57090        1.9
57091        1.3
57092        1.5
57093        0.8
57094        0.9
57095        0.5
57096       -0.2
57097       -0.7
57098       -0.3
57099       -0.5
57100       -0.3
57101       -0.3
57102        0.1
57103        0.7
57104        0.5
57105        1.4
57106        2.4
57107        2.4
57108        2.2
57109        2.1
57110        1.9
57111        1.9
57112       -1.4
57113       -3.5
57114       -3.3
57115       -3.0
57116       -2.2
57117       -2.3
57118       -0.1
57119        0.1
57120        0.1
57121        0.3
57122        0.9
57123        0.8
57124        0.3
57125        1.9
57126        2.2
57127        2.3
57128        2.6
57129        2.6
57130        2.1
57131        1.2
57132        0.6
57133        0.4
57134       -0.4
57135       -0.5
57136       -0.3
57137       -0.3
57138       -0.4
57139        0.6
57140        0.4
57141        0.1
57142        0.1
57143       -0.1
57144       -0.6
57145       -0.8
57146       -2.6
57147       -2.3
57148       -1.8
57149       -1.7
57150       -2.0
57151       -1.9
57152       -2.0
57153       -1.6
57154       -1.1
57155       -1.1
57156       -1.3
57157       -1.4
57158       -1.5
57159       -1.5
57160       -1.4
57161       -1.7
57162       -2.0
57163       -1.7
57164       -1.7
57165       -2.5
57166       -3.0
57167       -2.5
57168       -2.8
57169       -3.0
57170       -2.9
57171       -2.7
57172       -2.2
57173       -2.5
57174       -0.7
57175       -0.3
57176       -0.7
57177       -1.2
57178       -1.6
57179       -2.7
57180       -3.0
57181       -3.3
57182       -3.4
57183       -4.3
57184       -3.9
57185       -3.4
57186       -2.3
57187       -1.5
57188       -2.2
57189       -1.3
57190       -1.0
57191       -1.1
57192       -1.0
57193       -1.4
57194       -1.4
57195       -2.1
57196       -1.9
57197       -2.7
57198       -3.2
57199       -3.3
57200       -4.0
57201       -3.9
57202       -3.4
57203       -3.6
57204       -3.3
57205       -3.2
57206       -3.4
57207       -3.3
57208       -3.4
57209       -0.3
57210        0.9
57211        0.2
57212       -0.2
57213       -0.6
57214       -0.8
57215       -0.5
57216       -1.4
57217       -0.9
57218       -0.1
57219        0.1
57220        1.0
57221        1.6
57222        2.4
57223        1.8
57224        1.7
57225        2.3
57226        2.8
57227        3.5
57228        3.7
57229        3.9
57230        3.9
57231        3.3
57232        2.6
57233        1.4
57234        0.9
57235        0.9
57236        0.5
57237        0.4
57238        0.5
57239        0.1
57240        0.1
57241        0.0
57242       -0.7
57243       -1.6
57244       -0.9
57245       -1.1
57246       -1.3
57247       -2.1
57248       -2.1
57249       -1.9
57250       -1.9
57251       -2.1
57252       -1.4
57253       -0.6
57254        0.1
57255        0.4
57256        1.0
57257        1.7
57258        0.9
57259        0.8
57260        0.6
57261        0.3
57262       -0.6
57263       -1.6
57264       -2.4
57265       -3.6
57266       -5.1
57267       -5.8
57268       -6.9
57269       -7.2
57270       -6.4
57271       -5.2
57272       -5.1
57273       -5.5
57274       -5.4
57275       -5.8
57276       -5.7
57277       -4.9
57278       -4.7
57279       -3.8
57280       -3.3
57281       -2.3
57282       -1.6
57283       -1.3
57284       -1.2
57285       -1.6
57286       -0.7
57287       -1.4
57288       -1.6
57289       -1.5
57290       -2.2
57291       -2.3
57292       -2.7
57293       -2.8
57294       -3.0
57295       -3.3
57296       -3.3
57297       -3.5
57298       -3.2
57299       -3.0
57300       -1.5
57301       -1.5
57302       -1.2
57303       -1.0
57304       -0.9
57305       -0.8
57306       -0.8
57307       -0.6
57308       -0.7
57309       -1.1
57310       -1.1
57311       -1.6
57312       -1.5
57313       -1.8
57314       -3.7
57315       -3.7
57316       -4.2
57317       -3.8
57318       -4.0
57319       -4.3
57320       -4.6
57321       -4.2
57322       -4.5
57323       -4.4
57324       -4.8
57325       -4.8
57326       -5.4
57327       -5.2
57328       -4.5
57329       -4.7
57330       -4.6
57331       -4.3
57332       -3.9
57333       -3.3
57334       -3.3
57335       -2.1
57336       -1.9
57337       -1.6
57338       -2.0
57339       -2.2
57340       -2.5
57341       -2.8
57342       -2.2
57343       -2.3
57344       -2.4
57345       -2.0
57346       -1.7
57347       -1.7
57348       -1.3
57349        1.9
57350        0.9
57351        1.4
57352        1.6
57353        1.3
57354        1.5
57355        2.7
57356        1.2
57357        1.3
57358        1.7
57359        1.8
57360        1.3
57361        1.3
57362        2.3
57363        0.4
57364        0.2
57365        0.1
57366        0.7
57367        1.2
57368        1.6
57369        1.5
57370        2.1
57371        2.0
57372        2.2
57373        1.7
57374        2.1
57375        2.1
57376        2.5
57377        4.0
57378        5.1
57379        5.1
57380        6.0
57381        6.1
57382        5.6
57383        5.8
57384        6.3
57385        6.3
57386        6.2
57387        6.6
57388        6.8
57389        6.7
57390        6.7
57391        5.0
57392        5.4
57393        5.5
57394        4.3
57395        4.2
57396        4.0
57397        3.7
57398        4.2
57399        4.0
57400        3.7
57401        3.7
57402        3.2
57403        3.3
57404        3.2
57405        1.1
57406        0.2
57407        0.5
57408        0.6
57409        0.0
57410       -0.5
57411       -0.5
57412       -0.8
57413       -0.7
57414       -0.9
57415       -1.2
57416       -1.7
57417       -2.5
57418       -2.7
57419       -2.3
57420       -3.0
57421       -3.1
57422       -3.2
57423       -2.9
57424       -3.4
57425       -3.6
57426       -6.5
57427       -6.7
57428       -7.0
57429       -7.7
57430       -8.4
57431       -8.5
57432       -8.6
57433       -8.4
57434       -8.4
57435       -8.1
57436       -7.6
57437       -7.0
57438       -6.5
57439       -6.1
57440       -5.6
57441       -5.6
57442       -5.3
57443       -5.5
57444       -5.7
57445       -6.2
57446       -5.8
57447       -6.1
57448       -6.9
57449       -6.9
57450       -7.5
57451       -7.5
57452       -7.8
57453       -7.6
57454       -6.3
57455       -6.1
57456       -5.7
57457       -5.7
57458       -5.6
57459       -4.5
57460       -4.4
57461       -2.9
57462       -2.6
57463       -1.6
57464       -0.5
57465        0.1
57466        0.9
57467        1.1
57468        1.0
57469        1.9
57470        2.5
57471        3.4
57472        4.2
57473        4.5
57474        4.3
57475        4.3
57476        4.3
57477        4.2
57478        4.1
57479        4.9
57480        4.2
57481        4.3
57482        6.5
57483        6.5
57484        6.3
57485        5.7
57486        6.1
57487        6.5
57488        6.7
57489        7.3
57490        8.5
57491        9.0
57492        9.9
57493       10.5
57494       10.3
57495        9.0
57496        8.7
57497        8.2
57498        8.0
57499        7.7
57500        7.6
57501        7.0
57502        6.8
57503        6.7
57504        6.1
57505        6.0
57506        5.1
57507        5.6
57508        4.0
57509        3.9
57510        1.6
57511        1.6
57512        1.8
57513        2.6
57514        2.5
57515        2.3
57516        2.4
57517        1.1
57518        1.1
57519        0.6
57520        0.2
57521       -0.3
57522       -1.3
57523       -1.9
57524       -2.2
57525       -2.3
57526       -2.5
57527       -3.5
57528       -3.6
57529       -4.6
57530       -4.5
57531       -4.4
57532       -4.9
57533       -5.2
57534       -5.8
57535       -5.9
57536       -7.0
57537       -7.5
57538       -7.4
57539       -7.6
57540       -8.0
57541       -8.4
57542       -8.6
57543       -8.9
57544       -9.2
57545      -11.0
57546      -11.0
57547      -11.1
57548      -11.1
57549      -10.4
57550      -10.4
57551      -10.3
57552       -9.3
57553       -8.8
57554       -9.5
57555       -8.8
57556       -8.1
57557       -8.3
57558       -7.8
57559       -6.5
57560       -6.5
57561       -5.5
57562       -5.2
57563       -5.2
57564       -5.0
57565       -4.1
57566       -4.9
57567       -4.7
57568       -4.7
57569       -4.3
57570       -4.3
57571       -4.2
57572       -3.9
57573       -2.7
57574       -2.3
57575       -2.0
57576       -2.0
57577       -2.2
57578       -2.0
57579       -2.0
57580       -2.3
57581       -2.1
57582       -1.5
57583       -2.1
57584       -2.5
57585       -2.3
57586       -2.2
57587       -2.0
57588       -1.7
57589       -1.8
57590       -1.7
57591       -1.4
57592       -1.6
57593       -1.6
57594       -1.8
57595       -1.0
57596       -1.3
57597       -1.4
57598       -1.6
57599       -1.6
57600       -0.9
57601        0.2
57602        0.2
57603        0.4
57604        0.5
57605        1.3
57606        1.5
57607        1.4
57608        0.1
57609        0.3
57610        0.2
57611        0.3
57612        0.3
57613       -0.3
57614        0.1
57615       -2.2
57616       -1.4
57617       -1.3
57618       -1.6
57619       -1.4
57620       -1.7
57621       -1.7
57622       -1.3
57623       -1.6
57624       -0.9
57625       -0.3
57626        0.2
57627       -0.2
57628        0.0
57629        0.7
57630        0.5
57631        0.3
57632        0.8
57633        0.7
57634        0.4
57635        0.5
57636       -3.6
57637       -3.5
57638       -3.5
57639       -3.6
57640       -3.6
57641       -3.9
57642       -3.7
57643       -3.1
57644       -2.8
57645       -2.8
57646       -2.9
57647       -2.7
57648       -2.7
57649       -2.3
57650       -1.1
57651       -0.5
57652       -0.8
57653       -0.7
57654       -0.3
57655       -0.1
57656       -0.0
57657        0.2
57658        0.4
57659        0.1
57660       -0.0
57661        0.1
57662        0.3
57663        0.6
57664        0.9
57665        1.1
57666        1.5
57667        1.4
57668        1.8
57669        2.2
57670        2.0
57671        1.1
57672        1.2
57673        1.4
57674        1.8
57675        1.7
57676        1.6
57677        1.6
57678        3.1
57679        2.8
57680        3.1
57681        3.3
57682        3.2
57683        2.8
57684        2.7
57685        3.1
57686        2.3
57687        3.0
57688        2.9
57689        2.6
57690        2.3
57691        1.7
57692        1.8
57693        1.6
57694        1.4
57695        1.1
57696        1.3
57697        1.2
57698        2.0
57699        3.1
57700        3.3
57701        3.1
57702        3.1
57703        3.4
57704        3.1
57705        3.2
57706        4.1
57707        4.3
57708        4.4
57709        4.3
57710        4.2
57711        4.0
57712        4.5
57713        4.4
57714        4.1
57715        4.1
57716        4.1
57717        4.3
57718        4.2
57719        4.5
57720        2.8
57721        2.9
57722        3.1
57723        3.0
57724        3.0
57725        2.7
57726        2.9
57727        1.3
57728        1.4
57729        1.3
57730        1.0
57731        1.1
57732        1.4
57733        1.2
57734        2.7
57735        2.6
57736        2.8
57737        2.5
57738        2.9
57739        2.8
57740        3.1
57741        0.9
57742        1.1
57743        0.5
57744        0.8
57745        0.3
57746        0.7
57747        0.6
57748       -0.1
57749        0.0
57750       -0.1
57751       -0.1
57752        0.1
57753        0.5
57754        0.5
57755       -0.3
57756       -0.1
57757        0.1
57758        0.2
57759        0.2
57760        0.3
57761        0.5
57762       -0.4
57763       -0.4
57764       -0.6
57765       -0.3
57766       -0.1
57767       -0.5
57768       -0.7
57769        0.4
57770        0.2
57771        0.3
57772        0.1
57773        0.7
57774        0.8
57775        0.6
57776       -0.3
57777       -0.3
57778       -0.3
57779       -0.2
57780       -0.1
57781        0.0
57782        0.0
57783        1.1
57784        1.5
57785        1.7
57786        1.6
57787        1.5
57788        2.1
57789        2.3
57790        0.8
57791        0.8
57792        0.9
57793        1.3
57794        1.4
57795        1.7
57796        1.9
57797        2.0
57798        2.4
57799        2.5
57800        2.6
57801        3.2
57802        2.9
57803        3.2
57804        1.9
57805        2.1
57806        2.2
57807        2.2
57808        2.4
57809        2.3
57810        2.0
57811        2.6
57812        2.5
57813        2.4
57814        2.3
57815        1.8
57816        1.6
57817        1.8
57818       -2.1
57819       -2.4
57820       -2.7
57821       -2.6
57822       -2.9
57823       -3.2
57824       -3.3
57825       -4.1
57826       -4.6
57827       -5.0
57828       -5.1
57829       -5.2
57830       -5.6
57831       -6.2
57832       -5.7
57833       -6.5
57834       -6.5
57835       -6.5
57836       -7.0
57837       -7.7
57838       -8.3
57839       -9.1
57840       -9.0
57841       -9.3
57842       -8.8
57843       -8.9
57844       -8.7
57845       -8.9
57846       -2.7
57847       -2.3
57848       -2.4
57849       -2.4
57850       -2.4
57851       -2.6
57852       -2.2
57853       -1.7
57854       -1.8
57855       -2.0
57856       -1.8
57857       -2.0
57858       -1.6
57859       -2.0
57860       -0.6
57861       -0.6
57862       -0.7
57863       -0.7
57864       -1.0
57865       -1.0
57866       -1.2
57867       -2.2
57868       -2.1
57869       -2.0
57870       -2.0
57871       -1.8
57872       -1.9
57873       -1.8
57874       -1.2
57875       -0.9
57876       -0.5
57877       -0.8
57878       -0.8
57879       -0.3
57880        0.1
57881       -7.4
57882       -7.1
57883       -7.0
57884       -6.9
57885       -6.9
57886       -7.2
57887       -7.2
57888       -8.1
57889       -8.4
57890       -8.5
57891       -7.8
57892       -8.0
57893       -8.1
57894       -7.6
57895       -8.7
57896       -8.6
57897       -8.3
57898       -8.4
57899       -8.5
57900       -8.2
57901       -8.3
57902       -7.9
57903       -7.5
57904       -7.6
57905       -7.5
57906       -7.5
57907       -7.4
57908       -7.3
57909       -6.3
57910       -5.9
57911       -5.3
57912       -5.8
57913       -5.1
57914       -4.4
57915       -4.2
57916       -2.3
57917       -2.0
57918       -1.7
57919       -1.5
57920       -1.1
57921       -0.9
57922       -0.9
57923       -2.6
57924       -2.6
57925       -2.9
57926       -2.7
57927       -2.6
57928       -2.6
57929       -2.4
57930        0.1
57931       -0.1
57932        0.1
57933        0.5
57934        0.1
57935       -0.2
57936        0.2
57937       -3.8
57938       -3.7
57939       -3.8
57940       -3.2
57941       -3.5
57942       -3.6
57943       -3.2
57944       -2.2
57945       -2.0
57946       -1.7
57947       -1.9
57948       -1.7
57949       -1.3
57950       -1.5
57951       -2.3
57952       -2.3
57953       -2.2
57954       -2.0
57955       -1.7
57956       -1.5
57957       -1.4
57958        0.7
57959        0.4
57960        0.2
57961        0.6
57962        0.8
57963        0.6
57964        0.5
57965        0.9
57966        0.9
57967        0.8
57968        0.8
57969        1.3
57970        1.4
57971        1.2
57972        2.1
57973        2.0
57974        2.3
57975        2.1
57976        2.3
57977        2.6
57978        2.8
57979        3.3
57980        3.2
57981        2.7
57982        2.8
57983        2.9
57984        3.2
57985        3.0
57986        2.9
57987        3.3
57988        3.7
57989        3.5
57990        3.9
57991        3.7
57992        4.2
57993        3.9
57994        4.2
57995        3.8
57996        3.4
57997        2.9
57998        2.7
57999        2.3
58000        2.4
58001        2.2
58002        2.1
58003        2.1
58004        1.9
58005        2.0
58006        2.0
58007        1.7
58008        1.8
58009        1.7
58010        1.7
58011        1.6
58012        1.6
58013        1.9
58014        1.5
58015        1.3
58016        1.3
58017        1.3
58018        1.3
58019        1.3
58020        1.1
58021        1.2
58022        1.2
58023        1.2
58024        1.0
58025        1.0
58026        1.1
58027        0.9
58028        0.6
58029        0.7
58030        0.5
58031        0.4
58032        0.2
58033        0.4
58034        0.4
58035        0.3
58036        0.3
58037        0.0
58038        0.0
58039       -0.4
58040       -0.8
58041       -0.8
58042       -0.5
58043       -0.5
58044       -0.7
58045       -0.7
58046       -0.9
58047       -0.9
58048       -1.0
58049       -0.9
58050       -1.4
58051       -1.5
58052       -1.5
58053       -1.5
58054       -1.2
58055       -1.3
58056       -1.2
58057       -1.7
58058       -1.4
58059       -1.1
58060       -1.3
58061       -1.4
58062       -1.6
58063       -2.1
58064       -2.2
58065       -2.3
58066       -2.6
58067       -2.7
58068       -2.8
58069       -2.9
58070       -3.5
58071       -3.5
58072       -3.6
58073       -3.3
58074       -3.5
58075       -3.7
58076       -3.7
58077       -3.8
58078       -4.2
58079       -4.0
58080       -3.9
58081       -4.3
58082       -4.4
58083       -4.7
58084       -4.9
58085       -4.6
58086       -4.7
58087       -4.2
58088       -4.2
58089       -4.5
58090       -4.4
58091       -3.1
58092       -2.8
58093       -2.3
58094       -2.1
58095       -2.4
58096       -2.3
58097       -1.9
58098       -2.1
58099       -1.7
58100       -1.6
58101       -1.4
58102       -1.0
58103       -1.0
58104       -1.4
58105       -1.3
58106       -1.5
58107       -1.5
58108       -1.4
58109       -1.2
58110       -1.1
58111       -1.1
58112       -0.8
58113       -0.6
58114       -0.4
58115        0.0
58116       -0.0
58117        0.1
58118       -0.1
58119        1.2
58120        1.3
58121        1.4
58122        1.1
58123        1.4
58124        1.6
58125        1.5
58126        1.0
58127        1.0
58128        1.4
58129        1.7
58130        1.5
58131        2.0
58132        1.8
58133        2.2
58134        2.5
58135        2.6
58136        2.4
58137        2.3
58138        2.4
58139        2.3
58140        2.5
58141        2.4
58142        2.8
58143        2.6
58144        2.5
58145        2.5
58146        2.8
58147        2.1
58148        2.0
58149        2.1
58150        2.3
58151        2.1
58152        2.2
58153        2.0
58154        3.5
58155        3.5
58156        3.5
58157        3.7
58158        3.9
58159        4.3
58160        4.6
58161        4.9
58162        4.8
58163        5.1
58164        5.2
58165        5.4
58166        5.7
58167        5.7
58168        5.5
58169        6.3
58170        6.1
58171        6.2
58172        6.3
58173        6.0
58174        5.9
58175        5.9
58176        6.0
58177        6.1
58178        5.9
58179        5.8
58180        5.9
58181        6.0
58182        5.6
58183        5.7
58184        5.5
58185        5.2
58186        5.3
58187        4.9
58188        5.3
58189        5.2
58190        5.3
58191        5.5
58192        5.5
58193        5.8
58194        5.0
58195        4.7
58196        4.7
58197        4.7
58198        4.8
58199        4.9
58200        4.9
58201        5.0
58202        4.9
58203        5.1
58204        5.0
58205        5.1
58206        4.8
58207        4.6
58208        4.7
58209        4.8
58210        4.6
58211        4.6
58212        4.6
58213        4.7
58214        4.3
58215        4.6
58216        4.3
58217        2.7
58218        2.6
58219        2.4
58220        2.4
58221        2.2
58222        1.7
58223        1.8
58224        0.6
58225        0.5
58226        0.5
58227        0.7
58228        0.6
58229        0.3
58230        0.2
58231       -0.0
58232       -0.0
58233       -0.4
58234       -0.7
58235       -0.9
58236       -1.0
58237       -1.3
58238       -1.3
58239       -1.9
58240       -0.9
58241       -2.6
58242       -2.4
58243       -2.4
58244       -2.7
58245       -1.6
58246       -1.7
58247       -1.5
58248       -1.8
58249       -2.1
58250       -2.4
58251       -2.6
58252       -3.2
58253       -3.4
58254       -4.1
58255       -4.1
58256       -4.0
58257       -4.4
58258       -4.6
58259       -3.9
58260       -3.9
58261       -4.2
58262       -4.4
58263       -4.6
58264       -4.6
58265       -4.9
58266       -5.5
58267       -5.6
58268       -5.5
58269       -5.7
58270       -5.9
58271       -6.0
58272       -6.1
58273       -3.9
58274       -4.1
58275       -3.7
58276       -3.8
58277       -4.2
58278       -4.1
58279       -4.3
58280       -4.3
58281       -4.1
58282       -4.4
58283       -4.4
58284       -4.3
58285       -4.3
58286       -4.2
58287       -3.9
58288       -4.2
58289       -3.9
58290       -3.9
58291       -3.8
58292       -3.9
58293       -4.2
58294       -4.3
58295       -4.4
58296       -4.3
58297       -4.2
58298       -4.3
58299       -4.0
58300       -3.3
58301       -3.0
58302       -2.8
58303       -2.9
58304       -3.0
58305       -3.1
58306       -3.1
58307       -3.1
58308       -3.6
58309       -3.5
58310       -3.9
58311       -3.8
58312       -3.9
58313       -3.9
58314       -3.9
58315       -3.8
58316       -3.8
58317       -3.8
58318       -3.4
58319       -3.6
58320       -3.5
58321       -3.8
58322       -3.7
58323       -3.5
58324       -3.3
58325       -3.1
58326       -3.0
58327       -2.6
58328       -2.5
58329       -2.3
58330       -2.2
58331       -2.2
58332       -2.0
58333       -1.9
58334       -1.8
58335       -1.6
58336       -2.7
58337       -2.6
58338       -2.6
58339       -2.7
58340       -2.6
58341       -2.6
58342       -2.4
58343       -2.4
58344       -2.1
58345       -2.3
58346       -2.3
58347       -2.5
58348       -2.6
58349       -2.4
58350       -2.2
58351       -2.5
58352       -2.2
58353       -2.2
58354       -2.4
58355       -2.4
58356       -2.4
58357       -2.4
58358       -2.1
58359       -1.9
58360       -2.4
58361       -1.6
58362       -1.8
58363       -1.1
58364       -0.4
58365        0.4
58366       -0.0
58367       -0.2
58368       -0.1
58369        0.6
58370        0.6
58371        0.6
58372        0.8
58373        0.8
58374        0.8
58375        0.9
58376        1.3
58377        0.8
58378        0.6
58379        0.6
58380        0.4
58381       -0.1
58382       -0.4
58383       -0.4
58384       -0.6
58385        0.6
58386        1.0
58387        0.7
58388        1.0
58389        1.2
58390        0.8
58391        0.6
58392       -0.5
58393       -1.1
58394       -1.4
58395       -2.3
58396       -3.1
58397       -3.1
58398       -4.1
58399       -4.9
58400       -5.5
58401       -5.0
58402       -5.2
58403       -5.2
58404       -4.9
58405       -5.0
58406       -5.2
58407       -5.1
58408       -5.0
58409       -4.8
58410       -4.6
58411       -4.2
58412       -4.4
58413       -4.4
58414       -4.0
58415       -4.0
58416       -3.8
58417       -3.5
58418       -3.0
58419       -3.2
58420       -4.3
58421       -4.3
58422       -4.0
58423       -4.2
58424       -4.2
58425       -4.1
58426       -4.4
58427       -4.0
58428       -4.2
58429       -4.6
58430       -4.7
58431       -4.7
58432       -4.4
58433       -4.1
58434       -3.5
58435       -3.3
58436       -3.3
58437       -3.4
58438       -3.6
58439       -3.8
58440       -4.8
58441       -4.8
58442       -4.0
58443       -4.0
58444       -3.6
58445       -3.0
58446       -2.4
58447       -2.2
58448       -2.1
58449       -2.0
58450       -2.2
58451       -2.2
58452       -2.1
58453       -1.9
58454       -1.4
58455       -0.1
58456       -0.6
58457       -1.3
58458       -1.8
58459       -1.7
58460       -1.6
58461       -0.9
58462       -1.0
58463       -1.0
58464       -1.4
58465       -1.8
58466       -1.8
58467       -2.1
58468       -2.1
58469       -2.5
58470       -2.2
58471       -1.8
58472       -2.0
58473       -2.0
58474       -1.7
58475       -1.6
58476       -1.0
58477       -1.0
58478       -0.8
58479       -1.1
58480       -1.0
58481       -0.4
58482       -0.5
58483       -0.2
58484       -0.5
58485       -0.9
58486       -1.1
58487       -1.6
58488       -0.8
58489       -0.3
58490        1.0
58491        1.0
58492        0.7
58493        0.6
58494        0.3
58495        0.6
58496       -0.1
58497       -0.2
58498       -0.7
58499       -1.1
58500       -1.3
58501       -1.5
58502       -1.9
58503       -2.1
58504       -2.5
58505       -1.8
58506       -1.4
58507       -0.7
58508        0.3
58509        1.3
58510        2.5
58511        3.2
58512        3.5
58513        4.1
58514        4.1
58515        3.7
58516        3.5
58517        3.6
58518       -0.7
58519       -0.8
58520       -1.4
58521       -1.5
58522       -1.8
58523       -1.8
58524       -2.1
58525       -1.7
58526       -1.6
58527       -1.8
58528       -1.9
58529       -1.8
58530       -1.7
58531       -1.7
58532       -1.3
58533       -1.4
58534       -1.3
58535       -1.5
58536       -1.4
58537       -1.5
58538       -1.3
58539       -1.1
58540       -1.3
58541       -1.2
58542       -1.1
58543       -1.3
58544       -1.5
58545       -1.5
58546       -1.7
58547       -2.1
58548       -1.8
58549       -2.0
58550       -1.8
58551       -2.2
58552       -2.5
58553       -2.5
58554       -2.5
58555       -2.3
58556       -2.5
58557       -2.5
58558       -2.4
58559       -2.3
58560       -2.4
58561       -2.4
58562       -2.2
58563       -2.1
58564       -2.0
58565       -1.8
58566       -1.5
58567       -1.4
58568       -1.3
58569       -1.7
58570       -1.5
58571       -1.1
58572       -1.3
58573       -1.1
58574       -0.7
58575       -0.7
58576       -0.3
58577       -0.1
58578       -0.2
58579        0.0
58580        0.4
58581        1.5
58582        1.9
58583        2.2
58584        2.2
58585        2.4
58586        2.1
58587        2.0
58588        1.9
58589        2.1
58590        2.0
58591        1.8
58592        2.3
58593        2.4
58594        2.4
58595        2.6
58596        2.3
58597        2.6
58598        2.1
58599        2.3
58600        1.8
58601        1.9
58602        1.7
58603        2.4
58604        1.9
58605        2.2
58606        2.2
58607        1.3
58608        1.8
58609        0.2
58610        0.2
58611       -0.1
58612       -0.1
58613       -0.2
58614       -0.1
58615        0.0
58616        0.1
58617       -0.2
58618       -0.3
58619       -0.6
58620       -0.4
58621       -0.2
58622       -0.1
58623       -0.9
58624       -0.9
58625       -1.0
58626       -0.7
58627       -0.7
58628       -0.5
58629       -0.5
58630       -1.0
58631       -0.2
58632       -0.4
58633       -0.4
58634       -0.8
58635       -0.9
58636       -1.2
58637       -1.3
58638       -1.3
58639       -1.4
58640       -1.4
58641       -1.3
58642       -1.2
58643       -1.0
58644       -1.5
58645       -1.4
58646       -1.2
58647       -1.3
58648       -1.5
58649       -1.7
58650       -1.3
58651       -2.4
58652       -2.4
58653       -2.4
58654       -2.7
58655       -2.8
58656       -2.8
58657       -3.3
58658       -2.9
58659       -3.1
58660       -3.4
58661       -3.4
58662       -3.5
58663       -3.6
58664       -3.6
58665       -3.9
58666       -3.8
58667       -3.8
58668       -4.0
58669       -4.3
58670       -4.4
58671       -4.5
58672       -3.9
58673       -4.0
58674       -4.0
58675       -4.1
58676       -4.4
58677       -4.5
58678       -5.0
58679       -4.9
58680       -5.0
58681       -4.8
58682       -4.8
58683       -4.9
58684       -4.8
58685       -4.9
58686       -4.9
58687       -5.1
58688       -4.9
58689       -4.9
58690       -4.9
58691       -5.0
58692       -5.2
58693       -5.6
58694       -5.8
58695       -5.8
58696       -5.5
58697       -5.2
58698       -5.3
58699       -5.2
58700       -4.0
58701       -3.8
58702       -4.0
58703       -3.5
58704       -4.0
58705       -4.0
58706       -3.8
58707       -3.8
58708       -4.3
58709       -4.1
58710       -4.2
58711       -4.3
58712       -3.9
58713       -3.6
58714       -2.8
58715       -2.9
58716       -2.9
58717       -2.5
58718       -2.5
58719       -2.0
58720       -1.9
58721       -1.4
58722       -1.4
58723       -1.9
58724       -1.4
58725       -1.0
58726       -0.2
58727        0.3
58728        0.6
58729        0.7
58730        1.1
58731        0.9
58732        1.1
58733        1.8
58734        1.8
58735        1.3
58736        0.8
58737        0.8
58738        0.5
58739        0.3
58740        0.4
58741        0.2
58742        0.1
58743       -0.1
58744        0.1
58745        0.1
58746        0.2
58747        0.3
58748        0.4
58749        0.9
58750        0.9
58751        1.1
58752        0.9
58753        0.8
58754        1.3
58755        1.4
58756        1.5
58757        1.2
58758        1.1
58759        1.1
58760        1.2
58761        1.2
58762        1.4
58763        1.8
58764        1.9
58765        2.1
58766        2.0
58767        2.6
58768        3.1
58769        3.0
58770        3.4
58771        3.3
58772        3.1
58773        3.2
58774        3.3
58775        3.6
58776        3.2
58777        2.9
58778        3.1
58779        3.1
58780        3.4
58781        3.4
58782        4.1
58783        4.1
58784        3.6
58785        3.4
58786        3.0
58787        3.2
58788        3.0
58789        3.2
58790        3.7
58791        3.9
58792        3.9
58793        4.2
58794        4.0
58795        4.1
58796        4.3
58797        4.0
58798        4.1
58799        4.2
58800        4.3
58801        4.4
58802        4.2
58803        4.4
58804        4.7
58805        4.3
58806        4.5
58807        4.6
58808        4.8
58809        4.9
58810        4.8
58811        5.0
58812        6.3
58813        6.3
58814        6.5
58815        7.1
58816        7.1
58817        6.9
58818        6.7
58819        8.1
58820        7.9
58821        7.5
58822        7.1
58823        7.1
58824        7.3
58825        7.1
58826        7.8
58827        7.6
58828        7.5
58829        7.3
58830        7.1
58831        6.7
58832        6.2
58833        5.6
58834        5.1
58835        4.7
58836        4.3
58837        4.1
58838        3.9
58839        3.8
58840        3.3
58841        3.3
58842        2.8
58843        2.7
58844        2.6
58845        2.0
58846        1.5
58847        1.7
58848        1.2
58849        1.1
58850        0.9
58851        0.5
58852        0.7
58853        0.6
58854        1.9
58855        1.9
58856        1.8
58857        1.9
58858        1.9
58859        1.4
58860        1.5
58861        1.3
58862        1.6
58863        1.4
58864        1.3
58865        1.0
58866        1.3
58867        0.9
58868        0.9
58869        1.1
58870        1.0
58871        1.4
58872        1.4
58873        1.1
58874        1.1
58875        1.4
58876        1.2
58877        0.7
58878        0.7
58879        1.4
58880        0.7
58881        0.9
58882        3.5
58883        3.5
58884        3.6
58885        4.0
58886        4.2
58887        3.9
58888        4.3
58889        3.8
58890        4.5
58891        4.4
58892        4.4
58893        4.5
58894        4.5
58895        4.4
58896        4.4
58897        4.5
58898        4.9
58899        4.9
58900        4.7
58901        4.5
58902        4.4
58903        4.7
58904        4.6
58905        4.0
58906        4.3
58907        4.2
58908        4.2
58909        4.1
58910        4.4
58911        4.4
58912        4.2
58913        4.5
58914        4.5
58915        4.4
58916        4.5
58917        4.2
58918        4.5
58919        3.9
58920        4.0
58921        4.1
58922        4.3
58923        4.5
58924        4.2
58925        3.9
58926        4.3
58927        4.4
58928        4.1
58929        4.1
58930        3.9
58931        3.3
58932        3.0
58933        3.0
58934        2.6
58935        2.7
58936        2.8
58937        3.2
58938        2.6
58939        2.6
58940        2.8
58941        2.3
58942        2.3
58943        2.3
58944        2.2
58945        1.9
58946        2.0
58947        1.8
58948        1.7
58949        1.9
58950        1.6
58951        1.7
58952        1.5
58953        1.6
58954        1.9
58955        2.1
58956        2.0
58957        2.0
58958        1.9
58959        2.1
58960        2.3
58961        2.0
58962        2.2
58963        2.2
58964        2.6
58965        2.6
58966        2.8
58967        3.1
58968        3.1
58969        3.6
58970        3.5
58971        3.6
58972        3.7
58973        2.4
58974        2.6
58975        2.0
58976        2.5
58977        2.5
58978        2.4
58979        2.6
58980        2.6
58981        2.8
58982        2.9
58983        2.9
58984        2.6
58985        2.5
58986        2.4
58987        2.3
58988        2.4
58989        2.2
58990        2.3
58991        2.3
58992        2.1
58993        2.2
58994        2.5
58995        2.3
58996        2.5
58997        2.6
58998        2.3
58999        2.5
59000        2.2
59001        2.8
59002        2.2
59003        2.1
59004        2.5
59005        2.4
59006        2.6
59007        2.6
59008        2.6
59009        2.6
59010        2.4
59011        2.6
59012        2.7
59013        2.7
59014        2.4
59015        2.4
59016        2.4
59017        2.3
59018        2.0
59019        2.1
59020        2.2
59021        2.2
59022        1.9
59023        2.5
59024        2.3
59025        2.3
59026        2.5
59027        2.8
59028        2.6
59029        2.5
59030        2.6
59031        2.4
59032        2.4
59033        2.7
59034        2.0
59035        2.3
59036        1.8
59037        2.1
59038        1.8
59039        2.1
59040        2.0
59041        2.2
59042        2.4
59043        2.2
59044        2.4
59045        2.2
59046        2.4
59047        2.5
59048        2.5
59049        2.5
59050        2.2
59051        2.8
59052        2.5
59053        2.6
59054        2.9
59055        3.1
59056        3.1
59057        3.4
59058        3.4
59059        3.2
59060        3.5
59061        3.0
59062        3.3
59063        2.5
59064        2.5
59065        2.2
59066        2.5
59067        2.7
59068        2.7
59069        2.9
59070        2.5
59071        2.5
59072        2.9
59073        2.7
59074        2.7
59075        2.5
59076        2.3
59077        1.8
59078        1.3
59079        1.2
59080        1.0
59081        1.4
59082        1.7
59083        2.0
59084        2.4
59085        2.5
59086        2.1
59087        1.9
59088        1.9
59089        1.9
59090        1.9
59091        1.9
59092        2.2
59093        1.9
59094        1.9
59095        2.0
59096        1.7
59097        2.0
59098        2.0
59099        0.3
59100        0.3
59101        0.1
59102       -0.2
59103       -0.1
59104       -0.2
59105       -0.5
59106       -0.0
59107       -0.2
59108       -0.2
59109       -0.2
59110       -0.3
59111       -0.3
59112       -0.5
59113       -0.8
59114       -0.5
59115       -1.0
59116       -0.7
59117       -0.8
59118       -0.6
59119       -0.9
59120       -1.0
59121       -1.2
59122       -1.2
59123       -1.0
59124       -1.0
59125       -0.7
59126       -0.5
59127       -1.1
59128       -1.3
59129       -1.3
59130       -0.9
59131       -1.1
59132       -1.1
59133       -1.4
59134       -1.0
59135       -1.2
59136       -1.1
59137       -1.0
59138       -0.7
59139       -0.5
59140       -0.7
59141       -0.8
59142       -0.7
59143       -0.8
59144       -0.3
59145       -0.8
59146       -0.9
59147       -1.1
59148       -0.8
59149       -0.7
59150       -0.6
59151       -0.6
59152       -0.7
59153       -0.7
59154       -0.7
59155       -0.1
59156       -0.3
59157       -0.2
59158       -0.3
59159       -0.4
59160       -0.4
59161       -0.7
59162       -0.7
59163       -0.6
59164       -0.1
59165        0.3
59166        0.7
59167        0.3
59168        0.7
59169        0.5
59170        0.4
59171        0.4
59172        0.6
59173        0.3
59174        0.4
59175        0.4
59176        0.5
59177        0.4
59178        0.4
59179        0.3
59180        0.1
59181        0.0
59182       -0.1
59183        0.8
59184        1.2
59185        0.8
59186        1.1
59187        1.5
59188        1.1
59189        1.3
59190       -0.2
59191       -0.1
59192       -0.2
59193       -0.2
59194        0.1
59195        0.2
59196       -0.0
59197       -0.0
59198       -0.1
59199       -0.0
59200        0.1
59201       -0.2
59202       -0.3
59203       -0.4
59204       -0.3
59205       -0.4
59206       -0.4
59207       -0.2
59208       -0.2
59209       -0.4
59210       -0.2
59211        0.1
59212        0.1
59213       -0.2
59214        0.1
59215       -0.5
59216       -0.0
59217       -0.0
59218       -0.7
59219       -0.5
59220       -0.6
59221       -0.5
59222       -0.6
59223       -0.5
59224       -0.5
59225       -0.4
59226       -0.4
59227       -0.3
59228       -0.3
59229       -0.3
59230       -0.5
59231       -0.5
59232       -0.7
59233       -0.6
59234       -0.6
59235       -0.7
59236       -0.4
59237       -0.2
59238       -0.4
59239       -0.5
59240       -0.4
59241       -0.3
59242       -0.4
59243       -0.3
59244       -0.2
59245        0.1
59246        0.2
59247        0.0
59248        0.2
59249        0.3
59250        0.1
59251        0.1
59252        0.3
59253       -0.5
59254       -0.4
59255       -0.4
59256       -0.7
59257       -0.9
59258       -0.6
59259       -0.6
59260       -0.9
59261       -0.9
59262       -1.0
59263       -1.0
59264       -0.9
59265       -1.1
59266       -0.9
59267       -0.7
59268       -0.8
59269       -0.8
59270       -0.8
59271       -0.9
59272       -0.9
59273       -1.1
59274       -1.5
59275       -1.7
59276       -1.6
59277       -1.6
59278       -1.5
59279       -1.4
59280       -1.3
59281       -1.5
59282       -1.3
59283       -1.0
59284       -1.2
59285       -1.2
59286       -0.9
59287       -1.1
59288       -0.5
59289       -0.5
59290       -0.3
59291       -0.4
59292       -0.2
59293       -0.2
59294       -0.1
59295        0.7
59296        0.7
59297        1.0
59298        1.2
59299        1.1
59300        1.3
59301        1.2
59302        0.9
59303        1.3
59304        1.6
59305        1.5
59306        1.5
59307        1.7
59308        1.7
59309        1.3
59310        1.6
59311        1.7
59312        1.6
59313        1.2
59314        1.3
59315        1.5
59316        1.4
59317        1.6
59318        1.3
59319        1.5
59320        1.3
59321        1.3
59322        1.2
59323        1.3
59324        1.4
59325        1.2
59326        1.0
59327        1.1
59328        0.9
59329        0.6
59330        0.9
59331        0.7
59332        0.9
59333        0.6
59334        0.4
59335        0.5
59336        0.4
59337        0.7
59338        1.0
59339        1.2
59340        1.1
59341        1.0
59342        1.1
59343        0.9
59344        0.5
59345       -0.0
59346        0.4
59347        0.3
59348        0.4
59349        0.1
59350        0.2
59351        0.1
59352        0.2
59353        0.4
59354        0.3
59355        0.5
59356        0.5
59357        0.2
59358        0.2
59359        0.4
59360        0.2
59361       -0.0
59362        0.1
59363       -0.2
59364       -0.4
59365       -0.5
59366       -0.7
59367       -0.6
59368       -0.6
59369       -0.6
59370       -0.8
59371       -0.7
59372       -0.0
59373        0.1
59374       -0.1
59375       -0.0
59376       -0.3
59377       -0.0
59378        0.0
59379       -0.2
59380       -0.0
59381       -0.3
59382       -0.5
59383       -0.8
59384       -0.8
59385       -0.6
59386       -0.8
59387       -1.1
59388       -1.1
59389       -1.1
59390       -0.9
59391       -1.0
59392       -1.1
59393       -1.0
59394       -0.7
59395       -1.3
59396       -1.0
59397       -1.2
59398       -1.4
59399       -1.3
59400       -1.0
59401       -1.1
59402       -1.2
59403       -1.1
59404       -0.8
59405       -0.9
59406       -0.6
59407       -0.5
59408       -0.7
59409       -0.6
59410       -0.8
59411       -0.4
59412       -0.2
59413       -0.3
59414       -0.3
59415       -0.2
59416       -0.2
59417       -0.3
59418       -0.2
59419       -0.3
59420       -0.2
59421       -0.1
59422       -0.2
59423        0.0
59424        0.4
59425        0.2
59426        0.3
59427        0.6
59428       -0.8
59429       -0.6
59430       -0.6
59431       -0.8
59432       -0.8
59433       -0.5
59434       -0.7
59435       -0.9
59436       -0.8
59437       -0.7
59438       -0.4
59439       -0.6
59440       -0.6
59441       -0.6
59442       -0.5
59443       -0.4
59444       -0.6
59445       -0.5
59446       -0.4
59447       -0.3
59448       -0.4
59449       -0.5
59450       -0.9
59451       -0.9
59452       -0.6
59453       -0.9
59454       -0.8
59455       -0.7
59456       -0.1
59457        0.2
59458        0.1
59459       -0.1
59460       -0.0
59461        0.2
59462        0.0
59463        0.1
59464       -0.1
59465       -0.1
59466        0.2
59467       -0.3
59468       -0.4
59469       -0.2
59470       -0.2
59471       -0.4
59472       -0.4
59473       -0.2
59474       -0.4
59475       -0.2
59476       -0.3
59477       -0.1
59478       -0.3
59479       -0.2
59480       -0.5
59481       -0.7
59482       -0.7
59483       -0.6
59484       -0.4
59485       -0.3
59486       -0.3
59487       -0.2
59488       -0.4
59489       -0.5
59490       -0.4
59491        0.1
59492        0.3
59493        0.3
59494        0.2
59495        0.2
59496        0.4
59497        0.6
59498        0.5
59499        0.6
59500        0.6
59501        0.4
59502        0.4
59503        0.3
59504        0.4
59505       -0.1
59506        0.0
59507        0.1
59508        0.4
59509        0.3
59510        0.4
59511        0.4
59512        0.3
59513        0.2
59514        0.1
59515        0.2
59516        0.4
59517        0.3
59518        0.2
59519        0.1
59520        0.2
59521        0.3
59522        0.1
59523        0.1
59524       -0.1
59525       -0.1
59526        0.1
59527        0.1
59528       -0.0
59529        0.3
59530        0.3
59531        0.4
59532        0.4
59533        0.5
59534        0.5
59535        0.6
59536        0.7
59537        0.7
59538        0.8
59539        0.8
59540        0.9
59541        0.7
59542        0.8
59543        0.9
59544        1.0
59545        1.1
59546        1.1
59547        1.2
59548        1.0
59549        0.9
59550        0.8
59551        0.7
59552        0.5
59553        0.4
59554        0.9
59555        0.9
59556        0.9
59557        0.8
59558        0.7
59559        0.7
59560        0.6
59561        0.2
59562        0.3
59563        0.1
59564        0.3
59565        0.2
59566       -0.1
59567        0.1
59568        0.2
59569        0.1
59570        0.2
59571        0.5
59572        0.4
59573        0.6
59574        0.6
59575        1.0
59576        0.5
59577        0.6
59578        0.5
59579        0.6
59580        0.5
59581        0.6
59582        0.9
59583        1.0
59584        1.2
59585        1.3
59586        1.3
59587        1.4
59588        1.6
59589        0.2
59590        0.1
59591        0.0
59592        0.0
59593        0.1
59594        0.1
59595        0.0
59596        0.1
59597        0.0
59598        0.1
59599        0.3
59600        0.4
59601        0.3
59602        0.5
59603        0.5
59604        0.6
59605        0.8
59606        0.8
59607        0.8
59608        0.5
59609        0.6
59610        0.2
59611        0.2
59612        0.3
59613        0.0
59614       -0.1
59615       -0.3
59616       -0.4
59617        0.1
59618       -0.1
59619       -0.1
59620        0.1
59621        0.0
59622        0.1
59623        0.3
59624        0.4
59625        0.4
59626        0.4
59627        0.4
59628        0.4
59629        0.5
59630        0.3
59631        0.4
59632        0.6
59633        0.5
59634        0.6
59635        0.3
59636        0.5
59637        0.6
59638        0.6
59639        0.6
59640        0.7
59641        1.0
59642        1.1
59643        1.0
59644        1.1
59645        1.0
59646        1.2
59647        1.4
59648        1.5
59649        1.4
59650        1.6
59651        1.6
59652        1.5
59653        1.4
59654        1.4
59655        1.4
59656        1.4
59657        1.3
59658        1.4
59659        1.4
59660        1.6
59661        1.6
59662        1.6
59663        1.7
59664        1.5
59665        1.2
59666        1.2
59667        1.3
59668        1.5
59669        1.6
59670        1.6
59671        1.5
59672        1.7
59673       -0.0
59674        0.2
59675        0.1
59676        0.2
59677        0.0
59678       -0.0
59679       -0.1
59680       -0.2
59681       -0.1
59682       -0.0
59683        0.2
59684        0.2
59685        0.5
59686        0.4
59687        0.5
59688        0.5
59689        0.7
59690        0.8
59691        0.9
59692        0.7
59693        0.5
59694        0.8
59695        0.7
59696        0.7
59697        0.2
59698        0.3
59699        0.1
59700        0.1
59701       -0.0
59702        0.1
59703        0.1
59704       -0.1
59705        0.2
59706       -0.1
59707        0.2
59708       -0.4
59709       -0.5
59710       -0.4
59711       -0.4
59712       -0.4
59713       -0.6
59714       -0.8
59715       -0.8
59716       -0.5
59717       -0.6
59718       -1.0
59719       -1.1
59720       -1.0
59721       -1.0
59722       -1.1
59723       -0.9
59724       -1.1
59725       -0.8
59726       -0.7
59727       -1.0
59728       -1.0
59729       -1.1
59730       -1.2
59731       -1.2
59732       -1.1
59733       -1.2
59734       -1.1
59735       -1.2
59736       -1.1
59737       -1.5
59738       -1.2
59739       -1.3
59740       -1.9
59741       -1.7
59742       -1.5
59743       -1.4
59744       -1.6
59745       -1.5
59746       -1.5
59747       -1.4
59748       -1.3
59749       -1.3
59750       -1.7
59751       -1.4
59752       -1.3
59753       -1.3
59754       -1.3
59755       -1.5
59756       -1.2
59757       -1.2
59758       -1.0
59759       -1.0
59760       -1.0
59761       -0.8
59762       -0.8
59763       -0.9
59764       -2.0
59765       -1.8
59766       -1.9
59767       -2.0
59768       -1.8
59769       -2.1
59770       -1.7
59771       -2.0
59772       -1.9
59773       -2.0
59774       -1.8
59775       -1.9
59776       -1.8
59777       -1.8
59778       -1.6
59779       -1.4
59780       -1.5
59781       -1.8
59782       -1.1
59783       -1.1
59784       -1.2
59785       -1.2
59786       -0.9
59787       -0.9
59788       -0.8
59789       -0.9
59790       -0.6
59791       -0.4
59792       -0.2
59793       -0.0
59794       -0.1
59795        0.4
59796        0.2
59797        0.6
59798        0.5
59799       -0.1
59800       -0.0
59801        0.1
59802        0.7
59803        0.5
59804        0.6
59805        0.3
59806        0.7
59807        0.7
59808        0.9
59809        0.9
59810        0.4
59811        0.7
59812        0.8
59813        0.9
59814        0.9
59815        0.9
59816        1.0
59817        0.9
59818        0.7
59819        0.9
59820        0.8
59821        0.8
59822        0.8
59823        0.9
59824        0.9
59825        1.0
59826        1.0
59827       -0.1
59828       -0.1
59829        0.1
59830        0.0
59831        0.2
59832        0.2
59833        0.2
59834        0.1
59835        0.2
59836        0.3
59837        0.2
59838        0.5
59839        0.1
59840        0.0
59841        0.2
59842        0.3
59843        0.2
59844        0.3
59845        0.2
59846       -0.5
59847       -0.7
59848        0.7
59849        0.8
59850        0.5
59851        0.5
59852        0.7
59853        0.9
59854        1.0
59855       -0.7
59856       -0.9
59857       -1.4
59858       -1.0
59859       -1.2
59860       -1.2
59861       -1.2
59862       -0.7
59863       -0.8
59864       -1.0
59865       -0.8
59866       -0.8
59867       -1.4
59868       -1.0
59869       -1.2
59870       -1.4
59871       -1.3
59872       -1.2
59873       -1.4
59874       -1.3
59875       -1.3
59876       -1.3
59877       -1.5
59878       -1.4
59879       -1.5
59880       -1.6
59881       -1.7
59882       -1.7
59883       -1.7
59884       -1.8
59885       -1.7
59886       -1.4
59887       -1.6
59888       -1.9
59889       -1.9
59890       -1.1
59891       -1.2
59892       -1.3
59893       -1.0
59894       -1.1
59895       -1.3
59896       -1.2
59897       -1.3
59898       -1.3
59899       -0.5
59900       -0.6
59901       -0.4
59902        0.0
59903       -0.2
59904       -0.8
59905       -0.7
59906       -0.6
59907       -1.2
59908       -1.0
59909       -1.4
59910       -1.6
59911       -1.5
59912       -1.3
59913       -1.3
59914       -1.6
59915       -1.6
59916       -1.5
59917       -1.4
59918       -0.3
59919       -0.1
59920       -0.1
59921       -0.2
59922        0.2
59923        0.4
59924        0.6
59925        0.4
59926        0.7
59927        0.4
59928        0.8
59929       -0.3
59930       -0.2
59931       -0.3
59932       -0.2
59933       -0.3
59934       -0.3
59935       -0.1
59936       -0.3
59937       -0.4
59938       -0.3
59939       -0.2
59940       -0.3
59941       -0.6
59942       -0.5
59943       -0.5
59944       -0.6
59945       -0.6
59946       -0.7
59947       -0.7
59948       -0.3
59949       -0.0
59950       -0.7
59951       -1.0
59952       -0.8
59953        0.6
59954        0.7
59955        0.5
59956        0.6
59957        0.7
59958        0.8
59959        0.8
59960        1.2
59961        0.8
59962        0.8
59963        1.4
59964        1.1
59965        1.0
59966        0.4
59967        0.9
59968        1.0
59969        0.8
59970        1.1
59971        1.2
59972        1.3
59973        1.4
59974        1.3
59975        1.7
59976        1.7
59977        1.7
59978        1.9
59979        1.8
59980        2.0
59981        0.2
59982        0.1
59983        0.3
59984        0.4
59985        0.5
59986        0.2
59987        0.3
59988        0.3
59989        0.1
59990        0.2
59991        0.1
59992        0.0
59993        0.3
59994        0.1
59995        0.3
59996       -0.0
59997        0.1
59998        0.2
59999        0.1
60000        0.3
60001        0.1
60002        0.1
60003        0.1
60004        0.2
60005       -0.2
60006       -0.4
60007       -0.4
60008       -0.6
60009       -1.7
60010       -2.1
60011       -2.1
60012       -2.4
60013       -2.6
60014       -2.6
60015       -2.9
60016       -3.2
60017       -3.2
60018       -3.4
60019       -3.8
60020       -4.2
60021       -4.5
60022       -4.8
60023       -4.9
60024       -5.0
60025       -4.9
60026       -4.9
60027       -5.0
60028       -5.1
60029       -5.1
60030       -5.4
60031       -5.5
60032       -5.2
60033       -5.4
60034       -5.7
60035       -5.6
60036       -5.4
60037       -5.2
60038       -5.1
60039       -5.1
60040       -4.9
60041       -4.8
60042       -5.0
60043       -4.7
60044       -1.4
60045       -1.3
60046       -1.2
60047       -1.2
60048       -1.0
60049       -1.0
60050       -0.9
60051       -0.5
60052       -0.3
60053       -0.3
60054       -0.0
60055       -0.1
60056        0.3
60057        0.2
60058        0.5
60059        1.1
60060        0.8
60061        0.6
60062        0.6
60063        0.7
60064        0.9
60065        1.1
60066        1.0
60067        1.1
60068        1.3
60069        1.3
60070        1.2
60071        1.4
60072        0.7
60073        0.7
60074        0.8
60075        0.9
60076        1.0
60077        1.2
60078        1.3
60079        1.4
60080        1.6
60081        2.1
60082        1.9
60083        2.2
60084        2.2
60085        2.1
60086        2.4
60087        2.2
60088        2.8
60089        2.8
60090        2.9
60091        3.2
60092        3.3
60093        3.6
60094        3.5
60095        3.6
60096        3.6
60097        3.9
60098        4.1
60099        4.1
60100        2.7
60101        2.6
60102        2.2
60103        2.2
60104        2.1
60105        2.3
60106        2.3
60107        2.3
60108        2.3
60109        2.3
60110        2.3
60111        2.1
60112        2.1
60113        2.1
60114        1.9
60115        1.7
60116        1.4
60117        1.4
60118        1.3
60119        1.4
60120        1.2
60121        1.2
60122        1.0
60123        1.1
60124        0.7
60125        0.6
60126        0.6
60127        0.3
60128        0.2
60129       -0.0
60130       -0.2
60131       -0.1
60132       -0.2
60133       -0.3
60134       -0.4
60135        0.7
60136        0.9
60137        0.5
60138        0.6
60139        0.4
60140        0.2
60141        0.3
60142       -0.4
60143       -0.3
60144       -0.2
60145       -0.4
60146       -0.6
60147       -0.6
60148       -0.6
60149       -0.9
60150       -0.8
60151       -0.7
60152       -1.0
60153       -0.7
60154       -1.0
60155       -1.4
60156       -1.1
60157       -1.0
60158       -1.3
60159       -1.2
60160       -1.3
60161       -1.4
60162       -1.3
60163       -1.4
60164       -1.1
60165       -1.2
60166       -1.4
60167       -1.1
60168       -1.2
60169       -1.4
60170       -1.4
60171       -1.6
60172       -1.5
60173       -1.6
60174       -1.7
60175       -1.5
60176       -1.6
60177       -0.3
60178       -0.3
60179        0.0
60180       -0.1
60181       -0.1
60182        0.2
60183        0.5
60184        0.7
60185        0.6
60186        0.7
60187        1.0
60188        1.1
60189        1.0
60190        1.2
60191        0.2
60192        0.2
60193        0.3
60194        0.4
60195        0.6
60196        0.8
60197        0.6
60198        0.9
60199        0.8
60200        0.7
60201        1.1
60202        1.0
60203        1.1
60204        1.0
60205        1.0
60206        1.2
60207        1.4
60208        1.4
60209        1.5
60210        1.8
60211        1.8
60212        2.1
60213        1.9
60214        1.9
60215        1.9
60216        1.6
60217        1.8
60218        1.7
60219        1.0
60220        0.9
60221        0.8
60222        0.9
60223        0.5
60224        0.6
60225        0.7
60226        0.6
60227        0.8
60228        1.0
60229        0.9
60230        0.8
60231        1.2
60232        1.4
60233        1.6
60234        1.6
60235        1.9
60236        2.0
60237        2.1
60238        2.1
60239        2.2
60240        1.7
60241        1.6
60242        1.6
60243        1.3
60244        1.4
60245        1.6
60246        1.4
60247        1.7
60248        1.2
60249        1.1
60250        1.1
60251        1.2
60252        1.6
60253        2.0
60254        2.0
60255        1.8
60256        1.8
60257        1.6
60258        1.8
60259        1.6
60260        1.5
60261        1.3
60262        1.3
60263        1.3
60264        1.1
60265        1.2
60266        0.8
60267        0.6
60268        0.6
60269        0.6
60270        0.9
60271        0.5
60272        1.0
60273        0.7
60274        0.9
60275        1.2
60276        1.6
60277        2.0
60278        2.0
60279        1.8
60280        2.1
60281        2.2
60282       -0.3
60283       -0.4
60284       -0.8
60285       -0.7
60286       -0.6
60287       -0.5
60288       -0.5
60289       -0.4
60290       -0.6
60291       -0.6
60292       -0.6
60293       -0.5
60294       -1.0
60295       -1.0
60296       -1.0
60297       -0.9
60298       -1.1
60299       -1.1
60300       -0.8
60301       -0.8
60302       -1.3
60303       -1.1
60304       -1.3
60305       -1.1
60306       -0.9
60307       -1.2
60308       -1.2
60309       -1.5
60310       -1.4
60311       -1.0
60312       -0.8
60313       -1.1
60314       -1.4
60315       -1.5
60316       -1.5
60317       -2.2
60318       -2.2
60319       -2.6
60320       -2.8
60321       -3.2
60322       -3.1
60323       -3.2
60324       -3.2
60325       -3.3
60326       -2.7
60327       -2.7
60328       -2.5
60329       -3.6
60330       -3.7
60331       -3.7
60332       -3.5
60333       -3.5
60334       -3.7
60335       -3.7
60336       -3.5
60337       -3.5
60338       -3.4
60339       -3.4
60340       -3.3
60341       -3.1
60342       -3.2
60343       -3.1
60344       -3.0
60345       -2.5
60346       -2.3
60347       -2.1
60348       -2.0
60349       -1.8
60350       -1.7
60351       -1.6
60352       -1.3
60353       -1.1
60354       -1.1
60355       -0.9
60356       -0.7
60357       -0.7
60358       -0.5
60359       -0.1
60360       -0.1
60361        0.1
60362        0.1
60363        0.6
60364        0.6
60365        0.6
60366        0.5
60367        0.4
60368        0.5
60369        0.3
60370        0.4
60371        0.5
60372        0.4
60373       -1.9
60374       -1.6
60375       -1.8
60376       -1.9
60377       -2.0
60378       -2.0
60379       -2.0
60380       -1.9
60381       -2.1
60382       -2.2
60383       -2.3
60384       -2.3
60385       -2.4
60386       -2.4
60387       -2.3
60388       -2.5
60389       -2.6
60390       -2.8
60391       -2.6
60392       -2.6
60393       -2.5
60394       -2.3
60395       -2.4
60396       -2.5
60397       -2.4
60398       -2.6
60399       -2.6
60400       -2.3
60401       -2.4
60402       -2.5
60403       -2.3
60404       -1.9
60405       -1.8
60406       -1.7
60407       -1.9
60408       -1.6
60409       -1.8
60410       -2.0
60411       -1.9
60412       -1.6
60413       -1.6
60414       -1.6
60415       -1.5
60416       -1.5
60417       -1.6
60418       -1.5
60419       -1.4
60420       -1.4
60421       -1.5
60422       -1.4
60423       -1.2
60424       -1.4
60425       -1.3
60426       -1.3
60427       -1.1
60428       -1.4
60429       -1.3
60430       -0.9
60431       -1.4
60432       -1.3
60433       -1.1
60434       -1.2
60435       -1.4
60436       -0.4
60437       -0.4
60438       -0.5
60439       -0.4
60440       -0.6
60441       -0.8
60442       -0.6
60443       -0.2
60444       -0.1
60445       -0.0
60446        0.1
60447       -0.1
60448        0.0
60449        0.1
60450        0.1
60451       -0.1
60452       -0.2
60453        0.1
60454        0.1
60455       -0.1
60456       -0.1
60457        0.2
60458        0.1
60459        0.1
60460        0.1
60461        0.3
60462        0.3
60463        0.3
60464       -0.7
60465       -0.6
60466       -0.5
60467       -0.2
60468       -0.3
60469       -0.3
60470       -0.2
60471       -0.4
60472       -0.1
60473       -0.0
60474        0.1
60475        0.3
60476       -0.0
60477        0.1
60478       -0.1
60479        0.1
60480        0.1
60481        0.4
60482        0.2
60483        0.2
60484        0.4
60485        0.5
60486        0.4
60487        0.6
60488        0.6
60489        0.5
60490        0.8
60491        0.4
60492        0.7
60493        0.8
60494        0.6
60495        0.7
60496        0.7
60497        0.9
60498        0.7
60499        1.3
60500        1.4
60501        1.3
60502        1.1
60503        1.5
60504        1.5
60505        1.6
60506        1.5
60507        1.3
60508        1.3
60509        1.3
60510        1.4
60511        1.2
60512        1.3
60513        1.2
60514        1.3
60515        1.0
60516        1.2
60517        0.9
60518        0.8
60519        0.8
60520        1.0
60521        0.9
60522        0.7
60523        0.5
60524        0.4
60525        0.7
60526        0.4
60527       -0.2
60528       -0.2
60529       -0.4
60530       -0.6
60531       -0.3
60532       -0.5
60533       -0.7
60534       -0.7
60535       -0.9
60536       -1.0
60537       -1.4
60538       -1.5
60539       -0.6
60540       -0.8
60541       -1.3
60542       -1.1
60543       -1.4
60544       -1.4
60545       -1.3
60546       -1.6
60547       -1.4
60548       -1.5
60549       -1.5
60550       -1.3
60551       -1.6
60552       -1.7
60553       -1.7
60554       -1.7
60555       -1.7
60556       -1.7
60557       -1.7
60558       -1.7
60559       -1.5
60560       -1.4
60561       -1.2
60562       -1.9
60563       -1.6
60564       -1.5
60565       -1.4
60566       -1.4
60567       -1.2
60568       -1.3
60569       -0.4
60570       -0.4
60571       -0.3
60572       -0.3
60573       -0.3
60574       -0.2
60575        0.0
60576        0.3
60577        0.2
60578        0.5
60579        0.5
60580        0.7
60581        1.1
60582        1.0
60583        1.1
60584        1.0
60585        0.9
60586        1.0
60587        1.0
60588        1.0
60589        0.8
60590       -0.4
60591       -0.6
60592       -0.8
60593       -0.9
60594       -0.8
60595       -1.0
60596       -1.0
60597       -1.2
60598       -1.1
60599       -1.0
60600       -1.2
60601       -1.5
60602       -1.5
60603       -1.5
60604       -1.8
60605       -1.8
60606       -1.4
60607       -1.8
60608       -1.8
60609       -1.9
60610       -1.9
60611       -2.0
60612       -2.2
60613       -2.2
60614       -2.2
60615       -2.2
60616       -2.6
60617       -2.7
60618       -3.2
60619       -3.2
60620       -3.1
60621       -3.3
60622       -3.2
60623       -3.4
60624       -3.4
60625       -1.6
60626       -1.8
60627       -1.8
60628       -1.8
60629       -1.8
60630       -1.8
60631       -1.9
60632       -1.7
60633       -1.7
60634       -1.3
60635       -1.3
60636       -1.1
60637       -1.3
60638       -1.4
60639       -1.3
60640       -1.3
60641       -1.5
60642       -1.3
60643       -1.4
60644       -1.2
60645       -1.1
60646       -1.3
60647       -1.3
60648       -1.1
60649       -1.0
60650       -1.1
60651       -0.9
60652       -0.8
60653       -1.3
60654       -1.3
60655       -1.0
60656       -1.0
60657       -1.0
60658       -0.6
60659       -0.6
60660       -0.8
60661       -0.7
60662       -0.6
60663       -0.5
60664       -0.4
60665       -0.5
60666       -0.6
60667       -0.3
60668       -0.4
60669       -0.7
60670       -0.6
60671       -0.4
60672       -0.3
60673       -0.4
60674       -0.2
60675       -0.2
60676       -0.2
60677       -0.3
60678       -0.1
60679       -0.2
60680       -0.1
60681       -0.8
60682       -0.7
60683       -0.6
60684       -0.8
60685       -0.8
60686       -0.9
60687       -0.8
60688       -1.0
60689       -0.9
60690       -1.1
60691       -1.3
60692       -1.3
60693       -1.1
60694       -1.2
60695       -1.0
60696       -1.2
60697       -1.2
60698       -1.3
60699       -1.3
60700       -1.5
60701       -1.5
60702       -1.5
60703       -1.5
60704       -1.5
60705       -1.4
60706       -1.6
60707       -1.7
60708       -1.7
60709       -1.7
60710       -1.9
60711       -1.9
60712       -2.0
60713       -2.0
60714       -1.9
60715       -1.8
60716       -1.7
60717       -1.6
60718       -1.3
60719       -1.2
60720       -1.4
60721       -1.4
60722       -1.5
60723       -1.5
60724       -1.5
60725       -1.5
60726       -1.5
60727       -1.7
60728       -1.5
60729       -1.4
60730       -1.4
60731       -1.6
60732       -1.2
60733       -1.0
60734       -1.0
60735       -1.1
60736       -1.2
60737       -0.8
60738       -0.6
60739       -0.6
60740       -0.6
60741       -0.3
60742       -0.6
60743       -0.4
60744       -0.2
60745        0.1
60746        0.3
60747        0.6
60748        0.7
60749        0.5
60750        0.3
60751        0.2
60752        0.2
60753        0.2
60754        0.1
60755        0.1
60756        0.3
60757        0.5
60758        0.7
60759        0.7
60760        0.7
60761        0.8
60762        1.1
60763        1.0
60764        1.2
60765        1.2
60766        1.2
60767        1.3
60768        1.2
60769        1.1
60770        1.0
60771        1.1
60772        1.0
60773        0.9
60774        1.0
60775        1.0
60776        1.2
60777        1.1
60778        1.1
60779        1.2
60780        1.2
60781        1.2
60782        1.2
60783        1.2
60784        1.2
60785        1.6
60786        1.3
60787        1.3
60788        1.3
60789        1.4
60790        1.5
60791        1.6
60792        1.6
60793        1.8
60794        1.8
60795        1.6
60796        1.7
60797        1.8
60798        1.7
60799        1.9
60800        1.6
60801        1.6
60802        1.6
60803        1.6
60804        1.6
60805        1.6
60806        1.4
60807        1.6
60808        1.8
60809        1.6
60810        1.6
60811        1.6
60812        1.7
60813        1.3
60814        1.1
60815        1.2
60816        1.4
60817        1.5
60818        1.5
60819        1.3
60820        1.0
60821        1.1
60822        1.1
60823        1.0
60824        1.1
60825        0.7
60826        0.9
60827        0.9
60828       -0.0
60829       -0.0
60830       -0.1
60831       -0.4
60832       -0.7
60833       -0.5
60834       -0.6
60835       -0.3
60836       -0.5
60837       -0.5
60838       -0.6
60839       -0.8
60840       -0.8
60841       -0.9
60842       -0.8
60843       -0.6
60844       -0.4
60845       -0.3
60846       -0.3
60847       -0.1
60848        0.2
60849        0.3
60850        0.5
60851        0.5
60852        0.3
60853        0.2
60854        0.3
60855        0.5
60856        0.7
60857        0.8
60858        0.9
60859        0.6
60860        0.8
60861        0.8
60862        1.0
60863        0.9
60864        1.1
60865        0.9
60866        1.0
60867        0.9
60868        0.9
60869        1.0
60870        1.3
60871        1.1
60872        1.2
60873        1.0
60874        0.9
60875        0.8
60876        0.8
60877        0.4
60878        0.4
60879        0.2
60880        0.4
60881        0.0
60882        0.0
60883       -0.3
60884       -0.1
60885       -0.2
60886       -0.3
60887       -0.6
60888       -0.7
60889       -0.8
60890       -0.9
60891       -0.5
60892       -0.7
60893       -0.5
60894       -0.2
60895       -0.3
60896        0.1
60897        0.1
60898        0.3
60899        0.5
60900        0.7
60901        0.8
60902        0.9
60903        1.1
60904        1.2
60905        1.2
60906        1.2
60907        1.4
60908        1.4
60909        1.4
60910        1.4
60911        1.5
60912        1.3
60913        1.5
60914        1.4
60915        1.1
60916        1.4
60917        1.2
60918        1.3
60919        1.2
60920        1.4
60921        1.5
60922        1.4
60923        1.3
60924        1.2
60925        1.1
60926        1.0
60927        1.0
60928        0.7
60929        0.9
60930        0.7
60931        0.7
60932        0.2
60933        0.3
60934        0.2
60935        0.2
60936       -0.4
60937       -0.2
60938       -0.2
60939       -0.2
60940       -0.2
60941        0.1
60942       -0.2
60943       -0.0
60944       -0.3
60945        0.1
60946       -0.1
60947        0.3
60948       -0.1
60949        0.0
60950        0.1
60951       -0.0
60952       -0.4
60953       -0.3
60954       -0.3
60955       -0.8
60956       -0.7
60957       -1.1
60958       -0.9
60959       -1.0
60960       -0.9
60961       -0.6
60962       -0.7
60963       -0.5
60964       -0.7
60965       -0.6
60966       -0.7
60967       -0.5
60968       -0.6
60969       -0.6
60970       -0.9
60971       -0.6
60972       -0.9
60973       -0.7
60974       -1.2
60975       -1.0
60976       -1.3
60977       -1.1
60978       -1.2
60979       -1.3
60980       -1.5
60981       -1.6
60982       -1.9
60983       -2.4
60984       -2.4
60985       -2.9
60986       -2.4
60987       -2.4
60988       -2.4
60989       -2.5
60990       -2.0
60991       -2.3
60992       -1.8
60993       -2.1
60994       -1.8
60995       -1.6
60996       -1.2
60997       -1.2
60998       -1.0
60999       -0.9
61000       -0.7
61001       -0.7
61002       -0.7
61003       -0.2
61004       -0.5
61005       -0.4
61006       -0.1
61007       -0.4
61008       -0.3
61009       -0.3
61010       -0.4
61011        0.1
61012       -0.4
61013       -0.2
61014        0.1
61015       -0.9
61016       -2.0
61017       -3.2
61018       -2.6
61019       -1.1
61020        0.3
61021        0.3
61022        0.8
61023        1.3
61024        0.7
61025        0.7
61026        0.8
61027        0.8
61028        0.9
61029        0.8
61030        0.9
61031        0.7
61032        0.9
61033        1.0
61034        1.1
61035        1.1
61036        0.9
61037        0.9
61038        1.0
61039        1.1
61040        1.1
61041        1.1
61042        1.6
61043        1.4
61044        1.5
61045        1.2
61046        1.4
61047        1.1
61048        1.4
61049        1.3
61050        1.5
61051        1.4
61052        1.4
61053        1.1
61054        1.0
61055        1.2
61056        1.5
61057        1.6
61058        1.7
61059        1.9
61060        1.8
61061        1.8
61062        1.8
61063        1.7
61064        1.7
61065        1.4
61066        1.5
61067        1.4
61068        1.8
61069        1.5
61070        1.2
61071        1.0
61072        0.6
61073        0.8
61074        1.0
61075        1.4
61076        1.9
61077        2.3
61078        2.1
61079        2.0
61080        1.7
61081        2.0
61082        2.2
61083        2.5
61084        2.2
61085        2.8
61086        3.2
61087        3.1
61088        3.2
61089        3.0
61090        3.3
61091        3.6
61092        3.4
61093        3.1
61094        2.1
61095        1.8
61096       -1.2
61097       -1.1
61098       -0.1
61099       -0.0
61100        0.0
61101       -0.1
61102       -0.4
61103       -0.8
61104       -0.8
61105       -0.6
61106       -0.4
61107       -0.4
61108       -0.6
61109       -0.5
61110       -0.6
61111       -0.4
61112       -0.6
61113       -0.2
61114       -0.2
61115        0.5
61116        0.7
61117        0.7
61118        0.7
61119        0.6
61120        0.7
61121        0.8
61122        1.0
61123        0.7
61124        1.1
61125        0.8
61126        0.9
61127        0.8
61128        1.0
61129        0.8
61130        0.8
61131        0.9
61132        0.8
61133        1.0
61134        0.8
61135        0.8
61136        0.5
61137        0.5
61138        0.7
61139        0.4
61140        0.7
61141        0.5
61142        0.3
61143        0.5
61144        0.3
61145        0.2
61146        0.2
61147        0.2
61148        0.2
61149        0.1
61150        0.3
61151        0.4
61152        0.6
61153        0.6
61154        0.6
61155        0.6
61156        0.7
61157        0.7
61158        0.9
61159        0.9
61160        1.1
61161        1.1
61162        1.1
61163        1.2
61164        1.3
61165        1.1
61166        1.4
61167        1.5
61168        1.6
61169        1.7
61170        1.5
61171        1.6
61172        1.9
61173        2.1
61174        2.0
61175        2.3
61176        2.4
61177        2.5
61178        2.1
61179        2.2
61180        2.2
61181        2.3
61182        2.2
61183        2.3
61184        2.3
61185        2.2
61186        2.4
61187        2.1
61188        2.2
61189        2.0
61190        1.9
61191        2.0
61192        2.0
61193        2.2
61194        2.1
61195        2.1
61196        1.9
61197        1.9
61198        1.8
61199        1.7
61200        1.6
61201        1.6
61202        1.5
61203        1.5
61204        1.3
61205        1.5
61206        1.4
61207        1.5
61208        1.1
61209        1.2
61210        1.2
61211        1.2
61212        1.2
61213        1.3
61214        1.3
61215        1.4
61216        1.1
61217        1.5
61218        1.4
61219        1.5

# UTC remains available from the monthly Circular T at
# (http://www.bipm.org/en/bipm-services/timescales/time-ftp/Circular-T.html).
