# MJD  [UTCr-UTC(ICE)]/ns
57972      -12.8
57973       -9.5
57974       -9.7
57975       -5.6
57976       -4.5
57977       -4.5
57978       -5.3
57979       -3.3
57980       -0.2
57981        1.1
57982        2.2
57983        0.3
57984       -4.2
57985       -5.6
57986       -4.2
57987        2.3
57988        1.5
57989        1.8
57990        0.3
57991        4.4
57992       10.2
57993       12.4
57994       18.4
57995       19.7
57996       20.9
57997       21.7
57998       25.8
57999       23.5
58000       25.5
58001       23.5
58002       22.2
58003       16.8
58004       15.0
58005       10.4
58006       16.4
58007        9.4
58008       10.6
58009        9.2
58010        7.6
58011        6.8
58012       -2.1
58013        3.2
58014       -2.3
58015       -6.0
58016       -9.4
58017      -12.6
58018      -14.4
58019      -16.0
58020       -8.1
58021       -4.0
58022       -0.2
58023        1.0
58024        4.1
58025        4.8
58026        4.1
58027          -
58028          -
58029          -
58030          -
58031          -
58032          -
58033          -
58034          -
58049          -
58050          -
58051          -
58052          -
58053          -
58054          -
58055          -
58056          -
58057          -
58058          -
58059          -
58060          -
58061          -
58062          -
58147          -
58148          -
58149       40.8
58150       42.7
58151       43.5
58152       41.0
58153       37.1
58154       29.8
58155       35.6
58156       34.0
58157       33.1
58158       28.5
58159       15.1
58160       11.5
58161        5.5
58162        7.9
58163       10.1
58164        4.9
58165        1.1
58166        6.1
58167       -1.1
58168       -5.7
58169       -3.6
58170      -11.7
58171       -9.0
58172      -15.7
58173       -2.8
58174       -0.1
58175       -4.4
58176       -3.0
58177        1.9
58178       -5.8
58179       -4.2
58180       -4.3
58181       -9.4
58182       -7.9
58183       -3.1
58184       -6.7
58185       -6.8
58186       -6.7
58187       -3.1
58188        3.5
58189       -5.1
58190      -12.5
58191       -6.5
58192       -4.7
58193       -9.8
58194      -19.7
58195      -20.1
58196      -23.5
58197      -21.8
58198      -26.9
58199      -26.2
58200      -21.3
58201      -32.5
58202      -37.2
58203      -37.2
58204      -40.9
58205      -41.1
58206      -38.0
58207      -32.9
58208      -26.7
58209      -20.5
58210      -21.4
58211      -24.7
58212      -26.8
58213      -26.1
58214      -23.6
58215      -20.7
58216      -30.4
58217      -27.9
58218      -28.4
58219      -26.1
58220      -21.5
58221      -25.4
58222      -18.6
58223      -30.5
58224      -32.5
58225      -30.0
58226      -26.6
58227      -33.1
58228      -22.6
58229      -39.8
58230      -41.2
58231      -41.1
58232      -34.7
58233      -42.8
58234      -39.6
58235      -43.6
58236      -33.5
58237      -35.6
58238      -34.3
58239      -39.8
58240      -37.3
58241      -39.3
58242      -45.0
58243      -48.9
58244      -50.9
58245      -51.0
58246      -39.6
58247      -45.3
58248      -29.7
58249      -26.4
58250      -32.7
58251      -28.8
58252      -35.4
58253      -30.9
58254      -27.9
58255      -27.2
58256      -30.2
58257      -29.7
58258      -30.5
58259      -36.0
58260          -
58261          -
58262      -40.0
58263      -43.4
58264      -39.5
58265      -34.0
58266      -31.3
58267      -30.1
58268      -39.0
58269      -37.8
58270      -35.7
58271      -32.1
58272      -30.4
58273      -23.4
58274      -26.1
58275      -31.4
58276      -43.6
58277      -49.3
58278      -53.2
58279      -55.2
58280      -60.2
58281      -56.3
58282      -56.5
58283      -63.0
58284      -58.7
58285      -55.9
58286      -61.0
58287      -62.4
58288      -62.1
58289      -61.5
58290      -57.1
58291      -62.0
58292      -60.3
58293      -64.7
58294      -65.1
58295      -65.0
58296      -71.9
58297      -70.6
58298      -71.6
58299      -64.8
58300      -59.6
58301      -62.8
58302      -51.4
58303      -52.0
58304      -53.1
58305      -55.2
58306      -54.7
58307      -55.6
58308      -55.3
58309      -50.4
58310      -47.7
58311      -52.8
58312      -50.0
58313      -50.1
58314      -35.4
58315      -37.4
58316      -25.0
58317      -20.3
58318      -24.1
58319      -25.9
58320      -24.5
58321      -26.4
58322      -34.8
58323      -28.0
58324      -34.5
58325      -34.4
58326      -36.5
58327      -38.3
58328      -43.7
58329      -46.6
58330      -45.5
58331      -48.0
58332      -48.0
58333      -47.5
58334      -50.1
58335      -55.7
58336      -57.4
58337      -60.6
58338      -57.8
58339      -56.8
58340      -47.4
58341      -51.2
58342      -46.9
58343      -52.3
58344      -50.7
58345      -48.2
58346      -52.4
58347      -48.3
58348      -51.2
58349      -41.5
58350      -44.7
58351      -46.2
58352      -44.3
58353      -46.2
58354      -46.2
58355      -43.7
58356      -53.5
58357      -46.3
58358      -46.9
58359      -45.8
58360      -51.8
58361      -46.9
58362      -47.8
58363      -43.2
58364      -46.8
58365      -48.0
58366      -49.5
58367      -45.8
58368      -41.6
58369      -41.8
58370      -37.7
58371      -35.6
58372      -36.1
58373      -40.4
58374      -28.6
58375      -29.0
58376      -27.7
58377      -32.1
58378      -32.7
58379      -34.9
58380      -22.2
58381      -22.8
58382      -20.8
58383      -18.0
58384      -17.2
58385       -6.8
58386       -9.6
58387      -12.4
58388      -12.3
58389      -16.4
58390      -14.5
58391      -15.4
58392      -13.9
58393       -5.5
58394      -14.0
58395       -7.3
58396       -6.3
58397       -7.7
58398       -4.5
58399       -7.2
58400      -11.1
58401      -11.3
58402       -6.8
58403      -11.1
58404       -3.2
58405       -5.4
58406       -6.4
58407       -4.8
58408        1.4
58409        0.5
58410       -2.8
58411       -3.7
58412        6.4
58413        6.1
58414        6.7
58415        3.4
58416        2.5
58417        0.0
58418        2.6
58419       -1.4
58420       -5.8
58421        0.6
58422       -0.2
58423        3.0
58424        6.5
58425        1.4
58426       -1.5
58427        2.6
58428        6.2
58429        2.3
58430        7.1
58431        6.1
58432       11.6
58433       14.0
58434       14.3
58435       19.6
58436       20.8
58437       25.0
58438       26.6
58439       21.0
58440       22.3
58441       24.1
58442       29.3
58443       32.8
58444       39.4
58445       37.6
58446       30.5
58447       30.5
58448       28.9
58449       32.6
58450       30.7
58451       25.9
58452       33.3
58453       33.4
58454       28.3
58455       23.0
58456       24.1
58457       25.8
58458       30.4
58459       27.3
58460       23.0
58461       27.4
58462       29.4
58463       32.7
58464       34.5
58465       37.1
58466       45.8
58467       44.9
58468       41.8
58469       41.6
58470          -
58471       39.2
58472       33.0
58473       33.7
58474       42.6
58475       44.8
58476          -
58477          -
58478          -
58479       47.1
58480          -
58481          -
58482          -
58483     -199.6
58484     -200.3
58485     -199.7
58486     -199.7
58487     -199.4
58488     -199.3
58489     -199.1
58490       72.7
58491          -
58492          -
58493       70.5
58494          -
58495          -
58496       80.2
58497          -
58498          -
58499          -
58500       65.6
58501       69.7
58502       69.1
58503       72.5
58504       68.8
58505       79.1
58506       88.0
58507       89.9
58508       92.9
58509       94.3
58510       91.6
58511       87.1
58512       89.8
58513       88.0
58514       89.7
58515       86.7
58516       85.9
58517       87.7
58518       86.0
58519       87.5
58520       83.9
58521       84.8
58522       88.1
58523       89.8
58524       88.3
58525       87.6
58526       89.7
58527       90.8
58528       85.8
58529       83.2
58530       84.9
58531       78.4
58532       74.3
58533       71.8
58534       73.8
58535       68.8
58536       78.5
58537       81.2
58538       79.8
58539       80.4
58540       81.6
58541       80.0
58542       80.7
58543       78.0
58544       81.6
58545       71.6
58546       69.2
58547       67.2
58548       68.8
58549       65.0
58550       63.8
58551       64.0
58552       66.5
58553       67.1
58554       76.2
58555       70.4
58556       63.5
58557       60.0
58558       50.5
58559       50.9
58560       46.2
58561       46.3
58562       39.5
58563       48.2
58564       48.9
58565       54.5
58566       61.2
58567       52.1
58568       57.1
58569       56.6
58570       51.2
58571       48.9
58572       52.5
58573       51.7
58574       48.2
58575       52.3
58576       47.6
58577       51.2
58578       57.0
58579       51.3
58580       44.6
58581       48.1
58582       45.2
58583       40.2
58584       42.6
58585       47.5
58586       47.6
58587       48.4
58588       47.9
58589       38.1
58590       45.4
58591       37.7
58592       41.2
58593       39.1
58594       36.3
58595       38.8
58596       41.2
58597       40.5
58598       45.1
58599       46.2
58600       39.6
58601       41.5
58602       40.0
58603       44.1
58604       43.4
58605       44.6
58606       49.1
58607       43.1
58608       36.4
58609       30.6
58610       36.1
58611       38.6
58612       42.5
58613       35.9
58614       35.0
58615       26.2
58616       30.5
58617       23.5
58618       20.1
58619          -
58620          -
58621       18.4
58622       20.9
58623       17.8
58624       12.2
58625       15.7
58626       20.0
58627       10.8
58628       13.8
58629       12.7
58630        4.6
58631       13.7
58632        9.2
58633        7.7
58634        6.2
58635       11.8
58636       11.3
58637        9.3
58638       13.2
58639        9.0
58640        7.4
58641       17.6
58642       10.7
58643       10.1
58644       10.0
58645       11.9
58646       13.5
58647        7.7
58648        2.5
58649        7.6
58650        6.4
58651        8.7
58652        6.7
58653        2.6
58654       -2.3
58655       -4.4
58656       -6.6
58657       -3.5
58658       -8.1
58659      -14.2
58660      -16.9
58661      -19.8
58662      -22.4
58663      -21.3
58664      -21.0
58665      -27.7
58666      -20.4
58667      -20.0
58668      -10.0
58669       -6.3
58670       -5.5
58671       -9.1
58672        0.9
58673        1.5
58674        6.5
58675       10.8
58676       12.4
58677       18.7
58678       23.6
58679       31.2
58680       32.1
58681       35.0
58682       34.8
58683       36.7
58684       32.3
58685       31.3
58686       34.8
58687       38.2
58688       44.3
58689       51.4
58690       60.9
58691       62.1
58692       67.2
58693       75.6
58694       75.5
58695       74.0
58696       68.0
58697       66.5
58698       54.7
58699       55.2
58700       54.2
58701       51.3
58702       50.0
58703       52.3
58704       35.9
58705       35.0
58706       33.4
58707       29.2
58708       28.3
58709       29.1
58710       29.6
58711       26.4
58712       24.9
58713       22.3
58714       20.6
58715       24.1
58716        8.8
58717       10.6
58718        9.8
58719        4.2
58720        4.4
58721        6.4
58722       10.0
58723        1.5
58724       -4.0
58725        1.1
58726      -12.4
58727      -12.3
58728      -17.3
58729      -20.5
58730      -21.1
58731      -19.2
58732      -22.3
58733      -22.1
58734      -15.2
58735      -22.2
58736      -28.7
58737      -28.6
58738      -25.6
58739      -32.0
58740      -29.9
58741      -30.6
58742      -29.5
58743      -38.0
58744      -38.1
58745      -42.3
58746      -38.5
58747      -33.4
58748      -41.4
58749      -32.3
58750      -31.1
58751      -31.7
58752      -27.9
58753      -35.1
58754      -41.1
58755      -35.9
58756      -35.9
58757      -32.7
58758      -32.9
58759      -36.5
58760      -38.4
58761      -37.2
58762      -31.7
58763      -34.6
58764      -39.9
58765      -45.1
58766      -43.6
58767      -49.8
58768      -50.7
58769      -49.9
58770      -51.1
58771      -54.3
58772      -57.8
58773      -69.2
58774      -71.7
58775      -78.2
58776      -78.9
58777      -78.4
58778      -78.8
58779      -80.3
58780      -79.6
58781      -74.1
58782      -70.8
58783      -65.6
58784      -60.8
58785      -61.7
58786      -64.9
58787      -64.2
58788      -62.6
58789      -60.7
58790      -52.2
58791      -52.8
58792      -47.2
58793      -43.5
58794      -37.6
58795      -36.1
58796      -34.7
58797      -30.5
58798      -32.4
58799      -29.7
58800      -24.5
58801      -15.6
58802      -12.2
58803       -7.3
58804       -1.1
58805        1.7
58806        2.8
58807       -0.3
58808        5.1
58809        5.9
58810       -0.9
58811       -1.6
58812        0.8
58813        5.5
58814        0.1
58815       -0.2
58816        1.5
58817        3.1
58818        7.9
58819       10.5
58820       14.3
58821       17.4
58822       12.6
58823       11.5
58824       15.3
58825       15.4
58826       17.7
58827       21.2
58828       25.4
58829       22.8
58830       23.0
58831       16.8
58832       18.8
58833       20.5
58834       11.8
58835       14.8
58836       11.1
58837        9.0
58838        7.8
58839       10.6
58840       13.1
58841        9.5
58842        8.3
58843        7.4
58844        8.5
58845        5.2
58846       10.0
58847        8.8
58848        8.8
58849        9.7
58850        5.1
58851        9.9
58852        4.2
58853        2.5
58854        4.3
58855        1.2
58856        9.8
58857       11.5
58858       17.4
58859       18.9
58860       16.5
58861       21.4
58862       23.0
58863       21.7
58864       27.3
58865       28.6
58866       31.8
58867       31.5
58868       30.7
58869       27.5
58870       26.3
58871       27.3
58872       22.5
58873       26.3
58874       30.5
58875       28.5
58876       19.7
58877       24.6
58878       27.6
58879       23.6
58880       20.7
58881       26.7
58882       33.6
58883       33.9
58884       34.7
58885       38.1
58886       37.8
58887       33.8
58888       39.2
58889       42.7
58890       46.8
58891       45.0
58892       39.6
58893       33.8
58894       35.5
58895       32.0
58896       37.9
58897       40.9
58898       40.8
58899       42.0
58900       44.0
58901       43.3
58902       49.9
58903       56.8
58904       55.2
58905       50.2
58906       50.5
58907       50.1
58908       51.7
58909       45.2
58910       48.0
58911       47.7
58912       46.8
58913       37.3
58914       40.1
58915       43.8
58916       42.0
58917       32.1
58918       34.7
58919       37.6
58920       39.5
58921       37.6
58922       36.1
58923       40.2
58924       31.5
58925       29.4
58926       25.7
58927       21.3
58928       20.9
58929       23.0
58930       24.1
58931       20.6
58932       20.9
58933       19.3
58934       13.2
58935       10.6
58936       13.2
58937       16.2
58938       17.1
58939       13.1
58940        7.9
58941        9.8
58942        6.8
58943        3.4
58944        7.3
58945        8.0
58946        9.9
58947        9.2
58948        2.0
58949        3.9
58950       -6.2
58951      -14.3
58952      -16.0
58953      -17.0
58954      -17.1
58955      -18.6
58956      -18.7
58957      -19.5
58958      -16.2
58959      -16.3
58960      -12.8
58961      -17.4
58962      -19.9
58963      -27.2
58964      -27.5
58965      -28.9
58966      -33.1
58967      -30.2
58968      -31.6
58969      -32.5
58970      -30.1
58971      -27.9
58972      -32.7
58973      -33.6
58974      -29.1
58975      -31.2
58976      -30.6
58977      -23.8
58978          -
58979          -
58980      -25.0
58981      -22.0
58982      -22.3
58983      -19.5
58984      -15.7
58985      -16.9
58986      -17.6
58987      -19.5
58988      -22.9
58989      -20.3
58990      -19.6
58991      -21.2
58992      -21.1
58993      -19.2
58994      -14.2
58995      -10.7
58996      -15.4
58997      -14.5
58998      -12.3
58999      -13.5
59000      -12.5
59001      -15.4
59002      -17.8
59003      -17.2
59004      -19.8
59005      -17.5
59006      -22.2
59007      -13.3
59008       -8.7
59009      -13.3
59010       -7.0
59011       -1.4
59012       -3.3
59013       -2.7
59014       -8.2
59015       -9.8
59016        0.1
59017       -3.5
59018       -4.2
59019        3.0
59020       -2.4
59021       -4.8
59022       -8.4
59023       -9.8
59024       -7.8
59025       -4.9
59026       -8.6
59027       -9.2
59028       -2.1
59029       -4.7
59030       -7.0
59031       -3.5
59032       -5.2
59033       -6.5
59034       -4.0
59035       -5.4
59036       -7.4
59037      -10.0
59038       -2.6
59039       -5.5
59040      -12.7
59041      -13.8
59042      -12.6
59043      -12.3
59044      -12.4
59045      -12.5
59046      -17.3
59047      -19.5
59048      -20.9
59049      -24.7
59050      -27.8
59051      -30.8
59052      -26.2
59053      -24.7
59054      -26.4
59055      -26.3
59056      -29.0
59057      -30.0
59058      -27.0
59059      -26.6
59060      -26.6
59061      -23.9
59062      -27.6
59063      -23.8
59064      -16.9
59065      -14.7
59066      -12.0
59067      -12.4
59068      -10.0
59069       -8.8
59070      -14.6
59071      -20.4
59072      -23.3
59073      -18.7
59074      -18.2
59075      -20.4
59076      -26.4
59077      -25.6
59078      -30.2
59079      -38.5
59080      -41.2
59081      -44.0
59082      -43.7
59083      -45.8
59084      -54.5
59085      -55.2
59086      -56.9
59087      -60.7
59088      -54.6
59089      -53.2
59090      -50.7
59091      -49.3
59092      -55.4
59093      -54.4
59094      -49.6
59095      -49.5
59096      -51.9
59097      -55.1
59098      -55.2
59099      -54.9
59100      -49.8
59101      -59.3
59102      -57.1
59103      -59.2
59104      -58.2
59105      -55.0
59106      -56.4
59107      -54.1
59108      -52.9
59109      -52.6
59110      -47.4
59111      -47.2
59112      -48.3
59113      -49.3
59114      -46.1
59115      -50.0
59116      -46.7
59117      -44.7
59118      -47.7
59119      -47.5
59120      -49.2
59121      -54.5
59122      -55.5
59123      -62.9
59124      -66.5
59125      -67.8
59126      -67.6
59127      -67.5
59128      -61.2
59129      -61.4
59130      -57.0
59131      -51.3
59132      -57.4
59133      -52.3
59134      -49.0
59135      -50.0
59136      -43.1
59137      -43.9
59138      -41.7
59139      -45.2
59140      -48.0
59141      -50.1
59142      -42.2
59143      -40.5
59144      -38.2
59145      -43.5
59146      -42.3
59147      -38.1
59148      -36.5
59149      -37.6
59150      -38.2
59151      -36.0
59152      -42.7
59153      -39.2
59154      -35.3
59155      -38.2
59156      -33.0
59157      -28.3
59158      -22.9
59159      -22.4
59160      -19.6
59161      -23.2
59162      -28.7
59163      -26.3
59164      -22.1
59165      -21.3
59166      -26.6
59167      -24.7
59168      -30.5
59169      -27.8
59170      -24.9
59171      -20.0
59172      -22.5
59173      -20.6
59174      -23.1
59175      -25.9
59176      -19.9
59177      -20.6
59178      -27.9
59179      -29.9
59180      -32.1
59181      -30.4
59182      -27.9
59183      -26.1
59184      -24.2
59185      -12.3
59186       -7.1
59187       -0.5
59188        3.7
59189        7.7
59190        4.3
59191       -0.0
59192        2.7
59193       -4.8
59194       -1.9
59195       -2.3
59196       -0.2
59197        1.5
59198        3.4
59199        3.6
59200        8.1
59201        9.5
59202       13.6
59203       16.1
59204       11.1
59205       14.4
59206        9.6
59207       10.0
59208        8.0
59209       14.2
59210       14.2
59211        7.1
59212        8.4
59213        9.3
59214        6.9
59215       -1.1
59216       -1.4
59217       -0.9
59218       -6.6
59219      -10.4
59220      -13.1
59221      -15.7
59222      -16.0
59223      -14.1
59224      -14.3
59225      -13.7
59226       -7.7
59227       -7.2
59228       -6.1
59229       -4.5
59230       -4.1
59231       -2.8
59232       -2.7
59233        4.0
59234       10.2
59235       11.6
59236       14.4
59237       10.8
59238       10.0
59239        8.6
59240       11.3
59241       15.1
59242       13.3
59243       14.3
59244       21.2
59245       21.6
59246       20.8
59247       24.3
59248       26.9
59249       32.9
59250       32.3
59251       34.1
59252       36.1
59253       38.6
59254       44.6
59255       47.7
59256       49.9
59257       50.6
59258       61.8
59259       64.9
59260       70.7
59261       68.8
59262       75.3
59263       68.0
59264       65.8
59265       60.1
59266       62.7
59267       58.9
59268       67.2
59269       62.7
59270       60.2
59271       62.0
59272       68.2
59273       64.0
59274       67.9
59275       65.4
59276       64.9
59277       65.5
59278       72.9
59279       67.4
59280       65.1
59281       58.9
59282       61.3
59283       61.7
59284       65.1
59285       64.9
59286       61.3
59287       61.9
59288       58.0
59289       67.6
59290       73.5
59291       70.1
59292       69.6
59293       73.2
59294       70.6
59295       70.3
59296       66.4
59297       65.0
59298       68.9
59299       67.7
59300       66.5
59301       68.7
59302       71.3
59303       72.8
59304       66.3
59305       64.9
59306       66.8
59307       68.2
59308       66.8
59309       65.3
59310       58.8
59311       59.5
59312       61.7
59313       67.9
59314       58.2
59315       62.0
59316       62.0
59317       60.1
59318       63.0
59319       59.7
59320       61.0
59321       60.5
59322       60.7
59323       58.5
59324       53.6
59325       55.8
59326       59.0
59327       58.3
59328       55.5
59329       54.2
59330       58.6
59331       62.1
59332       65.1
59333       65.4
59334       61.7
59335       55.3
59336       52.6
59337          -
59338          -
59339       54.7
59340       61.5
59341       65.6
59342       66.1
59343       74.3
59344       77.7
59345       71.5
59346       72.1
59347       70.9
59348       73.2
59349       78.0
59350       76.0
59351       72.9
59352       76.1
59353       73.4
59354       66.8
59355       63.8
59356       58.5
59357       56.8
59358       55.0
59359       52.2
59360       41.8
59361       39.8
59362       37.9
59363       36.9
59364       33.3
59365       36.8
59366       35.7
59367       36.1
59368       30.6
59369       28.2
59370       27.3
59371       20.1
59372       17.1
59373       15.8
59374       21.7
59375       23.8
59376       30.0
59377       24.3
59378       21.7
59379       15.4
59380       15.8
59381       16.9
59382       15.0
59383       12.9
59384       13.6
59385       12.0
59386       13.7
59387       17.5
59388       12.3
59389        7.6
59390       10.3
59391       11.8
59392       10.9
59393       11.4
59394       10.1
59395        6.0
59396        5.0
59397        9.2
59398        6.9
59399        5.8
59400        2.9
59401        7.7
59402        5.4
59403       -0.4
59404       -6.1
59405       -1.9
59406        1.4
59407       -1.2
59408        2.0
59409        5.2
59410        5.7
59411       -0.0
59412        3.7
59413       -2.7
59414      -14.0
59415      -16.1
59416      -16.7
59417      -10.7
59418       -9.3
59419       -7.5
59420      -12.4
59421      -10.2
59422       -4.4
59423      -11.6
59424      -12.1
59425      -13.9
59426      -12.5
59427      -20.5
59428      -13.4
59429      -12.7
59430      -13.4
59431      -12.3
59432      -11.1
59433       -4.1
59434       -4.6
59435       -0.5
59436       -1.5
59437       -2.6
59438       -7.6
59439       -6.6
59440       -6.9
59441       -4.2
59442       -5.9
59443       -3.1
59444       -6.0
59445        1.7
59446        3.9
59447        6.7
59448        3.5
59449       10.2
59450       19.0
59451       20.2
59452       15.8
59453       13.8
59454       13.7
59455        9.7
59456       17.8
59457       18.8
59458       23.7
59459       24.6
59460       25.6
59461       27.6
59462       28.6
59463       30.5
59464       26.9
59465       20.4
59466       17.0
59467       19.0
59468       22.0
59469       20.5
59470       20.0
59471       23.9
59472       17.6
59473       13.9
59474       16.9
59475       16.5
59476       13.7
59477       13.5
59478       13.4
59479       10.2
59480       11.4
59481        6.1
59482        9.3
59483       10.0
59484       11.1
59485       12.4
59486       13.2
59487       11.8
59488        6.9
59489        2.4
59490        3.6
59491        0.9
59492        3.2
59493        7.1
59494        8.6
59495        5.4
59496        0.8
59497        1.0
59498       -1.9
59499        0.7
59500        6.4
59501        4.0
59502        4.1
59503       -2.9
59504      -10.0
59505      -12.1
59506      -13.5
59507      -10.7
59508       -9.7
59509      -11.2
59510      -12.6
59511       -9.1
59512       -6.1
59513       -5.3
59514       -0.7
59515       -4.8
59516      -10.6
59517      -10.2
59518      -10.0
59519       -8.8
59520       -6.8
59521       -1.7
59522        0.0
59523       -2.7
59524       -1.2
59525       -1.7
59526       -4.9
59527       -4.0
59528       -2.6
59529        2.0
59530        6.4
59531        7.4
59532        8.4
59533        5.2
59534        1.5
59535       -2.1
59536        0.7
59537       -2.4
59538       -0.1
59539       -0.3
59540       -0.0
59541        4.2
59542        1.2
59543       -6.7
59544       -3.7
59545       -1.7
59546        0.1
59547        2.5
59548       -3.0
59549       -3.2
59550       -5.9
59551       -7.5
59552       -6.1
59553       -2.4
59554       22.9
59555       24.8
59556       25.5
59557       23.1
59558       26.6
59559       23.3
59560       22.4
59561       25.4
59562       20.1
59563       19.0
59564       22.4
59565       27.3
59566       26.7
59567       27.4
59568       31.3
59569       31.2
59570       30.1
59571       30.6
59572       40.7
59573       40.5
59574       45.6
59575       46.5
59576       44.6
59577       43.9
59578       44.6
59579       47.5
59580       39.2
59581       36.7
59582       41.5
59583       47.1
59584       43.7
59585       39.1
59586       45.6
59587       53.2
59588       62.0
59589       66.8
59590       73.7
59591       74.3
59592       64.0
59593       62.1
59594       64.6
59595       61.4
59596       63.3
59597       72.3
59598       84.2
59599       83.1
59600       83.5
59601       77.0
59602       70.5
59603       77.8
59604       82.0
59605       82.7
59606       84.2
59607       86.1
59608       90.2
59609       94.1
59610       90.8
59611       86.9
59612       82.7
59613       76.3
59614       78.8
59615       84.1
59616       86.1
59617       86.1
59618       80.8
59619       81.3
59620       82.2
59621       82.5
59622       79.4
59623       80.1
59624       80.0
59625       86.0
59626       80.7
59627       81.8
59628       88.8
59629       86.6
59630       95.3
59631       94.4
59632      100.3
59633       97.8
59634       97.1
59635       98.1
59636       97.7
59637      105.2
59638      107.9
59639      111.0
59640      109.3
59641      108.4
59642      102.0
59643      101.8
59644      101.6
59645      103.0
59646      101.9
59647       96.3
59648       89.5
59649       95.6
59650       92.6
59651       90.5
59652       89.5
59653       90.7
59654       89.9
59655       91.1
59656       90.5
59657       90.9
59658      102.8
59659      101.8
59660      103.1
59661       99.2
59662       97.6
59663       99.8
59664      105.5
59665      101.9
59666      100.6
59667       98.6
59668       97.4
59669      100.1
59670       96.3
59671       95.5
59672       98.5
59673       91.1
59674       90.4
59675       92.9
59676       95.6
59677       98.6
59678       94.5
59679       95.7
59680       97.4
59681       97.5
59682       99.4
59683      102.2
59684       93.5
59685       87.6
59686       93.3
59687       90.8
59688       93.4
59689       93.2
59690       97.6
59691       91.2
59692      101.0
59693      105.8
59694      108.0
59695      116.5
59696          -
59697          -
59698      117.7
59699      123.9
59700      113.7
59701      116.8
59702      122.4
59703      122.2
59704      121.0
59705      114.6
59706      115.6
59707      118.9
59708      112.0
59709      113.9
59710      109.9
59711      113.8
59712      116.3
59713      117.6
59714      119.7
59715      115.1
59716      112.7
59717      114.4
59718      109.3
59719      116.8
59720      109.7
59721      109.5
59722      101.1
59723       92.8
59724       95.5
59725       89.7
59726       86.6
59727       84.8
59728       88.1
59729       81.1
59730       88.6
59731       96.4
59732       97.0
59733       96.5
59734      100.4
59735       99.6
59736      101.0
59737      102.2
59738      103.1
59739      101.0
59740      107.3
59741      110.9
59742      109.8
59743      112.8
59744      118.3
59745      120.8
59746      111.9
59747      124.2
59748      119.8
59749      119.1
59750      125.7
59751      127.0
59752      135.7
59753      141.5
59754      143.8
59755      139.2
59756      135.5
59757      128.2
59758      127.8
59759      124.3
59760      119.1
59761      113.5
59762      114.8
59763      118.4
59764      122.8
59765      121.6
59766      114.5
59767      111.6
59768      117.5
59769      115.2
59770      115.2
59771      116.6
59772      123.8
59773      118.3
59774      118.2
59775      133.0
59776      127.0
59777      125.6
59778      124.4
59779      114.4
59780      118.5
59781      121.5
59782      113.8
59783      114.3
59784      122.1
59785      122.5
59786      117.5
59787      118.5
59788      109.4
59789      117.4
59790      112.0
59791      120.5
59792      115.5
59793      116.4
59794      122.9
59795      122.3
59796      117.6
59797      112.9
59798      120.8
59799      120.4
59800      114.7
59801      116.6
59802      117.8
59803      121.3
59804      120.6
59805      111.1
59806      107.8
59807      110.2
59808      109.2
59809      106.6
59810      120.2
59811      127.1
59812      126.2
59813      130.6
59814      136.8
59815      130.8
59816      135.8
59817      136.6
59818      137.3
59819      139.2
59820      141.3
59821      138.2
59822      137.4
59823      139.0
59824      145.8
59825      142.0
59826      144.8
59827      134.0
59828      146.0
59829      151.8
59830      151.8
59831      149.1
59832      154.7
59833      151.6
59834      157.6
59835      156.3
59836      163.5
59837      171.2
59838      169.8
59839      168.8
59840      170.2
59841      168.9
59842      178.2
59843      175.0
59844      174.7
59845      172.7
59846      172.0
59847      169.6
59848      165.7
59849      164.4
59850      166.4
59851      166.9
59852      168.6
59853      171.7
59854      176.0
59855      182.9
59856      176.5
59857      185.9
59858      188.2
59859      189.1
59860      196.3
59861      190.2
59862      201.0
59863      195.1
59864      192.8
59865      203.4
59866      192.3
59867      207.3
59868      201.9
59869      207.4
59870      208.4
59871      209.3
59872          -
59873          -
59874      128.8
59875      100.1
59876       92.3
59877       52.9
59878       37.7
59879       14.1
59880       -9.7
59881      -16.5
59882       -9.5
59883      -14.6
59884      -12.2
59885       -7.8
59886       -0.9
59887       -9.3
59888       -4.2
59889        2.1
59890        9.1
59891       14.7
59892        4.1
59893       -5.3
59894      -10.2
59895      -14.5
59896      -16.7
59897       -9.1
59898      -13.0
59899       -8.6
59900      -16.7
59901       -3.0
59902      -11.7
59903       -1.7
59904       -8.0
59905       -4.2
59906        3.3
59907       17.0
59908       24.0
59909       31.4
59910       41.9
59911       60.5
59912       68.6
59913       69.4
59914       58.2
59915       68.2
59916       50.8
59917       26.0
59918       26.1
59919       31.9
59920       24.1
59921       23.2
59922       33.7
59923       35.0
59924       39.1
59925       31.4
59926       28.0
59927       32.2
59928       24.7
59929       41.9
59930       25.8
59931       28.2
59932       19.1
59933       22.4
59934       17.9
59935       12.2
59936        1.7
59937        2.0
59938       -7.2
59939       -5.9
59940       -1.2
59941        0.6
59942       -3.3
59943      -11.9
59944      -18.4
59945      -24.4
59946      -40.6
59947      -47.3
59948      -52.0
59949      -56.3
59950      -61.1
59951      -77.9
59952      -70.3
59953      -75.4
59954      -87.8
59955      -80.6
59956      -63.7
59957      -64.1
59958      -59.0
59959      -62.3
59960      -62.0
59961      -64.7
59962      -72.8
59963      -72.9
59964      -75.1
59965      -62.6
59966      -67.5
59967      -76.5
59968      -86.5
59969      -89.6
59970      -88.1
59971      -59.4
59972      -54.4
59973      -60.1
59974      -65.4
59975      -73.7
59976      -55.5
59977      -67.8
59978      -54.7
59979      -39.7
59980      -33.9
59981      -34.4
59982      -29.9
59983      -20.1
59984        2.7
59985       -1.3
59986       -1.5
59987      -15.4
59988      -18.4
59989      -17.6
59990      -26.1
59991      -25.0
59992       -9.2
59993        6.0
59994       13.0
59995        3.5
59996       19.2
59997       27.4
59998       32.9
59999       24.9
60000       25.3
60001       30.3
60002       29.0
60003       16.3
60004       13.8
60005        9.8
60006       -1.2
60007       -0.6
60008        8.3
60009       11.7
60010       16.5
60011        2.9
60012        2.2
60013        0.2
60014       -6.9
60015       -6.4
60016       -6.0
60017       -9.0
60018      -18.7
60019      -18.3
60020      -14.5
60021       -9.0
60022      -29.6
60023      -37.7
60024      -48.4
60025      -41.3
60026      -46.7
60027      -55.1
60028      -40.5
60029      -26.8
60030      -50.4
60031      -32.9
60032      -38.2
60033      -42.5
60034      -68.0
60035      -73.0
60036      -67.5
60037      -63.3
60038      -69.6
60039      -81.8
60040      -72.6
60041      -81.6
60042      -80.4
60043      -82.8
60044      -90.7
60045      -98.6
60046     -101.9
60047     -100.7
60048     -111.0
60049     -108.3
60050      -95.8
60051      -93.8
60052      -72.9
60053      -73.5
60054      -59.6
60055          -
60056          -
60057      -39.4
60058      -37.5
60059      -20.0
60060      -16.7
60061      -14.0
60062      -13.7
60063       -2.3
60064        2.1
60065        5.0
60066      -11.1
60067       -9.6
60068      -13.7
60069      -22.2
60070      -14.6
60071       -2.7
60072        3.4
60073        8.6
60074       19.8
60075       20.8
60076       38.3
60077       51.6
60078       52.9
60079       65.9
60080       67.1
60081       77.0
60082       83.1
60083       79.3
60084       65.5
60085       75.6
60086       85.4
60087       99.7
60088       93.2
60089      107.7
60090       98.7
60091       99.8
60092      109.0
60093      124.5
60094      119.0
60095      121.7
60096      139.3
60097      143.1
60098      153.8
60099      169.2
60100      185.0
60101      195.9
60102      194.2
60103      202.5
60104      201.5
60105      203.0
60106      213.8
60107      220.4
60108      217.7
60109      210.9
60110      209.1
60111      209.0
60112      193.3
60113      190.9
60114      197.7
60115      200.3
60116      207.6
60117      189.2
60118      199.8
60119      210.3
60120      215.9
60121      225.6
60122      228.1
60123      217.5
60124      200.2
60125      199.9
60126      196.1
60127      178.3
60128      181.2
60129      173.1
60130      167.8
60131      176.7
60132      170.8
60133      163.4
60134      149.5
60135      132.9
60136      117.2
60137      125.3
60138      126.7
60139      123.5
60140      119.3
60141      126.4
60142      128.8
60143      131.8
60144      122.8
60145      118.1
60146      125.4
60147      123.5
60148      110.0
60149      127.5
60150      127.0
60151      126.5
60152      124.2
60153      102.0
60154       77.6
60155       86.0
60156       79.3
60157       75.7
60158       67.7
60159       67.5
60160       72.7
60161       74.8
60162       56.4
60163       56.4
60164       45.4
60165       45.1
60166       36.2
60167       22.0
60168       13.4
60169       22.0
60170       32.2
60171       17.4
60172       26.4
60173       20.9
60174        1.4
60175        9.2
60176       17.2
60177        9.9
60178       17.9
60179       11.4
60180       26.9
60181       26.4
60182       24.0
60183        8.5
60184       13.6
60185       15.5
60186      -10.4
60187      -30.1
60188      -36.4
60189      -39.3
60190      -36.5
60191      -31.9
60192      -51.5
60193      -49.1
60194      -38.4
60195      -60.5
60196      -52.1
60197      -60.4
60198      -56.6
60199      -47.7
60200      -63.7
60201      -54.5
60202      -56.4
60203      -62.1
60204      -62.8
60205      -74.3
60206      -78.3
60207      -88.5
60208     -103.5
60209      -99.8
60210      -99.4
60211      -96.5
60212      -99.7
60213     -102.1
60214     -107.7
60215     -105.8
60216     -102.1
60217     -104.4
60218      -97.1
60219     -101.7
60220      -93.3
60221      -82.7
60222      -86.1
60223      -86.1
60224      -83.4
60225      -77.5
60226      -86.8
60227      -85.2
60228      -90.4
60229      -83.7
60230      -91.5
60231      -88.0
60232      -80.5
60233      -85.7
60234      -84.3
60235      -84.0
60236      -76.7
60237      -79.5
60238      -76.9
60239      -74.0
60240      -84.4
60241      -79.8
60242      -74.5
60243      -75.3
60244      -70.4
60245      -72.1
60246      -71.3
60247      -68.2
60248      -69.5
60249      -63.9
60250      -62.8
60251      -63.8
60252      -53.7
60253      -54.4
60254      -58.8
60255      -49.9
60256      -43.9
60257      -36.4
60258      -37.8
60259      -31.9
60260      -23.2
60261      -24.6
60262      -22.7
60263      -22.2
60264      -18.7
60265      -15.3
60266       -7.8
60267       -2.3
60268       -3.2
60269       -5.5
60270       -5.3
60271       -1.7
60272        7.4
60273        4.8
60274       12.8
60275       10.7
60276       10.3
60277       11.8
60278       11.5
60279       10.5
60280       11.5
60281       14.6
60282       14.6
60283       11.9
60284       14.3
60285       15.2
60286       19.6
60287       19.3
60288       12.5
60289       13.0
60290       14.3
60291       14.4
60292       18.5
60293       17.4
60294       22.6
60295       19.7
60296       16.9
60297       18.2
60298       32.7
60299       24.5
60300       18.8
60301        8.6
60302       10.7
60303        9.4
60304        9.9
60305        9.7
60306       10.4
60307        8.1
60308        9.7
60309        9.0
60310        9.0
60311       10.0
60312        9.8
60313        7.0
60314       14.2
60315       20.8
60316       26.4
60317       28.0
60318       30.3
60319       31.4
60320       34.6
60321       29.5
60322       27.0
60323       24.7
60324       29.9
60325       29.3
60326       27.9
60327       32.5
60328       39.5
60329       43.2
60330       42.1
60331       45.9
60332       48.1
60333       53.4
60334       46.9
60335       46.3
60336       48.8
60337       54.7
60338       52.1
60339       51.4
60340       52.8
60341       54.7
60342       52.2
60343       41.3
60344       41.0
60345       36.3
60346       37.4
60347       40.0
60348       46.5
60349       43.3
60350       46.9
60351       44.7
60352       41.1
60353       43.2
60354       45.7
60355       45.6
60356       46.3
60357       50.1
60358       47.9
60359       49.8
60360       55.9
60361       60.9
60362       64.7
60363       71.1
60364       71.4
60365       69.3
60366       73.1
60367       69.0
60368       65.3
60369       66.4
60370       61.7
60371       60.4
60372       58.6
60373       57.7
60374       62.2
60375       68.7
60376       74.1
60377       76.5
60378       78.9
60379       87.1
60380       87.5
60381       83.0
60382       85.7
60383       89.6
60384       84.0
60385       89.3
60386       82.5
60387       79.5
60388       86.0
60389       85.0
60390       82.3
60391       77.2
60392       73.9
60393       76.8
60394       77.8
60395       82.4
60396       80.0
60397       76.3
60398       75.1
60399       71.4
60400       66.9
60401       63.9
60402       67.7
60403       70.8
60404       70.3
60405       74.6
60406       74.8
60407       73.9
60408       72.1
60409       71.5
60410       70.3
60411       68.9
60412       67.5
60413       71.7
60414       72.7
60415       70.1
60416       68.6
60417       73.6
60418       68.6
60419       69.9
60420       72.7
60421       77.8
60422       82.2
60423       79.1
60424       81.5
60425       78.4
60426       76.2
60427       74.9
60428       79.3
60429       80.5
60430       75.2
60431       70.5
60432       75.3
60433       80.9
60434       81.6
60435       83.4
60436       85.3
60437       92.6
60438       94.5
60439       97.2
60440      101.4
60441      106.4
60442      104.3
60443       98.4
60444      103.8
60445      103.1
60446      105.0
60447      112.0
60448      115.7
60449      114.6
60450      116.2
60451      115.6
60452      115.7
60453      117.5
60454      125.1
60455      127.7
60456      131.4
60457      136.5
60458      134.1
60459      143.5
60460      142.4
60461      142.2
60462      136.2
60463      123.2
60464      114.9
60465      107.6
60466      102.5
60467      100.6
60468       99.3
60469       90.4
60470       87.8
60471       86.4
60472       84.5
60473       84.4
60474       81.4
60475       83.3
60476       80.5
60477       80.5
60478       79.2
60479       83.5
60480       84.0
60481       82.9
60482       86.4
60483       88.1
60484       84.1
60485       80.4
60486       74.1
60487       70.0
60488       63.9
60489       65.1
60490       61.1
60491       65.0
60492       56.6
60493       50.6
60494       42.3
60495       45.5
60496       48.9
60497       48.4
60498       48.2
60499       51.8
60500       53.7
60501       55.6
60502       52.7
60503       55.1
60504       53.9
60505       51.9
60506       54.6
60507       54.7
60508       47.5
60509       43.5
60510       41.0
60511       39.2
60512       43.0
60513       40.6
60514       35.8
60515       38.2
60516       35.5
60517       39.6
60518       35.5
60519       38.7
60520       41.7
60521       35.6
60522       36.2
60523       31.3
60524       28.1
60525       26.2
60526       35.4
60527       38.7
60528       37.6
60529       37.8
60530       37.1
60531       37.7
60532       42.7
60533       40.7
60534       43.5
60535       42.9
60536       39.6
60537       42.9
60538       36.6
60539       36.0
60540       36.2
60541       35.6
60542       34.8
60543       28.9
60544       29.0
60545       25.6
60546       23.6
60547       24.2
60548       24.2
60549       16.3
60550       19.8
60551       18.9
60552       17.5
60553       15.5
60554       12.0
60555       18.2
60556       13.3
60557       20.2
60558       22.0
60559       25.6
60560       28.2
60561       34.3
60562       34.6
60563       33.8
60564       34.3
60565       35.5
60566       40.0
60567       40.5
60568       47.3
60569       43.5
60570       41.6
60571       43.9
60572       42.2
60573       43.8
60574       50.5
60575       50.9
60576       58.5
60577       61.3
60578       63.9
60579       64.4
60580       68.7
60581       70.5
60582       70.3
60583       71.1
60584       70.8
60585       76.6
60586       73.4
60587       66.6
60588       58.6
60589       54.6
60590       51.7
60591       49.8
60592       54.9
60593       56.6
60594       54.0
60595       55.2
60596       48.8
60597       44.9
60598       44.8
60599       40.3
60600       39.9
60601       43.4
60602       43.2
60603       40.4
60604       41.0
60605       41.7
60606       46.5
60607       47.0
60608       49.1
60609       47.2
60610       47.5
60611       45.9
60612       45.4
60613       42.8
60614       39.3
60615       37.3
60616       37.9
60617       33.2
60618       30.1
60619       25.5
60620       26.5
60621       18.0
60622       15.1
60623       15.3
60624       21.1
60625       15.2
60626       16.9
60627       19.9
60628       13.3
60629       11.6
60630       11.8
60631       12.1
60632       12.9
60633       15.2
60634       16.5
60635       14.6
60636       16.3
60637       17.4
60638       20.6
60639       28.2
60640       29.6
60641       29.9
60642       26.4
60643       22.2
60644       21.0
60645       21.5
60646       22.6
60647       18.9
60648       20.4
60649       15.3
60650       17.2
60651       11.8
60652       14.2
60653       12.8
60654       15.8
60655       11.7
60656        6.9
60657        3.3
60658       -1.8
60659       -0.2
60660        3.8
60661        2.9
60662        6.7
60663        7.4
60664        6.7
60665        4.2
60666       -6.0
60667       -4.6
60668       -6.1
60669      -10.4
60670      -13.7
60671      -10.1
60672      -17.3
60673      -13.5
60674      -13.4
60675      -11.8
60676      -16.3
60677      -16.7
60678      -20.8
60679      -18.2
60680      -12.5
60681      -18.0
60682      -20.6
60683      -19.5
60684      -24.1
60685      -25.4
60686      -26.3
60687      -28.2
60688      -29.0
60689      -35.5
60690      -35.6
60691      -35.0
60692      -35.2
60693      -40.7
60694      -40.6
60695      -33.5
60696      -38.6
60697      -36.6
60698      -36.0
60699      -39.3
60700      -39.8
60701      -36.0
60702      -32.5
60703      -30.2
60704      -26.0
60705      -28.0
60706      -27.1
60707      -38.0
60708      -36.9
60709      -39.4
60710      -40.5
60711      -44.1
60712      -43.6
60713      -41.1
60714      -41.9
60715      -42.2
60716      -41.0
60717      -40.6
60718      -40.6
60719      -34.9
60720      -36.3
60721      -35.6
60722      -34.6
60723      -35.4
60724      -37.8
60725      -36.2
60726      -36.3
60727      -37.2
60728      -34.8
60729      -34.3
60730      -39.2
60731      -41.4
60732      -39.4
60733      -35.4
60734      -28.8
60735      -22.4
60736      -25.3
60737      -25.8
60738      -22.2
60739      -18.3
60740      -21.1
60741      -28.7
60742      -34.4
60743      -38.4
60744      -41.2
60745      -35.3
60746      -38.7
60747      -37.2
60748      -33.1
60749      -34.3
60750      -34.6
60751      -30.5
60752      -33.3
60753      -32.4
60754      -27.1
60755      -27.7
60756      -25.6
60757      -25.3
60758      -23.7
60759      -25.2
60760      -31.3
60761      -30.0
60762      -31.8
60763      -33.0
60764      -32.9
60765      -33.3
60766      -33.6
60767      -37.5
60768      -39.4
60769      -38.4
60770      -35.2
60771      -29.7
60772      -28.4
60773      -32.4
60774      -31.9
60775      -31.7
60776      -33.1
60777      -35.8
60778      -37.0
60779      -37.6
60780      -36.4
60781      -33.7
60782      -33.5
60783      -35.6
60784      -33.7
60785      -28.2
60786      -27.2
60787      -27.9
60788      -32.3
60789      -37.7
60790      -36.5
60791      -38.3
60792      -30.7
60793      -28.1
60794      -31.6
60795      -34.9
60796      -36.9
60797      -38.8
60798      -34.9
60799      -36.7
60800      -39.6
60801      -43.1
60802      -46.3
60803      -47.7
60804      -55.4
60805      -53.4
60806      -53.5
60807      -59.6
60808      -58.3
60809      -59.4
60810      -58.9
60811      -58.8
60812      -62.5
60813      -57.6
60814      -52.3
60815      -53.8
60816      -48.7
60817      -54.4
60818      -57.0
60819      -52.3
60820      -44.3
60821      -34.4
60822      -30.8
60823      -28.5
60824      -29.2
60825      -31.0
60826      -26.7
60827      -28.3
60828      -27.9
60829      -28.8
60830      -28.7
60831      -27.0
60832      -21.7
60833      -16.1
60834      -15.3
60835      -10.1
60836      -15.1
60837      -16.4
60838      -15.7
60839      -19.8
60840      -21.5
60841      -22.7
60842      -26.4
60843      -20.8
60844      -22.5
60845      -23.6
60846      -18.2
60847      -14.8
60848      -13.9
60849      -17.2
60850      -19.3
60851      -16.1
60852      -20.4
60853      -21.1
60854      -16.6
60855      -11.1
60856      -12.6
60857      -10.0
60858       -8.5
60859      -11.2
60860      -13.6
60861      -10.0
60862      -11.5
60863      -12.9
60864      -15.1
60865      -17.1
60866       -6.5
60867       -7.7
60868      -10.5
60869       -8.1
60870       -7.1
60871       -7.5
60872       -1.2
60873        2.9
60874        2.8
60875        5.9
60876        8.5
60877        7.4
60878        5.4
60879        3.3
60880       -5.8
60881      -11.0
60882      -17.1
60883      -12.8
60884       -7.6
60885       -8.6
60886       -4.6
60887       -7.6
60888       -9.1
60889      -13.1
60890      -15.3
60891      -13.9
60892      -11.5
60893       -6.5
60894       -5.5
60895       -5.7
60896       -6.8
60897        1.0
60898       -2.5
60899       -1.0
60900        7.6
60901        8.3
60902        8.1
60903        5.7
60904        6.9
60905        0.8
60906        7.6
60907          -
60908      -19.3
60909      -25.9
60910      -35.6
60911      -50.9
60912      -57.4
60913      -69.5
60914      -85.0
60915      -93.0
60916     -103.0
60917     -111.6
60918     -125.7
60919     -137.6
60920     -151.6
60921     -154.2
60922     -155.7
60923     -166.1
60924     -164.0
60925     -177.3
60926     -188.8
60927     -197.5
60928     -199.2
60929     -209.3
60930     -218.4
60931     -223.4
60932     -238.0
60933     -242.7
60934     -249.5
60935     -259.3
60936     -256.8
60937     -263.9
60938     -258.5
60939     -259.1
60940     -258.7
60941     -265.9
60942     -257.5
60943     -248.4
60944     -233.4
60945     -222.1
60946     -216.6
60947     -211.0
60948     -204.9
60949     -196.7
60950     -186.6
60951     -179.5
60952     -170.1
60953     -165.3
60954     -159.6
60955     -152.0
60956     -145.8
60957     -143.6
60958     -138.2
60959     -133.5
60960     -128.3
60961     -120.8
60962     -113.2
60963     -104.8
60964      -92.6
60965      -82.6
60966      -73.2
60967      -63.0
60968      -55.4
60969      -41.2
60970      -35.5
60971      -20.6
60972      -14.5
60973       -8.2
60974        2.2
60975       16.2
60976       20.7
60977       24.6
60978       33.9
60979       31.9
60980       35.7
60981       27.6
60982       27.7
60983       31.0
60984       31.7
60985       31.7
60986       26.7
60987       20.9
60988       23.9
60989       27.2
60990       31.3
60991       29.8
60992       30.7
60993       30.5
60994       39.1
60995       40.6
60996       47.2
60997       44.2
60998       43.9
60999       42.5
61000       43.8
61001       37.3
61002       33.1
61003       32.6
61004       31.1
61005       29.5
61006       33.7
61007       31.1
61008       27.7
61009       23.3
61010       15.6
61011       17.8
61012       17.5
61013       21.2
61014       17.4
61015       20.9
61016       17.9
61017       18.3
61018       15.1
61019       14.6
61020       13.9
61021       13.5
61022       13.1
61023       19.3
61024       20.8
61025       19.8
61026       25.3
61027       28.5
61028       36.0
61029       35.7
61030       42.6
61031       45.1
61032       45.1
61033       45.2
61034       40.2
61035       43.3
61036       41.5
61037       42.6
61038       39.9
61039       39.9
61040       33.0
61041       31.0
61042       31.6
61043       30.4
61044       32.9
61045       33.2
61046       33.4
61047       40.3
61048       43.4
61049       48.1
61050       51.1
61051       52.2
61052       57.5
61053       64.5
61054       66.8
61055       69.5
61056       70.6
61057       73.1
61058       73.9
61059       74.1
61060       75.1
61061       71.8
61062       67.9
61063       67.1
61064       65.3
61065       62.3
61066       62.3
61067       59.8
61068       61.8
61069       64.8
61070       68.2
61071       68.1
61072       61.8
61073       68.4
61074       67.2
61075       63.8
61076       58.6
61077       53.2
61078       50.0
61079       46.0
61080       43.5
61081       44.5
61082       47.2
61083       42.5
61084       47.8
61085       47.5
61086       42.8
61087       42.2
61088       50.8
61089       49.9
61090       51.2
61091       47.5
61092       52.1
61093       53.8
61094       53.8
61095       60.9
61096       59.9
61097       59.3
61098       58.3
61099       57.8
61100       57.2
61101       57.4
61102       55.8
61103       54.0
61104       57.8
61105       58.7
61106       56.0
61107       61.2
61108       68.4
61109       70.4
61110       68.3
61111       67.5
61112       63.5
61113       59.3
61114       55.5
61115       51.6
61116       47.5
61117       50.5
61118       48.6
61119       49.9
61120       46.9
61121       44.1
61122       37.2
61123       32.7
61124       33.4
61125       37.2
61126       37.3
61127       36.9
61128       38.2
61129       39.2
61130       41.5
61131       45.4
61132       43.0
61133       42.1
61134       44.8
61135       44.7
61136       44.2
61137       44.4
61138       45.8
61139       46.3
61140       45.4
61141       47.0
61142       41.9
61143       41.4
61144       45.0
61145       40.1
61146       40.0
61147       36.4
61148       29.4
61149       27.4
61150       31.8
61151       28.3
61152       27.0
61153       24.3
61154       22.2
61155       19.3
61156       17.9
61157       10.9
61158        6.1
61159       10.7
61160       10.5
61161       12.9
61162        8.9
61163        9.9
61164        4.4
61165       -0.5
61166        3.0
61167        2.9
61168        6.5
61169       12.0
61170        9.9
61171       10.4
61172        9.8
61173       16.8
61174       16.0
61175       17.1
61176       18.3
61177       20.5
61178       20.0
61179       13.3
61180       14.1
61181       14.7
61182       17.2
61183       12.0
61184        4.9
61185        8.7
61186        2.7
61187        1.9
61188       -2.4
61189      -15.8
61190      -17.4
61191      -18.7
61192      -21.2
61193      -24.3
61194      -20.0
61195      -15.6
61196      -12.1
61197       -8.0
61198      -11.3
61199      -13.5
61200      -17.6
61201      -21.4
61202      -21.8
61203      -17.0
61204      -11.5
61205      -16.4
61206      -13.7
61207      -17.1
61208      -16.3
61209      -21.1
61210      -13.8
61211      -16.1
61212      -16.4
61213      -15.0
61214      -19.0
61215      -21.2
61216      -19.2
61217      -14.9
61218      -22.0
61219      -21.1

# UTC remains available from the monthly Circular T at
# (http://www.bipm.org/en/bipm-services/timescales/time-ftp/Circular-T.html).
