# MJD  [UTCr-UTC(TP)]/ns
57832      -32.9
57833      -33.2
57834      -34.9
57835      -32.4
57836      -32.9
57837      -34.2
57838      -33.7
57839      -36.0
57840      -38.2
57841      -36.3
57842      -35.4
57843      -35.7
57844      -36.3
57845      -36.6
57846       -6.8
57847       -6.2
57848       -3.3
57849       -1.9
57850       -0.4
57851       -2.2
57852        0.5
57853        2.3
57854        1.1
57855        4.2
57856        1.9
57857       -0.8
57858        1.3
57859        2.7
57860        4.1
57861        3.5
57862        6.8
57863        9.3
57864        7.7
57865        6.4
57866        3.2
57867        1.6
57868        2.5
57869        1.5
57870        1.1
57871        3.9
57872        6.1
57873        7.7
57874        4.6
57875        3.3
57876        7.1
57877        6.3
57878        6.1
57879        7.4
57880        7.3
57881       -2.8
57882       -0.8
57883       -0.2
57884       -1.7
57885       -5.2
57886       -4.8
57887       -4.4
57888       -1.7
57889       -2.5
57890       -0.6
57891       -3.0
57892       -3.8
57893       -2.8
57894       -0.5
57895       -0.2
57896       -1.3
57897       -0.5
57898        1.1
57899        2.1
57900       -0.7
57901       -1.5
57902        0.8
57903        1.3
57904        1.5
57905        1.2
57906        2.2
57907        1.8
57908        0.7
57909        2.5
57910        3.6
57911        2.2
57912        2.9
57913        1.2
57914        1.5
57915        1.0
57916        2.2
57917        1.9
57918        5.4
57919        6.6
57920        5.8
57921        5.9
57922        9.1
57923        4.5
57924        4.5
57925        6.3
57926        8.1
57927        4.9
57928        3.8
57929        3.1
57930        7.6
57931        6.8
57932        6.7
57933        4.5
57934        3.3
57935        2.4
57936        3.5
57937       -2.2
57938       -2.9
57939       -1.8
57940       -1.5
57941       -2.7
57942       -2.8
57943       -5.7
57944       -6.0
57945       -3.4
57946       -6.5
57947       -9.2
57948      -11.7
57949      -14.9
57950      -16.6
57951      -19.0
57952      -18.9
57953      -20.0
57954      -20.9
57955      -22.4
57956      -23.4
57957      -24.6
57958      -24.4
57959      -24.8
57960      -28.7
57961      -29.5
57962      -30.9
57963      -28.8
57964      -31.0
57965      -32.3
57966      -30.9
57967      -27.7
57968      -26.1
57969      -27.4
57970      -28.1
57971      -28.1
57972      -26.6
57973      -26.0
57974      -24.4
57975      -23.8
57976      -29.4
57977      -27.0
57978      -24.6
57979      -26.0
57980      -26.3
57981      -28.8
57982      -28.4
57983      -28.2
57984      -26.1
57985      -27.4
57986      -27.2
57987      -29.9
57988      -30.5
57989      -29.2
57990      -30.6
57991      -30.0
57992      -29.4
57993      -29.9
57994      -28.5
57995      -29.1
57996      -27.5
57997      -23.1
57998      -21.5
57999      -18.8
58000      -20.3
58001      -21.7
58002      -21.0
58003      -21.3
58004      -21.4
58005      -22.0
58006      -21.4
58007      -25.1
58008      -28.1
58009      -27.3
58010      -28.1
58011      -29.6
58012      -31.6
58013      -25.2
58014      -23.3
58015      -19.6
58016      -20.0
58017      -19.0
58018      -17.6
58019      -16.6
58020      -14.7
58021       -9.1
58022       -6.0
58023       -5.7
58024       -5.3
58025       -6.8
58026       -4.3
58027       -0.8
58028       -5.0
58029       -3.3
58030       -4.1
58031        0.0
58032        0.4
58033        0.3
58034        1.3
58035       -1.6
58036       -1.3
58037        1.7
58038        1.5
58039        0.4
58040        3.5
58041        6.9
58042        9.9
58043       12.1
58044       12.4
58045       13.2
58046       14.3
58047       13.9
58048       13.9
58049       12.3
58050       12.7
58051       10.7
58052        9.4
58053       13.0
58054       17.4
58055       20.4
58056       20.5
58057       23.4
58058       24.3
58059       24.9
58060       22.6
58061       22.0
58062       22.8
58063       23.2
58064       24.7
58065       26.4
58066       26.7
58067       25.7
58068       24.3
58069       23.4
58070       21.9
58071       20.4
58072       19.1
58073       18.4
58074       17.0
58075       16.4
58076       18.2
58077       17.2
58078       18.4
58079       16.6
58080       16.9
58081       16.2
58082       16.3
58083       18.5
58084       17.1
58085       18.6
58086       18.9
58087       20.5
58088       21.1
58089       16.7
58090       18.8
58091       24.3
58092       26.7
58093       26.5
58094       24.0
58095       19.6
58096       18.2
58097       17.2
58098       15.6
58099       16.4
58100       16.0
58101       17.0
58102       18.1
58103       18.8
58104       18.7
58105       15.7
58106       14.2
58107       10.1
58108       10.5
58109       12.5
58110       13.2
58111       12.3
58112       13.0
58113       12.0
58114        9.2
58115        8.2
58116        8.4
58117        5.1
58118        4.2
58119        6.6
58120        6.1
58121        0.9
58122       -3.0
58123       -2.8
58124       -3.0
58125       -0.4
58126        1.3
58127        3.5
58128        1.4
58129        0.5
58130        1.3
58131       -0.3
58132        0.5
58133       -4.0
58134       -3.3
58135       -2.6
58136       -3.9
58137       -2.3
58138       -3.1
58139       -4.4
58140       -4.7
58141       -5.9
58142       -6.0
58143       -5.6
58144       -6.6
58145       -7.6
58146       -5.7
58147       -5.6
58148       -6.9
58149       -9.7
58150      -12.1
58151      -11.9
58152      -11.9
58153      -10.5
58154       -9.7
58155       -8.8
58156       -8.3
58157      -10.1
58158      -11.8
58159      -14.2
58160      -17.4
58161      -19.1
58162      -17.9
58163      -19.4
58164      -22.5
58165      -22.0
58166      -23.7
58167      -25.1
58168      -26.3
58169      -28.7
58170      -30.9
58171      -31.7
58172      -27.6
58173      -25.7
58174      -27.5
58175      -26.0
58176      -21.2
58177      -19.1
58178      -15.4
58179      -18.6
58180      -16.2
58181      -15.9
58182      -15.7
58183      -14.9
58184      -12.6
58185      -12.7
58186      -12.2
58187      -10.2
58188       -6.7
58189      -47.5
58190      -17.6
58191      -17.2
58192      -17.2
58193      -11.9
58194      -12.2
58195      -11.9
58196       -9.8
58197       -6.1
58198       -5.4
58199       -4.6
58200       -2.2
58201       -1.2
58202        1.5
58203        0.2
58204       -3.8
58205        1.7
58206       -0.9
58207       -1.4
58208       -5.6
58209       -9.4
58210      -12.3
58211      -12.5
58212      -13.0
58213      -13.1
58214      -11.1
58215      -10.3
58216      -12.7
58217      -16.4
58218      -13.2
58219      -13.1
58220      -10.4
58221       -8.9
58222       -8.3
58223       -8.2
58224      -13.4
58225      -12.7
58226      -13.0
58227      -16.8
58228      -19.5
58229      -24.2
58230      -28.3
58231      -26.8
58232      -26.9
58233      -28.4
58234      -27.9
58235      -28.6
58236      -30.8
58237      -32.2
58238      -33.0
58239      -29.4
58240      -28.5
58241      -31.7
58242      -31.9
58243      -32.3
58244      -30.8
58245      -23.6
58246      -23.9
58247      -24.4
58248      -26.0
58249      -30.9
58250      -31.3
58251      -34.3
58252      -35.8
58253      -35.0
58254      -36.5
58255      -36.0
58256      -38.7
58257      -41.0
58258      -39.9
58259      -39.0
58260      -39.7
58261      -42.2
58262      -41.8
58263      -40.9
58264      -37.6
58265      -37.4
58266      -36.7
58267      -34.3
58268      -35.9
58269      -36.1
58270      -35.8
58271      -37.1
58272      -36.1
58273      -31.5
58274      -29.0
58275      -27.2
58276      -24.5
58277      -25.9
58278      -24.5
58279      -23.6
58280      -20.0
58281      -21.8
58282      -20.8
58283      -15.6
58284      -13.3
58285      -10.8
58286       -9.4
58287       -4.4
58288        2.0
58289        4.4
58290        5.7
58291        8.4
58292       12.3
58293       14.7
58294       18.5
58295       20.8
58296       22.3
58297       23.0
58298       24.0
58299       25.6
58300       23.6
58301       24.8
58302       22.6
58303       23.0
58304       23.7
58305       23.2
58306       22.1
58307       19.9
58308       19.8
58309       20.4
58310       16.9
58311       18.5
58312       17.4
58313       14.7
58314       12.1
58315        9.4
58316        7.9
58317        6.5
58318        6.3
58319        0.9
58320       -2.3
58321       -7.5
58322       -7.3
58323       -6.6
58324       -6.6
58325       -5.0
58326       -9.6
58327       -8.2
58328       -3.9
58329       -4.0
58330       -4.4
58331       -4.1
58332       -2.8
58333       -4.6
58334       -6.0
58335       -7.4
58336      -12.8
58337      -16.6
58338      -16.6
58339      -16.5
58340      -13.4
58341      -16.3
58342      -15.2
58343      -15.0
58344      -16.0
58345      -17.3
58346      -17.4
58347      -19.1
58348      -22.5
58349      -27.6
58350      -29.8
58351      -31.2
58352      -33.0
58353      -37.8
58354      -42.6
58355      -39.4
58356      -39.4
58357      -41.1
58358      -42.3
58359      -47.0
58360      -48.1
58361      -50.1
58362      -52.1
58363      -49.4
58364      -51.4
58365      -51.8
58366      -51.9
58367      -54.4
58368      -49.3
58369      -48.9
58370      -47.5
58371      -49.4
58372      -49.2
58373      -45.8
58374      -46.6
58375      -43.6
58376      -41.6
58377      -41.3
58378      -43.8
58379      -39.5
58380      -37.1
58381      -34.9
58382      -32.8
58383      -28.7
58384      -30.0
58385      -31.1
58386      -32.4
58387      -35.3
58388      -34.0
58389      -34.2
58390      -29.0
58391      -29.8
58392      -26.3
58393      -22.3
58394      -22.4
58395      -21.9
58396      -19.3
58397      -18.9
58398      -18.9
58399      -18.9
58400      -19.6
58401      -19.4
58402      -18.7
58403      -15.5
58404      -13.6
58405       -9.8
58406      -10.0
58407      -13.0
58408       -8.7
58409       -7.5
58410       -6.6
58411       -7.8
58412       -6.2
58413       -0.9
58414       -1.2
58415       -1.4
58416       -1.5
58417       -0.4
58418       -3.1
58419       -4.8
58420       -1.5
58421       -0.8
58422       -1.8
58423       -3.1
58424       -0.4
58425       -2.2
58426        0.6
58427       -0.3
58428       -1.8
58429       -2.3
58430        0.6
58431        0.0
58432       -1.8
58433       -4.4
58434       -5.7
58435       -5.0
58436       -5.2
58437       -3.9
58438       -7.0
58439       -9.5
58440       -8.5
58441       -8.1
58442       -5.5
58443       -4.7
58444       -5.0
58445       -6.7
58446       -6.8
58447       -6.9
58448       -6.0
58449       -4.6
58450       -0.4
58451       -0.1
58452        1.8
58453        2.0
58454        4.4
58455        6.6
58456       12.0
58457       14.4
58458       14.3
58459       15.5
58460       17.4
58461       18.4
58462       19.5
58463       22.2
58464       23.9
58465       23.4
58466       24.1
58467       19.4
58468       18.2
58469       21.6
58470       24.2
58471       22.9
58472       22.3
58473       22.2
58474       20.9
58475       21.9
58476       19.7
58477       18.9
58478       21.2
58479       20.8
58480       20.6
58481       21.5
58482       27.3
58483       29.3
58484       29.5
58485       29.1
58486       25.1
58487       25.1
58488       28.1
58489       25.1
58490       29.1
58491       28.8
58492       24.9
58493       23.6
58494       25.1
58495       28.0
58496       29.2
58497       30.7
58498       26.9
58499       29.3
58500       31.1
58501       35.4
58502       35.7
58503       35.1
58504       32.4
58505       29.2
58506       29.1
58507       29.0
58508       29.2
58509       27.1
58510       26.7
58511       23.1
58512       25.0
58513       22.8
58514       18.8
58515       14.7
58516       14.1
58517       12.1
58518        6.3
58519        4.4
58520        1.4
58521        2.1
58522        1.0
58523        2.4
58524       -3.2
58525       -4.3
58526       -2.2
58527       -0.8
58528       -0.4
58529       -0.7
58530       -4.3
58531       -2.0
58532       -2.3
58533       -1.7
58534       -1.6
58535       -0.5
58536        0.2
58537       -0.7
58538        0.9
58539        2.8
58540        3.8
58541        1.0
58542        1.8
58543        2.6
58544        3.6
58545        3.7
58546        3.0
58547        4.5
58548       -0.3
58549        0.9
58550        1.4
58551        3.2
58552        5.9
58553        6.9
58554        5.1
58555        2.8
58556       -0.7
58557       -0.7
58558        0.2
58559        1.3
58560        2.3
58561       -0.8
58562       -3.8
58563       -5.4
58564       -5.4
58565       -6.0
58566       -6.1
58567       -1.9
58568       -3.8
58569       -8.8
58570      -10.2
58571      -13.8
58572      -11.9
58573      -10.6
58574      -10.9
58575      -15.0
58576      -13.8
58577      -11.4
58578      -12.0
58579      -13.1
58580      -13.6
58581      -13.1
58582      -12.7
58583      -15.8
58584      -14.5
58585      -16.4
58586      -16.9
58587      -19.7
58588      -21.2
58589      -22.7
58590      -25.5
58591      -22.1
58592      -22.3
58593      -19.5
58594      -18.5
58595      -18.4
58596      -20.2
58597      -21.6
58598      -23.3
58599      -20.0
58600      -19.4
58601      -20.0
58602      -21.5
58603      -24.4
58604      -25.2
58605      -25.0
58606      -26.7
58607      -27.4
58608      -25.3
58609      -26.2
58610      -24.9
58611      -25.7
58612      -24.7
58613      -25.0
58614      -25.1
58615      -22.0
58616      -20.7
58617      -19.8
58618      -20.4
58619      -19.7
58620      -19.4
58621      -18.2
58622      -20.7
58623      -20.1
58624      -21.0
58625      -20.0
58626      -21.5
58627      -22.9
58628      -19.8
58629      -17.0
58630      -15.3
58631      -16.2
58632      -16.6
58633      -15.0
58634      -13.7
58635      -13.3
58636       -9.4
58637       -9.3
58638       -7.9
58639       -6.1
58640       -5.3
58641       -3.0
58642        1.0
58643        0.8
58644        1.5
58645        2.5
58646        5.0
58647        3.1
58648        7.1
58649        4.2
58650        4.7
58651        6.2
58652        6.4
58653        9.2
58654        7.0
58655        5.6
58656        3.9
58657        5.2
58658        4.9
58659        6.5
58660        8.5
58661        3.9
58662        3.1
58663        5.4
58664        6.0
58665        5.5
58666        2.7
58667        1.3
58668        3.5
58669        1.6
58670       -0.1
58671        2.6
58672       -5.6
58673       -2.5
58674       -2.2
58675       -1.1
58676       -0.3
58677        0.3
58678       -1.2
58679       -0.5
58680       -2.5
58681       -1.1
58682       -1.9
58683        0.4
58684        1.0
58685        2.9
58686        5.4
58687        5.8
58688        7.4
58689        4.9
58690        3.3
58691        5.6
58692        7.2
58693        9.8
58694        8.2
58695        7.1
58696        8.7
58697        7.7
58698       11.0
58699       11.6
58700       10.1
58701       13.2
58702       13.3
58703       14.4
58704       14.8
58705       11.9
58706       11.2
58707        9.0
58708        6.6
58709        7.9
58710        7.6
58711        4.8
58712        6.7
58713        6.1
58714        4.6
58715        1.5
58716       -1.8
58717        2.2
58718        2.1
58719        7.1
58720        8.0
58721        8.0
58722        9.3
58723       11.2
58724        7.5
58725        6.6
58726        3.8
58727        5.3
58728        7.0
58729        8.0
58730        8.0
58731        9.2
58732        8.9
58733        6.3
58734        5.7
58735        4.2
58736        5.7
58737        8.0
58738        3.6
58739        3.8
58740        2.5
58741        2.7
58742        3.3
58743        2.8
58744        4.7
58745        5.5
58746        7.4
58747       10.3
58748       10.9
58749       14.8
58750       13.8
58751       14.8
58752       13.8
58753       12.9
58754       13.6
58755       15.1
58756       14.2
58757       16.7
58758       21.4
58759       16.6
58760       17.0
58761       17.6
58762       19.0
58763       21.7
58764       20.6
58765       24.4
58766       25.5
58767       24.6
58768       23.9
58769       23.7
58770       25.8
58771       27.1
58772       29.2
58773       26.7
58774       27.5
58775       28.7
58776       29.5
58777       34.6
58778       33.6
58779       35.3
58780       32.8
58781       36.0
58782       32.8
58783       32.1
58784       29.3
58785       27.1
58786       25.9
58787       23.4
58788       26.9
58789       31.7
58790       33.7
58791       31.0
58792       28.3
58793       22.9
58794       18.2
58795       15.3
58796       11.0
58797       11.5
58798        8.4
58799        7.8
58800       11.3
58801       12.3
58802       12.5
58803        3.7
58804       -4.3
58805        9.8
58806        7.6
58807        9.5
58808        9.8
58809        6.9
58810       10.3
58811       12.8
58812       16.2
58813       15.3
58814       16.5
58815       15.9
58816       23.1
58817       26.3
58818       25.0
58819       21.2
58820       20.0
58821       32.2
58822       34.1
58823       34.4
58824       36.6
58825       50.5
58826       65.0
58827       70.3
58828       66.6
58829       64.0
58830       62.1
58831       59.1
58832       52.8
58833       49.0
58834       41.4
58835       34.7
58836       30.9
58837       27.8
58838       23.1
58839       17.5
58840       10.5
58841       10.7
58842       10.7
58843       15.0
58844       13.9
58845       15.5
58846       15.3
58847       17.6
58848       22.0
58849       23.7
58850       24.9
58851       28.3
58852       31.8
58853       39.5
58854       42.2
58855       42.1
58856       43.2
58857       42.8
58858       44.2
58859       42.8
58860       44.2
58861       41.8
58862       41.9
58863       41.7
58864       42.5
58865       40.9
58866       37.3
58867       35.5
58868       33.5
58869       31.3
58870       30.7
58871       29.1
58872       29.6
58873       26.9
58874       22.0
58875       21.5
58876       21.1
58877       19.5
58878       18.1
58879       16.0
58880       13.7
58881       11.0
58882       12.6
58883       12.6
58884       11.4
58885       10.6
58886       13.2
58887       13.8
58888       12.1
58889       10.6
58890        8.6
58891        7.4
58892       10.0
58893       10.3
58894       10.2
58895       10.7
58903        9.3
58904       11.2
58905       10.3
58906       10.1
58907        7.5
58908        6.0
58909        6.0
58910        5.3
58911        4.0
58912        1.3
58913       -0.0
58914        1.6
58915        1.8
58916        2.9
58917        1.9
58918        1.0
58919       -1.9
58920       -0.2
58921       -1.7
58922       -0.1
58923        1.6
58924        3.2
58925        2.1
58926        1.2
58927        4.9
58928        6.9
58929        8.9
58930       13.2
58931       13.3
58932       14.8
58933       16.9
58934       16.3
58935       15.5
58936       17.9
58937       21.1
58938       20.0
58939       22.2
58940       23.1
58941       22.2
58942       19.8
58943       16.5
58944       14.7
58945       14.5
58946       11.6
58947        9.9
58948        7.8
58949        6.8
58950       10.0
58951        7.5
58952        3.7
58953        4.3
58954       -2.2
58955       -4.0
58956       -6.2
58957       -6.6
58958       -7.9
58959       -7.3
58960       -6.9
58961       -4.5
58962       -3.5
58963       -3.5
58964       -3.5
58965        0.2
58966        0.8
58967       -0.8
58968       -1.3
58969        2.1
58970        2.5
58971        3.6
58972        1.2
58973       -0.2
58974        0.5
58975        0.3
58976       -2.2
58977       -2.6
58978       -4.2
58979       -9.1
58980       -8.6
58981       -8.8
58982       -7.0
58983       -6.2
58984       -7.3
58985       -7.1
58986       -8.5
58987       -7.0
58988       -7.3
58989       -5.4
58990       -8.1
58991      -10.6
58992      -10.7
58993       -9.0
58994       -8.8
58995       -8.7
58996       -6.8
58997       -6.2
58998       -6.3
58999       -6.4
59000       -9.7
59001      -10.3
59002      -11.0
59003      -10.1
59004       -7.4
59005       -8.3
59006      -10.1
59007      -10.2
59008       -6.0
59009       -3.2
59010       -2.2
59011       -1.0
59012       -0.7
59013       -0.7
59014        0.8
59015        0.4
59016       -0.4
59017        1.0
59018        1.5
59019       -0.4
59020        0.1
59021        0.8
59022        0.1
59023       -1.6
59024        1.0
59025        0.6
59026       -0.7
59027       -0.3
59028        1.0
59029        0.2
59030       -0.8
59031        0.2
59032        2.6
59033        2.3
59034        2.9
59035        5.7
59036        5.1
59037        4.1
59038        7.2
59039        6.6
59040        9.6
59041       12.3
59042       16.6
59043       13.4
59044       15.2
59045       15.6
59046       14.1
59047       12.6
59048       15.5
59049       15.5
59050       18.2
59051       19.9
59052       20.8
59053       21.9
59054       21.6
59055       21.9
59056       24.4
59057       26.2
59058       29.3
59059       33.8
59060       36.2
59061       33.9
59062       32.9
59063       33.6
59064       34.1
59065       33.7
59066       31.5
59067       33.0
59068       34.6
59069       33.7
59070       31.8
59071       31.8
59072       31.6
59073       33.4
59074       38.6
59075       39.7
59076       40.8
59077       42.3
59078       38.7
59079       37.9
59080       39.3
59081       38.6
59082       38.8
59083       37.9
59084       40.0
59085       39.4
59086       38.4
59087       37.2
59088       35.9
59089       34.1
59090       31.0
59091       31.2
59092       34.6
59093       33.7
59094       35.4
59095       35.3
59096       35.0
59097       33.0
59098       34.0
59099       29.6
59100       27.9
59101       29.0
59102       24.5
59103       23.1
59104       18.4
59105       18.0
59106       16.4
59107       12.3
59108        8.6
59109        4.0
59110        3.7
59111        3.5
59112        5.5
59113        3.9
59114        2.8
59115        0.9
59116        1.6
59117       -4.5
59118       -2.8
59119       -3.8
59120       -5.1
59121       -6.5
59122       -6.1
59123       -6.6
59124       -5.4
59125       -8.4
59126      -12.3
59127      -12.4
59128      -14.1
59129      -14.0
59130      -15.3
59131      -18.0
59132      -20.0
59133      -19.3
59134      -17.9
59135      -19.0
59136      -17.8
59137      -13.5
59138      -14.8
59139      -15.0
59140      -14.4
59141      -13.1
59142      -11.8
59143      -11.0
59144      -11.9
59145      -12.6
59146      -12.6
59147      -13.3
59148      -13.3
59149      -14.9
59150      -14.7
59151      -15.5
59152      -17.0
59153      -17.7
59154      -16.2
59155      -17.1
59156      -15.0
59157      -14.7
59158      -12.4
59159      -11.0
59160      -11.2
59161       -8.6
59162       -9.7
59163       -8.7
59164       -6.4
59165       -5.3
59166       -3.1
59167       -1.8
59168       -1.5
59169       -0.6
59170        1.9
59171        6.7
59172        4.9
59173        6.6
59174       11.3
59175       13.1
59176       13.7
59177       17.9
59178       19.5
59179       17.2
59180       14.6
59181       17.8
59182       18.5
59183       19.8
59184       19.9
59185       24.8
59186       28.9
59187       28.4
59188       31.1
59189       29.2
59190       25.8
59191       25.7
59192       27.3
59193       28.3
59194       28.6
59195       26.8
59196       28.7
59197       29.4
59198       29.4
59199       27.6
59200       28.0
59201       33.4
59202       33.4
59203       33.3
59204       33.6
59205       37.0
59206       38.5
59207       39.3
59208       39.1
59209       39.6
59210       41.2
59211       39.6
59212       39.8
59213       35.7
59214       35.7
59215       36.0
59216       38.3
59217       36.4
59218       37.0
59219       34.9
59220       33.7
59221       34.0
59222       32.6
59223       29.0
59224       25.1
59225       22.4
59226       21.9
59227       19.0
59228       16.0
59229       18.2
59230       15.2
59231       13.8
59232       15.2
59233       11.8
59234        9.9
59235        7.3
59236        2.6
59237        3.8
59238        6.6
59239        3.3
59240        1.5
59241        0.5
59242        3.1
59243        9.0
59244        9.7
59245        9.8
59246        8.6
59247        6.5
59248        7.6
59249        9.0
59250        9.5
59251        8.7
59252       10.6
59253        9.0
59254       10.4
59255       12.1
59256       10.4
59257        9.6
59258       11.3
59259       12.5
59260       15.0
59261       12.8
59262       11.3
59263       11.5
59264        9.9
59265       10.6
59266        9.3
59267       11.6
59268       14.1
59269       13.5
59270       13.9
59271       16.7
59272       18.0
59273       18.6
59274       19.0
59275       22.4
59276       22.9
59277       21.8
59278       21.5
59279       21.7
59280       23.3
59281       24.3
59282       26.3
59283       23.2
59284       20.7
59285       24.7
59286       24.1
59287       23.2
59288       27.9
59289       31.2
59290       31.5
59291       31.2
59292       31.3
59293       31.0
59294       30.7
59295       31.3
59296       24.9
59297       24.5
59298       21.7
59299       18.6
59300       16.4
59301       14.2
59302       14.2
59303       10.9
59304       10.5
59305       13.5
59306       10.5
59307        7.9
59308        8.5
59309        9.0
59310        8.0
59311        9.1
59312        8.7
59313        8.1
59314        5.7
59315        4.9
59316       -1.5
59317       -6.3
59318       -9.4
59319      -10.4
59320      -12.1
59321      -11.4
59322      -14.2
59323      -18.8
59324      -18.2
59325      -20.0
59326      -21.6
59327      -19.5
59328      -19.7
59329      -19.8
59330      -21.5
59331      -22.1
59332      -26.0
59333      -24.4
59334      -22.2
59335      -22.5
59336      -22.3
59337      -20.5
59338      -19.1
59339      -20.0
59340      -20.9
59341      -21.9
59342      -22.8
59343      -22.6
59344      -23.9
59345      -25.2
59346      -22.1
59347      -20.6
59348      -18.7
59349      -13.0
59350      -15.6
59351      -14.5
59352      -15.6
59353      -15.8
59354      -14.3
59355      -13.0
59356      -11.9
59357       -9.0
59358      -10.3
59359      -11.7
59360      -12.4
59361      -12.2
59362       -9.3
59363       -9.7
59364       -7.5
59365       -7.4
59366       -3.3
59367       -5.8
59368       -6.4
59369       -4.5
59370       -3.6
59371       -1.3
59372        1.5
59373       -0.7
59374       -1.0
59375       -1.4
59376       -1.9
59377       -1.2
59378        0.2
59379        3.4
59380        2.0
59381        4.9
59382        7.3
59383        9.3
59384       10.7
59385       10.4
59386        8.5
59387       13.6
59388       13.7
59389       15.7
59390       17.0
59391       18.0
59392       20.7
59393       22.8
59394       21.7
59395       22.0
59396       23.0
59397       20.9
59398       18.1
59399       20.1
59400       18.1
59401       18.4
59402       15.8
59403       15.2
59404       12.5
59405       13.2
59406       14.8
59407       15.9
59408       15.5
59409       15.1
59410       13.8
59411       12.8
59412        9.2
59413        9.1
59414        9.5
59415        8.0
59416        9.7
59417        7.3
59418        7.0
59419        9.8
59420       11.5
59421       16.5
59422       16.5
59423       15.3
59424       14.7
59425       13.6
59426       11.3
59427       11.7
59428       12.9
59429       14.4
59430       13.5
59431       14.6
59432       11.9
59433        8.4
59434       11.0
59435       10.0
59436        8.9
59437        6.4
59438        2.8
59439        1.6
59440        2.3
59441        6.0
59442        5.3
59443        6.0
59444        5.3
59445        4.4
59446        4.2
59447        3.7
59448        3.1
59449        1.2
59450        2.5
59451        4.0
59452        2.8
59453        3.9
59454        7.4
59455        5.8
59456        7.8
59457        9.7
59458       12.0
59459       11.1
59460       11.5
59461       10.7
59462       12.7
59463       11.8
59464       14.7
59465       14.0
59466       16.2
59467       14.2
59468        8.8
59469        8.1
59470       10.5
59471       10.6
59472        8.0
59473        5.2
59474        7.5
59475        7.6
59476        4.4
59477        3.4
59478        5.7
59479        4.7
59480        5.4
59481        7.4
59482        6.6
59483        8.2
59484       10.3
59485       12.2
59486       13.1
59487       11.1
59488       12.1
59489       10.6
59490       10.3
59491       12.4
59492        8.1
59493        8.7
59494        9.4
59495        9.7
59496       12.7
59497       11.0
59498       13.7
59499       11.2
59500       12.9
59501       13.5
59502       15.9
59503       16.3
59504       14.2
59505       15.5
59506       14.3
59507       15.7
59508       16.0
59509       17.3
59510       14.4
59511       14.0
59512       13.5
59513       11.8
59514       12.7
59515       10.7
59516       11.4
59517       10.2
59518        8.8
59519        7.5
59520        6.3
59521        7.5
59522        7.6
59523        7.3
59524        4.1
59525        5.4
59526        5.6
59527        3.4
59528        5.5
59529        4.6
59530        6.4
59531        5.4
59532        8.5
59533       13.2
59534       17.1
59535       19.7
59536       17.8
59537       17.7
59538       21.2
59539       23.8
59540       25.2
59541       26.1
59542       25.3
59543       26.7
59544       26.2
59545       27.1
59546       24.8
59547       25.6
59548       27.9
59549       28.3
59550       26.6
59551       22.1
59552       21.4
59553       23.9
59554       27.8
59555       26.4
59556       28.8
59557       27.5
59558       28.4
59559       27.6
59560       30.4
59561       30.8
59562       32.2
59563       30.3
59564       29.2
59565       32.5
59566       35.0
59567       37.4
59568       42.7
59569       43.5
59570       50.4
59571       52.5
59572       49.8
59573       49.0
59574       51.0
59575       51.3
59576       51.9
59577       48.1
59578       46.8
59579       45.1
59580       44.8
59581       47.4
59582       48.6
59583       47.2
59584       42.7
59585       38.9
59586       35.3
59587       35.5
59588       33.1
59589       32.8
59590       30.6
59591       29.0
59592       26.5
59593       20.9
59594       21.3
59595       21.1
59596       22.1
59597       25.8
59598       22.1
59599       20.2
59600       17.8
59601       14.5
59602       11.7
59603       12.7
59604        9.1
59605        5.5
59606        2.6
59607        2.4
59608        3.4
59609        5.3
59610        8.7
59611        6.9
59612        8.8
59613        9.6
59614       11.8
59615       12.8
59616       12.8
59617       13.8
59618       11.6
59619       10.0
59620       11.1
59621        8.1
59622        9.3
59623        7.9
59624        9.0
59625        7.8
59626        9.4
59627       12.0
59628       12.2
59629       12.1
59630       12.7
59631       16.2
59632       15.7
59633       13.6
59634       14.3
59635       18.5
59636       19.9
59637       20.8
59638       18.4
59639       17.4
59640       17.9
59641       16.3
59642       14.6
59643       11.7
59644       13.4
59645       17.4
59646       17.2
59647       16.7
59648       17.4
59649       18.3
59650       17.8
59651       17.3
59652       18.0
59653       17.1
59654       14.5
59655       12.3
59656       13.0
59657       18.0
59658       17.0
59659       14.6
59660       18.8
59661       17.6
59662       17.9
59663       19.1
59664       18.9
59665       19.4
59666       22.4
59667       20.9
59668       21.0
59669       21.5
59670       23.1
59671       24.3
59672       24.9
59673       21.1
59674       23.4
59675       23.6
59676       24.9
59677       24.8
59678       17.9
59679       18.9
59680       16.1
59681       16.8
59682       15.4
59683       17.5
59684       18.9
59685       21.2
59686       22.3
59687       26.6
59688       28.8
59689       32.0
59690       28.7
59691       27.2
59692       26.4
59693       23.1
59694       24.4
59695       27.7
59696       28.6
59697       28.7
59698       30.2
59699       31.2
59700       29.1
59701       29.0
59702       29.2
59703       32.0
59704       32.6
59705       31.3
59706       32.2
59707       32.0
59708       28.1
59709       25.3
59710       29.0
59711       31.2
59712       31.8
59713       30.5
59714       33.8
59715       34.4
59716       37.4
59717       39.2
59718       37.2
59719       37.2
59720       38.3
59721       37.6
59722       35.7
59723       38.3
59724       40.0
59725       41.1
59726       45.3
59727       44.8
59728       45.2
59729       43.0
59730       43.1
59731       42.7
59732       40.9
59733       41.8
59734       44.0
59735       43.7
59736       42.2
59737       41.7
59738       36.4
59739       37.8
59740       37.8
59741       38.1
59742       36.1
59743       38.4
59744       39.3
59745       35.4
59746       34.2
59747       32.1
59748       30.2
59749       28.5
59750       28.2
59751       25.9
59752       20.3
59753       13.6
59754       13.3
59755       10.0
59756       10.9
59757       12.8
59758       12.5
59759       12.3
59760        8.6
59761        7.4
59762        3.0
59763        2.2
59764       -0.9
59765       -1.4
59766       -3.0
59767       -2.5
59768       -1.3
59769        2.1
59770        4.6
59771        6.7
59772        5.6
59773        2.0
59774        1.0
59775        3.0
59776        4.0
59777        2.8
59778        5.6
59779        4.6
59780        4.5
59781        3.0
59782        2.6
59783        2.2
59784       -0.8
59785       -1.1
59786       -2.6
59787       -2.3
59788        1.9
59789        4.3
59790        5.7
59791        9.3
59792       12.2
59793       11.7
59794       10.8
59795        8.3
59796        7.4
59797        9.4
59798       10.6
59799       12.1
59800       14.3
59801       13.3
59802        9.6
59803        5.7
59804        4.4
59805        5.5
59806        7.9
59807       10.2
59808        6.7
59809        6.1
59810        6.1
59811        6.3
59812        4.7
59813        5.4
59814        1.1
59815        2.3
59816        5.1
59817        8.8
59818        8.8
59819        8.9
59820        7.8
59821        7.1
59822        5.8
59823        6.5
59824        8.6
59825        8.9
59826        8.2
59827       11.0
59828       13.6
59829       15.7
59830       15.5
59831       14.3
59832       12.9
59833       13.1
59834       18.8
59835       19.9
59836       17.5
59837       16.3
59838       18.6
59839       20.4
59840       20.9
59841       19.9
59842       21.6
59843       19.7
59844       18.7
59845       23.4
59846       27.1
59847       24.5
59848       25.0
59849       25.4
59850       22.5
59851       22.9
59852       19.8
59853       16.1
59854       16.5
59855       15.4
59856       15.4
59857       17.0
59858       19.6
59859       21.5
59860       20.5
59861       19.3
59862       17.5
59863       15.8
59864       17.3
59865       16.7
59866       18.6
59867       18.6
59868       22.7
59869       23.3
59870       24.2
59871       22.8
59872       23.6
59873       21.1
59874       22.9
59875       20.8
59876       24.4
59877       21.1
59878       27.4
59879       25.0
59880       25.6
59881       25.0
59882       21.0
59883       21.6
59884       21.4
59885       21.9
59886       24.2
59887       23.7
59888       25.0
59889       24.4
59890       22.6
59891       21.8
59892       22.7
59893       27.5
59894       28.8
59895       29.2
59896       27.8
59897       28.5
59898       29.8
59899       30.8
59900       30.9
59901       27.8
59902       30.6
59903       28.0
59904       28.3
59905       28.8
59906       33.1
59907       30.2
59908       30.2
59909       30.6
59910       27.8
59911       28.8
59912       26.8
59913       23.6
59914       22.7
59915       23.3
59916       21.5
59917       23.2
59918       23.2
59919       20.4
59920       23.7
59921       20.7
59922       16.1
59923       18.4
59924       15.8
59925       18.5
59926       22.3
59927       23.3
59928       26.0
59929       25.7
59930       26.4
59931       25.0
59932       27.5
59933       28.8
59934       26.6
59935       26.8
59936       26.1
59937       29.5
59938       31.0
59939       27.1
59940       28.0
59941       28.1
59942       29.0
59943       29.9
59944       31.0
59945       30.6
59946       28.4
59947       27.0
59948       26.3
59949       26.7
59950       29.5
59951       31.2
59952       35.3
59953       38.3
59954       38.5
59955       40.2
59956       42.9
59957       45.4
59958       47.9
59959       50.3
59960       47.1
59961       47.6
59962       48.5
59963       49.5
59964       50.4
59965       51.4
59966       54.6
59967       58.5
59968       59.0
59969       54.2
59970       53.0
59971       49.9
59972       47.7
59973       46.6
59974       48.9
59975       50.2
59976       48.7
59977       45.2
59978       46.4
59979       45.0
59980       41.7
59981       41.0
59982       37.1
59983       39.7
59984       40.7
59985       39.3
59986       39.8
59987       36.0
59988       34.8
59989       35.9
59990       35.8
59991       34.7
59992       34.8
59993       34.4
59994       34.6
59995       33.9
59996       32.4
59997       30.7
59998       27.7
59999       26.1
60000       24.7
60001       21.4
60002       22.3
60003       21.3
60004       18.2
60005       19.4
60006       16.9
60007       13.1
60008       13.5
60009       10.2
60010        9.0
60011        8.1
60012        7.0
60013        7.5
60014       10.3
60015        6.1
60016        2.3
60017        7.8
60018        9.4
60019        9.5
60020        7.2
60021        8.9
60022        9.3
60023        7.4
60024        6.7
60025        8.1
60026        6.0
60027        4.2
60028        3.5
60029       -1.2
60030       -1.6
60031       -2.6
60032       -2.4
60033       -3.3
60034        2.6
60035        3.6
60036        4.0
60037        4.1
60038        3.9
60039        3.2
60040        2.4
60041        0.1
60042       -0.4
60043       -4.0
60044       -0.8
60045       -0.7
60046       -1.5
60047        4.2
60048        5.5
60049        5.1
60050        5.3
60051        1.0
60052        3.1
60053        0.4
60054        0.5
60055        4.5
60056        2.3
60057        1.4
60058       -0.5
60059       -2.7
60060       -4.6
60061       -7.5
60062       -8.3
60063       -8.1
60064       -5.9
60065       -3.6
60066       -0.4
60067       -0.6
60068        0.1
60069       -1.9
60070       -2.8
60071       -6.8
60072       -9.1
60073      -10.9
60074      -14.8
60075      -11.5
60076      -11.2
60077      -11.6
60078       -3.9
60079       -3.3
60080      -10.0
60081      -12.9
60082      -13.0
60083      -10.3
60084      -10.3
60085      -11.1
60086      -10.4
60087       -9.0
60088       -4.7
60089       -5.3
60090       -9.1
60091       -7.5
60092      -12.1
60093      -12.9
60094      -14.6
60095      -16.7
60096      -13.3
60097       -7.0
60098       -3.1
60099       -5.3
60100       -6.0
60101       -3.6
60102       -2.4
60103       -4.4
60104       -5.0
60105       -2.1
60106       -2.4
60107       -7.0
60108       -7.8
60109       -6.7
60110       -5.9
60111       -4.0
60112       -3.0
60113       -2.1
60114        2.9
60115        3.3
60116        3.2
60117        0.3
60118        3.8
60119        4.4
60120        6.7
60121        5.8
60122        8.3
60123        5.3
60124        4.0
60125        8.9
60126       14.6
60127       13.7
60128       12.8
60129       10.5
60130        8.2
60131        8.6
60132       11.7
60133       10.6
60134       11.7
60135       15.3
60136       11.9
60137       14.6
60138       13.9
60139       13.4
60140       14.7
60141       13.9
60142       15.4
60143       15.5
60144       15.9
60145       16.3
60146       21.5
60147       24.5
60148       28.0
60149       29.0
60150       35.2
60151       33.0
60152       28.6
60153       27.9
60154       24.8
60155       20.0
60156       22.3
60157       18.9
60158       19.8
60159       17.6
60160       17.3
60161       19.5
60162       16.7
60163       13.9
60164        7.3
60165        3.4
60166        3.6
60167        1.0
60168       -2.2
60169       -5.3
60170       -2.9
60171        1.2
60172        2.6
60173        0.8
60174        1.2
60175        0.1
60176       -7.3
60177       -6.9
60178       -4.2
60179       -2.3
60180       -2.2
60181       -2.2
60182       -4.5
60183       -6.2
60184       -7.9
60185       -3.5
60186       -4.5
60187       -1.8
60188       -3.8
60189       -6.7
60190      -12.3
60191      -10.7
60192       -9.8
60193       -7.0
60194      -10.2
60195       -8.1
60196       -9.6
60197       -8.2
60198       -9.6
60199       -9.6
60200      -11.1
60201      -10.4
60202      -10.7
60203      -10.1
60204      -11.9
60205      -18.1
60206      -16.5
60207      -18.9
60208      -18.4
60209      -18.7
60210      -22.4
60211      -24.2
60212      -25.2
60213      -28.4
60214      -28.3
60215      -23.7
60216      -21.0
60217      -14.6
60218      -12.4
60219       -9.9
60220       -7.7
60221       -6.0
60222      -10.8
60223       -9.1
60224      -10.5
60225       -4.3
60226       -0.0
60227        1.8
60228        0.3
60229        5.2
60230        6.2
60231       10.1
60232       13.2
60233       10.7
60234       10.8
60235       15.1
60236       18.1
60237       16.6
60238       15.6
60239       17.3
60240       17.0
60241       16.2
60242       17.5
60243       17.9
60244       21.1
60245       19.5
60246       20.6
60247       20.6
60248       24.8
60249       23.4
60250       21.8
60251       17.8
60252       15.9
60253       10.0
60254       13.3
60255        8.5
60256        4.4
60257        8.8
60258        6.7
60259       11.5
60260        8.4
60261        5.5
60262        3.7
60263        1.5
60264        2.0
60265       -0.8
60266       -1.6
60267       -2.6
60268       -1.6
60269       -0.7
60270        2.3
60271        1.0
60272        4.9
60273        4.0
60274        0.1
60275       -9.1
60276       -8.7
60277      -11.8
60278      -15.9
60279      -12.9
60280      -16.1
60281      -18.5
60282      -19.2
60283      -22.3
60284      -22.3
60285      -28.3
60286      -29.7
60287      -31.1
60288      -29.8
60289      -31.5
60290      -32.1
60291      -28.9
60292      -28.8
60293      -27.6
60294      -27.1
60295      -28.6
60296      -31.3
60297      -26.6
60298      -27.0
60299      -25.1
60300      -24.0
60301      -23.9
60302      -26.1
60303      -23.7
60304      -24.5
60305      -21.7
60306      -21.9
60307      -24.0
60308      -21.4
60309      -19.5
60310      -16.0
60311      -14.4
60312       -9.7
60313       -6.2
60314       -4.6
60315       -4.6
60316       -6.4
60317       -5.8
60318       -9.6
60319       -6.1
60320       -2.5
60321       -1.1
60322       -1.3
60323        1.7
60324        1.3
60325        3.1
60326        2.9
60327        7.4
60328        9.1
60329        7.3
60330        4.4
60331        4.6
60332        3.7
60333        4.4
60334        2.1
60335        3.4
60336        1.7
60337        3.9
60338        3.6
60339        2.8
60340        7.1
60341       10.4
60342        4.8
60343        8.1
60344       14.4
60345       15.8
60346       16.8
60347       17.1
60348       18.5
60349       16.1
60350       13.3
60351       13.5
60352       13.9
60353        9.5
60354        9.5
60355        8.8
60356       10.1
60357       12.9
60358       14.1
60359       15.2
60360       13.7
60361       15.0
60362       19.4
60363       20.2
60364       23.4
60365       27.3
60366       30.6
60367       33.1
60368       29.9
60369       29.9
60370       27.4
60371       27.8
60372       27.0
60373       23.1
60374       21.7
60375       21.8
60376       22.1
60377       20.2
60378       17.4
60379       15.6
60380       13.6
60381       14.4
60382       15.8
60383       17.7
60384       17.9
60385       16.5
60386       14.5
60387       15.3
60388       15.7
60389       19.1
60390       21.4
60391       21.4
60392       24.3
60393       23.8
60394       25.4
60395       26.7
60396       28.1
60397       28.5
60398       24.9
60399       25.1
60400       20.6
60401       19.7
60402       18.1
60403       13.5
60404       11.7
60405       10.1
60406        9.8
60407       11.9
60408       14.0
60409        7.9
60410        9.0
60411        5.5
60412        3.2
60413        6.3
60414        4.0
60415        4.1
60416        5.1
60417       11.0
60418       14.5
60419       15.6
60420       17.6
60421       19.7
60422       18.3
60423       13.9
60424       13.4
60425       15.6
60426       13.8
60427       12.5
60428       10.5
60429        9.2
60430       13.4
60431       11.3
60432       10.0
60433        8.6
60434        8.4
60435       12.8
60436       15.2
60437       10.8
60438        6.5
60439        0.1
60440       -2.3
60441       -2.0
60442       -4.1
60443       -4.3
60444       -7.4
60445      -12.3
60446      -16.7
60447      -21.2
60448      -15.3
60449      -12.0
60450      -12.4
60451      -12.6
60452      -15.2
60453      -15.9
60454      -17.3
60455      -16.0
60456      -14.4
60457       -9.2
60458       -4.6
60459       -0.3
60460        0.7
60461        0.9
60462        1.8
60463        1.8
60464        0.8
60465        1.3
60466        6.2
60467        5.6
60468        8.4
60469        5.0
60470        4.2
60471        5.9
60472        7.1
60473        7.8
60474        2.3
60475        4.9
60476        6.3
60477        7.8
60478        8.2
60479       10.3
60480        7.7
60481        8.7
60482       12.3
60483       12.9
60484       12.1
60485       14.5
60486       12.4
60487        7.5
60488        3.7
60489        2.0
60490       -1.3
60491       -5.5
60492       -1.5
60493       -0.8
60494       -1.9
60495        0.3
60496        2.6
60497       -0.4
60498        0.9
60499       -0.8
60500        3.9
60501        7.1
60502        8.2
60503        7.6
60504       11.0
60505        9.2
60506       10.5
60507       11.5
60508        8.0
60509        9.7
60510       11.3
60511        7.5
60512        5.6
60513        6.8
60514        4.6
60515        1.8
60516       -1.9
60517       -1.4
60518       -1.2
60519       -3.4
60520       -5.1
60521       -6.3
60522       -7.2
60523      -10.7
60524       -9.4
60525       -6.6
60526       -7.8
60527      -13.3
60528      -14.8
60529      -17.6
60530      -17.4
60531      -16.6
60532      -16.0
60533      -20.3
60534      -22.2
60535      -25.5
60536      -23.5
60537      -19.1
60538      -13.9
60539      -14.2
60540      -14.2
60541      -11.6
60542       -5.5
60543       -5.8
60544       -5.8
60545       -2.2
60546       -2.4
60547        0.1
60548       -2.8
60549       -4.6
60550       -5.1
60551       -6.1
60552       -2.1
60553       -5.7
60554       -4.7
60555       -2.0
60556        1.5
60557        1.2
60558        1.7
60559        3.5
60560        3.8
60561        5.0
60562        4.3
60563        4.7
60564        5.4
60565        9.4
60566       14.5
60567       15.6
60568       15.4
60569       15.8
60570       15.8
60571       17.6
60572       19.0
60573       22.7
60574       26.2
60575       26.6
60576       27.0
60577       27.8
60578       28.1
60579       30.0
60580       30.3
60581       33.6
60582       33.7
60583       32.5
60584       32.8
60585       34.7
60586       33.1
60587       31.3
60588       26.2
60589       25.9
60590       23.1
60591       24.7
60592       24.7
60593       22.2
60594       22.4
60595       22.5
60596       22.8
60597       24.5
60598       23.2
60599       23.3
60600       23.6
60601       22.1
60602       21.2
60603       19.7
60604       19.2
60605       20.3
60606       23.9
60607       23.5
60608       24.2
60609       24.4
60610       26.1
60611       24.7
60612       24.5
60613       21.7
60614       19.7
60615       19.2
60616       16.6
60617       16.1
60618       16.7
60619       11.8
60620        8.6
60621       10.0
60622       11.6
60623       14.2
60624       16.3
60625       16.6
60626       15.9
60627       14.5
60628       14.7
60629       13.1
60630       16.7
60631       17.1
60632       17.7
60633       17.8
60634       17.4
60635       18.4
60636       15.9
60637       18.4
60638       19.0
60639       17.7
60640       16.9
60641       15.8
60642       15.7
60643       16.0
60644       11.9
60645       10.6
60646       13.7
60647       13.7
60648       12.0
60649       10.6
60650        9.3
60651        5.4
60652        3.6
60653       -1.0
60654       -1.4
60655       -0.7
60656       -0.8
60657       -1.5
60658       -0.4
60659        0.6
60660       -1.0
60661       -2.6
60662       -2.4
60663        0.3
60664       -1.0
60665        0.1
60666        1.6
60667        3.2
60668        2.3
60669        0.3
60670        0.3
60671       -1.0
60672       -3.1
60673       -4.0
60674       -3.3
60675       -2.2
60676       -3.3
60677        0.6
60678        1.3
60679       -1.0
60680       -2.8
60681       -3.6
60682       -7.1
60683      -10.0
60684      -10.0
60685      -10.3
60686      -10.8
60687       -7.2
60688       -8.8
60689       -9.2
60690       -9.3
60691       -7.6
60692       -5.4
60693       -4.0
60694       -3.4
60695       -3.9
60696       -1.5
60697       -1.9
60698       -3.4
60699       -5.3
60700       -6.3
60701       -5.7
60702       -6.9
60703       -7.9
60704       -9.3
60705      -10.4
60706       -9.9
60707      -11.0
60708      -10.2
60709       -7.0
60710       -6.8
60711       -3.9
60712       -2.5
60713       -0.8
60714       -1.2
60715       -3.4
60716        0.1
60717       -2.5
60718       -2.0
60719       -4.7
60720       -2.4
60721       -1.9
60722       -5.0
60723       -3.7
60724       -2.7
60725       -1.7
60726       -0.2
60727       -0.6
60728        1.9
60729        3.7
60730        4.6
60731        4.2
60732        2.1
60733        3.7
60734        5.0
60735        5.9
60736        3.7
60737        4.8
60738        4.4
60739        6.6
60740        7.1
60741        7.2
60742        4.8
60743        8.9
60744       11.2
60745       13.0
60746       15.0
60747       15.3
60748       19.3
60749       21.8
60750       23.1
60751       27.5
60752       25.7
60753       23.2
60754       25.6
60755       25.9
60756       26.4
60757       25.8
60758       26.4
60759       27.4
60760       26.6
60761       25.0
60762       21.6
60763       16.8
60764       16.4
60765       17.3
60766       15.4
60767       11.6
60768       11.1
60769        9.5
60770       10.8
60771        7.5
60772        3.2
60773        2.3
60774        2.2
60775        0.2
60776        1.5
60777       -1.0
60778       -0.6
60779       -1.4
60780       -4.5
60781       -6.6
60782      -10.2
60783      -13.2
60784      -14.9
60785      -14.0
60786      -15.9
60787      -15.7
60788      -17.5
60789      -20.4
60790      -25.1
60791      -25.3
60792      -24.0
60793      -23.9
60794      -25.3
60795      -24.0
60796      -21.4
60797      -22.2
60798      -23.2
60799      -23.1
60800      -24.4
60801      -27.4
60802      -25.6
60803      -23.7
60804      -24.2
60805      -24.0
60806      -23.4
60807      -18.0
60808      -21.4
60809      -19.4
60810      -18.0
60811      -16.8
60812      -13.4
60813      -13.1
60814      -17.5
60815      -14.7
60816      -13.3
60817      -16.3
60818      -15.2
60819      -16.6
60820      -17.1
60821      -14.4
60822      -12.3
60823      -10.8
60824      -10.7
60825      -11.3
60826       -9.6
60827       -8.9
60828       -6.4
60829       -4.0
60830       -4.2
60831       -1.7
60832       -0.3
60833       -2.3
60834       -2.6
60835       -5.7
60836       -3.7
60837       -4.3
60838       -3.1
60839       -1.5
60840        0.1
60841        3.5
60842        5.5
60843        4.3
60844        7.5
60845        8.8
60846       11.2
60847       11.8
60848       14.1
60849       12.4
60850       10.3
60851       12.3
60852       12.6
60853       11.4
60854       11.0
60855       14.6
60856       17.2
60857       17.1
60858       18.6
60859       20.6
60860       23.8
60861       27.7
60862       24.4
60863       26.9
60864       27.5
60865       25.6
60866       25.3
60867       26.2
60868       24.1
60869       25.0
60870       24.4
60871       25.6
60872       28.0
60873       28.0
60874       28.0
60875       26.2
60876       26.2
60877       26.5
60878       24.6
60879       21.8
60880       22.6
60881       23.6
60882       21.6
60883       17.5
60884       16.1
60885       14.5
60886       12.5
60887       13.2
60888       13.2
60889       11.4
60890       11.2
60891       11.4
60892       14.2
60893       13.7
60894       11.7
60895        9.5
60896        9.6
60897       10.2
60898       11.6
60899       11.7
60900       11.0
60901       10.3
60902       11.6
60903       13.5
60904       15.5
60905       16.1
60906       14.0
60907       17.0
60908       16.6
60909       16.4
60910       17.3
60911       15.6
60912       15.5
60913       15.8
60914       15.4
60915       14.4
60916       11.7
60917       12.8
60918       14.5
60919       15.7
60920       17.6
60921       15.2
60922       14.2
60923       15.9
60924       15.8
60925       19.3
60926       19.8
60927       21.9
60928       24.0
60929       24.9
60930       21.8
60931       19.3
60932       19.3
60933       17.7
60934       15.4
60935       14.7
60936       11.6
60937       10.8
60938       10.2
60939       10.9
60940       10.1
60941       10.3
60942       10.9
60943       12.9
60944       12.9
60945       12.5
60946       11.9
60947       12.6
60948       11.0
60949       11.2
60950        9.6
60951        8.5
60952       12.2
60953       12.5
60954       11.4
60955        6.6
60956        8.1
60957        7.0
60958        8.0
60959        8.4
60960       10.3
60961       11.3
60962        9.2
60963        7.1
60964        4.3
60965        2.8
60966        1.2
60967        3.5
60968        5.3
60969        3.4
60970        4.3
60971        3.3
60972        3.3
60973        3.8
60974        2.2
60975        6.4
60976        8.8
60977       13.8
60978       15.3
60979       14.5
60980       13.6
60981       16.4
60982       15.3
60983       15.4
60984       15.3
60985       15.2
60986       17.9
60987       15.9
60988       14.4
60989       16.4
60990       18.2
60991       14.1
60992       15.5
60993       14.8
60994       17.5
60995       18.7
60996       21.5
60997       22.5
60998       23.7
60999       25.7
61000       23.8
61001       26.7
61002       25.9
61003       28.4
61004       29.9
61005       27.3
61006       24.8
61007       22.7
61008       21.7
61009       20.6
61010       17.6
61011       16.0
61012       15.6
61013       15.0
61014       14.6
61015       12.6
61016       15.3
61017       14.1
61018       12.4
61019       12.1
61020        8.7
61021        7.5
61022        6.6
61023        5.8
61024        5.5
61025        5.0
61026        3.6
61027        2.2
61028        5.5
61029        5.0
61030        3.0
61031       -0.3
61032       -2.3
61033       -3.0
61034       -6.0
61035       -9.1
61036      -12.2
61037      -13.2
61038      -18.2
61039      -21.0
61040      -24.5
61041      -26.1
61042      -27.5
61043      -29.8
61044      -32.5
61045      -33.8
61046      -33.8
61047      -33.1
61048      -31.9
61049      -31.9
61050      -31.4
61051      -32.4
61052      -31.8
61053      -29.7
61054      -27.3
61055      -23.6
61056      -26.8
61057      -22.9
61058      -25.2
61059      -25.9
61060      -27.0
61061      -23.6
61062      -24.1
61063      -21.8
61064      -23.6
61065      -24.6
61066      -20.6
61067      -17.0
61068      -15.6
61069      -14.9
61070      -12.8
61071      -15.0
61072      -11.8
61073      -11.2
61074      -12.9
61075      -12.7
61076      -11.6
61077      -14.2
61078       -9.6
61079       -6.8
61080       -8.5
61081       -4.8
61082       -5.5
61083       -4.8
61084       -1.1
61085       -3.0
61086       -5.7
61087       -4.6
61088       -3.4
61089        0.4
61090        0.3
61091       -1.1
61092       -2.3
61093       -2.8
61094       -2.2
61095        3.1
61096        6.9
61097        8.2
61098        8.9
61099        6.5
61100        5.6
61101        8.4
61102        8.7
61103       13.8
61104       12.1
61105       11.9
61106        8.4
61107        8.8
61108        6.6
61109        6.0
61110        4.1
61111        2.7
61112       -0.3
61113       -2.2
61114       -2.7
61115       -1.8
61116       -4.1
61117       -8.0
61118      -10.1
61119      -13.9
61120      -17.5
61121      -20.2
61122      -23.1
61123      -26.2
61124      -28.5
61125      -29.2
61126      -29.2
61127      -28.4
61128      -29.1
61129      -27.2
61130      -30.5
61131      -31.1
61132      -34.2
61133      -33.6
61134      -37.5
61135      -33.8
61136      -35.0
61137      -37.0
61138      -35.1
61139      -33.4
61140      -28.2
61141      -26.1
61142      -23.9
61143      -20.4
61144      -19.8
61145      -21.3
61146      -21.8
61147      -21.5
61148      -21.3
61149      -19.1
61150      -19.3
61151      -20.1
61152      -20.9
61153      -16.5
61154      -16.9
61155      -14.9
61156      -16.8
61157      -16.8
61158      -15.5
61159      -14.8
61160      -11.8
61161      -12.9
61162      -10.6
61163      -14.3
61164      -11.9
61165      -10.5
61166       -5.8
61167       -3.7
61168       -2.6
61169        2.5
61170        3.0
61171        5.6
61172        4.6
61173        5.1
61174        4.0
61175        7.9
61176       10.0
61177       11.9
61178       11.4
61179       13.2
61180       13.4
61181       14.6
61182       13.2
61183       10.1
61184       10.2
61185       10.4
61186       11.0
61187       13.0
61188       12.6
61189       14.2
61190       16.7
61191       18.4
61192       18.0
61193       20.1
61194       18.3
61195       20.7
61196       21.3
61197       24.6
61198       26.2
61199       24.6
61200       25.6
61201       24.2
61202       29.0
61203       30.0
61204       32.2
61205       31.1
61206       31.7
61207       26.8
61208       22.8
61209       23.1
61210       18.5
61211       20.1
61212       21.7
61213       22.2
61214       24.6
61215       23.9
61216       23.0
61217       25.1
61218       24.4
61219       18.2

# UTC remains available from the monthly Circular T at
# (http://www.bipm.org/en/bipm-services/timescales/time-ftp/Circular-T.html).
