# MJD  [UTCr-UTC(NAO)]/ns
56467       24.8
56468       25.0
56469       25.9
56470       26.7
56471       28.4
56472       27.1
56473       26.8
56474       33.0
56475       35.5
56476       36.9
56477       37.4
56478       34.3
56479       37.3
56480       33.6
56481       36.8
56482       41.3
56483       39.4
56484       40.0
56485       39.0
56486       35.4
56487       34.9
56488       33.6
56489       35.0
56490       39.7
56491       46.2
56492       42.5
56493       42.8
56494       41.9
56495       45.3
56496       45.9
56497       45.2
56498       46.7
56499       48.7
56500       49.8
56501       49.4
56502       47.8
56503       47.4
56504       49.2
56505       53.8
56506       52.5
56507       53.5
56508       56.0
56509       58.9
56510       59.8
56511       60.1
56512       61.7
56513       63.0
56514       63.8
56515       66.6
56516       66.5
56517       64.4
56518       66.6
56519       68.8
56520       70.4
56521       62.7
56522       63.8
56523       64.2
56524       60.3
56525       55.7
56526       54.2
56527       52.6
56528       52.5
56529       49.1
56530       49.8
56531       46.1
56532       49.3
56533       50.6
56534       47.5
56535       50.3
56536       51.2
56537       51.0
56538       52.0
56539       50.8
56540       50.9
56541       47.5
56542       43.9
56543       50.2
56544       46.6
56545       46.4
56546       40.4
56547       37.6
56548       37.8
56549       35.5
56550       30.9
56551       34.8
56552       34.9
56553       34.2
56554       31.0
56555       27.0
56556       25.9
56557       23.3
56558       18.3
56559       16.7
56560       15.7
56561       14.6
56562       19.5
56563       17.9
56564       20.9
56565       15.6
56566       14.0
56567        9.4
56568       12.8
56569       12.6
56570       12.2
56571        9.0
56572        8.6
56573        7.9
56574        6.9
56575        9.4
56576       10.0
56577        7.6
56578        3.9
56579       -0.4
56580       -0.1
56581        2.4
56582        0.9
56583       -3.5
56584       -5.1
56585       -2.9
56586       -6.0
56587       -5.8
56588       -9.0
56589       -7.6
56590       -8.3
56591      -11.8
56592      -17.9
56593      -20.3
56594      -23.1
56595      -23.2
56596      -20.5
56597      -23.4
56598      -23.8
56599      -25.4
56600      -19.6
56601      -22.6
56602      -26.4
56603      -24.9
56604      -22.5
56605      -19.9
56606      -18.8
56607      -16.2
56608      -16.4
56609      -12.8
56610       -9.2
56611       -7.7
56612       -7.3
56613       -9.1
56614       -8.3
56615       -6.5
56616       -6.8
56617       -6.5
56618       -7.7
56619       -6.9
56620       -6.4
56621       -9.8
56622       -7.4
56623       -7.4
56624      -10.3
56625       -8.1
56626      -12.0
56627      -12.5
56628      -15.9
56629      -16.6
56630      -17.9
56631      -20.9
56632          -
56633      -14.3
56634      -16.0
56635      -15.1
56636      -14.9
56637      -14.0
56638      -12.3
56639      -16.2
56640      -15.3
56641      -14.6
56642      -12.6
56643      -13.2
56644      -11.4
56645      -10.7
56646       -7.7
56647      -13.1
56648      -11.1
56649      -11.6
56650      -13.5
56651      -15.1
56652      -16.8
56653      -14.4
56654      -14.8
56655       -8.1
56656       -8.1
56657       -6.9
56658       -4.8
56659       -5.3
56660       -9.7
56661      -12.5
56662      -13.1
56663      -13.0
56664       -8.3
56665       -8.0
56666       -8.3
56667       -7.4
56668       -7.3
56669       -4.7
56670       -4.2
56671       -2.1
56672        1.3
56673        1.6
56674        2.3
56675        6.6
56676        7.3
56677        7.8
56678        8.2
56679        7.5
56680       11.1
56681       12.4
56682        9.4
56683        7.8
56684        9.1
56685        7.6
56686        8.8
56687       10.8
56688       10.1
56689        7.4
56690        7.5
56691        8.9
56692        9.2
56693       11.6
56694       14.7
56695       12.4
56696        9.9
56697       15.4
56698       15.7
56699       15.0
56700       14.4
56701       14.6
56702       15.0
56703       16.1
56704       19.2
56705       18.6
56706       17.6
56707       17.4
56708       16.0
56709       17.6
56710       17.3
56711       18.1
56712       17.3
56713       21.7
56714       22.9
56715       21.1
56716       21.2
56717       22.2
56718       17.6
56719       20.8
56720       23.2
56721       20.1
56722       20.8
56723       18.0
56724       19.7
56725       17.9
56726       11.8
56727       13.7
56728       15.3
56729       15.7
56730       16.8
56731       16.7
56732       18.5
56733       22.1
56734       22.5
56735       28.4
56736       27.3
56737       26.2
56738       22.0
56739       24.5
56740       28.4
56741       27.7
56742       25.7
56743       26.0
56744       26.3
56745       29.1
56746       26.1
56747       27.6
56748       28.4
56749       28.6
56750       29.9
56751       29.3
56752       26.8
56753       32.2
56754       38.0
56755       38.5
56756       39.1
56757       39.8
56758       37.2
56759       37.5
56760       37.8
56761       36.1
56762       36.5
56763       34.9
56764       34.2
56765       34.9
56766       35.2
56767       33.0
56768       31.4
56769       30.1
56770       29.4
56771       31.7
56772       36.4
56773       37.4
56774       35.5
56775       35.8
56776       36.6
56777       35.5
56778       35.1
56779       32.6
56780       33.2
56781       28.6
56782       33.6
56783       35.5
56784       34.1
56785       32.7
56786       32.3
56787       30.8
56788       31.1
56789       32.8
56790       34.0
56791       35.8
56792       34.4
56793       37.3
56794       41.6
56795       45.0
56796       48.5
56797       46.7
56798       52.1
56799       56.4
56800       50.0
56801       46.8
56802       44.4
56803       40.0
56804       43.4
56805       43.5
56806       38.4
56807       35.5
56808       31.2
56809       31.5
56810       29.3
56811       30.7
56812       33.8
56813       36.0
56814       33.1
56815       29.6
56816       30.2
56817       31.6
56818       29.0
56819       28.5
56820       25.2
56821       21.0
56822       17.6
56823       18.3
56824       15.8
56825          -
56826       10.3
56827        7.1
56828        7.6
56829        8.1
56830        6.6
56831        3.4
56832        2.6
56833        0.5
56834       -1.7
56835       -4.4
56836      -12.4
56837       -7.3
56838       -8.9
56839       -6.5
56840       -5.2
56841       -5.8
56842       -2.9
56843       -6.5
56844       -4.4
56845       -2.7
56846       -2.6
56847       -1.9
56848        2.8
56849        0.8
56850        1.4
56851        2.8
56852        6.4
56853        6.9
56854        6.0
56855        6.6
56856        3.5
56857        4.8
56858        3.9
56859        9.0
56860        8.1
56861        7.2
56862        4.3
56863        1.9
56864        2.3
56865        3.0
56866       -0.7
56867       -5.3
56868       -3.7
56869       -6.8
56870       -8.3
56871       -8.4
56872       -7.9
56873      -10.7
56874       -9.9
56875       -9.3
56876      -10.5
56877      -14.5
56878      -15.4
56879      -15.2
56880      -18.5
56881      -21.6
56882      -19.9
56883      -24.3
56884      -22.0
56885      -21.4
56886      -20.3
56887      -23.2
56888      -27.1
56889      -30.9
56890      -29.3
56891      -32.4
56892      -31.8
56893      -31.6
56894      -27.7
56895      -29.5
56896      -29.3
56897      -33.8
56898      -34.4
56899      -35.2
56900      -35.8
56901      -36.5
56902      -32.6
56903      -33.3
56904      -33.0
56905      -35.4
56906      -35.1
56907      -41.8
56908      -43.9
56909      -45.1
56910      -44.0
56911      -46.6
56912      -50.6
56913      -52.3
56914      -53.0
56915      -55.6
56916      -55.4
56917      -51.6
56918      -51.1
56919      -52.0
56920      -52.2
56921      -51.5
56922      -53.2
56923      -54.6
56924          -
56925      -49.3
56926      -49.9
56927      -53.9
56928      -54.3
56929      -56.8
56930      -63.1
56931      -64.4
56932      -65.3
56933      -64.2
56934      -65.1
56935      -67.2
56936      -65.6
56937      -67.6
56938      -64.7
56939      -65.5
56940      -64.0
56941      -63.4
56942      -64.3
56943      -67.4
56944      -62.4
56945      -63.8
56946      -65.5
56947      -64.8
56948      -67.7
56949      -64.7
56950      -63.7
56951      -58.8
56952      -61.8
56953      -59.4
56954      -57.2
56955      -57.8
56956      -57.8
56957      -58.7
56958      -62.0
56959      -61.9
56960      -58.9
56961      -61.4
56962      -70.8
56963      -79.7
56964      -90.1
56965     -101.9
56966     -107.9
56967     -107.2
56968     -109.1
56969     -109.2
56970     -107.0
56971     -104.2
56972     -105.0
56973     -102.6
56974     -107.8
56975     -109.1
56976     -108.9
56977     -108.1
56978     -107.7
56979     -110.6
56980     -111.2
56981     -111.4
56982     -113.4
56983     -118.2
56984     -117.7
56985     -116.5
56986     -118.6
56987     -118.7
56988     -116.6
56989     -117.6
56990     -117.8
56991     -117.4
56992     -119.8
56993     -115.8
56994     -110.6
56995     -112.7
56996     -114.0
56997     -108.9
56998     -107.3
56999     -101.8
57000     -101.1
57001     -100.6
57002      -99.6
57003          -
57004      -98.6
57005      -93.9
57006      -94.1
57007      -89.9
57008      -87.4
57009      -81.1
57010      -77.2
57011      -76.6
57012      -77.4
57013      -74.5
57014      -73.7
57015      -75.2
57016      -69.7
57017      -67.8
57018      -67.0
57019      -68.0
57020      -66.6
57021      -67.7
57022      -66.0
57023      -61.0
57024      -54.3
57025      -49.8
57026      -48.0
57027      -51.1
57028      -56.2
57029      -57.2
57030      -56.3
57031      -56.0
57032      -54.5
57033      -51.2
57034      -49.4
57035      -48.1
57036      -43.3
57037      -39.6
57038      -35.9
57039      -29.3
57040      -26.2
57041      -25.4
57042      -22.4
57043      -18.6
57044      -18.9
57045      -18.3
57046      -17.7
57047      -15.6
57048      -13.4
57049      -13.7
57050      -10.5
57051      -14.5
57052      -13.7
57053      -16.5
57054      -15.1
57055      -14.1
57056      -14.4
57057      -15.1
57058      -15.0
57059      -10.3
57060       -9.1
57061       -7.9
57062       -7.3
57063      -11.6
57064       -9.9
57065      -10.5
57066      -11.1
57067      -12.2
57068      -13.1
57069      -10.4
57070      -15.5
57071      -13.8
57072      -16.8
57073      -18.8
57074      -18.6
57075      -20.8
57076      -21.0
57077      -16.6
57078      -16.3
57079      -16.9
57080      -14.8
57081      -13.2
57082      -12.1
57083      -14.0
57084       -8.5
57085      -10.3
57086      -12.7
57087      -18.3
57088      -16.8
57089      -16.8
57090      -18.9
57091      -18.2
57092      -20.5
57093      -19.2
57094      -20.2
57095      -17.5
57096      -22.4
57097      -19.3
57098      -21.3
57099      -22.9
57100      -18.0
57101      -27.6
57102      -33.2
57103      -32.7
57104      -36.2
57105      -36.8
57106      -41.8
57107      -44.7
57108      -42.5
57109      -50.4
57110      -47.6
57111      -48.5
57112      -47.1
57113      -48.5
57114      -53.5
57115      -52.6
57116      -49.3
57117      -45.9
57118      -46.7
57119      -45.0
57120      -47.0
57121      -44.2
57122      -41.9
57123      -39.4
57124      -45.6
57125      -51.5
57126      -50.3
57127      -52.2
57128      -52.0
57129      -51.9
57130      -46.7
57131      -51.1
57132      -47.2
57133      -50.8
57134      -52.3
57135      -45.6
57136      -44.3
57137      -41.4
57138      -40.5
57139      -35.6
57140      -39.0
57141      -33.8
57142      -33.1
57143      -33.8
57144      -34.2
57145      -32.8
57146      -37.4
57147      -36.8
57148      -32.3
57149      -31.2
57150      -32.7
57151      -33.5
57152      -33.8
57153      -30.5
57154      -29.5
57155      -33.0
57156      -30.1
57157      -26.9
57158      -23.7
57159      -23.0
57160      -23.5
57161      -15.7
57162      -12.7
57163       -7.2
57164       -6.5
57165       -5.6
57166       -4.9
57167        0.2
57168       -1.4
57169       -2.1
57170        0.4
57171        5.2
57172        0.6
57173       -4.2
57174       -2.9
57175       -5.7
57176       -4.8
57177       -6.8
57178       -9.4
57179       -8.7
57180       -6.6
57181      -10.6
57182       -7.0
57183       -2.5
57184       -5.8
57185       -6.1
57186       -2.1
57187        0.1
57188        1.0
57189        5.7
57190        5.6
57191        8.3
57192       10.0
57193       14.9
57194       15.9
57195       12.6
57196       16.0
57197       17.4
57198       14.1
57199       16.6
57200       24.2
57201       21.8
57202       26.7
57203       28.1
57204       32.7
57205       30.9
57206       28.9
57207       27.0
57208       31.6
57209       33.1
57210       31.5
57211       28.9
57212       28.1
57213       30.6
57214       31.1
57215       37.4
57216       38.9
57217       41.8
57218       45.5
57219       43.8
57220       40.4
57221       42.2
57222       39.3
57223       37.7
57224       36.9
57225       35.1
57226       34.9
57227       39.4
57228       42.3
57229       39.0
57230       41.4
57231       39.5
57232       37.9
57233       37.8
57234       38.7
57235       40.5
57236       40.0
57237       44.3
57238       47.1
57239       46.7
57240       52.8
57241       55.2
57242       57.3
57243       52.6
57244       56.1
57245       56.2
57246       55.7
57247       53.1
57248       51.3
57249       54.5
57250       54.2
57251       52.9
57252       54.2
57253       54.8
57254       57.1
57255       60.1
57256       61.7
57257       62.2
57258       61.8
57259       61.8
57260       59.1
57261       64.0
57262       63.1
57263       62.0
57264       62.8
57265       66.8
57266       62.7
57267       58.4
57268       63.6
57269       61.9
57270       62.1
57271       67.5
57272       68.6
57273       65.9
57274       69.1
57275       70.5
57276       73.3
57277       69.4
57278       69.3
57279       71.6
57280       73.5
57281       77.0
57282       84.3
57283       86.5
57284       79.8
57285       74.1
57286       74.7
57287       77.5
57288       75.2
57289       68.5
57290       67.6
57291       65.7
57292       63.0
57293       57.6
57294       48.3
57295       42.2
57296       42.1
57297       41.8
57298       42.0
57299       41.2
57300       39.9
57301       38.5
57302       39.3
57303       38.2
57304       37.4
57305       37.9
57306       31.0
57307       31.6
57308       26.1
57309       25.4
57310       20.9
57311       20.7
57312       17.5
57313       13.6
57314        8.1
57315        0.3
57316       -2.7
57317       -8.2
57318       -4.8
57319       -5.1
57320       -6.2
57321       -2.2
57322       -3.8
57323       -3.5
57324       -5.4
57325      -10.8
57326      -10.4
57327      -10.5
57328      -16.1
57329      -13.7
57330      -14.0
57331      -12.8
57332      -11.7
57333      -13.0
57334      -10.6
57335       -6.5
57336       -7.1
57337       -6.6
57338       -8.2
57339       -9.3
57340       -8.7
57341       -3.1
57342       -6.1
57343       -1.6
57344       -3.1
57345       -3.8
57346       -1.5
57347       -1.3
57348        2.2
57349        2.5
57350        4.3
57351        7.8
57352        6.6
57353        6.4
57354       10.0
57355       12.3
57356        9.8
57357       11.7
57358       10.0
57359        9.5
57360        9.5
57361        7.6
57362        8.5
57363        8.3
57364       11.0
57365        8.6
57366       10.4
57367        6.8
57368        3.5
57369        3.4
57370        3.2
57371        3.5
57372        1.2
57373        2.9
57374        4.9
57375        8.1
57376        6.2
57377        4.1
57378        6.9
57379        6.1
57380        4.7
57381        4.0
57382        8.7
57383        8.2
57384       10.2
57385        5.4
57386        7.2
57387        5.5
57388        2.7
57389        3.7
57390        8.2
57391        8.0
57392        9.9
57393       12.1
57394       10.2
57395       14.9
57396       16.0
57397       18.0
57398          -
57399       15.8
57400       18.1
57401       14.5
57402       16.3
57403       17.8
57404       18.5
57405       15.8
57406       12.7
57407       14.0
57408       19.4
57409       16.9
57410       17.5
57411       15.7
57412       16.3
57413       15.6
57414       17.5
57415       22.0
57416       16.9
57417       17.3
57418       17.4
57419       15.6
57420       14.6
57421       14.7
57422       21.1
57423       22.0
57424       18.1
57425       14.2
57426       10.1
57427       10.5
57428       14.8
57429       15.2
57430       17.2
57431       12.1
57432       12.0
57433        8.8
57434       12.9
57435       14.8
57436       14.3
57437       17.8
57438       17.9
57439       19.1
57440       21.1
57441       21.2
57442       23.9
57443       22.3
57444       23.8
57445       28.6
57446       28.8
57447       26.0
57448       23.6
57449       22.8
57450       27.2
57451       31.4
57452       32.9
57453       33.0
57454       36.4
57455       36.1
57456       37.9
57457       42.5
57458       41.2
57459       37.6
57460       36.5
57461       38.2
57462       38.9
57463       40.3
57464       36.6
57465       37.7
57466       40.6
57467       45.8
57468       46.1
57469       49.1
57470       53.2
57471       55.7
57472       55.8
57473       56.7
57474       61.8
57475       58.1
57476       59.3
57477       60.1
57478       61.0
57479       61.7
57480       62.0
57481       59.0
57482       68.0
57483       69.0
57484       68.4
57485       64.8
57486       67.8
57487       66.9
57488       69.6
57489       73.7
57490          -
57491       78.7
57492       78.6
57493       75.1
57494       74.4
57495       79.8
57496       80.5
57497       79.3
57498       75.8
57499       71.7
57500       66.3
57501       61.9
57502       58.3
57503       53.3
57504       54.0
57505       54.8
57506       57.6
57507       58.0
57508       57.7
57509       62.2
57510       58.0
57511       59.3
57512       57.1
57513       53.2
57514       50.2
57515       45.3
57516       43.6
57517       45.6
57518       46.2
57519       40.4
57520       37.1
57521       35.2
57522       35.5
57523       36.8
57524       40.1
57525       40.7
57526       35.9
57527       33.1
57528       32.2
57529       31.5
57530       28.7
57531       29.0
57532       25.5
57533       23.6
57534       25.1
57535       25.5
57536       26.2
57537       26.4
57538       30.3
57539       30.5
57540       25.3
57541       20.7
57542       18.9
57543       13.9
57544       16.4
57545       15.4
57546       13.2
57547        7.4
57548        2.3
57549        2.9
57550        3.6
57551        5.5
57552       11.9
57553        9.8
57554        9.1
57555       11.5
57556       14.7
57557       12.5
57558       11.3
57559       12.9
57560        8.5
57561        5.2
57562       -2.2
57563       -4.2
57564       -9.7
57565      -11.9
57566      -11.9
57567      -13.3
57568       -6.0
57569       -1.6
57570        0.6
57571       -1.9
57572        0.2
57573        1.5
57574        7.6
57575       15.7
57576        9.9
57577       11.0
57578       12.8
57579       15.5
57580       13.8
57581       17.9
57582       16.5
57583       17.4
57584       17.4
57585       16.6
57586       22.8
57587       27.2
57588       30.1
57589       30.3
57590       29.5
57591       29.8
57592       29.6
57593       32.4
57594       29.2
57595       27.9
57596       31.6
57597       36.0
57598       33.5
57599       31.4
57600       36.0
57601       40.4
57602       41.3
57603       41.9
57604       43.0
57605       43.4
57606       47.7
57607       50.7
57608       50.1
57609       48.2
57610       49.6
57611       46.3
57612       41.3
57613       42.4
57614       47.6
57615       51.6
57616       53.8
57617       55.3
57618       54.0
57619       57.6
57620       55.0
57621       53.0
57622       57.1
57623       60.4
57624       60.7
57625       57.6
57626       55.3
57627       56.6
57628       56.2
57629       50.7
57630       50.8
57631       51.6
57632       53.4
57633       52.7
57634       49.6
57635       47.7
57636       42.6
57637       38.9
57638       35.4
57639       37.5
57640       42.6
57641       45.6
57642       42.6
57643       38.9
57644       36.0
57645       37.9
57646       34.5
57647       32.6
57648       30.4
57649       29.0
57650       31.5
57651       28.6
57652       28.2
57653       24.8
57654       25.4
57655       27.7
57656       25.1
57657       25.5
57658       27.5
57659       24.2
57660       24.2
57661       22.3
57662       27.6
57663       24.6
57664       21.0
57665       20.7
57666       22.3
57667       21.6
57668       18.5
57669       21.7
57670       20.0
57671       19.6
57672       20.0
57673       18.4
57674       14.7
57675       10.6
57676        6.9
57677        4.6
57678        5.5
57679        5.0
57680        0.0
57681       -3.6
57682       -4.5
57683       -1.9
57684        2.0
57685        4.3
57686        1.3
57687        5.2
57688        8.3
57689        8.8
57690        8.8
57691       13.0
57692       10.9
57693        9.8
57694       11.0
57695        9.2
57696        5.6
57697        6.5
57698        8.0
57699       14.4
57700       17.4
57701       18.6
57702       21.3
57703       22.8
57704       22.6
57705       27.8
57706       32.6
57707       33.6
57708       30.0
57709       28.3
57710       25.0
57711       28.7
57712       29.6
57713       29.4
57714       29.0
57715       30.4
57716       29.9
57717       41.4
57718       37.6
57719       36.3
57720       33.9
57721       30.4
57722       38.4
57723       37.8
57724       41.3
57725       40.8
57726       36.0
57727       32.0
57728       34.0
57729       31.2
57730       27.4
57731       28.0
57732       28.2
57733       31.3
57734       38.0
57735       38.9
57736       39.2
57737       37.7
57738       37.6
57739       36.6
57740       41.7
57741       41.9
57742       43.3
57743       51.2
57744       52.0
57745       54.0
57746       58.2
57747       59.3
57748       61.2
57749       61.7
57750       58.2
57751       61.4
57752       61.5
57753       67.6
57754       66.4
57755       69.0
57756       68.2
57757       67.2
57758       65.3
57759       63.4
57760       65.7
57761       71.3
57762       70.2
57763       73.1
57764       71.8
57765       68.5
57766       69.4
57767       68.6
57768       67.2
57769       74.7
57770       77.3
57771       74.0
57772       74.7
57773       66.9
57774       67.7
57775       61.4
57776       61.4
57777       64.6
57778       60.2
57779       59.3
57780       58.4
57781       65.0
57782       69.6
57783       70.9
57784       72.8
57785       72.8
57786       69.8
57787       71.8
57788       73.4
57789       74.4
57790       74.6
57791       72.6
57792       67.3
57793       58.2
57794       55.2
57795       53.9
57796       52.5
57797       49.6
57798       55.2
57799       54.5
57800       57.4
57801       60.9
57802       66.7
57803       65.2
57804       61.9
57805       62.4
57806       61.1
57807       59.7
57808       58.7
57809       58.8
57810       58.2
57811       56.6
57812       56.0
57813       54.2
57814       51.2
57815       53.4
57816       49.0
57817       51.5
57818       46.5
57819       38.6
57820       41.6
57821       41.7
57822       41.0
57823       45.5
57824       40.9
57825       37.2
57826       38.6
57827       34.9
57828       31.6
57829       36.7
57830       39.5
57831       35.1
57832       39.1
57833       40.8
57834       35.9
57835       34.5
57836       31.8
57837       33.0
57838       30.3
57839       28.9
57840       30.3
57841       31.3
57842       35.8
57843       33.3
57844       31.7
57845       33.3
57846       40.7
57847       40.8
57848       41.8
57849       40.3
57850       37.7
57851       42.5
57852       41.9
57853       40.9
57854       36.6
57855       40.2
57856       43.1
57857       45.5
57858       45.1
57859       43.5
57860       46.6
57861       44.7
57862       39.6
57863       41.1
57864       40.3
57865       42.1
57866       48.2
57867       49.6
57868       51.4
57869       47.9
57870       48.2
57871       44.7
57872       42.5
57873       41.4
57874       40.0
57875       43.8
57876       39.2
57877       35.4
57878       39.6
57879       37.8
57880       36.6
57881       30.7
57882       28.6
57883       28.2
57884       31.7
57885       34.0
57886       37.4
57887       36.7
57888       34.7
57889       35.9
57890       33.2
57891       30.0
57892       30.6
57893       30.1
57894       31.2
57895       24.9
57896       28.7
57897       31.1
57898       33.2
57899       30.1
57900       29.2
57901       28.7
57902       30.6
57903       29.8
57904       29.7
57905       28.8
57906       28.7
57907       26.3
57908       29.3
57909       32.6
57910       34.6
57911       36.1
57912       35.4
57913       37.5
57914       35.7
57915       35.8
57916       40.0
57917       44.1
57918       53.0
57919       56.6
57920       62.6
57921       62.6
57922       64.4
57923       62.4
57924       65.3
57925       61.2
57926       59.2
57927       59.1
57928       61.9
57929       68.9
57930       72.2
57931       72.8
57932       69.2
57933       68.7
57934       68.9
57935       68.4
57936       68.8
57937       67.8
57938       73.2
57939       73.7
57940       75.1
57941       77.1
57942       76.5
57943       79.7
57944       80.2
57945       77.5
57946          -
57947       73.2
57948       70.9
57949       69.8
57950       69.9
57951       76.2
57952       74.1
57953       71.7
57954       72.6
57955       74.4
57956       80.0
57957       78.8
57958       86.7
57959       90.2
57960       97.8
57961       99.9
57962       96.9
57963       97.7
57964       94.4
57965       96.5
57966       95.5
57967       99.3
57968      105.5
57969      105.8
57970      104.6
57971      101.8
57972       98.5
57973       95.3
57974       94.3
57975       91.2
57976       90.9
57977       88.2
57978       85.4
57979      -21.2
57980      -14.7
57981      104.8
57982      100.5
57983      102.4
57984       99.5
57985      101.5
57986       99.8
57987      100.2
57988      103.7
57989      103.5
57990       99.5
57991      105.4
57992      104.3
57993      100.7
57994      100.0
57995       98.9
57996       96.9
57997       91.9
57998       90.3
57999       86.9
58000       89.1
58001       92.8
58002       91.1
58003       93.6
58004       94.1
58005       98.2
58006       97.5
58007       93.7
58008       93.1
58009       96.4
58010       95.3
58011       94.4
58012       92.2
58013       95.4
58014       98.1
58015       99.1
58016       99.8
58017       99.3
58018       95.3
58019       90.1
58020       91.8
58021       91.8
58022       87.8
58023       80.3
58024       77.1
58025       83.6
58026       83.0
58027       84.1
58028       80.7
58029       78.6
58030       81.4
58031       80.5
58032       80.4
58033       85.6
58034       86.4
58035       85.2
58036       85.8
58037       84.2
58038       82.9
58039       84.4
58040          -
58041          -
58042       80.4
58043       77.6
58044       75.5
58045       79.0
58046       79.7
58047       82.3
58048       82.8
58049       77.7
58050       79.6
58051       75.6
58052       74.8
58053       76.1
58054       78.7
58055       75.8
58056       70.6
58057       77.6
58058       76.7
58059       77.5
58060       80.7
58061       81.3
58062       81.8
58063       81.3
58064       80.3
58065       82.7
58066       81.9
58067       83.5
58068       86.3
58069       84.9
58070       78.5
58071       79.2
58072       83.9
58073       86.1
58074       83.5
58075       83.7
58076       83.6
58077       79.3
58078       83.4
58079       82.7
58080       83.1
58081       84.5
58082       81.0
58083       76.4
58084       77.2
58085       78.6
58086       77.9
58087       79.9
58088       80.3
58089       82.4
58090       85.0
58091       86.0
58092       85.2
58093       87.0
58094       83.4
58095       89.0
58096       92.7
58097       93.4
58098       92.8
58099       91.7
58100       91.4
58101       87.8
58102       81.6
58103       80.0
58104       81.4
58105       75.4
58106       75.2
58107       73.7
58108       70.7
58109       69.3
58110       70.3
58111       73.9
58112       80.8
58113       77.6
58114       77.1
58115       77.6
58116       76.0
58117       73.6
58118       71.7
58119       71.0
58120       71.0
58121       71.5
58122       70.5
58123       77.1
58124       81.1
58125       83.3
58126       81.7
58127       83.1
58128       86.9
58129       87.9
58130       93.4
58131       95.6
58132       91.1
58133       92.1
58134       93.0
58135       92.1
58136       91.8
58137       90.4
58138       86.2
58139       83.3
58140       86.8
58141       81.5
58142       83.7
58143       90.2
58144       94.3
58145       97.4
58146      101.1
58147       99.6
58148       96.1
58149      102.0
58150      108.5
58151      109.8
58152      105.2
58153      104.4
58154      111.9
58155      114.6
58156      112.5
58157      118.5
58158      117.3
58159      117.9
58160      117.7
58161      122.7
58162      122.6
58163      125.0
58164      132.6
58165      125.7
58166      124.8
58167          -
58168      122.9
58169      120.7
58170      117.8
58171      111.1
58172      113.5
58173      117.2
58174      117.5
58175      115.5
58176      115.1
58177      110.0
58178      113.9
58179      113.7
58180      113.9
58181      111.2
58182      110.7
58183      112.0
58184      107.6
58185      103.3
58186      101.5
58187       95.2
58188       87.6
58189       89.7
58190       85.4
58191       82.6
58192       85.2
58193       90.1
58194       92.6
58195       89.6
58196       89.7
58197       86.7
58198       82.0
58199       83.4
58200       84.6
58201       83.2
58202       75.4
58203       78.6
58204       73.7
58205       70.1
58206       70.0
58207       70.2
58208       71.6
58209       69.8
58210       66.4
58211          -
58212       60.0
58213       63.5
58214       60.4
58215       54.8
58216       49.7
58217       44.4
58218       46.3
58219       45.8
58220       43.6
58221       42.6
58222       38.9
58223       33.4
58224       37.2
58225       38.5
58226       41.6
58227       44.2
58228       39.3
58229       36.2
58230       33.8
58231       34.3
58232       29.0
58233       25.1
58234       23.9
58235       20.6
58236       15.7
58237       11.6
58238        9.5
58239        6.1
58240        8.5
58241        4.9
58242        0.7
58243       -0.4
58244       -0.8
58245       -2.1
58246       -5.0
58247       -8.1
58248      -15.0
58249      -17.4
58250      -14.0
58251      -14.8
58252      -15.8
58253      -23.0
58254      -25.6
58255      -21.4
58256      -21.4
58257      -26.7
58258      -31.5
58259      -28.9
58260      -29.0
58261      -32.3
58262      -34.6
58263      -32.6
58264      -34.2
58265      -35.2
58266      -34.9
58267      -38.1
58268      -43.5
58269      -42.2
58270      -44.9
58271      -49.2
58272      -47.1
58273      -43.7
58274      -44.0
58275      -46.5
58276      -46.4
58277      -49.2
58278      -49.4
58279      -51.5
58280      -52.7
58281      -57.9
58282      -63.0
58283      -63.8
58284      -65.3
58285      -70.5
58286      -71.7
58287      -71.6
58288      -70.8
58289      -71.1
58290      -68.6
58291      -71.2
58292      -73.8
58293      -73.6
58294      -77.8
58295      -81.8
58296      -83.6
58297      -85.7
58298      -86.9
58299      -89.2
58300      -89.8
58301      -85.6
58302      -86.2
58303      -88.7
58304      -91.6
58305      -93.4
58306      -96.6
58307      -98.1
58308      -99.2
58309     -100.5
58310      -99.1
58311     -101.1
58312     -100.1
58313      -99.9
58314      -97.5
58315      -96.6
58316      -98.2
58317     -100.3
58318     -101.1
58319     -103.2
58320     -104.7
58321     -104.1
58322     -105.9
58323     -108.6
58324     -110.0
58325     -113.2
58326     -114.2
58327     -117.2
58328     -116.9
58329     -115.4
58330     -117.6
58331     -118.3
58332     -120.1
58333     -122.2
58334     -120.6
58335     -124.5
58336     -125.4
58337     -128.0
58338     -130.4
58339     -131.7
58340     -131.2
58341     -135.5
58342     -136.3
58343     -139.0
58344     -138.3
58345     -139.6
58346     -142.4
58347     -146.4
58348     -148.9
58349     -151.7
58350     -150.8
58351     -157.1
58352     -160.8
58353     -160.1
58354     -161.6
58355     -163.7
58356     -167.5
58357     -168.2
58358     -168.2
58359     -171.7
58360     -173.1
58361     -175.0
58362     -176.9
58363     -175.0
58364     -176.8
58365     -178.4
58366     -180.1
58367     -182.4
58368     -187.2
58369     -186.6
58370     -192.0
58371     -194.5
58372     -194.0
58373     -196.3
58374     -199.3
58375     -202.6
58376     -201.1
58377     -200.2
58378     -199.4
58379     -204.8
58380     -204.0
58381     -206.6
58382     -205.3
58383     -205.9
58384     -204.1
58385     -205.5
58386     -205.4
58387     -206.8
58388     -205.4
58389     -208.5
58390     -211.9
58391     -212.9
58392     -214.8
58393     -217.0
58394     -217.2
58395     -216.4
58396     -217.5
58397     -217.8
58398     -216.6
58399     -219.4
58400     -221.2
58401     -225.0
58402     -225.3
58403     -223.9
58404     -227.5
58405     -232.5
58406     -233.7
58407     -234.7
58408     -235.2
58409     -233.8
58410     -235.7
58411     -236.3
58412     -236.6
58413     -238.9
58414     -239.5
58415     -237.1
58416     -240.4
58417     -243.2
58418     -246.1
58419     -248.4
58420     -250.6
58421     -252.5
58422     -250.5
58423     -257.9
58424     -261.2
58425     -263.6
58426     -264.8
58427     -266.5
58428     -266.0
58429     -266.2
58430     -266.6
58431     -267.4
58432     -270.9
58433     -272.0
58434     -273.5
58435     -275.2
58436     -279.0
58437     -282.4
58438     -282.5
58439     -285.1
58440     -286.3
58441     -288.8
58442     -294.2
58443     -297.4
58444     -298.2
58445     -301.1
58446     -303.3
58447     -304.8
58448     -304.5
58449     -304.6
58450     -305.5
58451     -307.3
58452     -308.7
58453     -309.4
58454     -311.5
58455     -309.7
58456     -313.1
58457     -315.1
58458     -317.5
58459     -318.2
58460     -319.4
58461     -317.2
58462     -316.4
58463     -317.2
58464     -318.7
58465     -317.7
58466     -319.0
58467     -321.4
58468     -323.9
58469     -324.5
58470     -327.1
58471     -332.3
58472     -334.3
58473     -336.0
58474     -334.9
58475     -337.3
58476     -340.3
58477     -341.8
58478     -341.7
58479     -341.8
58480     -344.1
58481     -348.8
58482     -351.7
58483     -352.2
58484     -356.7
58485     -358.5
58486     -362.5
58487     -363.6
58488     -365.8
58489     -367.1
58490     -369.1
58491     -372.1
58492     -369.1
58493     -370.6
58494     -371.5
58495     -372.7
58496     -377.2
58497     -377.3
58498     -379.5
58499     -381.0
58500     -382.3
58501     -382.3
58502     -384.4
58503     -384.6
58504     -387.9
58505     -391.2
58506     -392.6
58507     -394.6
58508     -394.1
58509     -395.4
58510     -393.9
58511     -393.5
58512     -391.4
58513     -393.3
58514     -395.4
58515     -396.8
58516     -398.2
58517     -402.6
58518     -406.5
58519     -409.4
58520     -411.3
58521     -413.9
58522     -415.3
58523     -417.3
58524     -419.8
58525     -422.1
58526     -424.2
58527     -426.8
58528     -427.7
58529     -427.7
58530     -429.5
58531     -429.7
58532     -431.2
58533     -434.3
58534     -432.6
58535     -433.9
58536     -437.5
58537     -440.5
58538     -441.1
58539     -446.0
58540     -445.5
58541     -447.0
58542     -449.6
58543     -448.9
58544     -446.9
58545     -449.0
58546     -451.5
58547     -453.3
58548     -455.2
58549     -456.0
58550     -457.2
58551     -457.1
58552     -459.5
58553     -460.9
58554     -461.1
58555     -465.5
58556     -468.0
58557     -470.2
58558     -472.2
58559     -472.4
58560     -474.2
58561     -475.2
58562     -480.0
58563     -481.8
58564     -485.8
58565     -491.6
58566     -492.5
58567     -495.4
58568     -498.6
58569     -499.9
58570     -500.7
58571     -502.4
58572     -504.0
58573     -505.8
58574     -506.1
58575     -507.9
58576     -509.0
58577     -507.8
58578     -510.6
58579     -511.9
58580     -513.3
58581     -511.3
58582     -512.7
58583     -513.8
58584     -517.7
58585     -520.4
58586     -521.8
58587     -523.8
58588     -525.2
58589     -529.8
58590     -532.0
58591     -533.4
58592     -534.5
58593     -535.7
58594     -541.0
58595     -542.6
58596     -545.2
58597     -547.0
58598     -548.0
58599     -547.5
58600     -550.3
58601     -550.0
58602     -551.8
58603     -549.4
58604     -549.5
58605     -551.7
58606     -554.0
58607     -555.8
58608     -558.2
58609     -559.0
58610     -559.4
58611     -560.5
58612     -559.4
58613     -560.6
58614     -564.8
58615     -565.1
58616     -569.8
58617     -572.7
58618     -571.9
58619     -571.5
58620     -574.9
58621     -575.1
58622     -575.4
58623     -575.0
58624     -573.9
58625     -577.5
58626     -576.8
58627     -582.2
58628     -582.5
58629     -584.8
58630     -589.8
58631     -591.6
58632     -592.4
58633     -592.1
58634     -595.2
58635     -595.2
58636     -593.1
58637     -594.9
58638     -596.2
58639     -596.3
58640     -598.9
58641     -601.2
58642     -601.9
58643     -604.1
58644     -608.5
58645     -610.6
58646     -612.6
58647     -611.7
58648     -612.1
58649     -613.2
58650     -612.3
58651     -615.9
58652     -615.5
58653     -618.9
58654     -618.8
58655     -622.0
58656     -623.3
58657     -619.1
58658     -622.4
58659     -622.3
58660     -622.2
58661     -621.1
58662     -621.8
58663     -626.2
58664     -626.6
58665     -627.8
58666     -626.6
58667     -624.0
58668     -625.5
58669     -626.1
58670     -628.3
58671     -631.1
58672     -632.4
58673     -632.4
58674     -632.9
58675     -635.2
58676     -635.4
58677     -637.6
58678     -642.1
58679     -641.4
58680     -642.2
58681     -644.0
58682     -644.2
58683     -645.3
58684     -646.1
58685     -646.4
58686     -648.5
58687     -646.7
58688     -651.9
58689     -649.9
58690     -652.1
58691     -655.3
58692     -659.5
58693     -660.4
58694     -662.4
58695     -665.9
58696     -666.6
58697     -667.8
58698     -670.6
58699     -671.1
58700     -670.0
58701     -671.7
58702     -671.7
58703     -676.0
58704     -676.3
58705     -676.3
58706     -677.7
58707     -679.9
58708     -684.0
58709     -683.3
58710     -681.9
58711     -684.6
58712     -686.1
58713     -688.7
58714     -693.3
58715     -696.8
58716     -699.2
58717     -704.2
58718     -707.2
58719     -708.4
58720     -707.5
58721     -707.2
58722     -707.2
58723     -707.9
58724     -709.3
58725     -712.3
58726     -717.1
58727     -720.9
58728     -723.4
58729     -724.5
58730     -724.1
58731     -726.4
58732     -726.8
58733     -728.4
58734     -731.6
58735     -734.3
58736     -732.5
58737     -730.5
58738     -732.4
58739     -736.3
58740     -736.8
58741     -737.8
58742     -739.5
58743     -744.0
58744     -749.9
58745     -752.0
58746     -754.4
58747     -756.9
58748     -757.3
58749     -756.7
58750     -758.6
58751     -759.3
58752     -763.0
58753     -765.2
58754     -766.7
58755     -769.3
58756     -770.2
58757     -771.8
58758     -772.1
58759     -774.8
58760     -777.3
58761     -782.4
58762     -784.0
58763     -787.8
58764     -788.8
58765     -792.4
58766     -792.3
58767     -791.6
58768     -794.3
58769     -793.8
58770     -796.2
58771     -799.3
58772     -800.8
58773     -803.1
58774     -803.9
58775     -805.5
58776     -807.1
58777     -809.4
58778     -814.0
58779     -818.4
58780     -818.9
58781     -817.1
58782     -819.1
58783     -818.7
58784     -823.8
58785     -826.3
58786     -826.4
58787     -828.6
58788     -833.3
58789     -836.6
58790     -837.6
58791     -839.1
58792     -838.4
58793     -837.1
58794     -840.4
58795     -844.7
58796     1358.1
58797     1354.4
58798     1355.6
58799     1352.1
58800     1350.2
58801     1350.4
58802     1349.3
58803     1344.0
58804     1344.3
58805     1342.6
58806     1338.8
58807     1338.0
58808     1334.1
58809     1329.3
58810     1327.4
58811     1327.1
58812     1322.9
58813     1321.3
58814     1318.6
58815     1317.7
58816     1316.6
58817     1317.7
58818     1272.9
58819     1254.7
58820     1236.8
58821     1217.4
58822     1199.4
58823     1182.6
58824     1165.7
58825     1148.9
58826     1130.3
58827     1114.2
58828     1097.6
58829     1078.8
58830     1058.4
58831     1038.7
58832     1021.6
58833     1004.1
58834      987.8
58835      969.1
58836      951.1
58837      935.6
58838      920.9
58839      902.6
58840      886.2
58841      869.2
58842      854.4
58843      836.9
58844      821.7
58845      800.6
58846      782.3
58847      764.3
58848      743.6
58849      728.2
58850      712.4
58851      694.1
58852      677.3
58853      657.7
58854      640.4
58855      619.5
58856      603.7
58857      587.5
58858      573.6
58859      556.6
58860      536.5
58861      514.6
58862      495.6
58863      481.3
58864      461.5
58865      444.1
58866      426.9
58867      409.0
58868      388.8
58869      370.5
58870      350.9
58871      333.5
58872      315.4
58873      296.7
58874      277.0
58875      256.8
58876      238.3
58877      221.6
58878      204.0
58879      183.2
58880      164.1
58881      144.3
58882      128.1
58883      107.1
58884       89.1
58885       70.5
58886       51.4
58887       32.3
58888       12.5
58889       -5.4
58890      -10.5
58891       -9.6
58892      -10.6
58893      -13.1
58894      -14.0
58895      -12.3
58896      -11.7
58897      -10.8
58898      -10.1
58899       -8.4
58900       -8.5
58901       -9.2
58902       -5.3
58903       -5.9
58904       -5.7
58905       -5.2
58906       -5.0
58907       -6.2
58908       -8.1
58909       -3.1
58910       -0.7
58911       -2.0
58912       -3.3
58913       -0.9
58914       -2.3
58915       -3.5
58916       -2.0
58917       -3.1
58918       -0.3
58919        1.2
58920        3.4
58921        4.4
58922        8.5
58923        8.3
58924        9.3
58925        8.6
58926        9.0
58927        8.4
58928        7.6
58929        7.2
58930        7.6
58931        6.2
58932        4.8
58933        4.8
58934        3.6
58935        5.1
58936        7.2
58937        8.9
58938       11.0
58939       15.4
58940       18.6
58941       19.5
58942       18.9
58943       19.7
58944       23.5
58945       24.4
58946       22.8
58947       22.2
58948       21.8
58949       28.7
58950       27.6
58951       25.1
58952       23.0
58953       27.4
58954       29.3
58955       29.2
58956       30.0
58957       30.0
58958       29.9
58959       33.4
58960       33.7
58961       34.1
58962       33.2
58963       35.2
58964          -
58965       35.4
58966       39.1
58967       40.1
58968       38.6
58969       38.9
58970       37.0
58971       36.8
58972       34.6
58973       31.1
58974       29.8
58975       25.6
58976       26.3
58977       28.1
58978       30.0
58979       31.9
58980       31.0
58981       30.8
58982       30.5
58983       30.8
58984       30.5
58985       31.7
58986       29.9
58987       33.3
58988       34.1
58989       36.4
58990       37.0
58991       37.4
58992       34.8
58993       34.8
58994       31.9
58995       31.3
58996       33.3
58997       34.0
58998       35.9
58999       37.0
59000       37.0
59001       37.4
59002       39.7
59003       43.1
59004       44.3
59005       41.6
59006       43.3
59007       42.9
59008       43.5
59009       43.6
59010       44.0
59011       44.1
59012       47.5
59013       46.5
59014       45.2
59015       46.3
59016       45.4
59017       45.9
59018       45.1
59019       46.7
59020       48.1
59021       50.3
59022       50.9
59023       50.3
59024       49.3
59025       47.2
59026       49.2
59027       46.9
59028       49.3
59029       51.3
59030       52.4
59031       56.2
59032       58.5
59033       58.4
59034       56.1
59035       56.1
59036       55.7
59037       60.0
59038       60.9
59039       63.3
59040       60.9
59041       60.6
59042       63.8
59043       62.6
59044       63.5
59045       62.8
59046       66.8
59047       67.2
59048       63.6
59049       62.8
59050       63.3
59051       63.3
59052       65.4
59053       65.5
59054       67.2
59055       68.5
59056       70.3
59057       70.2
59058       68.8
59059       71.2
59060       72.5
59061       70.7
59062       71.1
59063       71.3
59064       75.9
59065       75.7
59066       73.7
59067       70.9
59068       73.9
59069       77.0
59070       75.8
59071       78.6
59072       83.5
59073       84.0
59074       84.6
59075       84.1
59076       86.2
59077       88.4
59078       90.4
59079       90.8
59080       92.6
59081       94.8
59082       92.4
59083       94.1
59084       96.9
59085       96.3
59086       95.6
59087       95.0
59088       92.4
59089       92.8
59090       95.1
59091       90.3
59092       89.1
59093       87.7
59094       86.5
59095       84.6
59096       84.3
59097       85.0
59098       86.7
59099       85.3
59100       89.6
59101       89.9
59102       90.6
59103       91.5
59104       89.8
59105       90.6
59106       91.2
59107       93.0
59108       93.2
59109       94.4
59110       95.2
59111       96.0
59112       97.5
59113      100.7
59114      101.1
59115      101.2
59116      101.5
59117      100.9
59118       96.5
59119       97.6
59120       99.7
59121      102.0
59122      103.7
59123      103.0
59124      102.9
59125      102.9
59126      103.0
59127      101.2
59128      102.6
59129      106.1
59130      107.5
59131      107.8
59132      108.0
59133      110.6
59134      111.2
59135      113.7
59136      112.9
59137      114.7
59138      114.3
59139      108.2
59140      112.5
59141      116.8
59142      117.2
59143      116.1
59144      115.1
59145      117.5
59146      116.0
59147      114.6
59148      115.1
59149      115.0
59150      115.9
59151      117.8
59152      118.0
59153      118.4
59154      121.1
59155      121.6
59156      119.8
59157      121.0
59158      119.1
59159      121.3
59160      122.8
59161      122.9
59162      120.0
59163      120.3
59164      121.7
59165      121.0
59166      121.5
59167      125.8
59168      128.0
59169      130.3
59170      131.0
59171      131.4
59172      133.5
59173      134.5
59174      134.3
59175      134.3
59176      136.6
59177      136.1
59178      139.5
59179      140.3
59180      141.1
59181      144.9
59182      143.6
59183      146.4
59184      146.8
59185      146.1
59186      147.1
59187      147.2
59188      144.7
59189      144.2
59190      144.6
59191      145.8
59192      145.9
59193      146.9
59194      149.8
59195      148.2
59196      150.3
59197      150.8
59198      152.9
59199          -
59200      202.2
59201      205.3
59202      208.8
59203      207.4
59204      211.0
59205      208.9
59206      211.1
59207      211.4
59208      213.4
59209      215.1
59210      217.2
59211      219.8
59212      221.8
59213      224.3
59214      225.0
59215      226.4
59216      226.5
59217      230.2
59218      229.6
59219      228.8
59220      229.8
59221      228.5
59222      227.5
59223      227.8
59224      229.3
59225      228.0
59226      228.1
59227      227.0
59228      227.9
59229      229.3
59230      229.6
59231      231.9
59232      234.6
59233      234.6
59234      234.3
59235      236.7
59236      239.2
59237      239.7
59238      243.3
59239      241.9
59240      243.9
59241      243.8
59242      242.9
59243      243.6
59244      246.8
59245      247.5
59246      248.4
59247      249.3
59248      249.5
59249      250.6
59250      252.8
59251      253.9
59252      256.4
59253      257.4
59254      257.3
59255      259.1
59256      260.1
59257      263.3
59258      267.2
59259      266.8
59260      267.7
59261      269.0
59262      270.4
59263      271.5
59264      273.8
59265      273.7
59266      272.7
59267      272.1
59268      274.4
59269      277.1
59270      282.4
59271      277.5
59272      278.0
59273      276.9
59274      278.4
59275      281.7
59276      282.1
59277      282.1
59278      278.9
59279      280.9
59280      284.8
59281      282.5
59282      280.7
59283      282.9
59284      282.8
59285      282.4
59286      277.0
59287      278.2
59288      283.2
59289      284.9
59290      285.6
59291      285.5
59292      284.6
59293      286.0
59294      285.7
59295      286.0
59296      284.7
59297      285.7
59298      285.0
59299      288.3
59300      288.8
59301      292.4
59302      291.0
59303      291.8
59304      293.4
59305      294.9
59306      292.6
59307      294.2
59308      293.3
59309      294.6
59310      297.4
59311      297.7
59312      299.9
59313      301.9
59314      298.0
59315      301.1
59316      301.6
59317      297.3
59318      297.4
59319      300.2
59320      301.5
59321      303.8
59322      303.9
59323      306.4
59324      307.9
59325      308.9
59326      307.3
59327      307.2
59328      305.8
59329      305.0
59330      306.5
59331      307.6
59332      305.7
59333      305.8
59334      304.9
59335      302.5
59336      301.9
59337      303.4
59338      305.7
59339      305.5
59340      302.8
59341          -
59342          -
59343          -
59344      302.9
59345      304.4
59346      306.3
59347      305.6
59348      305.1
59349      308.0
59350      307.9
59351      309.8
59352      309.4
59353      307.8
59354      311.4
59355      309.5
59356      310.4
59357      312.9
59358      314.4
59359      312.8
59360      314.3
59361      314.8
59362      317.3
59363      319.7
59364      318.5
59365      319.7
59366      318.5
59367      317.8
59368      317.9
59369      319.0
59370      321.9
59371      320.2
59372      324.7
59373      323.0
59374      324.7
59375      322.2
59376      322.2
59377      323.9
59378      320.3
59379      320.1
59380      322.2
59381      320.9
59382      321.3
59383      318.6
59384      316.6
59385      320.5
59386      321.1
59387      316.5
59388      314.8
59389      316.1
59390      316.6
59391      315.7
59392      314.7
59393      317.3
59394      316.5
59395      315.8
59396      315.7
59397      317.3
59398      314.6
59399      316.4
59400      315.6
59401      317.4
59402      315.6
59403      314.2
59404      313.7
59405      313.6
59406      314.4
59407      314.7
59408      316.1
59409      315.2
59410      315.7
59411      318.9
59412      323.4
59413      322.7
59414      324.1
59415      324.3
59416      323.4
59417      324.8
59418      324.6
59419      326.2
59420      325.8
59421      326.9
59422      323.4
59423      322.4
59424      324.7
59425      324.3
59426      326.3
59427      324.5
59428      325.4
59429      326.8
59430      325.5
59431      328.8
59432      328.4
59433      331.2
59434      333.1
59435      333.1
59436      333.5
59437      333.3
59438      332.2
59439      333.1
59440      334.8
59441      333.9
59442      336.5
59443      337.2
59444      338.0
59445      339.6
59446      341.2
59447      340.2
59448      341.0
59449      340.3
59450      338.6
59451      336.9
59452      341.7
59453      344.2
59454      346.5
59455      346.5
59456      346.2
59457      348.1
59458      346.2
59459      346.1
59460      344.2
59461      343.1
59462      343.0
59463      342.3
59464      342.6
59465      338.0
59466      337.1
59467      336.4
59468      336.7
59469      337.0
59470      334.8
59471      336.7
59472      337.8
59473      338.8
59474      337.0
59475      338.6
59476      338.6
59477      337.6
59478      337.3
59479      341.9
59480      344.1
59481      342.5
59482      340.7
59483      340.2
59484      338.9
59485      340.5
59486      339.6
59487      341.7
59488      338.8
59489      341.0
59490      339.0
59491      340.0
59492      337.7
59493      338.7
59494      338.4
59495      339.9
59496      337.3
59497      332.8
59498      333.6
59499      333.7
59500      335.2
59501      337.1
59502      334.1
59503      334.4
59504      335.8
59505      335.5
59506      334.3
59507      334.6
59508      333.1
59509      331.4
59510      330.1
59511      332.4
59512      330.5
59513      330.2
59514      329.9
59515      329.2
59516      327.1
59517      324.6
59518      323.2
59519      322.5
59520      320.7
59521      321.2
59522      324.4
59523      320.5
59524      321.2
59525      319.5
59526      321.0
59527      322.6
59528      326.0
59529      327.1
59530      327.7
59531      328.5
59532      329.8
59533      327.6
59534      325.9
59535      325.3
59536      326.0
59537      329.0
59538      327.0
59539      326.4
59540      325.1
59541      326.8
59542      326.6
59543      328.2
59544      327.7
59545      328.2
59546      326.8
59547      327.2
59548      327.2
59549      328.0
59550      330.7
59551      330.6
59552      327.8
59553      325.9
59554      327.6
59555      328.9
59556      328.7
59557      329.1
59558      329.1
59559      330.5
59560      328.5
59561      325.8
59562      324.8
59563      323.2
59564      322.0
59565      319.2
59566      321.8
59567      320.8
59568      320.7
59569      320.4
59570      319.5
59571      321.2
59572      321.0
59573      320.6
59574      319.9
59575      322.4
59576      322.0
59577      323.7
59578      325.2
59579      327.4
59580      328.9
59581      327.5
59582      330.4
59583      331.5
59584      330.0
59585      326.8
59586      325.4
59587      326.1
59588      325.7
59589      321.7
59590      323.8
59591      323.7
59592      323.6
59593      323.4
59594      324.1
59595      323.7
59596      320.8
59597      323.5
59598      322.8
59599      321.5
59600      324.2
59601      320.9
59602      320.5
59603      319.8
59604      318.3
59605      317.3
59606      314.7
59607      316.0
59608      315.6
59609      312.2
59610      313.0
59611      316.9
59612      314.1
59613      309.9
59614      306.2
59615      304.7
59616      305.4
59617      309.1
59618      307.4
59619      305.4
59620      302.9
59621      305.4
59622      305.3
59623      303.9
59624      305.6
59625      304.0
59626      302.4
59627      303.7
59628      303.0
59629      302.0
59630      299.5
59631          -
59632      300.0
59633      301.2
59634      301.8
59635      302.0
59636      298.5
59637      298.9
59638      298.7
59639      297.2
59640      296.8
59641      293.6
59642      293.2
59643      293.4
59644      292.6
59645      292.4
59646      292.6
59647      289.9
59648      288.6
59649      288.6
59650      285.5
59651      284.2
59652      284.2
59653      283.8
59654      282.0
59655      280.5
59656      280.3
59657      278.4
59658      277.7
59659      278.6
59660      279.5
59661      279.6
59662      279.0
59663      278.0
59664      280.0
59665      282.1
59666      281.1
59667      276.4
59668      275.2
59669      273.7
59670      272.5
59671      268.7
59672      263.6
59673      259.7
59674      257.8
59675      257.2
59676      256.6
59677      256.3
59678      254.4
59679      255.5
59680      256.2
59681      256.5
59682      254.7
59683      253.0
59684      256.8
59685      254.9
59686      252.6
59687      249.9
59688      247.1
59689      250.0
59690      249.7
59691      247.8
59692      245.8
59693      243.2
59694      244.0
59695      240.5
59696      239.3
59697      238.2
59698      235.1
59699      236.1
59700      235.5
59701      233.8
59702      233.0
59703      231.4
59704      231.3
59705      227.7
59706      226.3
59707      223.3
59708      221.3
59709      218.1
59710      216.3
59711      213.2
59712      211.0
59713      211.1
59714      212.2
59715      207.3
59716      206.3
59717      205.9
59718      200.8
59719      200.8
59720      198.4
59721      195.1
59722      190.9
59723      190.0
59724      186.1
59725      183.9
59726      180.2
59727      177.8
59728      175.5
59729      169.2
59730      164.0
59731      163.3
59732      162.1
59733      162.5
59734      161.1
59735      160.5
59736      157.9
59737      161.1
59738      161.1
59739      159.3
59740      156.6
59741      154.4
59742      150.9
59743      150.1
59744      151.2
59745      145.5
59746      141.0
59747      139.4
59748      135.9
59749      134.7
59750      128.4
59751      126.2
59752      125.7
59753      123.7
59754      119.0
59755      119.0
59756      117.8
59757      117.1
59758      116.1
59759      113.6
59760      111.6
59761      111.2
59762      111.0
59763      110.3
59764      103.6
59765      102.6
59766       98.4
59767       96.2
59768       94.6
59769       92.5
59770       90.9
59771       87.8
59772       85.3
59773       83.8
59774       84.5
59775       83.0
59776       83.3
59777       84.7
59778       85.3
59779       84.7
59780       82.6
59781       80.1
59782       78.0
59783       77.0
59784       74.4
59785       71.0
59786       72.2
59787       69.6
59788       67.3
59789       61.6
59790       59.2
59791       54.9
59792       51.4
59793       50.9
59794       46.7
59795       44.9
59796       45.5
59797       46.0
59798       45.3
59799       44.4
59800       39.2
59801       36.9
59802       38.9
59803       35.8
59804       30.9
59805       27.5
59806       25.0
59807       26.8
59808       27.1
59809       20.7
59810       19.9
59811       16.6
59812       15.6
59813       11.7
59814        9.1
59815        8.0
59816        7.1
59817        2.6
59818        0.3
59819       -2.7
59820       -9.2
59821      -14.6
59822      -16.7
59823          -
59824      -18.8
59825      -23.0
59826      -23.1
59827      -25.8
59828      -28.7
59829      -30.3
59830      -36.0
59831      -40.1
59832      -41.6
59833      -45.1
59834      -48.4
59835      -45.0
59836      -47.2
59837      -48.1
59838      -55.4
59839      -57.2
59840      -54.6
59841      -56.3
59842      -61.7
59843      -67.8
59844      -71.6
59845      -75.7
59846      -76.0
59847      -77.0
59848      -78.4
59849      -82.5
59850      -87.0
59851      -91.2
59852      -94.3
59853      -94.9
59854      -97.8
59855     -103.6
59856     -106.0
59857     -110.6
59858     -116.7
59859     -121.7
59860     -122.1
59861     -124.6
59862     -131.9
59863     -134.9
59864     -139.5
59865     -141.5
59866     -139.6
59867     -145.0
59868     -149.0
59869     -151.7
59870     -148.8
59871     -153.1
59872     -153.0
59873     -156.6
59874     -154.7
59875     -152.2
59876     -155.3
59877     -160.8
59878     -161.9
59879     -166.0
59880     -170.4
59881     -173.3
59882     -177.2
59883     -177.3
59884     -176.9
59885     -177.7
59886     -180.5
59887     -182.3
59888     -181.9
59889     -183.1
59890     -186.2
59891     -184.6
59892     -185.5
59893     -186.4
59894     -187.9
59895     -186.5
59896     -189.5
59897     -192.9
59898     -195.4
59899     -199.3
59900     -203.1
59901     -203.7
59902     -207.2
59903     -211.5
59904     -210.4
59905     -210.4
59906     -211.0
59907     -212.9
59908     -215.7
59909     -217.1
59910     -221.1
59911     -223.7
59912     -221.4
59913     -224.2
59914     -223.8
59915     -224.2
59916     -224.7
59917     -228.9
59918     -232.2
59919     -236.0
59920     -239.3
59921     -239.8
59922     -240.9
59923     -243.3
59924     -245.4
59925     -248.8
59926     -249.7
59927     -252.3
59928     -256.6
59929     -258.7
59930     -258.1
59931     -261.5
59932     -262.3
59933     -263.1
59934     -264.6
59935     -266.4
59936     -266.5
59937     -269.8
59938     -272.8
59939     -274.7
59940     -278.5
59941     -282.6
59942     -286.6
59943     -288.6
59944     -290.6
59945     -293.9
59946     -296.2
59947     -294.7
59948     -294.6
59949     -296.6
59950     -298.1
59951     -299.1
59952     -298.6
59953     -300.0
59954     -304.4
59955     -306.9
59956     -306.6
59957     -310.1
59958     -313.5
59959     -316.8
59960     -318.7
59961     -318.2
59962     -321.6
59963     -323.4
59964     -328.5
59965     -329.4
59966     -334.4
59967     -335.0
59968     -338.5
59969     -341.6
59970     -347.1
59971     -349.6
59972     -350.8
59973     -351.1
59974     -353.1
59975     -355.1
59976     -353.9
59977     -356.3
59978     -359.0
59979     -361.2
59980     -367.5
59981     -371.8
59982     -376.7
59983     -376.3
59984     -377.0
59985     -377.9
59986     -378.6
59987     -380.8
59988     -383.0
59989     -385.2
59990     -387.3
59991     -387.6
59992     -386.8
59993     -386.1
59994     -387.5
59995     -393.3
59996     -394.7
59997     -394.0
59998     -392.3
59999     -393.2
60000     -393.4
60001     -396.4
60002     -401.1
60003     -397.2
60004     -399.2
60005     -402.1
60006     -404.2
60007     -403.6
60008     -404.0
60009     -410.3
60010     -411.3
60011     -414.8
60012     -418.5
60013     -421.7
60014     -424.9
60015     -425.0
60016     -430.8
60017     -434.3
60018     -434.3
60019     -434.7
60020     -433.9
60021     -430.8
60022     -434.5
60023     -440.7
60024     -443.6
60025     -445.2
60026     -447.3
60027     -450.7
60028     -451.2
60029     -451.1
60030     -456.7
60031     -454.4
60032     -118.0
60033     -115.0
60034     -115.2
60035     -112.3
60036     -110.1
60037     -112.9
60038     -109.3
60039     -109.3
60040     -108.8
60041     -108.1
60042     -102.4
60043      -97.0
60044      -96.7
60045      -96.7
60046      -96.5
60047      -94.6
60048      -92.8
60049      -87.5
60050      -84.9
60051      -85.9
60052      -84.5
60053      -82.3
60054      -80.9
60055      -78.1
60056      -73.3
60057      -70.0
60058      -71.1
60059      -69.5
60060      -67.6
60061      -66.9
60062      -61.4
60063      -58.2
60064      -57.8
60065      -54.1
60066      -51.6
60067      -47.3
60068      -44.2
60069      -44.8
60070      -45.5
60071      -44.2
60072      -48.1
60073      -42.0
60074      -40.0
60075      -41.3
60076      -41.2
60077      -36.6
60078      -33.1
60079      -31.7
60080      -28.8
60081      -28.4
60082      -26.9
60083      -26.1
60084          -
60085      -20.7
60086      -18.8
60087      -16.8
60088      -14.9
60089      -13.7
60090      -10.2
60091       -6.7
60092       -6.2
60093       -4.1
60094       -1.8
60095        1.5
60096        3.9
60097        4.2
60098        5.8
60099        5.1
60100        7.6
60101        7.9
60102        9.9
60103       11.8
60104       10.0
60105       14.2
60106       15.7
60107       18.9
60108       20.4
60109       18.9
60110       19.4
60111       21.7
60112       24.7
60113       28.6
60114       31.8
60115       35.1
60116       36.5
60117       39.4
60118       42.5
60119       43.3
60120       49.5
60121       51.7
60122       55.7
60123       58.3
60124       59.1
60125       61.9
60126       65.7
60127       68.5
60128       69.9
60129       76.4
60130       80.1
60131       81.7
60132       82.0
60133       83.6
60134       84.8
60135       86.4
60136       88.3
60137       90.8
60138       96.0
60139      100.7
60140      100.2
60141      105.1
60142      109.1
60143      109.7
60144      113.7
60145      115.2
60146      120.1
60147      123.2
60148      124.3
60149      126.9
60150      133.3
60151      136.5
60152      139.2
60153      141.2
60154      144.8
60155      147.2
60156      149.2
60157      150.1
60158      151.9
60159      151.3
60160      155.2
60161      160.5
60162      163.2
60163      385.2
60164      387.3
60165      388.9
60166      390.4
60167      393.7
60168      396.1
60169      398.9
60170      400.7
60171      404.2
60172      406.4
60173      408.9
60174      411.5
60175      414.9
60176      414.2
60177      415.4
60178      417.3
60179      419.8
60180      421.8
60181      425.5
60182      431.7
60183      435.5
60184      434.4
60185      438.6
60186      441.0
60187      442.7
60188      446.1
60189      450.9
60190      451.5
60191      451.2
60192      452.4
60193      456.8
60194      461.2
60195      464.5
60196      466.7
60197      468.9
60198      469.8
60199      473.6
60200      477.8
60201      477.4
60202      483.7
60203          -
60204      487.6
60205      489.0
60206      489.5
60207      491.1
60208      492.6
60209      498.0
60210      503.4
60211      505.4
60212      505.6
60213      507.2
60214      508.9
60215      511.6
60216      512.9
60217      513.6
60218      519.2
60219      522.4
60220      524.2
60221      528.9
60222      532.9
60223      533.0
60224      537.6
60225      541.4
60226      542.1
60227      547.8
60228      549.8
60229      552.9
60230          -
60231      564.0
60232      568.1
60233      570.6
60234      573.8
60235      576.4
60236      579.1
60237      581.5
60238      586.0
60239      590.3
60240      591.3
60241      593.0
60242      596.8
60243      599.3
60244      602.0
60245      603.3
60246      608.4
60247      611.3
60248      613.0
60249      614.9
60250      616.1
60251      618.9
60252      622.5
60253      624.0
60254      624.4
60255      628.8
60256      630.1
60257      631.9
60258      632.4
60259      637.0
60260      640.8
60261      637.5
60262      640.5
60263      641.7
60264      645.3
60265      646.5
60266      650.5
60267      653.8
60268      653.2
60269      654.9
60270      658.1
60271      662.4
60272      665.1
60273      668.2
60274      672.0
60275      673.9
60276      676.6
60277      678.2
60278      685.0
60279      686.3
60280      688.5
60281      691.7
60282      690.4
60283      693.5
60284      694.6
60285      695.9
60286      699.6
60287      702.9
60288          -
60289          -
60290      710.3
60291      715.7
60292      718.8
60293      719.7
60294      723.7
60295      729.6
60296      732.0
60297      734.9
60298      736.7
60299      740.5
60300      744.7
60301      747.8
60302      749.6
60303      747.2
60304      750.1
60305      754.1
60306      756.7
60307      758.9
60308      761.7
60309      764.0
60310      765.6
60311      766.8
60312      767.8
60313      770.5
60314      775.2
60315      777.5
60316      782.3
60317      781.9
60318      783.7
60319      783.0
60320      783.0
60321      786.3
60322      789.5
60323      789.6
60324      791.9
60325      796.0
60326      795.1
60327      796.9
60328      798.9
60329      804.5
60330      806.2
60331      809.7
60332      813.5
60333      815.4
60334      818.2
60335      816.6
60336      817.2
60337      820.7
60338      821.2
60339      825.1
60340      827.3
60341      829.3
60342      833.7
60343      833.8
60344      834.8
60345      838.3
60346      835.8
60347      838.9
60348      839.9
60349      845.0
60350      847.6
60351      852.0
60352      852.8
60353      856.6
60354      859.5
60355      858.9
60356      864.4
60357      869.0
60358      874.9
60359      878.0
60360      880.6
60361      885.0
60362      887.4
60363      890.8
60364      896.8
60365      901.1
60366      902.8
60367      906.1
60368      909.4
60369      912.2
60370      916.0
60371      919.4
60372      922.7
60373      922.1
60374      927.3
60375      929.1
60376      928.4
60377      930.5
60378      933.5
60379      936.0
60380      939.6
60381      942.5
60382      943.1
60383      945.3
60384      947.2
60385      950.8
60386      955.5
60387      955.8
60388      956.9
60389      960.5
60390      964.3
60391      969.3
60392      974.3
60393      978.4
60394      978.8
60395      981.4
60396      982.6
60397      985.4
60398      985.4
60399      991.7
60400      995.1
60401      996.3
60402     1000.5
60403     1004.6
60404     1007.4
60405     1012.0
60406     1016.2
60407     1017.9
60408     1020.0
60409     1023.2
60410     1024.1
60411     1025.0
60412     1026.7
60413     1029.3
60414     1031.3
60415     1034.7
60416     1039.6
60417     1042.2
60418     1047.0
60419     1050.8
60420     1056.7
60421     1063.3
60422     1064.3
60423     1061.9
60424     1066.4
60425     1072.5
60426     1076.8
60427     1078.9
60428     1083.0
60429     1082.0
60430     1086.3
60431     1092.6
60432     1096.7
60433     1101.0
60434     1106.0
60435     1109.3
60436     1112.7
60437     1116.7
60438     1122.2
60439     1124.7
60440     1130.1
60441     1132.9
60442     1138.9
60443     1140.3
60444     1144.2
60445     1146.2
60446     1152.2
60447     1157.8
60448     1160.9
60449     1164.3
60450     1161.5
60451     1165.5
60452     1171.6
60453     1179.3
60454     1183.0
60455     1184.9
60456     1187.5
60457     1189.8
60458     1191.9
60459     1193.3
60460     1196.4
60461     1198.5
60462     1203.4
60463     1202.6
60464     1200.2
60465     1204.6
60466     1213.0
60467     1215.2
60468     1213.4
60469     1218.3
60470     1223.1
60471     1223.5
60472     1229.2
60473     1232.7
60474     1238.3
60475     1242.4
60476     1241.5
60477     1245.7
60478     1249.7
60479     1253.5
60480     1257.8
60481     1260.1
60482     1262.8
60483     1264.0
60484     1263.7
60485     1269.0
60486     1269.5
60487     1271.0
60488     1273.3
60489     1276.7
60490     1280.7
60491     1282.7
60492          -
60493     1289.0
60494     1288.1
60495     1292.4
60496     1294.3
60497     1296.4
60498     1294.8
60499     1296.9
60500     1298.9
60501     1301.5
60502     1304.2
60503     1308.2
60504     1311.1
60505     1311.5
60506     1315.2
60507     1316.4
60508     1320.4
60509     1323.9
60510     1328.1
60511     1333.5
60512     1336.1
60513     1339.3
60514     1344.4
60515     1346.0
60516     1344.9
60517     1350.7
60518     1352.1
60519     1356.5
60520     1359.6
60521     1365.2
60522     1368.4
60523     1371.8
60524     1372.6
60525     1373.3
60526     1374.9
60527     1376.6
60528     1379.0
60529     1382.2
60530     1383.2
60531     1383.6
60532     1389.1
60533     1394.9
60534     1392.5
60535     1395.4
60536     1399.4
60537     1401.8
60538     1403.7
60539     1408.0
60540     1410.5
60541     1413.8
60542     1417.1
60543     1420.8
60544     1427.3
60545     1430.4
60546     1434.6
60547     1441.5
60548     1442.4
60549     1447.1
60550     1449.3
60551     1450.5
60552     1453.6
60553     1461.3
60554     1464.8
60555     1462.5
60556     1468.9
60557     1472.9
60558     1480.0
60559     1483.0
60560     1484.0
60561     1489.3
60562     1491.5
60563     1496.3
60564     1499.3
60565     1506.1
60566     1513.0
60567     1516.8
60568     1517.9
60569     1517.8
60570     1519.5
60571     1524.0
60572     1528.8
60573     1534.0
60574     1538.8
60575     1543.1
60576     1544.2
60577     1546.1
60578     1550.4
60579     1551.2
60580     1555.9
60581     1559.1
60582     1560.8
60583     1560.2
60584     1565.8
60585     1573.0
60586     1575.0
60587     1579.9
60588     1586.1
60589     1589.8
60590     1590.0
60591     1595.0
60592     1598.3
60593     1602.1
60594     1604.9
60595     1607.9
60596     1611.1
60597     1611.7
60598     1615.6
60599     1619.8
60600     1623.8
60601     1626.7
60602     1634.5
60603     1637.3
60604     1637.0
60605     1639.3
60606     1644.0
60607     1652.1
60608     1656.8
60609     1662.8
60610     1662.5
60611     1664.7
60612     1668.5
60613     1672.1
60614     1679.1
60615     1685.5
60616     1690.2
60617     1691.0
60618     1699.3
60619     1708.1
60620     1713.0
60621     1715.7
60622     1721.7
60623     1726.3
60624     1733.0
60625     1736.9
60626     1741.0
60627     1742.7
60628     1750.4
60629     1754.0
60630     1758.0
60631     1761.7
60632     1765.5
60633     1768.5
60634     1774.0
60635     1776.3
60636     1782.0
60637     1784.7
60638     1786.3
60639     1787.9
60640     1789.0
60641     1795.8
60642     1801.2
60643     1803.0
60644     1803.7
60645     1807.5
60646     1812.8
60647     1816.5
60648     1816.0
60649     1819.7
60650     1823.4
60651     1829.8
60652     1829.8
60653     1830.4
60654     1833.4
60655     1839.5
60656     1841.9
60657     1844.8
60658     1848.0
60659     1852.5
60660     1853.3
60661     1855.2
60662     1860.5
60663     1864.7
60664     1867.9
60665     1870.0
60666     1872.6
60667     1877.4
60668     1882.0
60669     1885.2
60670     1889.2
60671     1892.9
60672     1899.0
60673     1903.7
60674     1909.1
60675     1908.7
60676     1911.4
60677     1916.8
60678     1923.6
60679     1928.2
60680     1930.6
60681     1935.1
60682     1940.2
60683     1945.2
60684     1951.4
60685     1957.1
60686     1960.5
60687     1963.9
60688     1965.0
60689     1972.7
60690     1975.5
60691     1979.1
60692     1984.8
60693     1987.7
60694     1994.6
60695     1997.0
60696     2001.6
60697     2006.5
60698     2010.5
60699     2016.4
60700     2020.6
60701     2025.7
60702     2029.7
60703     2035.5
60704     2040.2
60705     2043.4
60706     2044.8
60707     2050.8
60708     2057.5
60709     2060.3
60710     2064.7
60711     2067.3
60712     2072.8
60713     2079.6
60714     2082.7
60715     2089.0
60716     2089.9
60717     2096.0
60718     2101.7
60719     2104.9
60720     2111.2
60721     2114.7
60722     2118.4
60723     2118.9
60724     2121.0
60725     2126.2
60726     2128.2
60727     2132.2
60728     2138.2
60729     2139.2
60730     2141.9
60731     2143.4
60732     2147.1
60733     2151.0
60734     2156.7
60735     2166.1
60736     2169.8
60737     2176.4
60738     2180.7
60739     2184.4
60740     2189.6
60741     2194.8
60742     2198.1
60743     2203.9
60744     2206.6
60745     2211.0
60746     2216.3
60747     2218.7
60748     2223.9
60749     2228.0
60750     2232.1
60751     2232.8
60752     2235.7
60753     2240.7
60754     2246.6
60755     2249.8
60756     2255.5
60757     2261.6
60758     2264.7
60759     2269.1
60760     2272.4
60761     2277.5
60762     2280.6
60763     2283.4
60764     2288.6
60765     2291.5
60766     2293.9
60767     2294.8
60768     2301.4
60769     2306.8
60770     2310.5
60771     2313.3
60772     2315.2
60773     2321.9
60774     2324.9
60775     2327.9
60776     2334.1
60777     2339.4
60778     2338.8
60779     2340.6
60780     2345.5
60781     2350.3
60782     2353.1
60783     2354.1
60784     2359.5
60785     2361.4
60786     2364.6
60787     2370.7
60788     2375.2
60789     2378.5
60790     2379.9
60791     2381.9
60792     2388.7
60793     2394.0
60794     2396.2
60795     2402.5
60796     2406.1
60797     2407.6
60798     2414.4
60799     2414.6
60800     2417.9
60801     2423.8
60802     2428.0
60803     2433.4
60804     2435.3
60805     2438.6
60806     2444.9
60807     2453.0
60808     2458.8
60809     2465.1
60810     2468.2
60811     2472.3
60812     2476.4
60813     2483.4
60814     2484.2
60815     2486.3
60816     2490.9
60817     2494.5
60818     2499.2
60819     2503.9
60820     2508.6
60821     2512.4
60822     2514.5
60823     2520.5
60824     2526.9
60825     2530.9
60826     2536.7
60827     2539.0
60828     2541.1
60829     2543.2
60830     2548.0
60831     2552.3
60832     2557.7
60833     2561.6
60834     2565.2
60835     2569.6
60836     2572.5
60837     2574.9
60838     2577.7
60839     2579.4
60840     2585.3
60841     2591.9
60842     2595.5
60843     2599.1
60844     2606.0
60845     2611.9
60846     2615.3
60847     2617.9
60848     2622.4
60849     2622.9
60850     2626.6
60851     2630.7
60852     2638.3
60853     2643.5
60854     2649.5
60855     2655.6
60856     2658.6
60857     2663.2
60858     2665.9
60859     2670.6
60860     2675.8
60861     2680.9
60862     2685.0
60863     2687.1
60864     2691.4
60865     2691.6
60866     2696.3
60867     2702.9
60868     2710.9
60869     2715.9
60870     2714.9
60871     2720.7
60872     2727.2
60873     2730.9
60874     2734.9
60875     2738.7
60876     2741.8
60877     2744.2
60878     2752.1
60879     2756.3
60880     2759.3
60881     2762.7
60882     2769.0
60883     2771.4
60884     2775.9
60885     2779.7
60886     2784.4
60887     2789.4
60888     2792.6
60889     2795.4
60890     2800.1
60891     2805.1
60892     2809.7
60893     2813.2
60894     2821.6
60895     2826.9
60896     2833.1
60897     2838.7
60898     2841.2
60899     2845.4
60900     2850.2
60901     2853.5
60902     2859.8
60903     2862.8
60904     2865.7
60905     2869.7
60906     2873.2
60907     2877.2
60908     2879.7
60909     2884.3
60910     2887.5
60911     2890.8
60912     2891.1
60913     2898.9
60914     2902.0
60915     2906.9
60916     2907.0
60917     2911.9
60918     2916.5
60919     2921.1
60920     2922.7
60921     2928.5
60922     2932.1
60923     2933.1
60924     2941.2
60925     2945.3
60926     2946.8
60927     2952.8
60928     2957.0
60929     2959.8
60930     2966.0
60931     2971.7
60932     2977.4
60933     2980.0
60934     2986.0
60935     2990.3
60936     2993.5
60937     2998.1
60938     2999.6
60939     3002.7
60940     3007.8
60941     3010.3
60942     3013.0
60943     3012.1
60944     3020.7
60945     3026.1
60946     3030.2
60947     3032.4
60948     3038.8
60949     3045.0
60950     3050.8
60951     3053.9
60952     3060.9
60953     3064.9
60954     3071.8
60955     3076.5
60956     3083.7
60957     3088.3
60958     3095.7
60959     3101.4
60960     3105.7
60961     3110.5
60962     3113.5
60963     3121.0
60964     3125.7
60965     3130.6
60966     3135.1
60967     3143.0
60968     3146.1
60969     3150.8
60970     3154.2
60971     3158.9
60972     3162.7
60973          -
60974     3179.9
60975     3185.1
60976     3189.7
60977     3193.4
60978     3199.5
60979     3205.9
60980     3210.8
60981     3213.3
60982     3213.8
60983     3218.3
60984     3223.3
60985     3230.1
60986     3233.1
60987     3239.6
60988     3245.0
60989     3247.7
60990     3253.3
60991     3258.6
60992     3265.1
60993     3269.5
60994     3275.7
60995     3277.8
60996     3281.7
60997     3288.0
60998     3291.9
60999     3295.1
61000     3298.6
61001     3305.0
61002     3311.7
61003     3316.1
61004     3320.8
61005     3329.4
61006     3334.2
61007     3338.0
61008     3347.4
61009     3352.9
61010     3358.7
61011     3366.3
61012     3372.5
61013     3378.7
61014     3385.9
61015     3392.2
61016     3399.5
61017     3405.4
61018     3412.3
61019     3416.8
61020     3423.0
61021     3432.1
61022     3441.8
61023     3455.7
61024     3467.4
61025     3477.3
61026     3486.5
61027     3496.2
61028     3504.9
61029     3514.5
61030     3523.6
61031     3534.0
61032     3543.4
61033     3550.7
61034     3562.7
61035     3576.0
61036     3583.2
61037     3593.2
61038     3603.3
61039     3614.9
61040     3625.3
61041     3637.3
61042     3645.1
61043     3659.4
61044     3665.5
61045     3676.3
61046     3688.2
61047     3700.7
61048     3708.2
61049     3716.8
61050     3729.4
61051     3742.9
61052     3754.3
61053     3767.3
61054     3780.5
61055     3792.3
61056     3805.0
61057     3817.6
61058     3826.5
61059     3836.1
61060     3846.2
61061     3862.1
61062     3874.9
61063     3887.2
61064     3900.3
61065     3912.2
61066     3921.2
61067     3929.9
61068     3941.1
61069     3952.0
61070     3962.4
61071     3989.3
61072     4003.1
61073     3999.2
61074     4012.9
61075     4024.8
61076     4031.2
61077     4040.6
61078     4052.2
61079     4066.0
61080     4074.7
61081     4081.3
61082     4093.5
61083     4103.9
61084     4113.0
61085     4125.9
61086     4137.1
61087     4143.8
61088     4152.2
61089     4164.2
61090     4177.1
61091     4191.2
61092     4203.5
61093     4217.0
61094     4230.9
61095     4243.3
61096     4254.1
61097     4267.0
61098     4282.0
61099     4296.1
61100     4308.2
61101     4321.0
61102     4335.2
61103     4348.8
61104     4364.2
61105     4377.2
61106     4392.9
61107     4406.0
61108     4419.2
61109     4435.1
61110     4450.1
61111     4466.8
61112     4480.4
61113     4495.7
61114     4509.1
61115     4523.0
61116     4537.6
61117     4550.7
61118     4562.9
61119     4578.1
61120     4592.4
61121     4603.9
61122     4618.2
61123     4633.5
61124     4649.4
61125     4658.9
61126     4673.9
61127     4690.1
61128     4702.0
61129     4711.5
61130     4721.8
61131     4738.8
61132     4755.1
61133     4774.5
61134     4792.4
61135     4803.8
61136     4815.1
61137     4825.8
61138     4839.1
61139     4853.7
61140     4865.9
61141     4881.0
61142     4901.2
61143     4916.2
61144     4928.7
61145      -75.4
61146      -80.2
61147      -84.3
61148      -87.1
61149      -90.8
61150      -98.2
61151     -100.8
61152     -104.4
61153     -107.4
61154     -112.2
61155     -114.3
61156     -116.0
61157     -125.2
61158     -127.6
61159     -130.5
61160     -136.0
61161     -136.9
61162     -137.8
61163     -139.8
61164     -144.0
61165     -144.1
61166     -144.5
61167     -141.8
61168     -141.0
61169     -141.9
61170     -140.9
61171     -143.2
61172     -140.5
61173     -139.3
61174     -140.7
61175     -138.6
61176     -133.9
61177     -132.4
61178     -129.9
61179     -127.8
61180     -121.5
61181     -117.4
61182     -112.3
61183     -110.9
61184     -108.0
61185     -101.7
61186     -100.1
61187      -95.9
61188      -94.6
61189      -92.9
61190      -90.8
61191      -93.5
61192      -91.1
61193      -89.3
61194      -88.4
61195      -83.7
61196      -81.3
61197      -78.8
61198      -77.8
61199      -80.6
61200      -80.2
61201      -76.4
61202      -72.8
61203      -67.9
61204      -70.2
61205      -67.8
61206      -70.0
61207      -64.5
61208      -59.1
61209      -56.1
61210      -53.0
61211      -51.4
61212      -51.4
61213      -49.1
61214      -45.4
61215      -44.4
61216      -42.7
61217      -39.8
61218      -31.1
61219      -28.5

# UTC remains available from the monthly Circular T at
# (http://www.bipm.org/en/bipm-services/timescales/time-ftp/Circular-T.html).
