# MJD  [UTCr-UTC(DLR)]/ns
58518      -18.6
58519      -24.7
58520      -54.0
58521      -64.3
58522      -64.5
58523      -62.5
58524      -65.0
58525      -62.6
58526      -57.8
58527      -53.6
58528      -50.1
58529      -49.6
58530      -43.5
58531      -37.5
58532      -34.6
58533      -30.6
58534      -28.8
58535      -27.6
58536      -26.5
58537      -23.6
58538      -19.2
58539      -20.1
58540      -19.8
58541      -16.4
58542      -15.1
58543      -12.7
58544       -7.2
58545       -6.3
58546       -6.3
58547       -3.1
58548       -3.5
58549       -5.1
58550       -8.0
58551      -10.2
58552      -10.8
58553       -7.5
58554       -7.0
58555       -5.9
58556       -5.7
58557       -0.0
58558        1.6
58559        3.0
58560        1.3
58561        1.3
58562          -
58563          -
58564          -
58565          -
58566          -
58567          -
58568          -
58569          -
58570          -
58571          -
58572          -
58573          -
58574      625.1
58575      631.7
58576      630.1
58577      631.9
58578      629.3
58579      626.8
58580      627.8
58581      633.0
58582      635.9
58583      637.8
58584      638.4
58585      641.3
58586      640.9
58587      643.2
58588      646.0
58589      649.6
58590      652.2
58591      654.2
58592      660.7
58593      662.8
58594      666.3
58595      666.8
58596      671.2
58597      673.7
58598      677.3
58599      676.2
58600      680.3
58601      683.1
58602      683.5
58603      687.8
58604      689.1
58605          -
58606          -
58607          -
58608          -
58609      695.9
58610      699.0
58611      700.1
58612      701.4
58613      702.4
58614      704.4
58615      703.2
58616      703.0
58617      701.7
58618      705.3
58619      706.6
58620      709.4
58621      710.8
58622      714.3
58623      717.2
58624      718.6
58625      719.4
58626      721.3
58627      723.2
58628      722.7
58629      728.0
58630      731.3
58631      732.0
58632      732.6
58633      734.9
58634      737.3
58635      736.5
58636      739.6
58637      743.6
58638      745.5
58639      750.6
58640      752.8
58641      752.7
58642      754.3
58643      757.7
58644      758.3
58645      763.1
58646      762.9
58647      764.4
58648      766.4
58649      766.7
58650      767.5
58651      769.5
58652      769.8
58653      774.6
58654      776.3
58655      777.5
58656      779.8
58657      784.2
58658      786.9
58659      790.3
58660      795.4
58661      793.6
58662      796.7
58663          -
58664          -
58665          -
58666          -
58667          -
58668          -
58669          -
58670          -
58671          -
58672          -
58673          -
58674          -
58675          -
58676          -
58677      818.7
58678      824.0
58679      822.0
58680      824.2
58681      827.9
58682      828.6
58683      833.1
58684      834.9
58685      835.4
58686      835.5
58687      837.2
58688      839.8
58689      846.2
58690      846.9
58691      851.7
58692      853.6
58693      856.1
58694      860.5
58695      868.0
58696      871.5
58697      876.0
58698      877.6
58699      882.2
58700      884.7
58701      887.1
58702      887.9
58703      890.5
58704      892.4
58705      896.2
58706      901.9
58707      903.5
58708      904.5
58709      905.5
58710      908.7
58711      911.5
58712      911.7
58713      912.5
58714      920.2
58715      923.9
58716      925.9
58717      930.7
58718      928.3
58719      933.8
58720      938.8
58721      940.7
58722      944.0
58723      944.5
58724      947.2
58725      949.5
58726      954.2
58727      958.0
58728      959.7
58729      958.1
58730      963.0
58731      964.8
58732      961.7
58733      967.5
58734      972.9
58735      973.8
58736      977.5
58737      981.6
58738      980.6
58739      983.4
58740      984.7
58741      983.9
58742      988.1
58743      991.9
58744      993.5
58745      992.0
58746      992.8
58747      993.2
58748      996.0
58749      995.9
58750      998.9
58751     1001.0
58752     1002.9
58753     1006.8
58754     1011.9
58755     1017.7
58756          -
58757          -
58758          -
58759          -
58760          -
58761          -
58762          -
58784          -
58785          -
58786          -
58787          -
58788          -
58789          -
58790          -
58812          -
58813          -
58814          -
58815     1163.8
58816     1162.6
58817     1167.2
58818     1171.0
58819     1177.5
58820     1182.8
58821     1184.6
58822     1186.9
58823     1192.0
58824     1193.6
58825     1196.6
58826     1196.5
58827     1197.0
58828     1202.8
58829     1205.7
58830     1205.8
58831     1208.2
58832     1212.6
58833     1214.1
58834     1217.2
58835     1223.4
58836     1223.9
58837     1225.3
58838     1228.5
58839     1231.8
58840     1236.0
58841     1237.6
58842     1239.9
58843     1244.4
58844     1243.6
58845     1246.9
58846     1253.5
58847     1257.9
58848     1258.9
58849     1263.9
58850     1265.8
58851     1266.8
58852     1272.9
58853     1273.1
58854     1275.7
58855     1277.0
58856     1280.4
58857     1281.0
58858     1285.0
58859     1286.9
58860     1287.0
58861     1290.0
58862     1291.9
58863     1294.7
58864     1298.5
58865     1302.1
58866     1307.4
58867     1307.6
58868     1308.8
58869     1311.7
58870     1314.8
58871     1317.6
58872     1322.1
58873     1321.6
58874     1323.9
58875     1326.4
58876     1327.6
58877     1328.7
58878     1330.3
58879     1333.7
58880     1335.1
58881     1333.6
58882     1339.5
58883     1341.9
58884     1347.2
58885     1347.2
58886     1347.9
58887     1350.2
58888     1355.8
58889     1359.0
58890          -
58891          -
58892          -
58893          -
58894          -
58895          -
58903     1396.0
58904     1398.0
58905     1399.2
58906          -
58907          -
58908          -
58909          -
58917     1300.6
58918     1288.7
58919     1279.9
58920     1270.7
58921     1264.0
58922     1252.5
58923     1246.1
58924     1238.5
58925          -
58926          -
58927          -
58928          -
58929          -
58930          -
58931          -
58932          -
58933          -
58934          -
58935          -
58936          -
58937          -
58938      923.7
58939      898.5
58940      878.2
58941      853.8
58942      830.7
58943      808.1
58944      786.1
58945      760.5
58946      735.7
58947      710.6
58948      688.5
58949      663.4
58950      639.7
58951      617.1
58952      591.8
58953      565.8
58954      542.9
58955      518.5
58956      493.5
58957      469.9
58958      451.4
58959      428.7
58960          -
58961          -
58962          -
58963          -
58964          -
58965          -
58966          -
58967      231.7
58968      207.6
58969      184.9
58970      163.7
58971      138.8
58972      113.9
58973       88.2
58974          -
58975          -
58976          -
58977          -
58978          -
58979          -
58980          -
58981          -
58982          -
58983          -
58984       -6.5
58985       -3.0
58986       -2.5
58987       -2.7
58988       -1.4
58989        2.7
58990        4.0
58991        8.5
58992       11.7
58993       12.3
58994       11.5
58995       14.1
58996       16.6
58997       20.8
58998       23.4
58999       26.6
59000       23.7
59001       23.9
59002       25.9
59003       23.7
59004       24.3
59005       24.3
59006       25.1
59007       25.4
59008       26.8
59009          -
59010       26.1
59011       27.8
59012       29.5
59013       27.5
59014       26.4
59015       24.9
59016       23.3
59017       24.5
59018       26.6
59019       27.0
59020       27.8
59021       29.2
59022       31.1
59023       30.4
59024       31.8
59025       32.3
59026       35.1
59027       33.9
59028       33.0
59029       30.2
59030       30.6
59031       31.7
59032       33.2
59033       34.3
59034       38.1
59035       35.6
59036       35.4
59037       36.0
59038       32.4
59039       27.3
59040       27.1
59041       23.4
59042       21.7
59043       24.0
59044       25.0
59045       23.9
59046       23.6
59047       23.0
59048       25.7
59049       26.5
59050       23.9
59051          -
59052          -
59053          -
59054          -
59055          -
59056          -
59057          -
59058       27.8
59059       30.6
59060       31.3
59061       33.9
59062       38.1
59063       39.3
59064       38.9
59065       37.6
59066       35.7
59067       36.1
59068       36.1
59069       36.8
59070       35.1
59071       34.5
59072       36.3
59073       36.8
59074       34.4
59075       32.7
59076       30.3
59077       28.4
59078       31.9
59079       33.8
59080       36.3
59081       35.6
59082       34.8
59083       36.0
59084       35.2
59085       33.8
59086       28.7
59087       26.4
59088       23.8
59089       22.7
59090       19.8
59091       19.5
59092       19.1
59093       17.3
59094       15.7
59095       16.0
59096       15.1
59097       15.6
59098       15.3
59099       12.3
59100       12.0
59101       12.8
59102       11.3
59103        9.1
59104        9.7
59105       10.1
59106        8.3
59107        8.5
59108        6.5
59109        2.0
59110        1.8
59111       -0.7
59112       -2.2
59113       -5.0
59114       -5.6
59115      -10.1
59116      -11.4
59117      -15.1
59118      -15.1
59119      -14.9
59120      -13.3
59121      -11.9
59122      -15.6
59123      -17.6
59124      -17.4
59125      -16.5
59126      -13.6
59127      -17.0
59128      -17.7
59129      -17.5
59130      -20.9
59131      -22.5
59132      -22.2
59133      -21.9
59134      -20.0
59135      -23.2
59136      -28.2
59137      -31.1
59138      -34.1
59139      -36.9
59140      -37.6
59141      -41.1
59142      -43.1
59143      -47.5
59144      -52.3
59145          -
59146          -
59147          -
59148          -
59149          -
59150          -
59151          -
59152          -
59153          -
59154          -
59155          -
59156          -
59157          -
59158      426.3
59159      410.6
59160      396.1
59161      379.5
59162      361.8
59163      343.0
59164      -72.9
59165      -76.2
59166      171.6
59167      146.8
59168      138.1
59169      120.1
59170     -449.1
59171     -461.7
59172          -
59173      435.5
59174      434.3
59175      435.6
59176      435.2
59177     -257.5
59178     -439.8
59179     -504.4
59180     -494.3
59181     -143.5
59182     -144.5
59183          -
59184          -
59185          -
59186          -
59187          -
59188          -
59189          -
59190          -
59191          -
59192          -
59193          -
59194          -
59195          -
59196          -
59218          -
59219          -
59220          -
59221          -
59222          -
59223          -
59224          -
59372       12.7
59373       12.2
59374       12.0
59375       10.2
59376        7.4
59377        2.8
59378       -0.3
59379       -2.4
59380       -3.3
59381       -3.5
59382       -2.4
59383       -4.5
59384       -7.9
59385      -10.4
59386      -12.6
59387       -7.5
59388       -2.2
59389        4.9
59390       10.5
59391       14.7
59392       14.8
59393       17.7
59394       19.6
59395       17.1
59396       18.0
59397          -
59398      -10.8
59399       -9.9
59400      -11.0
59401       -9.8
59402       -8.4
59403      -10.0
59404      -10.9
59405       -7.7
59406       -9.2
59407      -10.0
59408      -13.2
59409      -14.0
59410      -11.7
59411      -10.8
59412      -12.5
59413      -13.0
59414      -13.4
59415      -11.8
59416      -10.4
59417       -7.2
59418       -8.7
59419          -
59420          -
59421          -
59422       -0.3
59423      -14.4
59424      -14.8
59425      -16.2
59426      -17.8
59427      -17.2
59428      -18.1
59429      -19.0
59430      -20.4
59431      -21.4
59432      -18.3
59433      -20.0
59434      -19.0
59435      -20.1
59436      -18.7
59437      -16.6
59438      -12.5
59439      -12.5
59440      -14.7
59441      -13.0
59442      -10.5
59443       -6.9
59444       -7.3
59445       -9.4
59446      -11.9
59447      -14.9
59448      -17.0
59449      -18.6
59450      -18.9
59451      -16.5
59452      -15.2
59453      -15.8
59454      -15.8
59455      -18.7
59456      -20.6
59457      -20.7
59458      -21.3
59459      -23.4
59460      -25.3
59461      -27.5
59462      -25.9
59463      -25.8
59464      -25.1
59465      -27.3
59466      -28.4
59467      -27.2
59468      -25.3
59469      -24.5
59470      -20.3
59471      -18.6
59472      -19.1
59473          -
59474          -
59475          -
59476          -
59484          -
59485          -
59486          -
59487          -
59488          -
59489          -
59490          -
59498          -
59499          -
59500          -
59501        7.3
59502        7.3
59503        7.2
59504        7.6
59505        7.7
59506        7.5
59507          -
59508          -
59509          -
59510      431.1
59511      431.1
59512      431.0
59513      423.4
59514      400.1
59515      366.3
59516      320.0
59517      274.3
59518      228.1
59519      181.9
59520      135.5
59521       89.6
59522       42.9
59523       11.4
59524        0.5
59525       -0.5
59526       -1.7
59527       -2.8
59528       -4.1
59529       -5.4
59530       -6.7
59531       -8.2
59532       -9.5
59533      -10.7
59534      -12.4
59535      -14.0
59536      -15.6
59537      -17.2
59538      -18.9
59539      -20.5
59540      -22.5
59541      -29.6
59542      758.8
59543      750.7
59544      749.4
59545      948.5
59546      947.9
59547      948.0
59548      550.4
59549       -1.0
59550       -1.8
59551       -2.4
59552       -3.1
59553       -4.0
59554       -4.3
59555       -5.3
59556       -6.6
59557       -7.8
59558       -9.2
59559      -10.5
59560      -11.6
59561      -13.3
59562      -14.5
59563      -15.5
59564      -16.3
59565      -17.3
59566      -18.3
59567      -19.3
59568      -20.0
59569      -20.4
59570      -20.7
59571      -20.9
59572      -21.8
59573      -22.6
59574      -23.7
59575      -24.4
59576      -25.2
59577      -26.0
59578      -27.0
59579      -27.8
59580      -28.9
59581      -29.7
59582      -30.9
59583      -31.7
59584      -32.7
59585      -33.7
59586      -34.7
59587      -35.7
59588      -36.8
59589      -39.3
59590      -39.2
59591      -38.3
59592      -37.3
59593      -36.6
59594      -35.8
59595      -34.7
59596      -34.1
59597      -33.6
59598          -
59599          -
59600       33.6
59601       39.2
59602       44.3
59603       49.4
59604       53.6
59605       56.7
59606       58.7
59607       60.2
59608       61.4
59609       61.8
59610          -
59611       69.3
59612       68.8
59613       65.6
59614       60.0
59615       54.0
59616       48.3
59617       42.8
59618       37.1
59619       31.4
59620       25.9
59621       20.0
59622       17.0
59623       15.2
59624       13.6
59625       11.5
59626        9.7
59627        7.4
59628        5.6
59629        4.2
59630        3.2
59631        2.3
59632        1.5
59633        0.5
59634       -0.1
59635       -0.9
59636       -1.5
59637       -2.0
59638       -2.5
59639       -3.1
59640       -3.3
59641       -3.9
59642       -4.1
59643       -4.8
59644       -5.4
59645       -5.9
59646       -6.0
59647       -6.1
59648       -6.2
59649       -6.0
59650       -5.9
59651       -5.9
59652       -6.2
59653       -6.1
59654       -6.5
59655       -6.7
59656       -7.1
59657       -7.0
59658       -7.2
59659       -7.5
59660       -7.7
59661       -8.1
59662       -8.1
59663       -7.8
59664       -7.4
59665       -7.3
59666       -7.2
59667       -6.9
59668       -6.9
59669       -6.7
59670       -6.6
59671       -6.5
59672       -6.5
59673       -7.8
59674       -7.7
59675       -7.8
59676       -7.5
59677       -7.6
59678       -7.3
59679       -7.3
59680       -7.1
59681       -7.1
59682       -7.0
59683       -7.0
59684       -7.3
59685       -7.2
59686       -7.2
59687       -7.1
59688       -7.2
59689       -6.8
59690       -6.8
59691       -6.7
59692       -6.8
59693       -6.8
59694       -6.9
59695       -7.1
59696       -7.0
59697       -7.4
59698       -7.5
59699       -7.7
59700       -8.1
59701       -8.3
59702       -8.6
59703       -9.0
59704       -9.2
59705       -9.5
59706       -9.1
59707       -8.8
59708       -8.8
59709       -8.3
59710       -7.9
59711       -7.5
59712       -7.5
59713       -6.9
59714       -6.6
59715       -6.3
59716       -6.0
59717       -5.5
59718       -5.0
59719       -4.8
59720       -4.2
59721       -3.5
59722       -3.2
59723       -2.9
59724       -2.8
59725       -2.8
59726       -3.2
59727       -3.5
59728       -3.6
59729       -3.9
59730       -4.2
59731       -4.9
59732       -5.2
59733       -5.6
59734       -5.9
59735       -6.5
59736       -7.0
59737       -7.8
59738       -7.8
59739       -8.5
59740       -8.9
59741       -8.8
59742       -8.8
59743       -9.3
59744       -8.7
59745       -7.8
59746       -7.8
59747       -7.3
59748       -6.9
59749       -6.2
59750       -6.4
59751       -6.2
59752       -5.9
59753       -5.9
59754       -5.5
59755       -5.2
59756       -4.8
59757       -4.3
59758       -4.4
59759       -4.3
59760       -3.6
59761       -3.5
59762       -2.8
59763       -2.5
59764       -3.8
59765       -3.5
59766       -2.8
59767       -2.7
59768       -2.5
59769       -2.3
59770       -2.2
59771       -1.9
59772       -1.4
59773       -1.4
59774       -1.3
59775       -1.2
59776       -0.8
59777       -0.6
59778       -0.2
59779        0.0
59780        0.0
59781       -0.2
59782       -0.0
59783       -0.6
59784       -0.8
59785       -0.7
59786       -1.1
59787       -1.0
59788       -1.3
59789       -1.7
59790       -1.8
59791       -1.9
59792       -2.0
59793       -2.6
59794          -
59795       -2.3
59796       -2.5
59797       -3.3
59798       -3.2
59799       -4.0
59800       -4.0
59801       -4.2
59802       -4.4
59803       -4.5
59804       -4.5
59805       -4.1
59806       -4.6
59807       -4.7
59808       -4.7
59809       -5.2
59810       -5.3
59811       -5.4
59812       -5.5
59813       -5.5
59814       -5.2
59815       -5.0
59816       -6.5
59817       -7.2
59818       -8.1
59819       -9.1
59820       -9.9
59821      -10.4
59822      -11.3
59823      -12.2
59824      -12.2
59825      -12.3
59826      -12.1
59827      -12.8
59828      -12.8
59829      -12.7
59830      -12.4
59831      -12.1
59832      -11.8
59833      -11.6
59834      -11.3
59835      -10.9
59836      -11.4
59837      -11.3
59838      -11.2
59839      -10.8
59840      -10.7
59841      -10.6
59842      -10.4
59843      -10.1
59844       -9.7
59845       -9.5
59846       -9.8
59847       -9.7
59848       -8.7
59849       -8.3
59850       -8.3
59851       -8.1
59852       -8.0
59853       -7.7
59854       -7.9
59855       -8.8
59856       -8.8
59857       -8.8
59858       -8.6
59859       -8.8
59860       -8.7
59861       -8.6
59862       -9.0
59863       -8.9
59864       -8.8
59865       -8.3
59866       -8.5
59867       -8.7
59868       -8.7
59869       -8.5
59870       -8.6
59871       -9.2
59872       -9.0
59873       -8.8
59874       -8.6
59875       -8.5
59876       -8.6
59877       -8.5
59878       -8.4
59879       -8.3
59880       -8.2
59881       -8.0
59882       -7.7
59883       -6.4
59884       -4.7
59885       -2.9
59886        0.9
59887        4.5
59888        7.2
59889        9.7
59890       13.1
59891       15.8
59892       17.8
59893       19.4
59894       21.0
59895       22.5
59896       23.7
59897       25.4
59898       25.4
59899       24.2
59900       23.2
59901       22.2
59902       20.9
59903       19.8
59904       19.0
59905       18.2
59906       17.5
59907       16.6
59908       15.6
59909       15.0
59910       14.2
59911       13.7
59912       12.8
59913       11.9
59914       11.1
59915       10.2
59916        9.8
59917        9.5
59918       10.3
59919        9.4
59920        8.7
59921        8.3
59922        7.5
59923        6.9
59924        6.2
59925        5.2
59926        4.4
59927        3.4
59928        2.4
59929        1.6
59930       -0.2
59931       -0.5
59932       -0.8
59933       -0.9
59934       -1.1
59935       -1.4
59936       -2.2
59937       -2.6
59938       -3.0
59939       -3.2
59940       -3.6
59941       -4.0
59942       -4.4
59943       -4.6
59944       -4.7
59945       -4.8
59946       -5.0
59947       -5.4
59948       -4.8
59949       -4.9
59950       -4.9
59951       -5.1
59952       -5.2
59953       -4.4
59954       -4.6
59955       -4.9
59956       -4.9
59957       -4.5
59958       -4.1
59959       -3.7
59960       -3.1
59961       -2.6
59962       -2.3
59963       -2.0
59964       -1.9
59965       -1.8
59966       -1.3
59967       -1.0
59968       -1.0
59969       -0.7
59970       -0.3
59971       -0.4
59972       -0.3
59973       -0.3
59974       -0.3
59975       -1.0
59976       -1.6
59977       -2.1
59978       -2.9
59979       -3.8
59980       -4.2
59981       -6.5
59982       -7.3
59983       -8.0
59984       -8.5
59985       -8.5
59986       -8.4
59987       -8.3
59988       -7.7
59989       -7.5
59990       -7.0
59991       -6.8
59992       -6.9
59993       -6.4
59994       -6.4
59995       -6.0
59996       -5.7
59997       -5.6
59998       -5.7
59999       -5.7
60000       -5.8
60001       -5.6
60002       -5.7
60003       -5.8
60004       -6.0
60005       -6.1
60006       -6.4
60007       -6.3
60008       -5.9
60009       -6.7
60010       -8.4
60011       -8.3
60012       -8.5
60013       -8.4
60014       -8.5
60015       -8.7
60016       -8.8
60017       -9.1
60018       -8.9
60019       -8.9
60020       -8.8
60021       -8.8
60022       -9.1
60023       -9.4
60024       -9.5
60025       -9.4
60026       -8.8
60027       -9.2
60028       -8.8
60029       -8.6
60030       -8.5
60031       -8.1
60032       -7.8
60033       -7.6
60034       -7.2
60035       -6.6
60036       -6.3
60037       -5.9
60038       -5.3
60039       -5.1
60040       -4.9
60041       -5.1
60042       -5.0
60043       -4.9
60044       -2.1
60045       -2.3
60046       -2.4
60047       -2.7
60048       -2.8
60049       -2.9
60050       -3.4
60051       -3.6
60052       -3.8
60053       -4.2
60054       -4.2
60055       -4.5
60056       -4.8
60057       -5.1
60058       -5.1
60059       -4.8
60060       -4.6
60061       -4.3
60062       -4.2
60063       -3.9
60064       -3.2
60065       -2.4
60066       -1.8
60067       -1.0
60068       -0.4
60069       -0.4
60070       -0.6
60071       -0.8
60072       -1.7
60073       -1.2
60074        0.0
60075        2.0
60076        3.3
60077        4.5
60078        6.0
60079        7.6
60080        9.0
60081       10.4
60082       10.8
60083       10.2
60084        9.0
60085        8.1
60086        6.9
60087        6.0
60088        5.4
60089        4.8
60090        4.0
60091        3.6
60092        3.1
60093        2.2
60094        1.5
60095        0.9
60096        0.6
60097        0.9
60098        0.7
60099       -0.2
60100       -2.5
60101       -3.4
60102       -4.0
60103       -4.2
60104       -4.5
60105       -4.4
60106       -4.5
60107       -4.2
60108       -3.8
60109       -3.6
60110       -3.0
60111          -
60112          -
60113          -
60121          -
60122          -
60123          -
60124          -
60125          -
60126          -
60127          -
60128          -
60129          -
60130          -
60131          -
60132          -
60133          -
60134          -
60800       -2.8
60801       -3.2
60802       -2.7
60803       -2.0
60804       -0.9
60805        0.2
60806        1.1
60807        1.6
60808        2.3
60809        2.3
60810        1.9
60811        2.1
60812        1.4
60813        0.8
60814        0.4
60815        0.0
60816       -0.7
60817       -0.6
60818       -0.4
60819       -0.8
60820       -1.4
60821       -2.1
60822       -2.2
60823       -2.1
60824       -2.1
60825       -2.1
60826       -1.4
60827       -1.2
60828       -1.9
60829       -1.9
60830       -1.0
60831       -1.0
60832       -1.2
60833       -1.1
60834       -1.3
60835       -0.7
60836       -0.8
60837       -1.8
60838       -1.0
60839       -0.5
60840       -0.1
60841       -0.1
60842       -0.4
60843       -0.6
60844       -0.5
60845       -0.9
60846       -1.5
60847       -1.4
60848       -1.4
60849       -1.6
60850       -1.9
60851       -2.1
60852       -1.6
60853       -1.9
60854       -2.3
60855       -1.8
60856       -1.8
60857       -1.9
60858       -1.5
60859       -1.2
60860       -0.8
60861       -0.1
60862        0.2
60863       -0.1
60864       -0.0
60865        0.0
60866       -0.4
60867       -0.9
60868       -1.0
60869       -0.8
60870       -0.9
60871       -1.1
60872       -1.2
60873       -1.1
60874       -1.2
60875       -1.0
60876       -0.9
60877       -1.0
60878       -0.5
60879       -0.4
60880       -0.8
60881       -0.9
60882       -0.9
60883       -1.6
60884       -1.2
60885       -1.7
60886       -1.4
60887       -1.6
60888       -1.6
60889       -1.9
60890       -2.1
60891       -2.0
60892       -1.9
60893       -1.9
60894       -1.4
60895       -1.3
60896       -1.0
60897       -0.5
60898        0.1
60899        0.6
60900        0.6
60901        1.1
60902        1.1
60903        0.3
60904        0.0
60905        0.1
60906        0.0
60907       -0.3
60908       -1.0
60909       -1.2
60910       -0.8
60911       -1.3
60912       -1.7
60913       -2.2
60914       -2.9
60915       -3.2
60916       -3.3
60917       -3.1
60918       -2.8
60919       -2.5
60920       -2.9
60921       -2.4
60922       -2.4
60923       -1.9
60924       -1.9
60925       -1.7
60926       -1.9
60927       -2.2
60928       -2.0
60929       -2.1
60930       -2.6
60931       -2.7
60932       -2.9
60933       -3.0
60934       -3.7
60935       -2.9
60936       -2.8
60937       -1.6
60938       -1.8
60939       -1.0
60940       -1.2
60941       -0.3
60942       -0.6
60943       -0.1
60944        0.4
60945        0.9
60946        0.1
60947        0.2
60948       -0.6
60949       -0.8
60950       -0.3
60951        1.1
60952        0.9
60953        0.2
60954        0.2
60955       -0.2
60956        0.0
60957       -0.3
60958       -0.1
60959       -0.2
60960       -0.1
60961        0.2
60962        0.1
60963        0.5
60964        0.4
60965        0.7
60966        0.4
60967        0.5
60968        0.4
60969        0.5
60970        0.4
60971        0.7
60972        0.7
60973        0.9
60974        0.4
60975        0.6
60976        0.1
60977        0.3
60978        0.5
60979        1.4
60980        1.3
60981        1.2
60982        2.1
60983        2.5
60984        2.3
60985          -
60986          -
60987       -0.7
60988       -1.0
60989       -1.8
60990       -1.2
60991        0.3
60992        0.9
60993       -0.8
60994        0.2
60995        0.5
60996        0.1
60997        0.7
60998        1.4
60999        1.0
61000        0.4
61001        0.3
61002       -0.1
61003       -0.5
61004       -1.0
61005       -0.8
61006       -0.6
61007       -0.0
61008       -0.6
61009       -0.8
61010       -1.4
61011       -0.8
61012       -0.9
61013       -0.5
61014       -0.2
61015       -0.5
61016       -0.4
61017       -0.7
61018       -0.3
61019        0.2
61020        0.1
61021       -0.1
61022        0.4
61023        0.6
61024        0.0
61025       -0.2
61026       -0.5
61027       -0.9
61028       -0.6
61029       -0.9
61030       -0.2
61031       -0.7
61032       -0.9
61033       -1.0
61034       -1.4
61035       -2.0
61036       -2.5
61037       -3.1
61038       -3.7
61039       -4.1
61040       -4.8
61041       -6.0
61042       -6.8
61043       -7.6
61044       -8.5
61045      -10.0
61046      -10.8
61047      -12.7
61048      -12.4
61049      -11.9
61050      -10.4
61051       -9.7
61052       -8.6
61053       -8.2
61054       -7.3
61055       -6.6
61056       -5.1
61057       -3.4
61058       -2.3
61059       -1.5
61060       -0.4
61061        0.4
61062        1.3
61063        1.4
61064        1.4
61065        1.0
61066        0.6
61067       -0.1
61068       -0.2
61069       -0.3
61070       -0.3
61071       -0.4
61072        0.1
61073        0.5
61074        0.5
61075        0.4
61076        0.1
61077        0.4
61078        0.1
61079       -0.1
61080        0.0
61081       -0.1
61082       -0.3
61083       -0.3
61084       -0.5
61085        0.1
61086       -0.7
61087       -0.3
61088       -0.6
61089       -0.7
61090       -0.9
61091       -0.9
61092       -0.5
61093       -0.5
61094       -0.3
61095       -0.1
61096        0.2
61097        0.6
61098        0.5
61099        0.8
61100        0.5
61101        0.9
61102        1.1
61103        1.5
61104        1.3
61105        0.9
61106        0.9
61107        0.9
61108        0.1
61109        0.1
61110        0.3
61111        0.1
61112        0.8
61113        1.0
61114        1.1
61115        1.1
61116        1.2
61117        2.0
61118        2.2
61119        2.6
61120        2.5
61121        2.6
61122        2.8
61123        2.3
61124        2.4
61125        2.2
61126        2.3
61127        2.2
61128        1.8
61129        1.4
61130        1.2
61131        1.0
61132        1.0
61133        1.2
61134        1.1
61135        1.4
61136        1.0
61137        1.5
61138        1.7
61139        1.9
61140        1.8
61141        1.6
61142        1.4
61143        1.1
61144        1.0
61145        0.5
61146        0.3
61147        0.7
61148        0.9
61149        1.0
61150        1.3
61151        1.3
61152        1.0
61153        0.7
61154        0.5
61155        0.2
61156       -0.0
61157       -0.5
61158       -0.4
61159       -0.7
61160       -0.5
61161       -0.6
61162       -0.9
61163       -1.0
61164       -1.2
61165       -1.4
61166       -1.5
61167        0.6
61168        0.0
61169       -0.2
61170       -0.4
61171       -0.5
61172       -0.8
61173       -2.2
61174       -2.5
61175       -2.4
61176       -2.6
61177       -2.3
61178       -2.4
61179       -2.7
61180       -2.9
61181       -2.8
61182       -2.5
61183       -2.3
61184       -1.9
61185       -1.8
61186       -1.2
61187       -0.5
61188        0.0
61189       -0.7
61190       -1.3
61191       -2.3
61192       -2.8
61193       -2.9
61194       -3.5
61195       -3.3
61196       -3.4
61197       -3.0
61198       -3.9
61199       -4.0
61200       -3.1
61201       -1.1
61202        0.9
61203        1.9
61204        1.0
61205        1.0
61206        0.7
61207        0.4
61208       -0.7
61209       -1.1
61210       -1.1
61211       -1.3
61212       -1.6
61213       -1.7
61214       -1.3
61215       -1.1
61216       -0.5
61217       -0.3
61218       -0.9
61219       -1.4

# UTC remains available from the monthly Circular T at
# (http://www.bipm.org/en/bipm-services/timescales/time-ftp/Circular-T.html).
