# MJD  [UTCr-UTC(DTAG)]/ns
56467      291.4
56468      295.1
56469      294.9
56470      296.4
56471      294.4
56472      295.4
56473      300.8
56474      303.7
56475      307.4
56476      308.5
56477      310.2
56478      310.6
56479      312.3
56480      313.0
56481      314.6
56482      315.5
56483      316.9
56484      318.4
56485      318.2
56486      319.9
56487      321.0
56488      323.9
56489      327.1
56490      332.0
56491      336.5
56492      336.1
56493      336.2
56494      339.4
56495      342.5
56496      345.5
56497      347.5
56498      346.0
56499      347.1
56500      348.5
56501      344.0
56502      343.8
56503      341.4
56504      338.8
56505      337.4
56506      340.3
56507      338.5
56508      340.4
56509      338.5
56510      339.7
56511      338.1
56512      340.2
56513      339.4
56514      338.4
56515      336.4
56516      333.6
56517      333.6
56518      334.1
56519      335.4
56520      334.4
56521      334.9
56522      332.8
56523      332.5
56524      331.9
56525      332.5
56526      333.1
56527      332.2
56528      331.1
56529      326.4
56530      325.0
56531      326.1
56532      324.9
56533      329.5
56534      331.1
56535      330.2
56536      330.2
56537      330.1
56538      331.4
56539      335.4
56540      338.4
56541      339.8
56542      339.7
56543      342.0
56544      347.1
56545      347.3
56546      352.9
56547      354.2
56548      360.2
56549      361.2
56550      364.0
56551      364.2
56552      368.8
56553      369.2
56554      363.4
56555      366.5
56556      371.5
56557      369.1
56558      368.4
56559      370.6
56560      366.8
56561      367.3
56562      365.9
56563      364.1
56564      359.7
56565      360.0
56566      361.5
56567      360.9
56568      359.1
56569      360.2
56570      360.3
56571      361.5
56572      365.9
56573      367.0
56574      373.4
56575      376.8
56576      377.8
56577      380.3
56578      381.0
56579      384.3
56580      385.4
56581      389.1
56582      389.7
56583      389.9
56584      392.9
56585      393.5
56586      396.1
56587      399.1
56588      397.8
56589      401.5
56590      406.7
56591      243.1
56592      243.8
56593      240.8
56594      240.5
56595      239.0
56596      239.9
56597      238.4
56598      235.1
56599      233.7
56600      232.0
56601      229.4
56602      227.4
56603      226.5
56604      223.9
56605      223.4
56606      219.0
56607      220.6
56608      222.1
56609      218.2
56610      217.4
56611      218.0
56612      216.2
56613      215.2
56614      213.3
56615      212.0
56616      210.7
56617      206.6
56618      204.2
56619      203.4
56620      199.9
56621      197.6
56622      198.0
56623      197.5
56624      195.9
56625      190.2
56626      186.6
56627      184.8
56628      188.1
56629      190.3
56630      189.0
56631      190.8
56632      189.7
56633      187.6
56634      187.8
56635      185.2
56636      179.8
56637      179.4
56638      176.8
56639      169.9
56640      169.9
56641      165.4
56642      160.5
56643      158.5
56644      156.6
56645      155.1
56646      153.1
56647      152.2
56648      150.6
56649      146.4
56650      146.4
56651      146.5
56652      144.9
56653      142.4
56654      142.6
56655      142.6
56656      137.3
56657      136.5
56658      133.4
56659      132.5
56660      130.2
56661      127.8
56662      128.3
56663      129.8
56664      130.0
56665      128.3
56666      131.8
56667      130.6
56668      130.0
56669      128.6
56670      127.0
56671      123.1
56672      122.9
56673      124.4
56674      123.9
56675      124.2
56676      125.0
56677      123.8
56678      122.1
56679      121.1
56680      122.9
56681      122.7
56682      120.6
56683      117.5
56684      115.3
56685      115.7
56686      113.4
56687      113.8
56688      110.7
56689      110.2
56690      107.5
56691      106.3
56692      105.2
56693      102.7
56694      102.6
56695       99.9
56696       98.7
56697       94.4
56698       95.2
56699       93.1
56700       91.6
56701       89.8
56702       88.9
56703       88.7
56704       86.1
56705       83.8
56706       83.5
56707       82.0
56708       82.0
56709       78.7
56710       76.3
56711       72.6
56712       70.9
56713       70.4
56714       71.9
56715       73.0
56716       71.9
56717       69.7
56718       69.6
56719       68.6
56720       66.5
56721       64.2
56722       62.2
56723       63.0
56724       62.1
56725       63.4
56726       60.5
56727       59.4
56728       56.8
56729       56.0
56730       58.3
56731       59.7
56732       58.7
56733       56.6
56734       52.8
56735       51.0
56736       54.0
56737       51.5
56738       51.2
56739       51.8
56740       53.4
56741       53.2
56742       52.0
56743       50.7
56744       51.2
56745       50.0
56746       49.0
56747       48.2
56748       49.0
56749       48.9
56750       50.3
56751       49.1
56752       47.2
56753       43.9
56754       45.0
56755       42.8
56756       43.2
56757       42.7
56758       45.6
56759       46.5
56760       43.8
56761       40.5
56762       38.1
56763       36.6
56764       35.5
56765       35.3
56766       34.1
56767       32.6
56768       36.1
56769       39.6
56770       37.8
56771       38.7
56772       37.5
56773       32.5
56774       31.3
56775       31.1
56776       31.7
56777       30.4
56778       29.8
56779       27.5
56780       26.3
56781       26.3
56782       27.6
56783       27.9
56784       28.4
56785       30.9
56786       29.7
56787       27.5
56788       27.4
56789       26.3
56790       25.9
56791       24.8
56792       25.9
56793       26.5
56794       26.4
56795       25.4
56796       27.3
56797       28.0
56798       26.7
56799       24.5
56800       23.4
56801       22.3
56802       22.6
56803       22.6
56804       20.5
56805       21.4
56806       22.6
56807       21.4
56808       18.4
56809       16.2
56810       14.7
56811       12.8
56812       12.1
56813       12.8
56814       14.5
56815       15.0
56816       14.7
56817       13.9
56818       10.1
56819       12.6
56820       12.6
56821       14.7
56822       15.9
56823       15.6
56824       11.1
56825        9.9
56826       11.2
56827       13.2
56828       14.5
56829       13.8
56830       11.5
56831        9.6
56832        8.4
56833       10.3
56834       11.8
56835       12.4
56836       15.9
56837       14.6
56838       16.8
56839       20.7
56840       19.4
56841       19.8
56842       23.2
56843       21.7
56844       20.9
56845       14.2
56846       13.6
56847       12.4
56848       15.2
56849       13.8
56850       12.9
56851       12.1
56852       14.5
56853       12.4
56854       11.0
56855       12.2
56856       13.4
56857       15.8
56858       15.4
56859       19.1
56860       20.3
56861       22.1
56862       22.9
56863       24.7
56864       26.6
56865       27.4
56866       25.1
56867       26.7
56868       26.5
56869       26.7
56870       26.8
56871       25.8
56872       24.5
56873       23.9
56874       25.4
56875       28.3
56876       26.9
56877       26.5
56878       25.4
56879       26.1
56880       23.3
56881       25.3
56882       24.2
56883       23.9
56884       23.4
56885       25.0
56886       24.6
56887       23.6
56888       20.8
56889       18.8
56890       18.9
56891       20.0
56892       17.2
56893       15.4
56894       12.6
56895       11.4
56896       13.2
56897       15.4
56898       15.8
56899       18.0
56900       23.5
56901       23.2
56902       22.5
56903       24.7
56904       24.2
56905       23.8
56906       21.5
56907       20.5
56908       19.8
56909       22.8
56910       22.4
56911       20.6
56912       16.5
56913       17.8
56914       18.3
56915       16.8
56916       20.5
56917       20.2
56918       18.9
56919       18.0
56920       18.9
56921       18.7
56922       19.0
56923       18.3
56924       19.6
56925       20.5
56926       19.3
56927       19.2
56928       21.3
56929       19.4
56930       19.3
56931       19.9
56932       23.2
56933       21.7
56934       23.2
56935       23.1
56936       22.4
56937       22.7
56938       23.5
56939       22.5
56940       23.8
56941       23.7
56942       24.5
56943       26.3
56944       27.5
56945       25.5
56946       28.1
56947       27.4
56948       28.3
56949       32.2
56950       33.9
56951       34.3
56952       34.4
56953       32.7
56954       32.7
56955       32.0
56956       30.9
56957       32.5
56958       36.8
56959       40.2
56960       41.4
56961       41.8
56962       43.7
56963       39.6
56964       42.2
56965       44.5
56966       45.3
56967       48.5
56968       49.5
56969       47.7
56970       49.1
56971       49.0
56972       52.0
56973       55.2
56974       54.4
56975       55.0
56976       56.6
56977       57.9
56978       56.4
56979       55.9
56980       58.3
56981       58.8
56982       56.4
56983       58.6
56984       61.7
56985       61.7
56986       63.1
56987       61.4
56988       63.4
56989       63.6
56990       64.5
56991       66.1
56992       67.6
56993       68.2
56994       69.5
56995       69.9
56996       69.9
56997       73.0
56998       73.9
56999       77.1
57000       77.6
57001       78.0
57002       79.7
57003       79.9
57004       78.4
57005       75.0
57006       75.8
57007       75.2
57008       73.6
57009       75.2
57010       71.9
57011       71.1
57012       71.0
57013       72.9
57014       74.2
57015       74.5
57016       73.8
57017       72.5
57018       69.8
57019       72.8
57020       73.9
57021       75.4
57022       77.2
57023       77.5
57024       80.8
57025       81.4
57026       82.5
57027       84.4
57028       85.3
57029       86.4
57030       87.9
57031       88.3
57032       89.1
57033       88.6
57034       85.5
57035       87.8
57036       88.8
57037       86.8
57038       83.2
57039       83.0
57040       81.4
57041       82.5
57042       83.3
57043       86.3
57044       85.7
57045       84.5
57046       83.7
57047       83.4
57048       80.2
57049       81.4
57050       81.7
57051       82.4
57052       77.3
57053       75.1
57054       76.7
57055       80.6
57056       80.8
57057       81.8
57058       79.0
57059       81.4
57060       80.3
57061       84.1
57062       81.9
57063       82.3
57064       85.4
57065       85.8
57066       83.2
57067       82.0
57068       82.8
57069       81.3
57070       80.6
57071       83.7
57072       82.3
57073       81.4
57074       82.3
57075       81.4
57076       78.2
57077       76.5
57078       77.0
57079       76.0
57080       75.3
57081       76.5
57082       75.0
57083       71.7
57084       72.3
57085       70.8
57086       72.4
57087       73.1
57088       68.9
57089       66.5
57090       65.0
57091       61.0
57092       59.6
57093       58.2
57094       58.7
57095       55.9
57096       58.6
57097       58.1
57098       55.3
57099       52.9
57100       51.7
57101       50.6
57102       48.4
57103       50.1
57104       51.6
57105       52.7
57106       50.4
57107       50.2
57108       49.9
57109       49.9
57110       48.5
57111       50.3
57112       48.9
57113       50.1
57114       49.3
57115       48.4
57116       46.9
57117       42.5
57118       46.9
57119       44.7
57120       40.8
57121       37.8
57122       39.1
57123       37.6
57124       35.9
57125       37.4
57126       38.2
57127       31.3
57128       33.0
57129       31.2
57130       31.2
57131       30.2
57132       31.2
57133       29.8
57134       32.1
57135       31.8
57136       29.4
57137       29.3
57138       28.5
57139       30.4
57140       31.5
57141       29.5
57142       26.4
57143       25.2
57144       28.5
57145       27.3
57146       27.6
57147       26.6
57148       27.4
57149       26.6
57150       25.6
57151       23.3
57152       22.1
57153       21.1
57154       20.4
57155       19.6
57156       17.6
57157       21.1
57158       21.5
57159       23.9
57160       23.7
57161       23.9
57162       24.7
57163       23.4
57164       23.3
57165       23.8
57166       22.9
57167       23.5
57168       24.8
57169       27.8
57170       27.1
57171       29.5
57172       31.5
57173       33.6
57174       36.8
57175       37.7
57176       35.2
57177       33.1
57178       37.2
57179       37.2
57180       35.5
57181       38.6
57182       37.5
57183       39.9
57184       40.6
57185       40.9
57186       41.9
57187       43.5
57188       44.2
57189       43.7
57190       43.5
57191       40.6
57192       40.5
57193       40.8
57194       43.7
57195       43.3
57196       43.8
57197       47.4
57198       44.0
57199       43.9
57200       44.1
57201       46.3
57202       43.4
57203       41.9
57204       46.2
57205       46.0
57206       45.7
57207       43.8
57208       44.4
57209       48.2
57210       50.6
57211       51.5
57212       51.7
57213       47.8
57214       44.3
57215       45.1
57216       47.4
57217       52.8
57218       49.5
57219       51.9
57220       51.8
57221       49.7
57222       49.7
57223       46.3
57224       46.7
57225       46.7
57226       45.6
57227       45.8
57228       45.4
57229       44.9
57230       45.3
57231       46.2
57232       47.9
57233       50.2
57234       49.0
57235       52.0
57236       49.5
57237       50.3
57238       50.6
57239       53.8
57240       54.1
57241       54.1
57242       54.6
57243       58.0
57244       61.8
57245       62.2
57246       65.0
57247       64.6
57248       63.6
57249       65.7
57250       65.5
57251       66.0
57252       70.3
57253       70.1
57254       70.9
57255       74.0
57256       74.0
57257       77.1
57258       75.5
57259       77.6
57260       79.1
57261       79.2
57262       79.5
57263       77.1
57264       79.6
57265       78.6
57266       78.7
57267       81.5
57268       81.1
57269       83.9
57270       84.4
57271       85.8
57272       87.5
57273       90.5
57274       94.7
57275       93.1
57276       95.6
57277       99.7
57278       99.1
57279       99.7
57280      101.2
57281      103.6
57282      107.3
57283      105.6
57284      104.3
57285      103.2
57286      102.9
57287      103.2
57288      103.4
57289      101.3
57290      100.3
57291      100.2
57292       98.1
57293       97.8
57294       96.2
57295       94.0
57296       92.3
57297       95.5
57298       92.9
57299       93.4
57300       95.9
57301       94.7
57302       98.1
57303       99.7
57304       96.2
57305       93.7
57306       93.8
57307       96.5
57308       96.9
57309       96.1
57310       97.7
57311       98.2
57312       97.3
57313       97.2
57314       93.5
57315       91.0
57316       92.4
57317       93.4
57318       92.5
57319       92.5
57320       88.4
57321       90.4
57322       91.6
57323       92.6
57324       92.3
57325       97.0
57326       99.5
57327      100.6
57328      101.4
57329      101.5
57330      104.3
57331      101.3
57332      101.9
57333      104.0
57334      105.5
57335      105.7
57336      107.2
57337      107.7
57338      108.7
57339      108.1
57340      109.4
57341      108.9
57342      109.1
57343      107.7
57344      150.0
57345      160.8
57346      163.3
57347      165.3
57348      168.4
57349      169.6
57350      171.0
57351      173.3
57352      173.0
57353      173.2
57354      178.0
57355      180.8
57356      183.2
57357      186.6
57358      186.0
57359      184.5
57360      184.2
57361      183.4
57362      181.5
57363      178.1
57364      179.4
57365      179.9
57366      179.8
57367      182.5
57368      181.7
57369      180.9
57370      183.9
57371      184.9
57372      185.5
57373      187.3
57374      185.7
57375      183.9
57376      185.5
57377      189.3
57378      190.4
57379      187.8
57380      186.1
57381      185.4
57382      184.3
57383      185.9
57384      186.4
57385      179.3
57386      178.3
57387      180.4
57388      185.0
57389      185.5
57390      183.6
57391      183.5
57392      180.9
57393      181.2
57394      177.6
57395      178.8
57396      178.3
57397      177.8
57398      178.5
57399      180.3
57400      179.8
57401      183.6
57402      182.9
57403      180.9
57404      178.4
57405      178.1
57406      179.3
57407      177.2
57408      177.7
57409      179.9
57410      182.8
57411      182.2
57412      184.1
57413      183.1
57414      184.8
57415      185.7
57416      185.4
57417      183.0
57418      180.4
57419      180.9
57420      179.1
57421      179.0
57422      179.2
57423      178.6
57424      176.3
57425      178.5
57426      175.5
57427      179.0
57428      180.6
57429      181.5
57430      181.5
57431      182.6
57432      182.3
57433      182.0
57434      182.0
57435      180.4
57436      180.2
57437      180.4
57438      182.4
57439      182.9
57440      185.2
57441      185.0
57442      185.2
57443      186.6
57444      189.0
57445      191.3
57446      190.5
57447      190.8
57448      189.0
57449      190.7
57450      193.0
57451      192.2
57452      194.8
57453      196.3
57454      199.3
57455      195.0
57456      196.0
57457      195.9
57458      199.6
57459      200.6
57460      200.6
57461      203.7
57462      203.3
57463      204.9
57464      204.8
57465      201.7
57466      201.1
57467      199.8
57468      200.3
57469      199.5
57470      201.4
57471      201.6
57472      199.9
57473      204.1
57474      201.8
57475      201.1
57476      200.7
57477      202.7
57478      204.7
57479      204.8
57480      206.2
57481      207.3
57482      209.9
57483      212.6
57484      209.7
57485      210.2
57486      212.6
57487      214.5
57488      215.4
57489      215.7
57490      215.3
57491      215.9
57492      214.0
57493      211.0
57494      208.9
57495      206.5
57496      204.3
57497      202.7
57498      201.0
57499      199.7
57500      199.7
57501      200.8
57502      203.8
57503      205.3
57504      205.5
57505      202.2
57506      204.1
57507      203.0
57508      200.7
57509      200.3
57510      199.7
57511      201.7
57512      205.3
57513      204.2
57514      204.9
57515      202.2
57516      198.4
57517      195.4
57518      196.0
57519      194.0
57520      195.3
57521      194.0
57522      195.9
57523      195.0
57524      197.5
57525      195.9
57526      193.5
57527      192.3
57528      191.1
57529      191.7
57530      192.1
57531      191.0
57532      190.6
57533      185.3
57534      183.8
57535      182.4
57536      177.8
57537      177.7
57538      176.8
57539      177.4
57540      174.8
57541      171.7
57542      170.5
57543      168.5
57544      168.4
57545      166.4
57546      168.3
57547      167.4
57548      166.1
57549      164.8
57550      162.9
57551      162.4
57552      166.3
57553      168.2
57554      165.9
57555      163.0
57556      164.4
57557      163.5
57558      163.0
57559      163.4
57560      167.5
57561      168.3
57562      171.4
57563      173.6
57564      173.8
57565      177.4
57566      173.8
57567      170.7
57568      168.2
57569      164.3
57570      163.7
57571      164.1
57572      163.1
57573      162.9
57574      164.1
57575      163.8
57576      161.4
57577      161.8
57578      159.8
57579      161.2
57580      161.9
57581      160.3
57582      160.5
57583      161.7
57584      162.7
57585      162.8
57586      163.6
57587      164.7
57588      164.0
57589      160.1
57590      159.9
57591      156.2
57592      153.9
57593      151.5
57594      145.3
57595      144.5
57596      146.6
57597      144.8
57598      139.9
57599      140.9
57600      142.5
57601      144.1
57602      144.9
57603      142.7
57604      143.0
57605      143.6
57606      142.9
57607      141.7
57608      138.8
57609      140.2
57610      140.7
57611      140.6
57612      139.7
57613      140.1
57614      139.3
57615      138.0
57616      137.7
57617      137.5
57618      139.6
57619      138.5
57620      137.1
57621      135.9
57622      134.9
57623      133.4
57624      136.5
57625      138.6
57626      139.3
57627      135.7
57628      135.3
57629      138.8
57630      137.5
57631      133.8
57632      132.6
57633      132.3
57634      132.1
57635      130.6
57636      124.7
57637      127.4
57638      125.4
57639      123.8
57640      122.6
57641      123.9
57642      121.3
57643      121.7
57644      119.7
57645      120.3
57646      120.6
57647      123.3
57648      124.6
57649      124.8
57650      130.8
57651      133.1
57652      130.8
57653      132.0
57654      137.3
57655      139.4
57656      139.0
57657      135.7
57658      134.5
57659      132.3
57660      135.0
57661      132.2
57662      136.8
57663      134.0
57664      131.8
57665      130.0
57666      128.5
57667      129.8
57668      131.5
57669      135.3
57670      134.6
57671      135.8
57672      136.0
57673      134.7
57674      136.6
57675      136.6
57676      137.9
57677      134.0
57678      139.0
57679      141.8
57680      143.4
57681      143.1
57682      146.8
57683      147.5
57684      149.8
57685      152.7
57686      160.6
57687      160.3
57688      160.0
57689      158.0
57690      157.1
57691      156.7
57692      157.1
57693      162.1
57694      163.0
57695      163.3
57696      163.1
57697      166.3
57698      168.9
57699      167.7
57700      168.9
57701      171.1
57702      168.5
57703      170.6
57704      172.8
57705      170.8
57706      173.1
57707      173.3
57708      173.4
57709      175.2
57710      174.7
57711      176.7
57712      179.1
57713      181.5
57714      179.8
57715      183.3
57716      183.8
57717      183.3
57718      185.3
57719      186.8
57720      184.9
57721      185.4
57722      188.7
57723      189.3
57724      187.8
57725      188.4
57726      188.9
57727      187.5
57728      187.3
57729      190.3
57730      193.3
57731      191.0
57732      192.4
57733      192.6
57734      197.8
57735      199.1
57736      201.1
57737      204.0
57738      206.4
57739      207.1
57740      204.0
57741      198.8
57742      196.7
57743      195.2
57744      194.1
57745      192.2
57746      195.3
57747      195.6
57748      196.2
57749      194.3
57750      190.3
57751      187.7
57752      186.5
57753      185.4
57754      182.4
57755      180.1
57756      177.7
57757      174.9
57758      174.3
57759      178.0
57760      178.1
57761      173.5
57762      173.6
57763      171.0
57764      167.9
57765      165.1
57766      164.1
57767      161.8
57768      162.3
57769      162.9
57770      159.7
57771      161.3
57772      160.5
57773      155.7
57774      154.9
57775      155.1
57776      150.7
57777      150.9
57778      153.6
57779      153.8
57780      152.2
57781      148.7
57782      145.7
57783      144.6
57784      140.8
57785      142.7
57786      146.2
57787      146.1
57788      143.2
57789      143.7
57790      142.1
57791      140.4
57792      138.0
57793      140.3
57794      143.4
57795      144.9
57796      144.4
57797      147.6
57798      142.8
57799      133.8
57800      129.8
57801      128.1
57802      129.1
57803      131.2
57804      131.3
57805      132.0
57806      129.6
57807      129.0
57808      127.8
57809      125.7
57810      124.3
57811      125.0
57812      121.9
57813      121.1
57814      119.4
57815      114.5
57816      116.0
57817      114.5
57818      112.7
57819      111.5
57820      111.9
57821      111.2
57822      111.0
57823      110.2
57824      106.8
57825      106.0
57826      103.8
57827      102.5
57828      100.9
57829      103.7
57830      105.1
57831      102.9
57832      105.8
57833      104.9
57834      102.7
57835       99.8
57836      100.5
57837      100.4
57838      100.4
57839       97.4
57840       95.5
57841       94.0
57842       93.0
57843       88.4
57844       85.9
57845       82.6
57846       92.5
57847       89.5
57848       86.7
57849       85.9
57850       84.1
57851       82.3
57852       82.1
57853       85.3
57854       84.0
57855       86.0
57856       87.1
57857       86.5
57858       89.0
57859       87.6
57860       87.0
57861       88.7
57862       88.7
57863       90.4
57864       91.3
57865       94.1
57866       96.2
57867       95.6
57868       93.1
57869       93.0
57870       94.5
57871       91.9
57872       88.4
57873       87.3
57874       92.1
57875       90.9
57876       86.9
57877       92.2
57878       90.0
57879       87.3
57880       86.5
57881       79.4
57882       77.8
57883       76.5
57884       76.4
57885       76.4
57886       76.8
57887       78.0
57888       76.4
57889       73.8
57890       74.4
57891       71.0
57892       71.5
57893       72.7
57894       71.5
57895       70.0
57896       69.7
57897       70.2
57898       69.8
57899       67.8
57900       66.4
57901       64.2
57902       63.8
57903       58.5
57904       55.9
57905       59.3
57906       60.0
57907       59.8
57908       57.8
57909       59.5
57910       55.1
57911       53.9
57912       49.8
57913       51.9
57914       54.6
57915       53.3
57916       51.8
57917       52.2
57918       48.8
57919       47.8
57920       51.3
57921       51.9
57922          -
57923       44.6
57924       43.5
57925       45.7
57926       48.4
57927       52.2
57928       51.1
57929       53.7
57930       53.6
57931       53.0
57932       53.8
57933       55.7
57934       55.2
57935       54.1
57936       54.2
57937       49.3
57938       50.4
57939       48.5
57940       49.3
57941       48.0
57942       48.6
57943       49.4
57944       70.7
57945       69.8
57946       68.5
57947       64.6
57948       61.8
57949       60.6
57950       58.5
57951       55.9
57952       56.1
57953       54.7
57954       58.4
57955       57.8
57956       57.9
57957       55.0
57958       55.6
57959       55.3
57960       52.3
57961       50.5
57962       48.8
57963          -
57964          -
57965       49.4
57966       50.1
57967       48.2
57968       46.7
57969       46.2
57970       44.9
57971       45.1
57972       45.1
57973       45.6
57974       47.5
57975       49.1
57976       49.9
57977       48.9
57978       50.0
57979       49.0
57980       51.3
57981       51.3
57982       52.8
57983       53.2
57984          -
57985          -
57986       39.6
57987       41.6
57988       38.4
57989       38.0
57990       35.8
57991       34.0
57992       31.6
57993       31.3
57994       30.1
57995       31.3
57996       34.3
57997       36.9
57998       34.9
57999       38.9
58000       37.6
58001       38.8
58002       39.8
58003       39.4
58004       39.7
58005       38.3
58006       36.9
58007       36.6
58008       37.1
58009       35.1
58010       31.0
58011       29.1
58012       30.4
58013       31.5
58014       32.7
58015       32.8
58016       31.2
58017       29.1
58018       28.9
58019       26.1
58020       26.4
58021       21.9
58022       23.1
58023       23.9
58024       22.5
58025       20.4
58026       21.9
58027       21.7
58028       19.4
58029       18.2
58030       16.1
58031       14.9
58032       17.6
58033       18.3
58034       16.0
58035       14.9
58036       10.6
58037        8.9
58038        6.8
58039        7.8
58040        5.3
58041        6.1
58042        5.1
58043        2.7
58044       -0.3
58045       -0.7
58046        1.5
58047       -0.1
58048       -0.6
58049       -2.8
58050       -3.5
58051       -6.3
58052       -5.9
58053      -10.2
58054       -8.6
58055       -7.0
58056      -10.6
58057      -11.8
58058      -11.1
58059      -13.8
58060      -11.8
58061      -13.8
58062      -11.4
58063      -10.3
58064      -10.5
58065      -12.8
58066      -13.8
58067       -8.7
58068       -9.8
58069       -9.2
58070      -11.9
58071      -12.0
58072      -11.7
58073       -8.3
58074      -10.2
58075       -6.3
58076       -4.4
58077       -6.9
58078       -8.3
58079       -9.8
58080       -9.1
58081      -10.7
58082       -9.9
58083       -7.4
58084       -5.3
58085       -4.8
58086       -5.6
58087       -7.0
58088       -5.1
58089       -4.9
58090       -4.7
58091       -0.9
58092       -2.0
58093        1.1
58094        1.3
58095        3.1
58096        3.7
58097        5.5
58098        7.3
58099        5.3
58100        4.8
58101        5.9
58102        5.7
58103        7.5
58104        8.0
58105        5.9
58106        3.6
58107        1.1
58108        3.4
58109        4.2
58110        5.3
58111        7.4
58112        9.2
58113       10.2
58114        7.2
58115        9.8
58116       11.0
58117       10.7
58118        9.9
58119       11.3
58120       15.6
58121       15.3
58122       17.4
58123       16.7
58124       17.1
58125       18.6
58126       23.1
58127       27.1
58128       25.3
58129       30.6
58130       29.5
58131       31.5
58132       32.7
58133       32.4
58134       33.3
58135       34.8
58136       35.6
58137       37.2
58138       36.6
58139       39.3
58140       44.1
58141       46.3
58142       47.7
58143       47.4
58144       45.9
58145       44.2
58146       43.2
58147       40.6
58148       38.3
58149       38.2
58150       38.2
58151       35.8
58152       37.4
58153       36.2
58154       34.8
58155       30.9
58156       29.5
58157       27.7
58158       27.9
58159       28.7
58160       26.5
58161       26.7
58162       26.8
58163       24.0
58164       25.7
58165       28.9
58166       31.0
58167       27.7
58168       28.7
58169       29.2
58170       27.4
58171       25.1
58172       25.4
58173       26.4
58174       28.3
58175       31.1
58176       28.5
58177       24.9
58178       24.7
58179       27.1
58180       24.6
58181          -
58182          -
58183       17.3
58184       17.8
58185       15.7
58186       17.0
58187       16.9
58188       13.9
58189       11.9
58190       12.4
58191       12.0
58192       13.8
58193       10.5
58194       13.8
58195       15.9
58196       12.6
58197       11.4
58198       12.9
58199       11.0
58200        7.3
58201        4.9
58202        4.1
58203        3.6
58204        0.5
58205        3.1
58206        4.2
58207        2.7
58208        2.1
58209        0.4
58210       -1.8
58211       -2.4
58212       -3.0
58213       -3.7
58214       -1.8
58215       -3.3
58216       -2.0
58217       -4.0
58218       -0.4
58219       -2.5
58220       -3.5
58221       -3.2
58222       -7.1
58223       -8.6
58224       -7.6
58225       -4.7
58226       -3.2
58227       -5.6
58228       -3.4
58229       -3.9
58230       -5.1
58231       -6.3
58232       -6.9
58233       -8.1
58234      -10.7
58235       -9.5
58236      -11.3
58237      -13.0
58238      -16.4
58239      -19.7
58240      -21.2
58241      -25.8
58242      -26.5
58243      -28.0
58244      -28.0
58245      -27.2
58246      -25.8
58247      -29.1
58248          -
58249          -
58250          -
58251      -31.7
58252      -31.6
58253      -31.1
58254      -34.0
58255      -34.3
58256      -34.3
58257      -34.6
58258      -38.5
58259      -36.0
58260      -37.0
58261      -39.1
58262      -38.5
58263      -40.6
58264      -44.4
58265      -43.6
58266      -40.0
58267      -42.9
58268      -43.2
58269      -45.4
58270      -46.8
58271      -46.7
58272      -45.6
58273      -45.2
58274      -43.5
58275      -43.8
58276      -44.0
58277      -42.6
58278      -39.2
58279      -39.8
58280      -46.5
58281      -46.1
58282      -48.4
58283      -47.0
58284      -41.8
58285      -45.2
58286      -49.5
58287      -51.9
58288      -52.1
58289      -47.5
58290      -44.1
58291      -44.4
58292      -42.9
58293      -40.0
58294      -41.5
58295      -44.4
58296      -45.1
58297      -46.4
58298      -47.2
58299      -46.2
58300      -47.2
58301      -48.4
58302      -51.2
58303      -54.9
58304      -53.0
58305      -52.5
58306      -52.2
58307      -55.1
58308      -54.1
58309      -56.4
58310      -57.5
58311      -56.4
58312      -59.1
58313      -57.9
58314      -58.7
58315      -56.0
58316      -54.4
58317      -54.9
58318      -55.6
58319      -57.3
58320      -55.9
58321      -57.3
58322      -58.8
58323      -56.3
58324      -57.9
58325      -56.8
58326      -56.4
58327      -54.5
58328      -58.0
58329      -56.2
58330      -60.5
58331      -61.4
58332      -61.7
58333      -64.5
58334      -67.5
58335      -70.2
58336      -72.1
58337      -76.2
58338      -76.4
58339      -77.0
58340      -74.8
58341      -74.3
58342      -74.3
58343      -73.0
58344      -73.4
58345      -73.7
58346      -77.4
58347      -80.1
58348      -89.6
58349      -92.7
58350      -92.0
58351      -94.1
58352      -94.2
58353      -93.7
58354      -95.6
58355      -95.1
58356      -93.4
58357      -95.1
58358      -95.9
58359      -96.5
58360      -96.0
58361      -97.0
58362      -95.9
58363      -94.8
58364      -96.0
58365      -94.3
58366      -96.1
58367      -94.7
58368      -91.6
58369      -94.3
58370      -94.2
58371      -90.6
58372      -89.8
58373      -92.8
58374      -94.6
58375      -95.2
58376      -95.8
58377      -94.2
58378      -90.2
58379      -87.0
58380      -90.5
58381      -96.1
58382      -95.9
58383      -98.0
58384      -99.6
58385      -98.8
58386     -103.9
58387     -104.1
58388     -103.8
58389     -101.4
58390     -101.3
58391     -103.7
58392     -105.4
58393     -105.7
58394     -104.4
58395     -106.1
58396     -105.9
58397     -107.9
58398     -111.1
58399     -111.4
58400     -111.4
58401     -111.9
58402     -114.5
58403     -116.5
58404     -117.7
58405     -117.6
58406     -120.1
58407     -120.8
58408     -125.4
58409     -127.5
58410     -126.5
58411     -128.6
58412     -132.2
58413     -133.9
58414     -136.5
58415     -139.3
58416     -142.1
58417     -145.1
58418     -143.7
58419     -141.5
58420     -140.3
58421     -141.7
58422     -143.0
58423     -140.2
58424     -142.4
58425     -143.8
58426     -144.4
58427     -145.8
58428     -149.5
58429     -150.1
58430     -150.2
58431     -151.9
58432     -150.2
58433     -149.3
58434     -149.0
58435     -147.6
58436     -148.6
58437     -146.6
58438     -144.0
58439     -144.6
58440     -145.2
58441     -146.4
58442     -149.2
58443     -152.6
58444     -155.0
58445     -156.6
58446     -157.3
58447     -156.9
58448     -160.9
58449     -161.7
58450     -164.3
58451     -163.5
58452     -163.8
58453     -163.4
58454     -167.5
58455     -166.9
58456     -166.1
58457     -168.9
58458     -172.0
58459     -173.9
58460     -174.7
58461     -176.2
58462     -176.0
58463     -179.2
58464     -179.9
58465     -179.0
58466     -179.4
58467     -178.7
58468     -180.5
58469     -181.6
58470     -178.8
58471     -177.9
58472     -178.0
58473     -177.9
58474     -177.7
58475     -179.1
58476     -182.6
58477     -184.9
58478     -181.3
58479     -181.7
58480     -182.1
58481     -183.2
58482     -187.1
58483     -193.4
58484     -195.3
58485     -196.4
58486     -202.0
58487     -201.6
58488     -200.1
58489     -201.7
58490     -200.8
58491     -200.9
58492     -202.6
58493     -202.7
58494     -200.2
58495     -196.4
58496     -196.8
58497     -196.7
58498     -198.0
58499     -193.7
58500     -193.7
58501     -194.3
58502     -195.8
58503     -194.4
58504     -192.6
58505     -194.3
58506     -195.9
58507     -198.8
58508     -202.1
58509     -205.5
58510     -202.7
58511     -204.5
58512     -203.5
58513     -204.9
58514     -206.1
58515     -205.0
58516     -202.3
58517     -201.5
58518     -205.0
58519     -205.8
58520     -205.1
58521     -204.1
58522     -209.0
58523     -206.9
58524     -208.7
58525     -210.8
58526     -211.5
58527     -210.3
58528     -210.9
58529     -212.2
58530     -213.6
58531     -213.2
58532     -212.9
58533     -213.9
58534     -210.6
58535     -213.7
58536     -212.3
58537     -211.6
58538     -210.8
58539     -210.9
58540     -212.9
58541     -216.9
58542     -217.0
58543     -221.3
58544     -219.1
58545     -215.0
58546     -216.8
58547     -216.0
58548     -213.8
58549     -212.3
58550     -210.8
58551     -212.4
58552     -212.4
58553     -212.5
58554     -209.5
58555     -206.7
58556     -204.2
58557     -203.3
58558     -200.5
58559     -197.9
58560     -196.8
58561     -197.3
58562     -196.8
58563     -196.6
58564     -196.9
58565     -197.1
58566     -194.7
58567     -193.1
58568     -190.2
58569     -189.8
58570     -189.3
58571     -191.2
58572     -191.5
58573     -189.1
58574     -190.7
58575     -188.4
58576     -186.5
58577     -185.6
58578     -187.2
58579          -
58580          -
58595     -181.8
58596     -182.2
58597     -181.6
58598     -179.3
58599     -180.1
58600     -182.5
58601     -182.7
58602     -183.2
58603     -184.4
58604     -181.4
58605     -184.2
58606     -183.5
58607     -186.5
58608     -187.2
58609     -189.5
58610          -
58611          -
58612          -
58613          -
58614          -
58615          -
58623          -
58624          -
58625          -
58626          -
58627          -
58628          -
58629     -140.0
58630     -137.6
58631     -207.1
58632     -207.0
58633     -201.5
58634     -197.2
58635     -192.9
58636     -192.2
58637     -188.2
58638     -185.8
58639     -181.0
58640     -178.2
58641     -175.9
58642     -173.3
58643     -174.1
58644     -171.5
58645     -166.4
58646     -161.7
58647     -160.0
58648     -154.6
58649     -154.8
58650     -152.1
58651     -152.2
58652     -147.0
58653     -146.0
58654     -144.6
58655     -145.0
58656     -141.6
58657     -139.4
58658     -137.8
58659     -138.1
58660     -137.5
58661     -135.5
58662     -133.9
58663     -130.8
58664     -128.9
58665     -123.6
58666     -123.0
58667     -124.4
58668     -123.1
58669     -119.8
58670     -118.8
58671     -115.0
58672     -110.2
58673     -111.9
58674     -112.0
58675     -110.2
58676     -109.0
58677     -112.3
58678     -106.5
58679     -106.5
58680     -105.2
58681     -103.6
58682     -102.8
58683     -103.2
58684     -103.3
58685     -101.9
58686     -100.8
58687     -104.2
58688      -99.0
58689      -98.8
58690      -95.8
58691      -93.8
58692      -95.3
58693      -94.7
58694      -93.2
58695      -94.0
58696      -94.5
58697      -96.2
58698      -96.2
58699      -96.1
58700     -100.9
58701      -98.8
58702      -98.1
58703      -95.7
58704      -94.6
58705      -94.0
58706      -92.1
58707      -95.0
58708      -93.3
58709      -91.1
58710      -88.3
58711      -88.2
58712      -89.6
58713      -87.5
58714      -87.9
58715      -85.7
58716      -88.3
58717      -88.0
58718      -88.5
58719      -88.9
58720      -87.6
58721      -88.6
58722      -85.7
58723      -87.3
58724      -89.5
58725      -89.7
58726      -85.8
58727      -86.0
58728      -88.2
58729      -90.3
58730      -88.7
58731      -89.6
58732      -92.1
58733      -90.6
58734      -90.3
58735      -91.5
58736      -91.6
58737      -93.9
58738      -90.3
58739          -
58740      -85.8
58741      -86.0
58742      -84.8
58743      -84.3
58744      -84.5
58745      -83.3
58746      -81.6
58747      -83.2
58748      -86.3
58749      -86.6
58750      -83.0
58751      -83.3
58752      -84.4
58753      -83.3
58754      -83.1
58755      -84.8
58756      -82.5
58757      -82.4
58758      -83.2
58759      -82.8
58760      -82.5
58761      -80.5
58762      -78.6
58763      -79.7
58764      -77.8
58765      -78.8
58766      -78.6
58767      -74.8
58768      -75.9
58769      -78.9
58770      -80.9
58771      -81.1
58772      -80.0
58773      -81.5
58774      -82.1
58775      -82.8
58776      -87.3
58777      -86.9
58778      -87.4
58779      -88.7
58780      -85.8
58781      -85.7
58782      -87.9
58783      -86.2
58784      -86.8
58785      -86.1
58786      -85.0
58787      -12.5
58788       -6.7
58789       -6.2
58790       -5.9
58791       -5.9
58792       -8.0
58793       -5.8
58794       -7.9
58795       -5.7
58796       -6.0
58797       -5.2
58798       -2.8
58799       -5.3
58800       -7.3
58801       -6.4
58802       -5.2
58803       -4.2
58804       -2.8
58805       -2.4
58806       -1.7
58807       -0.6
58808        3.9
58809        4.5
58810        4.6
58811        5.1
58812        6.2
58813        8.2
58814        7.5
58815        6.5
58816        6.2
58817        5.9
58818        6.3
58819        9.8
58820       10.1
58821       11.4
58822       10.9
58823       10.8
58824        9.5
58825        9.6
58826       12.6
58827       13.9
58828       10.6
58829        8.6
58830        4.4
58831        3.0
58832        4.2
58833        7.9
58834        7.8
58835        9.0
58836       11.2
58837       11.4
58838       11.8
58839       11.9
58840       10.9
58841       10.0
58842       10.5
58843       10.5
58844        9.8
58845        9.4
58846        9.1
58847        8.9
58848        7.9
58849       10.2
58850        8.9
58851       10.4
58852       10.5
58853       10.9
58854       14.4
58855       14.5
58856       16.8
58857       18.6
58858       19.8
58859       18.5
58860       19.8
58861       20.4
58862       19.2
58863       21.4
58864       23.2
58865       26.9
58866       29.7
58867       29.5
58868       28.4
58869       28.4
58870       27.2
58871       25.8
58872       22.2
58873       18.8
58874       17.3
58875       20.9
58876       19.9
58877       19.0
58878       17.5
58879       18.5
58880       19.9
58881       17.7
58882       19.0
58883       21.1
58884       20.2
58885       19.3
58886       18.5
58887       17.7
58888       17.2
58889       17.8
58890       15.4
58891       16.6
58892       16.1
58893       16.7
58894       15.3
58895       16.0
58896       15.6
58897       14.0
58898       14.7
58899       13.9
58900       15.6
58901       13.7
58902        9.5
58903       12.0
58904       14.7
58905       14.1
58906       12.0
58907        8.1
58908        9.1
58909        8.9
58910       12.5
58911       14.0
58912       17.8
58913       16.0
58914       16.3
58915       18.0
58916       15.6
58917       15.9
58918       15.8
58919       15.8
58920       16.8
58921       15.5
58922       13.5
58923       13.0
58924       10.7
58925        6.9
58926        7.1
58927        9.4
58928       10.8
58929        7.2
58930       10.3
58931        8.3
58932       11.9
58933       14.7
58934       14.7
58935       14.3
58936       11.1
58937        9.7
58938        9.5
58939        9.7
58940       10.5
58941        9.0
58942       11.6
58943        9.1
58944        9.6
58945        6.9
58946        6.2
58947        7.7
58948        8.7
58949       10.5
58950       12.0
58951        7.8
58952        6.4
58953       10.2
58954       10.7
58955       10.2
58956        9.8
58957        9.3
58958        9.7
58959        9.5
58960        8.5
58961        6.2
58962       10.3
58963        9.7
58964        9.3
58965        6.7
58966        6.5
58967        5.5
58968        7.0
58969        7.8
58970        8.2
58971        6.2
58972        5.9
58973        4.3
58974        2.3
58975        1.0
58976       -1.1
58977       -2.8
58978       -1.2
58979        0.3
58980       -2.3
58981       -1.0
58982       -2.1
58983          -
58984          -
58985       -5.5
58986       -5.1
58987       -8.3
58988       -9.8
58989       -8.6
58990       -6.3
58991       -9.1
58992       -6.3
58993       -5.2
58994       -4.0
58995       -4.2
58996       -3.4
58997       -6.3
58998       -2.0
58999       -0.5
59000        1.0
59001       -1.3
59002       -0.5
59003       -0.8
59004       -0.2
59005        4.9
59006        4.1
59007        3.3
59008        4.8
59009        5.9
59010        5.5
59011        5.1
59012        6.5
59013        6.1
59014        7.5
59015        7.7
59016        9.5
59017       10.9
59018       13.8
59019       11.7
59020       10.6
59021       14.3
59022       16.3
59023       15.9
59024       17.4
59025       18.3
59026       17.6
59027       17.6
59028       17.1
59029       16.6
59030       17.8
59031       18.7
59032       19.3
59033       17.6
59034       18.5
59035       14.7
59036       15.9
59037       16.8
59038       19.0
59039       19.4
59040       18.2
59041       16.7
59042       21.1
59043       21.4
59044       23.8
59045       26.1
59046       28.4
59047       26.8
59048       24.4
59049       23.7
59050       25.0
59051       25.2
59052       28.6
59053       26.8
59054       26.6
59055       26.5
59056       23.7
59057       23.8
59058       21.7
59059       18.9
59060       19.2
59061       20.0
59062       21.3
59063       19.6
59064       20.2
59065       20.4
59066       19.2
59067       18.3
59068       14.6
59069       14.4
59070       12.2
59071       12.9
59072       14.6
59073       14.3
59074       11.4
59075        9.5
59076        9.7
59077        6.3
59078        5.1
59079        1.3
59080        2.3
59081        0.3
59082       -2.3
59083       -7.2
59084      -11.6
59085      -10.2
59086       -8.1
59087       -9.8
59088       -8.4
59089      -10.4
59090      -11.6
59091       -8.3
59092      -12.6
59093      -15.4
59094      -17.8
59095      -20.9
59096      -22.2
59097      -26.9
59098      -29.6
59099      -31.8
59100      -30.2
59101      -31.0
59102      -33.4
59103      -37.3
59104      -39.4
59105      -39.2
59106      -43.6
59107      -46.3
59108      -48.0
59109      -48.9
59110      -47.8
59111      -46.2
59112      -43.8
59113      -41.3
59114      -40.3
59115      -40.5
59116      -38.6
59117      -39.8
59118      -36.6
59119      -34.0
59120      -36.2
59121      -32.4
59122      -34.1
59123      -32.1
59124      -32.8
59125      -31.8
59126      -30.7
59127      -30.9
59128      -31.0
59129      -31.3
59130      -28.3
59131      -30.9
59132      -30.5
59133      -32.5
59134      -30.7
59135      -32.1
59136      -34.3
59137      -33.6
59138      -32.7
59139      -31.7
59140      -30.6
59141      -25.8
59142      -25.7
59143      -28.4
59144      -30.0
59145      -31.8
59146      -29.8
59147      -28.0
59148      -28.6
59149      -23.4
59150      -20.8
59151      -20.1
59152      -18.6
59153      -16.2
59154      -12.0
59155      -10.0
59156       -5.8
59157       -1.6
59158       -0.0
59159        2.7
59160        4.1
59161        5.1
59162        8.4
59163        6.2
59164        7.1
59165        7.3
59166        6.2
59167        5.9
59168        9.3
59169       12.4
59170       19.5
59171       18.5
59172       19.4
59173       22.1
59174       21.3
59175       20.6
59176       22.2
59177       20.7
59178       21.4
59179       25.5
59180       21.9
59181       17.3
59182       14.3
59183       11.0
59184        8.3
59185        6.0
59186        4.7
59187        2.0
59188        1.0
59189        0.3
59190       -3.3
59191       -1.2
59192       -4.9
59193       -4.6
59194       -5.8
59195       -5.1
59196       -6.9
59197       -6.9
59198       -7.4
59199       -9.0
59200       -9.6
59201       -7.7
59202       -7.9
59203       -9.6
59204      -11.7
59205      -12.3
59206      -11.4
59207       -9.4
59208      -11.1
59209      -11.8
59210      -12.3
59211       -8.7
59212       -8.9
59213       -8.5
59214       -9.2
59215       -7.9
59216       -9.0
59217       -8.5
59218      -12.6
59219      -14.8
59220      -14.1
59221      -17.8
59222      -15.9
59223      -15.6
59224      -13.7
59225      -13.5
59226      -13.0
59227      -11.2
59228      -11.5
59229      -11.1
59230      -10.7
59231       -9.8
59232       -9.7
59233      -13.3
59234      -12.6
59235      -15.2
59236      -13.2
59237      -11.6
59238      -11.3
59239      -15.6
59240      -17.5
59241      -18.0
59242      -19.1
59243      -18.8
59244      -17.7
59245      -19.5
59246      -21.5
59247      -22.7
59248      -21.9
59249      -21.2
59250      -20.5
59251      -23.9
59252      -24.0
59253      -21.8
59254      -20.1
59255      -19.7
59256      -21.3
59257      -21.7
59258      -22.0
59259      -21.6
59260      -23.9
59261      -24.2
59262      -24.6
59263      -22.6
59264      -26.5
59265      -27.0
59266      -21.5
59267      -20.5
59268      -17.7
59269      -16.9
59270      -17.0
59271      -16.0
59272      -15.0
59273      -16.8
59274      -17.1
59275      -14.5
59276      -16.2
59277      -18.1
59278      -18.1
59279      -18.1
59280      -16.4
59281      -16.0
59282      -14.8
59283      -15.9
59284      -17.6
59285      -16.8
59286      -15.8
59287      -14.5
59288      -17.2
59289      -21.7
59290      -19.6
59291      -21.4
59292      -22.5
59293      -21.5
59294      -21.1
59295      -20.2
59296      -17.8
59297      -15.5
59298      -13.6
59299      -10.1
59300      -11.2
59301      -10.5
59302       -9.3
59303       -9.1
59304       -6.3
59305       -7.4
59306       -9.0
59307       -9.3
59308       -9.0
59309      -11.3
59310      -13.6
59311      -12.8
59312      -12.2
59313      -11.5
59314      -13.5
59315       -9.6
59316      -11.2
59317      -11.3
59318      -10.1
59319      -11.4
59320      -13.2
59321      -14.5
59322      -16.5
59323      -18.0
59324      -16.3
59325      -14.4
59326      -10.0
59327      -10.5
59328       -7.6
59329       -4.9
59330       -5.1
59331       -3.9
59332       -4.3
59333       -0.0
59334       -1.4
59335        0.8
59336        0.3
59337        1.3
59338       -0.1
59339       -1.3
59340       -1.9
59341       -1.4
59342          -
59343          -
59351       -2.3
59352       -0.4
59353        1.7
59354        2.0
59355        4.1
59356        5.7
59357        8.0
59358       10.1
59359       12.1
59360        9.7
59361       10.9
59362        9.4
59363       11.0
59364        7.7
59365        6.1
59366        8.9
59367       10.6
59368       12.7
59369        9.3
59370        6.6
59371        7.2
59372        8.4
59373        9.9
59374        9.0
59375       10.9
59376       14.4
59377       18.2
59378       18.8
59379       17.8
59380       18.0
59381       20.5
59382       23.8
59383       24.6
59384       26.6
59385       26.5
59386       26.4
59387       27.6
59388       26.6
59389       28.4
59390       28.8
59391       28.1
59392       27.7
59393       30.7
59394       36.3
59395       39.0
59396       38.3
59397       38.6
59398       42.0
59399       42.3
59400       42.7
59401       44.1
59402       40.9
59403       42.4
59404       42.3
59405       46.5
59406       44.5
59407       43.8
59408       40.4
59409       43.3
59410       43.1
59411       41.9
59412       44.1
59413       39.0
59414       38.0
59415       38.6
59416       38.1
59417       37.4
59418       37.1
59419       34.2
59420       33.4
59421       33.6
59422       33.2
59423       32.6
59424       33.5
59425       34.2
59426       31.7
59427       33.8
59428       31.9
59429       32.2
59430       31.0
59431       26.5
59432       27.2
59433       28.2
59434       29.2
59435       30.3
59436       32.4
59437       32.1
59438       35.0
59439       38.4
59440       40.4
59441       42.2
59442       39.3
59443       39.7
59444       39.6
59445       39.1
59446       37.6
59447       38.5
59448       38.2
59449       38.5
59450       37.5
59451       36.1
59452       34.1
59453       35.8
59454       34.5
59455       35.5
59456       35.6
59457       31.9
59458       31.6
59459       28.8
59460       29.4
59461       26.9
59462       23.3
59463       26.7
59464       26.2
59465       25.3
59466       24.4
59467       22.8
59468       23.4
59469       19.7
59470       20.0
59471       22.4
59472       20.2
59473       19.7
59474       17.6
59475       14.7
59476       15.2
59477       14.3
59478       13.9
59479       11.9
59480       11.9
59481       12.2
59482       13.9
59483       12.8
59484       16.6
59485       18.3
59486       18.2
59487       18.1
59488       20.2
59489       21.9
59490       25.0
59491       27.5
59492       28.9
59493       28.4
59494       29.2
59495       30.4
59496       28.2
59497       29.7
59498       28.7
59499          -
59500       30.9
59501       30.1
59502       33.6
59503       29.8
59504       31.5
59505       31.4
59506       29.6
59507       31.1
59508       31.7
59509       36.3
59510       38.2
59511       39.3
59512       39.0
59513       44.8
59514       46.2
59515       46.9
59516       51.0
59517       51.7
59518       54.2
59519       56.0
59520       57.3
59521       57.3
59522       60.2
59523       58.9
59524       58.9
59525       63.3
59526       62.6
59527       61.6
59528       57.9
59529       55.0
59530       54.3
59531       53.6
59532       52.7
59533       52.2
59534       50.1
59535       48.0
59536       46.9
59537       46.7
59538       41.3
59539       37.8
59540       33.2
59541       34.2
59542       33.0
59543       29.1
59544       26.8
59545       26.6
59546       25.2
59547       25.8
59548       23.2
59549       21.1
59550       22.3
59551       23.3
59552       23.1
59553       20.8
59554       22.0
59555       19.5
59556       19.6
59557       17.4
59558       14.1
59559       13.1
59560       12.1
59561        8.2
59562        7.2
59563        6.1
59564        3.4
59565        1.1
59566       -0.4
59567        2.2
59568        3.2
59569        2.1
59570       -1.5
59571       -2.8
59572       -4.2
59573       -6.9
59574       -8.6
59575       -9.6
59576       -9.8
59577       -8.1
59578       -8.3
59579       -9.8
59580      -11.6
59581      -12.1
59582      -14.0
59583      -16.7
59584      -13.1
59585      -13.7
59586      -13.0
59587      -14.0
59588      -17.3
59589      -22.5
59590      -22.6
59591      -26.1
59592      -24.9
59593      -26.6
59594      -29.0
59595      -29.6
59596      -32.6
59597      -31.5
59598      -32.9
59599      -38.9
59600      -38.1
59601      -38.2
59602      -38.2
59603      -35.5
59604      -35.8
59605      -33.7
59606      -34.3
59607      -33.8
59608      -35.6
59609      -38.2
59610      -38.1
59611      -39.8
59612      -40.1
59613      -42.3
59614      -43.0
59615      -42.6
59616      -41.4
59617      -42.0
59618      -42.3
59619      -42.1
59620      -44.0
59621      -42.9
59622      -43.1
59623      -45.6
59624      -46.6
59625      -47.4
59626      -44.4
59627      -39.9
59628      -36.1
59629      -32.3
59630      -29.2
59631      -28.3
59632      -28.6
59633      -27.1
59634      -25.2
59635      -22.2
59636      -25.6
59637      -26.8
59638      -24.6
59639      -23.5
59640      -24.5
59641      -24.9
59642      -27.1
59643      -33.2
59644      -32.2
59645      -35.0
59646      -38.3
59647      -44.1
59648      -47.4
59649      -49.1
59650      -49.3
59651      -49.9
59652      -56.2
59653      -59.0
59654      -60.5
59655      -59.9
59656      -59.8
59657      -59.9
59658      -57.6
59659      -55.0
59660      -54.9
59661      -53.2
59662      -52.1
59663      -52.2
59664      -53.1
59665      -51.5
59666      -47.7
59667      -45.5
59668      -45.6
59669      -46.7
59670      -47.3
59671      -45.8
59672      -44.4
59673      -44.1
59674      -44.1
59675      -41.6
59676      -35.0
59677      -33.3
59678      -34.9
59679      -31.7
59680      -28.3
59681      -26.1
59682      -25.6
59683      -24.8
59684      -24.6
59685      -24.7
59686      -21.3
59687      -16.7
59688      -13.8
59689      -15.6
59690      -18.0
59691      -16.3
59692      -16.6
59693      -16.1
59694      -15.2
59695      -19.1
59696      -19.1
59697      -17.0
59698      -17.9
59699      -13.9
59700      -11.7
59701       -8.5
59702       -7.7
59703       -8.5
59704      -10.6
59705      -11.1
59706       -8.4
59707       -4.3
59708       -2.5
59709       -2.7
59710        1.1
59711       -0.4
59712       -3.3
59713       -5.2
59714       -4.6
59715       -5.4
59716       -3.5
59717        0.5
59718        4.7
59719        2.9
59720        4.0
59721        6.2
59722       10.8
59723       13.5
59724       15.7
59725       17.5
59726       17.9
59727       19.5
59728       20.2
59729       21.8
59730       25.6
59731       26.4
59732       26.7
59733       25.1
59734       26.1
59735       28.0
59736       29.9
59737       31.6
59738       32.0
59739       32.9
59740       35.3
59741       34.5
59742       33.8
59743       32.5
59744       33.8
59745       33.0
59746       32.8
59747       33.3
59748       31.1
59749       33.7
59750       33.5
59751       35.4
59752       35.6
59753       35.3
59754       34.6
59755       34.8
59756       32.0
59757       29.0
59758       28.0
59759       30.3
59760       31.0
59761       31.1
59762       29.7
59763       30.1
59764       27.3
59765       30.3
59766       30.9
59767       31.2
59768       30.1
59769       29.3
59770       26.9
59771       26.4
59772       28.5
59773       29.5
59774       32.2
59775       30.3
59776       29.9
59777       31.4
59778       30.5
59779       32.0
59780       33.4
59781       32.4
59782       33.3
59783       35.9
59784       34.1
59785       34.6
59786       36.6
59787       37.8
59788       39.4
59789       38.8
59790       40.4
59791       39.5
59792       40.1
59793       39.2
59794       40.4
59795       42.3
59796       40.9
59797       39.5
59798       36.6
59799       37.4
59800       38.4
59801       38.7
59802       37.4
59803       37.8
59804       38.3
59805       40.1
59806       38.3
59807       41.4
59808       37.3
59809       36.8
59810       36.8
59811       38.5
59812       37.4
59813       35.9
59814       34.4
59815       35.5
59816       36.2
59817       38.5
59818       36.8
59819       34.4
59820       32.6
59821       33.3
59822       32.3
59823       29.7
59824       30.4
59825       33.3
59826       34.5
59827       36.6
59828       37.1
59829       38.2
59830       40.5
59831       40.1
59832       41.3
59833       41.9
59834       42.9
59835       45.5
59836       42.7
59837       47.3
59838       50.4
59839       52.7
59840       52.4
59841       49.7
59842       49.0
59843       49.5
59844       46.8
59845       45.2
59846       40.1
59847       37.7
59848       37.5
59849       36.6
59850       31.9
59851       35.9
59852       33.3
59853       34.5
59854       31.9
59855       26.8
59856       26.8
59857       24.3
59858       21.9
59859       23.5
59860       24.7
59861       22.4
59862       20.9
59863       22.1
59864       22.8
59865       19.3
59866       17.2
59867       18.2
59868       20.1
59869       21.8
59870       21.7
59871       18.9
59872       20.4
59873       22.7
59874       22.4
59875       21.1
59876       20.6
59877       21.8
59878       21.9
59879       22.2
59880       23.5
59881       22.8
59882       22.5
59883       22.0
59884       23.9
59885       23.1
59886       22.5
59887       21.4
59888       20.3
59889       20.4
59890       21.0
59891       22.4
59892       22.6
59893       22.4
59894       22.2
59895       23.5
59896       26.7
59897       28.6
59898       31.2
59899       30.6
59900       32.2
59901       37.2
59902       40.7
59903       44.0
59904       44.9
59905       46.4
59906       48.0
59907       51.1
59908       50.1
59909       52.6
59910       52.4
59911       53.8
59912       53.7
59913       56.0
59914       53.4
59915       48.4
59916       45.1
59917       44.0
59918       41.6
59919       39.6
59920       34.2
59921       32.2
59922       32.1
59923       32.7
59924       29.5
59925       26.9
59926       27.0
59927       23.7
59928       24.8
59929       27.1
59930       25.9
59931       24.4
59932       24.0
59933       22.4
59934       18.9
59935       18.4
59936       17.5
59937       16.6
59938       15.4
59939       13.4
59940       16.7
59941       14.7
59942       13.1
59943       10.9
59944       14.4
59945       13.5
59946       11.9
59947       13.1
59948       13.5
59949       13.6
59950       13.3
59951       11.4
59952        9.0
59953        8.2
59954        7.7
59955        5.2
59956        4.2
59957        5.3
59958        3.9
59959        0.5
59960        2.3
59961        2.9
59962        1.8
59963        1.3
59964       -0.1
59965       -1.1
59966        0.7
59967        0.5
59968        2.0
59969       -0.9
59970       -1.7
59971       -2.3
59972       -3.4
59973       -3.7
59974       -2.5
59975       -2.9
59976       -1.7
59977       -1.2
59978        1.3
59979        1.1
59980        1.3
59981        2.1
59982        0.9
59983        2.5
59984        2.4
59985        3.4
59986        6.1
59987        5.5
59988        5.4
59989        5.4
59990        6.9
59991        7.4
59992        7.2
59993        7.6
59994        8.3
59995        5.6
59996        9.3
59997        9.8
59998        6.5
59999        8.4
60000       11.6
60001       14.9
60002       17.4
60003       19.3
60004       19.4
60005       20.9
60006       21.6
60007       21.6
60008       21.6
60009       19.7
60010       16.9
60011       15.8
60012       14.8
60013       11.8
60014       12.9
60015       14.8
60016       14.6
60017       13.5
60018       12.7
60019       10.7
60020       10.3
60021       10.4
60022        8.4
60023        8.8
60024        8.7
60025        9.1
60026        8.1
60027        7.5
60028        6.6
60029        6.9
60030        5.7
60031        6.2
60032        6.3
60033        7.3
60034        7.4
60035        7.1
60036        7.9
60037        9.3
60038        9.3
60039        8.4
60040        7.9
60041        9.7
60042       12.7
60043       14.8
60044       18.6
60045       19.3
60046       18.1
60047       21.1
60048       18.9
60049       21.8
60050       20.3
60051       23.3
60052       24.0
60053       24.8
60054       27.9
60055       26.9
60056       28.8
60057       30.3
60058       34.1
60059       34.5
60060       36.4
60061       36.7
60062       35.3
60063       35.5
60064       37.9
60065       34.6
60066       32.6
60067       31.2
60068       33.0
60069       32.4
60070       32.4
60071       30.9
60072       27.1
60073       26.7
60074       28.6
60075       29.3
60076       27.6
60077       28.4
60078       29.3
60079       31.1
60080       31.0
60081       33.0
60082       34.5
60083       34.8
60084       31.4
60085       30.6
60086       30.6
60087       29.4
60088       29.0
60089       31.5
60090       30.9
60091       28.8
60092       30.2
60093       30.5
60094       32.0
60095       30.6
60096       30.4
60097       29.8
60098       31.5
60099       34.9
60100       32.5
60101       32.5
60102       32.3
60103       32.0
60104       31.1
60105       33.0
60106       31.8
60107       33.1
60108       31.8
60109       32.5
60110       33.1
60111       31.6
60112       29.6
60113       29.4
60114       24.5
60115       22.2
60116       20.0
60117       16.9
60118       15.9
60119       14.2
60120       10.1
60121       10.8
60122       11.4
60123        8.8
60124        8.4
60125        5.3
60126        4.3
60127        4.3
60128        3.5
60129       -0.9
60130        0.1
60131        0.6
60132       -1.3
60133       -1.5
60134       -1.3
60135       -0.5
60136       -4.0
60137       -5.0
60138       -6.2
60139       -5.4
60140       -6.7
60141       -7.3
60142       -4.2
60143       -3.3
60144       -4.0
60145       -2.4
60146       -4.7
60147       -4.4
60148       -6.0
60149       -7.2
60150       -8.6
60151       -8.1
60152       -6.8
60153       -7.9
60154       -6.5
60155       -5.6
60156       -6.3
60157       -8.7
60158       -9.8
60159       -9.6
60160      -12.4
60161      -10.2
60162       -9.9
60163       -9.0
60164       -9.2
60165       -8.4
60166       -8.9
60167       -8.7
60168      -10.7
60169      -12.9
60170      -14.7
60171      -14.9
60172      -16.4
60173      -16.0
60174      -18.4
60175      -18.1
60176      -18.5
60177      -19.5
60178      -19.7
60179      -19.1
60180      -21.6
60181      -25.1
60182      -27.0
60183      -26.9
60184      -26.0
60185      -27.0
60186      -26.2
60187      -26.6
60188      -27.9
60189      -26.9
60190      -25.7
60191      -26.2
60192      -27.0
60193      -25.1
60194      -25.2
60195      -26.4
60196      -27.6
60197      -28.6
60198      -27.5
60199      -27.8
60200      -29.4
60201      -31.4
60202      -31.6
60203      -33.2
60204      -32.5
60205      -32.7
60206      -34.7
60207      -34.4
60208      -35.2
60209      -36.9
60210      -37.9
60211      -39.1
60212      -40.9
60213      -42.4
60214      -43.0
60215      -42.8
60216      -44.4
60217      -41.7
60218      -39.9
60219      -38.7
60220      -38.6
60221      -39.0
60222      -40.1
60223      -38.8
60224      -36.9
60225      -33.5
60226      -31.0
60227      -28.1
60228      -29.7
60229      -29.6
60230      -24.6
60231      -23.4
60232      -24.0
60233      -22.8
60234      -20.2
60235      -21.7
60236      -23.0
60237      -24.2
60238      -24.2
60239      -21.1
60240      -21.0
60241      -18.3
60242      -16.1
60243      -16.0
60244      -15.0
60245      -13.2
60246      -15.4
60247      -16.3
60248      -16.3
60249      -19.6
60250      -16.2
60251      -13.2
60252      -12.7
60253      -12.2
60254      -12.2
60255      -12.8
60256      -14.8
60257      -12.8
60258       -7.9
60259       -7.2
60260       -4.4
60261       -5.9
60262       -5.2
60263       -3.2
60264        0.4
60265        2.8
60266        6.0
60267        7.2
60268        8.6
60269       11.3
60270       15.5
60271       13.7
60272       14.1
60273       14.0
60274       15.9
60275       16.7
60276       20.2
60277       18.6
60278       20.4
60279       18.3
60280       18.7
60281       17.1
60282       11.5
60283       11.2
60284        9.1
60285        8.6
60286        8.3
60287       10.7
60288       11.4
60289        9.7
60290        9.5
60291        7.6
60292       10.2
60293       10.9
60294       14.0
60295       15.0
60296       14.0
60297       14.8
60298       12.4
60299       12.4
60300       12.6
60301       11.2
60302       12.2
60303       12.0
60304       13.0
60305       15.4
60306       14.9
60307       14.7
60308       14.9
60309       11.9
60310       12.7
60311       14.5
60312       14.9
60313       16.8
60314       13.9
60315       12.1
60316       12.5
60317        9.8
60318       11.3
60319        9.9
60320       10.3
60321       12.0
60322       14.0
60323       14.7
60324       13.7
60325       12.7
60326       13.5
60327       14.1
60328       13.0
60329       15.1
60330       17.0
60331       16.2
60332       16.9
60333       15.7
60334       14.7
60335       14.6
60336       15.2
60337       15.7
60338       14.4
60339       16.8
60340       16.8
60341       17.1
60342       18.4
60343       19.3
60344       22.1
60345       23.4
60346       23.8
60347       22.8
60348       21.9
60349       24.2
60350       25.0
60351       26.2
60352       24.2
60353       24.2
60354       25.3
60355       26.0
60356       26.3
60357       27.4
60358       28.6
60359       27.8
60360       29.2
60361       28.5
60362       28.3
60363       28.9
60364       31.0
60365       33.7
60366       32.2
60367       29.9
60368       30.5
60369       32.2
60370       30.4
60371       34.1
60372       34.7
60373       30.4
60374       30.9
60375       29.1
60376       30.3
60377       33.8
60378       32.5
60379       32.2
60380       34.2
60381       34.7
60382       37.0
60383       37.1
60384       38.9
60385       37.9
60386       39.0
60387       39.8
60388       40.3
60389       42.2
60390       40.9
60391       41.3
60392       40.3
60393       38.1
60394       40.1
60395          -
60396          -
60397          -
60398          -
60399          -
60400          -
60401       46.8
60402       50.4
60403       52.1
60404       52.0
60405       54.1
60406       51.1
60407       52.2
60408       54.2
60409       56.4
60410       59.2
60411       61.9
60412       63.2
60413       64.6
60414       66.6
60415       68.3
60416       68.6
60417       67.9
60418       66.7
60419       64.6
60420       61.6
60421       61.2
60422       56.8
60423       56.7
60424       56.9
60425       54.2
60426       57.0
60427       54.8
60428       53.3
60429       48.1
60430       46.6
60431       42.2
60432       44.4
60433       42.1
60434       40.8
60435       40.1
60436       40.8
60437       40.2
60438       43.2
60439       43.9
60440       42.6
60441       42.9
60442       37.0
60443       39.9
60444       38.9
60445       38.2
60446       37.2
60447       36.8
60448       37.5
60449       35.0
60450       28.5
60451       26.5
60452       22.9
60453       21.8
60454       21.1
60455       24.3
60456       23.6
60457       22.0
60458       22.5
60459       21.1
60460       22.6
60461       23.9
60462       22.8
60463       22.7
60464       22.6
60465       22.1
60466       22.8
60467       24.4
60468       23.6
60469       19.9
60470       17.3
60471       19.5
60472       18.6
60473       13.9
60474       12.4
60475        7.8
60476        8.9
60477        7.3
60478        5.4
60479        4.1
60480        3.8
60481        2.3
60482        4.1
60483        2.5
60484        1.3
60485        0.6
60486        0.5
60487        0.8
60488        2.3
60489        2.6
60490        4.4
60491        0.0
60492       -1.0
60493        1.2
60494        0.7
60495        1.0
60496        1.2
60497       -3.0
60498       -4.6
60499       -5.6
60500       -8.9
60501       -8.8
60502       -9.4
60503       -9.8
60504      -11.3
60505       -9.9
60506      -11.8
60507      -14.1
60508      -13.4
60509      -16.4
60510      -19.5
60511      -20.5
60512      -20.0
60513      -21.0
60514      -22.4
60515      -26.5
60516      -26.7
60517      -24.1
60518      -19.2
60519      -18.4
60520      -16.5
60521      -15.7
60522      -13.9
60523      -16.3
60524      -15.1
60525      -16.4
60526      -17.2
60527      -19.1
60528      -19.9
60529      -16.8
60530      -15.1
60531      -13.5
60532      -16.3
60533      -12.8
60534      -14.2
60535      -14.4
60536      -12.7
60537      -10.7
60538       -9.1
60539       -7.5
60540       -8.3
60541       -6.0
60542       -6.8
60543       -6.7
60544       -5.7
60545       -4.0
60546       -5.7
60547       -4.1
60548       -3.9
60549       -5.5
60550       -7.8
60551       -5.8
60552       -3.6
60553       -2.6
60554        0.7
60555        1.6
60556        3.7
60557        3.5
60558        6.1
60559        4.8
60560        5.5
60561       11.0
60562       13.4
60563       15.8
60564       14.5
60565       15.6
60566       16.5
60567       17.6
60568       19.1
60569       19.1
60570       21.2
60571       22.5
60572       23.9
60573       22.7
60574       24.3
60575       22.0
60576       20.8
60577       22.1
60578       26.1
60579       27.4
60580       26.5
60581       29.1
60582       31.2
60583       30.7
60584       33.3
60585       34.6
60586       37.4
60587       38.2
60588       40.6
60589       45.1
60590       43.4
60591       42.9
60592       45.0
60593       48.5
60594       49.2
60595       47.5
60596       47.5
60597       47.3
60598       48.8
60599       46.4
60600       47.4
60601       48.6
60602       49.6
60603       53.4
60604       54.9
60605       55.4
60606       57.2
60607       58.0
60608       59.4
60609       56.2
60610       59.0
60611       59.2
60612       60.8
60613       60.4
60614       61.4
60615       62.2
60616       62.7
60617       64.6
60618       66.0
60619       67.7
60620       67.1
60621       66.6
60622       68.9
60623       70.0
60624       69.9
60625       73.5
60626       73.8
60627       73.4
60628       71.7
60629       70.4
60630       67.9
60631       71.5
60632       72.9
60633       74.0
60634       75.6
60635       73.9
60636       73.5
60637       71.2
60638       71.2
60639       71.3
60640       71.5
60641       74.8
60642       74.8
60643       77.3
60644       78.0
60645       78.1
60646       75.7
60647       75.9
60648       77.2
60649       78.3
60650       79.9
60651       80.8
60652       80.3
60653       81.0
60654       83.0
60655       78.7
60656       77.1
60657       76.5
60658       75.2
60659       76.2
60660       78.1
60661       78.3
60662       76.9
60663       75.6
60664       73.1
60665       70.9
60666       66.8
60667       67.3
60668       67.0
60669       67.5
60670       66.9
60671       63.9
60672       61.1
60673       62.3
60674       59.8
60675       57.6
60676       57.9
60677       57.2
60678       57.2
60679       56.2
60680       57.5
60681       55.4
60682       53.2
60683       51.4
60684       48.1
60685       48.9
60686       47.2
60687       44.1
60688       41.6
60689       40.0
60690       35.1
60691       33.6
60692       32.4
60693       29.8
60694       32.3
60695       30.2
60696       29.7
60697       31.9
60698       32.2
60699       27.7
60700       26.1
60701       20.7
60702       18.6
60703       16.3
60704       16.7
60705       16.9
60706       13.0
60707       12.6
60708       11.4
60709       10.4
60710       11.6
60711       12.4
60712       12.6
60713       10.3
60714        9.7
60715        7.0
60716        5.0
60717        5.1
60718        2.3
60719        1.3
60720          -
60721          -
60722          -
60723        1.5
60724        0.1
60725       -0.1
60726        1.5
60727        3.3
60728        2.3
60729       -1.1
60730       -3.6
60731       -0.1
60732        1.6
60733        0.2
60734       -1.7
60735        5.0
60736        4.2
60737        7.3
60738        7.1
60739        5.2
60740        7.3
60741        9.6
60742        8.7
60743       12.3
60744       13.1
60745       17.3
60746       17.9
60747       17.9
60748       14.8
60749       14.9
60750       14.8
60751       12.7
60752       14.3
60753       14.9
60754       16.7
60755       14.6
60756       14.4
60757       15.2
60758       17.4
60759       19.4
60760       20.9
60761       17.7
60762          -
60763          -
60764          -
60765       18.2
60766       20.1
60767       23.4
60768       21.2
60769          -
60770          -
60771          -
60772       22.8
60773       21.7
60774       23.6
60775          -
60776          -
60777          -
60778          -
60786       25.2
60787       24.3
60788       22.1
60789       20.2
60790       20.9
60791       20.9
60792       23.5
60793       25.7
60794       26.3
60795       28.0
60796       30.9
60797       33.3
60798       32.9
60799       30.4
60800       29.3
60801       31.1
60802       31.0
60803       32.9
60804       32.4
60805       31.1
60806       30.6
60807       32.4
60808       36.3
60809       37.9
60810          -
60811          -
60812          -
60813          -
60814       42.2
60815       42.8
60816       44.0
60817       48.0
60818       51.2
60819       56.5
60820       58.0
60821       56.8
60822       61.7
60823       65.5
60824       65.7
60825       69.0
60826       71.0
60827       72.5
60828       72.1
60829       72.4
60830       70.2
60831       74.4
60832       73.8
60833       74.1
60834       73.0
60835       75.1
60836       79.0
60837       78.7
60838          -
60839          -
60840          -
60841          -
60849       88.8
60850       89.5
60851       88.2
60852       91.1
60853       93.2
60854       94.3
60855       97.5
60856       98.4
60857       97.7
60858       97.1
60859       95.6
60860       97.3
60861       97.5
60862       96.4
60863       95.4
60864       94.2
60865       93.4
60866          -
60867          -
60868          -
60869          -
60877       67.6
60878       67.3
60879       66.0
60880       62.3
60881       59.2
60882       56.4
60883       53.5
60884       51.3
60885       52.3
60886       46.4
60887       44.0
60888       46.1
60889       41.1
60890       39.0
60891       32.1
60892       34.0
60893       37.0
60894       34.8
60895       37.0
60896       39.9
60897       39.0
60898       39.5
60899       42.9
60900       45.6
60901       50.6
60902       52.8
60903       54.3
60904       57.8
60905       61.0
60906       61.3
60907       65.6
60908       68.0
60909       73.7
60910       74.4
60911       80.7
60912       80.6
60913       79.3
60914       74.4
60915          -
60916          -
60917          -
60918          -
60919       66.6
60920       64.1
60921       61.9
60922       58.5
60923       56.5
60924       56.5
60925       55.4
60926       50.4
60927       48.6
60928          -
60929       36.4
60930       32.1
60931       31.4
60932       29.8
60933       32.0
60934       28.6
60935       28.1
60936       26.7
60937       26.3
60938       25.0
60939       20.7
60940       18.4
60941       17.1
60942       18.1
60943       14.4
60944       12.5
60945        9.4
60946        3.4
60947        5.0
60948        2.2
60949        3.2
60950        2.9
60951       -2.0
60952       -3.0
60953       -6.0
60954       -6.8
60955       -5.9
60956       -7.6
60957      -11.6
60958      -14.3
60959      -14.3
60960      -12.9
60961      -17.1
60962      -17.9
60963      -14.6
60964      -16.7
60965      -16.9
60966      -12.7
60967      -14.5
60968      -13.2
60969      -11.3
60970       -8.9
60971      -11.7
60972      -11.3
60973      -11.6
60974      -14.5
60975      -15.2
60976      -15.6
60977      -16.5
60978      -16.6
60979      -16.4
60980      -17.0
60981      -16.0
60982      -15.6
60983      -15.5
60984      -11.6
60985      -12.0
60986      -13.5
60987      -11.4
60988      -11.4
60989      -10.6
60990      -10.3
60991      -11.8
60992          -
60993       -8.1
60994       -7.1
60995       -7.7
60996      -11.2
60997          -
60998          -
60999          -
61000          -
61001          -
61002          -
61003          -
61004          -
61005          -
61006          -
61007          -
61008          -
61009          -
61010        2.8
61011        2.1
61012       -2.5
61013       -3.8
61014       -0.6
61015        2.0
61016        0.4
61017        2.3
61018        0.8
61019       -0.2
61020        3.1
61021        3.4
61022        2.8
61023        4.7
61024        3.5
61025        6.0
61026        5.5
61027        8.3
61028       10.0
61029       11.9
61030       13.5
61031        9.9
61032        9.3
61033       12.2
61034        8.9
61035        9.3
61036       10.1
61037       11.1
61038       10.0
61039        9.9
61040       12.3
61041       11.3
61042       11.4
61043       13.0
61044       12.1
61045       14.1
61046       16.3
61047       19.0
61048       20.8
61049       23.3
61050       24.7
61051       25.9
61052       28.9
61053       30.2
61054       30.4
61055       27.7
61056       27.5
61057       30.9
61058       33.5
61059       36.0
61060       38.5
61061       36.8
61062       35.2
61063       31.2
61064       31.7
61065       34.7
61066       34.2
61067       33.6
61068       33.4
61069       38.8
61070       39.4
61071       36.1
61072       34.9
61073       34.4
61074       32.7
61075       34.3
61076       34.3
61077       32.2
61078       32.9
61079       30.8
61080       31.0
61081       34.4
61082       35.3
61083       34.8
61084       34.1
61085       34.6
61086       38.3
61087       36.5
61088       39.2
61089       39.1
61090       39.7
61091       42.2
61092       44.4
61093       46.8
61094       48.6
61095       50.0
61096       50.8
61097       50.2
61098       50.2
61099       48.0
61100       47.7
61101       50.4
61102       51.1
61103       53.2
61104       53.8
61105       53.2
61106       46.3
61107       46.1
61108       43.6
61109       42.6
61110       39.4
61111       38.4
61112       37.9
61113       31.3
61114       31.2
61115       31.7
61116       29.8
61117       30.7
61118       28.0
61119       28.2
61120       29.7
61121       28.1
61122       26.8
61123       21.6
61124       19.8
61125       16.4
61126       17.3
61127       14.8
61128       12.0
61129        9.6
61130        9.0
61131        4.5
61132        0.8
61133        0.2
61134       -3.9
61135       -0.4
61136       -2.4
61137       -4.1
61138       -3.4
61139       -5.0
61140       -5.3
61141       -6.8
61142       -9.9
61143      -12.1
61144      -13.8
61145      -14.4
61146      -13.6
61147      -16.4
61148      -14.5
61149      -17.4
61150      -20.6
61151      -19.4
61152      -24.4
61153      -26.8
61154      -25.8
61155      -22.4
61156      -20.7
61157      -24.7
61158      -26.0
61159      -29.5
61160      -31.8
61161      -34.3
61162      -36.4
61163      -40.8
61164      -43.4
61165      -42.7
61166      -41.0
61167      -38.3
61168      -38.0
61169      -37.1
61170      -37.1
61171      -36.0
61172      -36.0
61173      -33.7
61174      -33.1
61175      -34.8
61176      -31.5
61177      -32.4
61178      -32.7
61179      -32.6
61180      -30.0
61181      -30.0
61182      -27.8
61183      -26.6
61184      -27.6
61185      -25.9
61186      -24.0
61187      -22.4
61188      -21.3
61189      -18.6
61190      -17.3
61191      -17.0
61192      -15.4
61193      -13.2
61194      -12.3
61195       -9.5
61196       -7.1
61197       -3.9
61198       -0.5
61199        3.0
61200        6.0
61201        4.7
61202        5.6
61203        6.6
61204       10.4
61205       15.3
61206       16.3
61207       21.1
61208       23.5
61209       28.6
61210       28.9
61211       33.5
61212       37.2
61213       39.8
61214       40.3
61215       43.6
61216       40.9
61217       43.3
61218       44.1
61219       42.6

# UTC remains available from the monthly Circular T at
# (http://www.bipm.org/en/bipm-services/timescales/time-ftp/Circular-T.html).
