# MJD  [UTCr-UTC(IMBH)]/ns
57174     -481.6
57175     -481.0
57176     -480.4
57177     -481.4
57178     -483.7
57179     -485.5
57180     -488.1
57181     -489.5
57182     -492.9
57183     -493.8
57184     -497.7
57185     -491.0
57186     -474.0
57187     -459.0
57188     -445.4
57189     -431.5
57190     -415.4
57191     -399.1
57192     -383.0
57193     -367.0
57194     -350.1
57195     -334.6
57196     -319.5
57197     -302.1
57198     -283.4
57199     -267.1
57200     -248.5
57201     -231.0
57202     -213.4
57203     -199.5
57204     -186.9
57205     -173.8
57206     -155.0
57207     -138.0
57208     -121.9
57209     -100.4
57210      -83.6
57211      -64.4
57212      -45.7
57213      -26.9
57214      -16.0
57215      -13.4
57216      -12.7
57217      -14.9
57218      -16.4
57219      -19.0
57220      -15.6
57221      -16.0
57222      -14.1
57223      -14.8
57224      -13.8
57225      -12.5
57226      -13.8
57227      -11.2
57228      -11.8
57229      -11.6
57230      -12.4
57231      -10.6
57232       -6.8
57233       -3.6
57234       -2.6
57235       -2.4
57236       -1.8
57237        0.7
57238        3.6
57239        4.2
57240        5.0
57241        5.5
57242        5.3
57243        5.8
57244        8.5
57245        8.5
57246        8.0
57247        6.5
57248        9.4
57249       11.7
57250       12.0
57251       13.5
57252       14.2
57253       18.1
57254       15.5
57255       16.8
57256       18.2
57257       21.5
57258       20.8
57259       21.1
57260       20.4
57261       20.7
57262       23.3
57263       25.3
57264       29.0
57265       33.3
57266       36.2
57267       34.8
57268       37.0
57269       39.6
57270       42.2
57271       43.0
57272       42.2
57273       46.0
57274       49.8
57275       49.4
57276       50.0
57277       54.9
57278       56.3
57279       60.7
57280       63.3
57281       67.7
57282       73.3
57283       76.7
57284       80.0
57285       85.6
57286       88.9
57287       92.0
57288       95.3
57289       94.6
57290       97.1
57291       99.3
57292      102.6
57293      109.2
57294      110.6
57295      109.8
57296      110.2
57297      113.4
57298      117.1
57299      121.5
57300      127.4
57301      129.6
57302      131.8
57303      136.2
57304      137.0
57305      152.8
57306      172.7
57307      197.0
57308      214.9
57309      237.4
57310      260.3
57311      284.7
57312      308.5
57313      323.0
57314      342.8
57315      363.2
57316      381.0
57317      406.1
57318      415.8
57319      426.6
57320      436.8
57321      443.9
57322      453.8
57323      465.2
57324      474.8
57325      479.8
57326      472.9
57327      470.7
57328      468.8
57329      463.3
57330      460.8
57331      459.0
57332      455.4
57333      452.9
57334      447.5
57335      445.7
57336      444.6
57337      437.1
57338      433.1
57339      427.6
57340      424.4
57341      423.9
57342      421.0
57343      419.7
57344      412.7
57345      411.8
57346      405.4
57347      402.9
57348      401.5
57349      397.3
57350      391.4
57351      391.1
57352      386.1
57353      380.7
57354      379.5
57355      373.9
57356      371.1
57357      369.6
57358      364.4
57359      357.3
57360      353.7
57361      350.2
57362      349.1
57363      345.0
57364      339.3
57365      337.3
57366      337.1
57367      336.4
57368      331.2
57369      328.1
57370      326.3
57371      324.4
57372      321.3
57373      318.7
57374      318.9
57375      315.3
57376      309.2
57377      310.2
57378      310.9
57379      311.0
57380      309.3
57381      305.7
57382      305.3
57383      300.6
57384      300.1
57385      297.8
57386      297.0
57387      295.8
57388      295.8
57389      293.8
57390      291.6
57391      286.6
57392      277.7
57393      272.7
57394      272.0
57395      271.2
57396      270.9
57397      264.0
57398      265.5
57399      262.8
57400      261.0
57401      261.6
57402      263.4
57403      264.3
57404      264.2
57405      258.1
57406      253.3
57407      251.2
57408      250.9
57409      249.9
57410      248.7
57411      247.7
57412      246.1
57413      245.3
57414      243.4
57415      239.3
57416      237.6
57417      234.9
57418      237.0
57419      233.6
57420      228.6
57421      227.6
57422      230.5
57423      228.8
57424      229.6
57425      229.8
57426      225.5
57427      223.0
57428      223.5
57429      226.0
57430      225.2
57431      223.5
57432      224.5
57433      222.3
57434      222.8
57435      222.0
57436      224.7
57437      221.1
57438      221.1
57439      220.9
57440      216.8
57441      217.5
57442      217.8
57443      218.5
57444      218.9
57445      220.7
57446      214.4
57447      213.2
57448      215.6
57449      215.6
57450      216.3
57451      215.4
57452      213.0
57453      211.8
57454      210.6
57455      214.6
57456      215.4
57457      213.9
57458      217.8
57459      217.2
57460      217.0
57461      217.9
57462      217.1
57463      216.6
57464      219.6
57465      220.1
57466      221.4
57467      220.5
57468      216.5
57469      215.8
57470      213.9
57471      220.7
57472      214.7
57473      214.2
57474      217.4
57475      222.3
57476      223.9
57477      229.7
57478      231.2
57479      231.7
57480      230.8
57481      234.8
57482      235.6
57483      236.1
57484      237.5
57485      237.0
57486      238.5
57487      239.3
57488      240.9
57489      242.0
57490      242.8
57491      241.1
57492      243.7
57493      240.2
57494      230.1
57495      222.5
57496      213.9
57497      206.9
57498      198.4
57499      192.0
57500      184.9
57501      177.4
57502      168.7
57503      162.7
57504      155.0
57505      147.5
57506      140.9
57507      137.8
57508      134.6
57509      129.3
57510      120.7
57511      114.5
57512      106.3
57513       97.1
57514       85.0
57515       74.0
57516       67.3
57517       59.5
57518       54.2
57519       50.2
57520       43.1
57521       36.7
57522       28.0
57523       21.0
57524       12.6
57525        6.0
57526       -0.9
57527       -9.6
57528      -18.7
57529      -27.9
57530      -35.2
57531      -43.3
57532      -50.0
57533      -53.3
57534      -57.3
57535      -61.7
57536      -66.2
57537      -74.2
57538      -81.7
57539      -87.1
57540      -93.2
57541     -100.1
57542     -104.9
57543     -110.7
57544     -114.7
57545     -122.3
57546     -127.3
57547     -136.1
57548     -140.6
57549     -147.9
57550      118.4
57551      100.0
57552       76.2
57553       93.1
57554       71.9
57555       69.0
57556       61.6
57557       56.8
57558       51.2
57559       50.5
57560       41.9
57561       34.6
57562       31.9
57563       29.9
57564       24.0
57565       18.8
57566       10.8
57567        4.6
57568       -3.7
57569      -11.7
57570      -17.6
57571          -
57572          -
57573          -
57574          -
57575          -
57576          -
57577          -
57578          -
57579          -
57741          -
57742          -
57743       97.9
57744       93.8
57745       96.8
57746       96.2
57747       98.9
57748      100.0
57749      102.5
57750      108.1
57751      107.9
57752      108.2
57753      108.7
57754      110.0
57755      108.5
57756      108.0
57757      108.7
57758      102.8
57759      102.8
57760       98.1
57761       89.3
57762       82.9
57763       76.2
57764       67.4
57765       63.1
57766       56.3
57767       53.1
57768          -
57769       37.8
57770       33.3
57771       26.3
57772       14.5
57773        8.6
57774        2.8
57775       -2.1
57776       -9.6
57777       -8.5
57778      -12.7
57779      -13.0
57780      -12.0
57781      -13.8
57782      -16.2
57783      -11.8
57784       -7.8
57785       -6.8
57786       -8.0
57787      -13.2
57788       -8.2
57789       -5.4
57790       29.0
57791       29.9
57792       31.0
57793       36.4
57794       37.4
57795       37.8
57796       38.6
57797       39.5
57798       40.6
57799       36.2
57800       30.3
57801       24.2
57802       19.7
57803       18.2
57804       16.7
57805       10.3
57806        9.1
57807        7.1
57808        6.1
57809        9.8
57810       10.5
57811       13.7
57812       15.1
57813       15.0
57814       16.2
57815       11.5
57816        9.1
57817        6.2
57818       -6.0
57819      -11.8
57820      -11.4
57821      -12.5
57822      -14.2
57823      -15.8
57824      -20.1
57825      -21.9
57826      -22.6
57827      -17.0
57828      -13.7
57829       -9.9
57830       -9.9
57831       -7.8
57832       -5.1
57833       -8.4
57834      -11.8
57835      -11.8
57836      -13.9
57837      -14.4
57838      -17.7
57839      -21.5
57840      -22.8
57841      -21.9
57842      -20.6
57843      -18.4
57844      -19.4
57845      -20.1
57846      -11.7
57847      -13.3
57848       -9.2
57849       -5.9
57850       -6.4
57851       -8.9
57852      -10.3
57853       -6.0
57854       -4.4
57855       -5.1
57856       -6.5
57857       -1.8
57858       -1.4
57859       -1.2
57860        5.0
57861        6.5
57862        5.7
57863        3.7
57864       10.3
57865       11.9
57866       12.6
57867        8.7
57868        7.2
57869        6.0
57870        5.0
57871        2.9
57872        5.9
57873        8.7
57874        9.0
57875        7.9
57876        7.9
57877        9.7
57878       12.3
57879       16.0
57880       20.1
57881       12.2
57882       15.7
57883       11.8
57884        8.4
57885       10.1
57886        7.0
57887        3.7
57888       -2.0
57889       -3.6
57890       -6.4
57891       -5.9
57892      -11.2
57893      -13.8
57894      -13.7
57895      -12.7
57896       -7.3
57897       -5.0
57898       -3.5
57899       -5.6
57900       -9.6
57901       -3.4
57902       -0.6
57903        0.7
57904        3.2
57905        0.7
57906        0.9
57907       -1.2
57908       -0.0
57909        0.0
57910        0.9
57911        2.3
57912        1.4
57913        0.9
57914        0.2
57915        6.0
57916        9.7
57917        7.7
57918        7.1
57919        2.1
57920        4.2
57921        4.9
57922        9.5
57923        6.2
57924        9.6
57925       10.4
57926        8.4
57927        5.4
57928        0.0
57929       -6.0
57930       -7.6
57931       -2.2
57932        2.0
57933        0.2
57934        0.6
57935        3.3
57936        3.4
57937       -0.5
57938       -1.0
57939        3.1
57940        2.0
57941       -0.9
57942       -2.8
57943       -3.4
57944       -3.7
57945       -1.6
57946       -2.5
57947       -2.1
57948        1.1
57949        6.0
57950        7.7
57951        7.1
57952        7.5
57953        3.2
57954        4.0
57955        3.5
57956        6.0
57957        4.3
57958        2.3
57959        2.8
57960        8.4
57961        4.7
57962        1.9
57963       -0.4
57964       -3.1
57965       -1.6
57966       -5.2
57967       -6.2
57968       -1.4
57969       -1.0
57970        5.8
57971        7.4
57972       11.8
57973        6.8
57974        6.5
57975        4.9
57976       -0.2
57977        0.9
57978       -1.3
57979       -3.1
57980        0.7
57981       -1.9
57982       -3.6
57983       -4.3
57984       -3.0
57985       -8.4
57986       -6.6
57987       -1.6
57988        2.4
57989        3.6
57990        5.2
57991       10.6
57992       15.3
57993       15.0
57994       13.1
57995        1.9
57996       -2.0
57997       -6.5
57998       -8.5
57999       -2.9
58000        0.3
58001        7.2
58002        8.6
58003        8.0
58004        7.0
58005       10.7
58006        8.5
58007       10.0
58008       12.9
58009        3.0
58010        2.6
58011       -1.0
58012       -0.6
58013       -2.0
58014        4.4
58015        6.8
58016        4.8
58017        2.8
58018        2.2
58019        1.6
58020        2.7
58021        1.6
58022        2.0
58023        4.0
58024        3.0
58025        5.5
58026        5.1
58027        4.4
58028        6.1
58029        5.5
58030        2.7
58031        2.3
58032        2.6
58033        6.6
58034        4.1
58035        3.1
58036        3.7
58037        2.3
58038        2.1
58039        7.6
58040        6.4
58041        5.8
58042        0.5
58043        2.7
58044        1.3
58045        2.4
58046        2.2
58047       -0.3
58048       -1.7
58049        1.5
58050       -0.9
58051       -1.4
58052       -3.7
58053        5.7
58054        7.7
58055        3.7
58056        1.7
58057       -3.4
58058       -5.0
58059       -4.0
58060       -3.6
58061        2.4
58062        1.2
58063        9.5
58064        4.4
58065        2.0
58066       -0.1
58067       -2.6
58068       -1.2
58069       -0.2
58070       -2.0
58071       -1.0
58072       -0.7
58073        0.2
58074        3.2
58075       -0.1
58076        2.4
58077       -2.7
58078       -2.5
58079        3.4
58080       -0.7
58081       -3.3
58082       -1.4
58083       -2.2
58084        3.2
58085       -1.7
58086       -0.0
58087       -0.1
58088       -3.6
58089        1.0
58090       -3.0
58091        0.4
58092        1.1
58093       -1.8
58094        1.6
58095       -3.9
58096       -3.4
58097       -1.8
58098       -1.6
58099       -0.8
58100        4.9
58101        2.5
58102        3.1
58103        1.2
58104        3.6
58105        1.6
58106        0.4
58107        0.9
58108        1.6
58109        0.1
58110       -1.7
58111       -0.3
58112       -3.9
58113       -2.1
58114       -2.2
58115       -6.1
58116       -0.9
58117       -2.3
58118       -0.2
58119       -1.6
58120        4.2
58121       13.0
58122        2.5
58123        4.2
58124       -0.4
58125        2.4
58126        3.6
58127       -2.6
58128       -1.0
58129       -3.4
58130       -2.5
58131        0.4
58132        1.0
58133       -2.1
58134       -0.5
58135       -0.4
58136       -0.7
58137        0.5
58138        3.9
58139        1.0
58140        2.2
58141        0.4
58142        0.7
58143        1.6
58144        1.6
58145       -0.5
58146       -3.6
58147       -3.5
58148       -2.9
58149       -1.1
58150       -3.2
58151       -1.2
58152       -1.4
58153       -0.6
58154       -2.9
58155        2.2
58156        0.9
58157        1.4
58158        6.5
58159        1.2
58160        1.1
58161        0.6
58162        6.7
58163        3.4
58164        3.6
58165        2.0
58166        6.4
58167        5.6
58168        3.8
58169       -0.0
58170       -0.1
58171        0.4
58172       -0.7
58173        1.9
58174        2.6
58175        1.5
58176        0.8
58177       -0.8
58178       -1.9
58179       -1.9
58180       -4.9
58181        7.2
58182       16.9
58183        8.9
58184        6.0
58185        4.7
58186       -2.1
58187       -1.5
58188        2.5
58189        0.9
58190        3.0
58191        4.1
58192        2.0
58193        0.9
58194        0.6
58195       -1.9
58196       -3.5
58197       -2.0
58198       -2.8
58199        0.5
58200       -0.8
58201        2.2
58202       -2.7
58203       -1.8
58204        0.1
58205        3.0
58206        2.3
58207        0.0
58208        0.3
58209       -1.0
58210        3.8
58211       -0.5
58212       -3.7
58213       -0.1
58214        0.5
58215       -0.4
58216       -1.6
58217        2.1
58218       -3.9
58219       -3.4
58220       -1.2
58221       -2.7
58222       -2.7
58223        1.4
58224       -2.7
58225       -0.9
58226       -3.5
58227       -7.9
58228       -3.6
58229       -8.2
58230       -2.1
58231       -7.7
58232       -2.4
58233       -2.6
58234       -2.0
58235       -1.3
58236        1.4
58237        6.0
58238        4.4
58239       -0.6
58240        1.8
58241       -0.5
58242        3.7
58243       -4.5
58244       -2.3
58245       -2.8
58246       -1.7
58247       -5.4
58248       -4.1
58249       -3.9
58250       -0.6
58251        1.7
58252       -4.3
58253        0.1
58254       -0.1
58255       -0.9
58256        1.1
58257       -1.1
58258        1.4
58259       -2.2
58260       -1.3
58261        0.5
58262        1.5
58263        4.4
58264       -1.3
58265        2.9
58266        0.7
58267       -2.3
58268       -0.7
58269        1.2
58270       -2.7
58271       -2.6
58272       -4.1
58273       -1.8
58274       -2.1
58275        1.2
58276       -0.0
58277       -0.2
58278        1.2
58279        1.0
58280       -0.4
58281        0.1
58282       -0.3
58283       -0.7
58284        0.8
58285        1.1
58286        3.5
58287        0.6
58288        1.0
58289        5.4
58290        5.4
58291        4.1
58292        4.0
58293        3.1
58294        2.1
58295        4.3
58296        1.2
58297       -2.1
58298       -1.7
58299       -0.3
58300        2.5
58301        3.0
58302        1.9
58303        6.0
58304        3.0
58305        3.7
58306        3.5
58307       -0.1
58308       -1.7
58309       -2.2
58310       -0.1
58311        1.0
58312        0.6
58313        1.5
58314        4.9
58315        0.2
58316        2.4
58317       -0.4
58318        0.2
58319        2.2
58320        0.3
58321       -0.7
58322       -0.1
58323        3.6
58324        0.8
58325       -1.1
58326       -0.3
58327        0.3
58328        0.6
58329        1.2
58330        1.8
58331        1.7
58332        0.6
58333       -1.8
58334        0.2
58335        1.9
58336        0.5
58337       -1.3
58338        1.1
58339       -1.0
58340       -0.5
58341       -1.3
58342        0.2
58343       -1.5
58344       -4.4
58345       -4.8
58346       -0.9
58347       -2.0
58348       -1.2
58349       -2.6
58350        0.4
58351       -0.8
58352       -1.1
58353       -1.3
58354       -0.3
58355       -1.9
58356       -2.9
58357       -0.3
58358       -1.1
58359        1.2
58360       -2.1
58361       -3.1
58362        2.3
58363       -2.5
58364        1.3
58365        1.4
58366        1.6
58367        1.3
58368       -0.4
58369        3.4
58370        4.0
58371        2.8
58372        0.5
58373       -1.1
58374        0.0
58375        4.1
58376        2.0
58377       -0.2
58378        2.4
58379       -1.9
58380        1.0
58381       -1.7
58382       -2.2
58383        0.6
58384        3.6
58385        1.7
58386        1.2
58387        2.4
58388        3.2
58389        0.1
58390        2.3
58391        2.3
58392        1.6
58393       -1.6
58394       -0.8
58395        1.6
58396       -3.1
58397       -0.3
58398       -0.4
58399        2.7
58400        0.5
58401        3.4
58402       -2.5
58403       -1.9
58404       -3.4
58405       -0.6
58406       -0.9
58407       -0.8
58408        2.5
58409       -0.3
58410       -0.2
58411       -0.4
58412        1.1
58413        1.8
58414        4.6
58415        1.4
58416        2.9
58417        0.4
58418        2.3
58419       -1.1
58420       -2.9
58421        0.5
58422       -2.7
58423       -3.5
58424        2.5
58425       -3.5
58426       -0.8
58427       -1.5
58428       -2.4
58429       -0.1
58430       -1.4
58431       -3.4
58432       -0.2
58433       -3.5
58434        5.2
58435        3.6
58436       -1.0
58437        1.0
58438       -0.1
58439       -0.1
58440       -3.0
58441       -1.6
58442       -1.5
58443       -5.2
58444        1.4
58445        2.0
58446        3.2
58447        3.9
58448        1.9
58449        3.0
58450        0.4
58451        1.1
58452        3.9
58453        4.8
58454        0.8
58455       -0.0
58456        4.3
58457        3.1
58458        4.7
58459        2.4
58460        3.3
58461        2.7
58462        6.3
58463        1.9
58464        2.0
58465        2.7
58466        7.9
58467        2.3
58468        4.8
58469        3.0
58470        3.1
58471        0.8
58472        1.3
58473        0.5
58474        2.1
58475        3.1
58476        0.6
58477        4.0
58478        6.4
58479        2.7
58480        0.9
58481        5.1
58482        0.8
58483        2.0
58484        0.4
58485        8.3
58486       18.9
58487       12.6
58488        5.6
58489        5.1
58490        2.5
58491        4.1
58492        6.0
58493        6.0
58494      -10.0
58495        8.5
58496       27.3
58497       28.4
58498       32.2
58499       27.4
58500       33.1
58501       49.7
58502       43.4
58503       21.6
58504        5.9
58505        3.3
58506        4.9
58507        2.9
58508        0.2
58509        0.1
58510       -1.3
58511        4.0
58512        6.8
58513        7.2
58514        5.5
58515        4.6
58516        1.1
58517        3.8
58518        1.1
58519        0.6
58520        0.3
58521       -0.8
58522        2.0
58523       -1.6
58524        1.3
58525        3.0
58526        6.4
58527        4.6
58528        2.7
58529       -1.4
58530       -5.5
58531       -3.4
58532       -4.4
58533        0.2
58534       -1.1
58535       -0.7
58536        1.0
58537        1.4
58538        3.5
58539        2.5
58540        3.5
58541        3.9
58542        2.5
58543        2.4
58544        1.3
58545        1.6
58546        0.3
58547       -1.1
58548       -2.6
58549       -3.6
58550       -4.5
58551       -3.0
58552       -2.3
58553       -0.8
58554       -0.1
58555       -2.2
58556       -1.4
58557       -0.8
58558       -0.7
58559       -1.9
58560       -2.1
58561       -1.5
58562       -1.0
58563       -0.2
58564        0.3
58565        0.2
58566        0.6
58567        0.8
58568        0.7
58569       -1.3
58570       -3.1
58571       -5.7
58572       -6.3
58573       -5.1
58574       -5.8
58575       -6.5
58576       -6.1
58577       -4.9
58578       -3.7
58579       -1.7
58580       -0.5
58581        1.3
58582        1.8
58583        3.4
58584        3.5
58585        4.1
58586        3.3
58587        3.8
58588        6.8
58589        1.8
58590       -1.0
58591       -2.4
58592       -1.3
58593       -3.2
58594       -1.0
58595       -4.1
58596        1.7
58597        2.7
58598        2.9
58599        4.5
58600        3.9
58601        3.5
58602        1.9
58603        3.1
58604        2.2
58605        1.7
58606        2.0
58607        2.0
58608        2.2
58609        2.5
58610        4.0
58611        0.9
58612       -1.1
58613       -0.2
58614        0.3
58615       -0.1
58616        1.2
58617       -0.4
58618        0.8
58619       -0.4
58620       -0.2
58621       -1.9
58622       -2.7
58623       -0.7
58624       -1.9
58625        0.1
58626        0.6
58627       -2.6
58628       -2.7
58629       -0.1
58630        0.4
58631       -0.4
58632        1.2
58633        2.6
58634        1.9
58635        1.5
58636        0.9
58637       -1.8
58638       -3.1
58639       -5.9
58640       -4.9
58641       -4.4
58642       -5.7
58643       -4.7
58644       -4.2
58645       -2.1
58646        2.0
58647        5.4
58648        3.1
58649       -0.1
58650       -3.4
58651       -6.0
58652       -8.7
58653      -10.5
58654      -13.5
58655      -10.5
58656      -12.3
58657      -10.3
58658       -4.8
58659        2.6
58660       -8.0
58661       -9.5
58662       -3.5
58663       -1.9
58664        1.1
58665        1.6
58666        1.1
58667        1.3
58668        1.8
58669        1.6
58670        2.6
58671        2.8
58672        3.3
58673        2.9
58674        2.0
58675        4.9
58676        4.9
58677       -1.0
58678      -18.6
58679      -29.1
58680      -34.7
58681      -30.4
58682      -22.1
58683      -12.9
58684       -2.6
58685       -0.1
58686        0.3
58687       -0.0
58688        0.5
58689        2.9
58690        2.1
58691        2.6
58692        1.6
58693        4.2
58694        1.9
58695        2.0
58696        1.3
58697       -2.0
58698        1.0
58699        1.2
58700        1.0
58701        1.0
58702        1.0
58703       -0.0
58704        0.8
58705       -0.4
58706        2.5
58707        2.0
58708        1.9
58709        1.6
58710        3.8
58711        3.5
58712        2.7
58713        4.1
58714        0.1
58715        2.4
58716        1.2
58717       -1.2
58718        2.3
58719        3.4
58720        4.3
58721        2.0
58722        1.6
58723        4.0
58724        6.8
58725        4.8
58726        8.7
58727        5.8
58728        5.0
58729        7.5
58730        3.4
58731        3.1
58732        4.7
58733        2.4
58734        3.3
58735        3.8
58736        3.0
58737        1.6
58738        0.4
58739        1.5
58740       -0.3
58741       -1.1
58742        2.2
58743        2.0
58744        3.4
58745        3.4
58746        6.1
58747        7.1
58748        7.2
58749        5.3
58750        5.8
58751        6.1
58752        1.7
58753        2.4
58754        1.2
58755        2.4
58756        1.9
58757       -1.0
58758       -1.2
58759       -0.4
58760        1.7
58761        1.5
58762        4.4
58763        4.2
58764        5.0
58765        1.7
58766        6.7
58767        7.3
58768        4.3
58769        4.3
58770        2.6
58771        4.4
58772        5.3
58773        1.0
58774        1.5
58775        1.8
58776        1.0
58777        1.3
58778        0.0
58779        1.7
58780        3.1
58781        0.2
58782        0.4
58783        4.1
58784        2.1
58785       -2.5
58786        0.7
58787        1.1
58788       -0.8
58789       -2.9
58790       -0.6
58791       -1.2
58792       -0.1
58793       -0.8
58794        0.0
58795       -1.0
58796       -0.6
58797        1.1
58798        1.6
58799        3.6
58800        1.2
58801       -0.8
58802       -0.2
58803        1.3
58804        2.6
58805       -2.8
58806       -0.5
58807       -3.5
58808       -4.1
58809       -1.4
58810       -2.0
58811       -2.6
58812        0.9
58813       -0.8
58814       -1.3
58815        0.9
58816        1.4
58817       -0.3
58818        0.4
58819        4.6
58820        3.6
58821        4.2
58822        1.8
58823        0.3
58824        4.1
58825        4.2
58826        4.6
58827        0.4
58828        2.9
58829        2.1
58830        2.9
58831       -1.7
58832       -0.8
58833        0.9
58834       -0.7
58835       -1.6
58836        0.5
58837       -1.9
58838       -1.0
58839       -0.9
58840       -0.8
58841       -3.7
58842       -2.7
58843       -3.0
58844       -5.8
58845       -2.9
58846       -0.6
58847       -2.0
58848       -2.9
58849       -1.7
58850       -2.5
58851       -3.3
58852       -3.2
58853       -1.4
58854       -0.8
58855       -3.2
58856       -2.3
58857       -1.0
58858       -1.6
58859        0.3
58860        1.0
58861       -1.4
58862        2.5
58863       -1.8
58864        1.0
58865        4.0
58866        1.7
58867       -0.8
58868       -0.1
58869       -1.0
58870       -0.5
58871       -1.5
58872       -0.3
58873       -1.5
58874       -0.7
58875       -0.5
58876       -1.7
58877       -0.7
58878       -0.8
58879       -1.6
58880       -1.2
58881       -2.2
58882       -0.5
58883       -1.8
58884       -0.8
58885       -0.1
58886       -3.2
58887       -2.8
58888       -2.1
58889       -2.9
58890       -1.0
58891        1.0
58892       -0.2
58893       -0.1
58894       -0.6
58895       -1.3
58896        0.3
58897       -0.6
58898       -0.5
58899       -1.2
58900       -0.7
58901       -1.5
58902       -1.0
58903       -0.9
58904       -1.1
58905       -1.9
58906        1.9
58907       -1.1
58908       -0.7
58909       -0.4
58910       -0.1
58911        1.7
58912        1.3
58913        2.5
58914        2.7
58915        2.5
58916        1.7
58917        0.3
58918        0.5
58919       -2.1
58920        0.5
58921        0.1
58922        0.7
58923        3.5
58924        2.3
58925        3.4
58926        2.9
58927        1.5
58928        1.4
58929        2.0
58930        0.2
58931       -0.3
58932        0.4
58933        0.5
58934       -0.0
58935        2.3
58936        3.1
58937        2.1
58938        2.7
58939        2.4
58940        1.9
58941        3.3
58942        2.3
58943        1.5
58944        2.9
58945        2.4
58946        2.9
58947       -0.7
58948        0.5
58949        1.0
58950       -0.3
58951       -0.2
58952       -0.6
58953       -0.2
58954        1.2
58955        0.2
58956        1.1
58957        4.3
58958        3.5
58959        2.2
58960        2.5
58961        1.6
58962        2.8
58963        3.6
58964        3.4
58965        2.7
58966        4.9
58967        2.8
58968        2.6
58969        0.1
58970        1.1
58971        0.1
58972        0.2
58973       -0.9
58974       -1.0
58975        1.1
58976        2.3
58977        1.9
58978        3.4
58979        2.8
58980        3.4
58981        2.2
58982        2.9
58983        4.5
58984        2.9
58985        2.3
58986        0.6
58987        0.9
58988        0.1
58989        0.1
58990       -2.2
58991       -3.1
58992       -2.1
58993       -3.4
58994       -2.5
58995       -3.1
58996       -2.3
58997       -0.6
58998       -2.7
58999       -1.6
59000        0.5
59001       -0.5
59002       -0.9
59003        1.4
59004       -0.4
59005        1.0
59006        1.3
59007       -0.3
59008        0.5
59009        0.4
59010       -0.6
59011       -0.1
59012        1.5
59013        0.6
59014       -0.4
59015       -0.3
59016       -0.5
59017        0.1
59018        0.6
59019        0.9
59020       -0.3
59021        0.8
59022        1.7
59023        0.9
59024        1.6
59025        1.4
59026        0.4
59027        2.4
59028        2.8
59029        2.2
59030        2.1
59031        2.2
59032        2.4
59033        0.8
59034        2.0
59035        1.4
59036       -2.2
59037       -0.5
59038        0.5
59039        0.5
59040        0.6
59041        0.1
59042        1.1
59043        2.4
59044        1.3
59045        2.1
59046        1.8
59047        1.6
59048        2.2
59049        1.3
59050        0.5
59051       -1.6
59052       -0.3
59053       -1.2
59054       -2.7
59055       -3.9
59056       -1.4
59057        0.8
59058        0.9
59059        1.4
59060        1.2
59061        2.5
59062        3.4
59063        2.9
59064        1.6
59065       -0.4
59066        0.4
59067        0.7
59068       -0.6
59069        0.2
59070        0.0
59071        0.4
59072        0.3
59073        0.8
59074        0.8
59075        0.7
59076        2.3
59077        1.5
59078        1.8
59079        1.3
59080       -1.1
59081       -1.3
59082       -1.3
59083       -0.1
59084       -0.4
59085       -0.1
59086       -1.2
59087       -1.4
59088        0.1
59089       -0.2
59090       -1.0
59091        0.4
59092        0.8
59093        0.7
59094        1.7
59095        1.9
59096        2.6
59097        2.5
59098        1.4
59099       -1.3
59100       -1.3
59101       -1.5
59102       -0.4
59103       -0.2
59104       -0.5
59105       -0.2
59106       -0.6
59107       -0.4
59108        0.4
59109        0.3
59110        0.9
59111        1.7
59112        2.6
59113        2.3
59114        3.2
59115        1.8
59116        1.7
59117        1.7
59118        1.5
59119       -0.2
59120        0.7
59121       -0.1
59122       -2.2
59123       -3.2
59124       -2.9
59125       -1.3
59126       -1.1
59127       -1.8
59128       -0.7
59129       -1.2
59130        0.2
59131        1.3
59132       -0.2
59133        1.0
59134        0.2
59135       -1.0
59136       -1.5
59137       -1.0
59138       -2.4
59139       -2.3
59140       -1.2
59141       -1.3
59142       -0.1
59143        1.1
59144        0.5
59145        0.9
59146        1.1
59147       -0.4
59148        0.3
59149       -0.8
59150       -2.0
59151       -1.9
59152       -0.7
59153       -0.6
59154       -1.7
59155       -1.8
59156       -1.5
59157       -0.2
59158        0.4
59159        0.8
59160       -0.1
59161       -1.3
59162       -0.8
59163       -1.0
59164       -1.5
59165       -0.7
59166       -1.0
59167       -0.7
59168       -0.2
59169       -0.4
59170        0.7
59171        0.9
59172        0.3
59173        0.2
59174       -1.4
59175       -1.3
59176       -0.2
59177       -0.4
59178       -0.4
59179       -1.1
59180       -1.2
59181       -1.5
59182       -2.2
59183       -2.2
59184       -2.7
59185       -1.5
59186       -2.2
59187       -0.4
59188       -1.0
59189        0.3
59190       -0.6
59191        0.2
59192        1.0
59193        1.2
59194        1.1
59195        0.3
59196       -0.4
59197       -0.9
59198       -1.2
59199       -2.4
59200       -2.4
59201       -2.3
59202       -2.0
59203       -1.1
59204       -0.6
59205        1.2
59206        0.8
59207        0.9
59208        1.0
59209        1.0
59210        1.4
59211        1.2
59212        1.9
59213        1.0
59214        2.1
59215        2.9
59216        3.9
59217        2.8
59218        0.8
59219        0.5
59220        0.4
59221        0.1
59222        0.5
59223       -0.7
59224       -0.7
59225        0.6
59226        1.0
59227       -0.2
59228        0.5
59229        1.1
59230       -0.6
59231       -1.5
59232       -0.7
59233       -1.3
59234       -0.9
59235       -1.3
59236       -2.1
59237       -1.5
59238       -2.5
59239       -3.3
59240       -2.8
59241       -3.0
59242       -2.0
59243       -0.5
59244       -0.4
59245       -0.9
59246       -0.6
59247       -0.8
59248       -0.1
59249        0.4
59250        0.7
59251        0.3
59252       -1.2
59253       -1.8
59254       -1.7
59255       -1.8
59256       -2.9
59257       -2.0
59258       -1.3
59259        0.3
59260        0.8
59261        0.3
59262        0.5
59263       -1.1
59264       -1.0
59265       -1.6
59266       -1.8
59267       -2.3
59268       -2.7
59269       -2.6
59270       -1.6
59271        0.3
59272        2.1
59273        2.5
59274        3.8
59275        4.7
59276        4.8
59277        5.3
59278        5.0
59279        4.4
59280        3.4
59281        1.6
59282        0.1
59283        0.1
59284        1.5
59285        0.5
59286        0.6
59287       -0.4
59288       -0.4
59289       -1.1
59290       -1.5
59291       -0.0
59292        0.3
59293        1.0
59294        1.0
59295        0.7
59296        2.0
59297        2.4
59298        0.9
59299       -1.1
59300       -1.8
59301       -1.8
59302       -0.9
59303       -1.0
59304       -0.8
59305       -0.2
59306        1.2
59307        1.1
59308        2.0
59309        2.5
59310        3.6
59311        2.1
59312        2.5
59313        1.9
59314        0.6
59315       -0.0
59316       -0.2
59317       -0.6
59318        0.5
59319       -0.2
59320       -0.2
59321        0.2
59322        0.3
59323        0.1
59324        0.8
59325       -1.7
59326       -0.2
59327        0.3
59328        1.3
59329        2.3
59330        1.8
59331        2.6
59332        1.6
59333        1.3
59334        0.7
59335        0.3
59336        0.4
59337        0.6
59338        0.1
59339       -0.1
59340        0.4
59341        0.0
59342        0.8
59343        1.8
59344        2.1
59345        2.1
59346        2.4
59347        0.7
59348        0.5
59349        0.2
59350        0.7
59351        1.3
59352        1.6
59353        1.7
59354        0.6
59355        0.4
59356       -1.4
59357       -1.2
59358       -1.9
59359       -1.7
59360       -2.1
59361       -1.9
59362       -3.0
59363       -2.1
59364       -1.1
59365       -1.7
59366       -2.0
59367       -1.8
59368       -1.5
59369       -2.9
59370       -4.1
59371       -5.0
59372       -4.8
59373       -5.2
59374       -5.8
59375       -4.8
59376       -4.0
59377       -1.8
59378       -2.2
59379       -1.7
59380       -0.2
59381       -1.0
59382       -0.3
59383       -1.3
59384       -1.1
59385       -1.2
59386       -0.0
59387       -0.3
59388       -1.9
59389       -2.3
59390       -2.0
59391       -1.9
59392       -0.8
59393       -0.6
59394       -0.8
59395       -0.4
59396       -0.1
59397       -0.2
59398       -0.6
59399       -2.2
59400       -2.0
59401       -1.8
59402       -2.3
59403       -2.2
59404       -1.7
59405       -1.7
59406       -0.6
59407       -1.4
59408       -0.8
59409       -0.2
59410        0.3
59411       -0.1
59412       -0.5
59413       -0.7
59414       -1.6
59415       -3.1
59416       -1.3
59417       -1.7
59418       -0.1
59419       -0.4
59420        0.4
59421        0.7
59422        1.1
59423        0.7
59424        0.7
59425        0.3
59426        0.3
59427       -0.0
59428       -2.0
59429       -1.7
59430       -0.8
59431       -0.6
59432       -0.4
59433        0.1
59434       -0.8
59435       -2.0
59436       -3.2
59437       -2.8
59438       -2.7
59439       -3.3
59440       -3.3
59441       -3.3
59442       -2.8
59443       -3.9
59444       -3.1
59445       -3.0
59446       -2.4
59447       -2.6
59448       -2.0
59449       -0.5
59450        0.5
59451        0.1
59452       -0.4
59453       -1.0
59454       -2.8
59455       -3.9
59456       -4.2
59457       -4.7
59458       -4.7
59459       -4.8
59460       -4.0
59461       -1.9
59462       -0.4
59463        1.6
59464        1.0
59465        2.0
59466        1.2
59467        1.9
59468        0.5
59469       -0.4
59470       -2.0
59471       -2.9
59472       -2.1
59473       -1.6
59474       -1.8
59475       -2.4
59476       -3.4
59477       -2.9
59478       -3.1
59479       -2.0
59480       -2.6
59481       -2.3
59482       -2.4
59483       -2.2
59484       -2.4
59485       -2.4
59486       -0.8
59487       -1.4
59488       -1.6
59489       -1.8
59490       -2.1
59491       -0.6
59492       -1.0
59493       -0.2
59494       -1.2
59495       -2.2
59496       -2.0
59497       -1.7
59498       -1.5
59499       -1.2
59500        0.6
59501       -0.6
59502       -0.4
59503       -0.9
59504       -1.8
59505       -1.4
59506       -1.5
59507       -0.4
59508        0.4
59509        0.3
59510        1.5
59511        0.3
59512       -0.0
59513       -1.5
59514       -0.9
59515       -0.1
59516       -1.1
59517       -0.3
59518       -0.5
59519       -0.3
59520       -1.6
59521       -0.9
59522        0.1
59523       -0.0
59524       -0.2
59525       -0.8
59526        1.0
59527        1.0
59528        1.4
59529        1.5
59530        1.3
59531        1.3
59532        0.3
59533        1.1
59534       -0.2
59535       -1.3
59536       -1.3
59537       -1.5
59538       -1.6
59539       -1.9
59540       -1.2
59541       -1.0
59542       -1.2
59543        0.6
59544        0.2
59545        1.2
59546       -1.0
59547       -0.4
59548       -2.2
59549       -3.5
59550       -2.2
59551        5.4
59552        7.6
59553       16.9
59554       23.1
59555        4.9
59556        1.4
59557        2.1
59558        2.7
59559        1.0
59560        0.8
59561        0.9
59562       -0.2
59563       -0.1
59564       -0.4
59565       -0.1
59566        0.2
59567        1.1
59568        1.9
59569        2.1
59570        1.7
59571       29.0
59572       64.9
59573       69.5
59574       39.6
59575       15.8
59576        1.1
59577        1.3
59578        2.2
59579        2.5
59580        1.9
59581        1.3
59582        1.2
59583        1.4
59584        1.5
59585        1.0
59586        1.6
59587        2.7
59588        3.4
59589        1.8
59590        2.8
59591        1.7
59592        0.0
59593       -0.6
59594       -0.4
59595        1.0
59596        1.2
59597        0.7
59598        1.1
59599        1.3
59600        1.7
59601        0.9
59602        0.9
59603        1.7
59604        2.7
59605        2.2
59606        2.7
59607        3.1
59608        3.4
59609        2.4
59610       -0.2
59611       -0.6
59612       -1.2
59613       -0.7
59614       -2.3
59615       -1.3
59616       -0.0
59617        0.2
59618        2.3
59619        2.4
59620        2.0
59621        2.1
59622        2.5
59623        1.7
59624        1.8
59625        2.1
59626        1.0
59627        0.3
59628        0.5
59629        1.5
59630        1.5
59631        2.5
59632        2.2
59633        2.2
59634        0.9
59635        2.2
59636        1.2
59637        0.3
59638       -0.3
59639        0.5
59640        0.6
59641        1.0
59642        1.8
59643        3.2
59644        2.2
59645        3.4
59646        3.2
59647        2.1
59648        1.1
59649        0.9
59650        0.9
59651       -0.1
59652       -0.0
59653        1.8
59654        1.6
59655        0.4
59656        1.6
59657        2.0
59658        1.4
59659        1.5
59660        1.5
59661        1.7
59662        2.2
59663        1.2
59664        2.5
59665        1.3
59666        0.4
59667        2.4
59668        2.4
59669        3.0
59670        2.1
59671        1.8
59672        1.6
59673       -0.7
59674       -0.0
59675       -0.3
59676       -1.1
59677       -0.2
59678       -0.9
59679       -2.1
59680       -3.8
59681       -1.3
59682        0.2
59683        2.0
59684        2.1
59685        1.6
59686        1.0
59687        0.1
59688       -0.1
59689       -3.3
59690       -2.2
59691       -1.8
59692       -1.7
59693       -2.6
59694       -2.8
59695       -2.1
59696       -2.9
59697       -0.9
59698        0.6
59699        0.7
59700        0.4
59701        0.6
59702        1.5
59703        0.7
59704        0.0
59705        0.2
59706       -1.2
59707       -0.1
59708       -1.5
59709       -2.5
59710        0.2
59711        0.3
59712       -0.1
59713        1.9
59714        0.4
59715       -0.0
59716        0.2
59717        0.9
59718        0.2
59719       -0.7
59720       -1.4
59721       -0.4
59722       -0.8
59723       -0.1
59724       -1.9
59725       -2.3
59726        0.0
59727       -0.8
59728       -1.7
59729       -1.0
59730        1.0
59731        0.2
59732        0.6
59733       -0.0
59734        0.9
59735        1.4
59736        0.7
59737        0.8
59738       -0.8
59739        1.5
59740        1.3
59741       -1.4
59742       -0.2
59743       -1.3
59744       -2.3
59745       -2.5
59746       -2.4
59747       -1.1
59748       -1.3
59749        0.0
59750        0.2
59751        1.8
59752        3.4
59753        5.2
59754        5.8
59755        4.1
59756        3.7
59757        4.0
59758        2.9
59759        1.3
59760        0.8
59761       -0.6
59762       -1.4
59763       -0.8
59764       -1.0
59765       -2.5
59766       -2.4
59767       -1.6
59768       -1.0
59769       -0.7
59770       -1.1
59771       -0.6
59772       -1.0
59773       -0.9
59774        1.1
59775        2.3
59776        2.1
59777        0.9
59778        1.8
59779       -0.2
59780        0.0
59781        0.4
59782        0.1
59783        1.6
59784        0.6
59785        1.1
59786        0.5
59787        2.0
59788        1.5
59789        1.6
59790        0.6
59791       -0.4
59792        0.6
59793        1.5
59794        0.3
59795        1.8
59796        3.4
59797        1.1
59798        1.9
59799        1.4
59800        1.0
59801        1.0
59802        1.7
59803        0.6
59804       -0.5
59805       -0.9
59806       -1.7
59807        0.1
59808        0.2
59809        0.2
59810       -1.1
59811       -0.8
59812        0.2
59813        1.4
59814        0.8
59815        0.3
59816        1.1
59817        1.0
59818        1.0
59819        0.6
59820        0.8
59821       -0.2
59822       -1.7
59823        0.8
59824        1.3
59825        1.7
59826        1.8
59827        1.4
59828        1.0
59829       -0.5
59830       -0.6
59831       -2.0
59832       -1.6
59833       -1.7
59834       -3.7
59835       -2.9
59836       -2.0
59837       -1.4
59838        1.4
59839        0.8
59840        1.5
59841       -2.9
59842        0.7
59843        0.5
59844        0.3
59845       -1.1
59846       -1.5
59847       -2.9
59848       -2.0
59849       -2.0
59850       -1.7
59851        0.1
59852        0.1
59853        0.8
59854       -0.1
59855       -1.0
59856       -0.9
59857       -1.3
59858       -0.1
59859        0.3
59860        0.1
59861       -0.6
59862       -1.0
59863       -0.6
59864       -1.8
59865       -1.5
59866       -0.6
59867        0.0
59868       -0.3
59869       -0.8
59870       -1.7
59871       -2.9
59872       -2.3
59873       -1.3
59874        0.2
59875        1.6
59876       -0.4
59877        0.2
59878       -0.6
59879       -1.1
59880       -1.3
59881       -2.7
59882       -3.0
59883       -2.3
59884       -2.7
59885       -1.9
59886       -2.2
59887       -1.8
59888       -3.0
59889       -4.2
59890       -1.7
59891       -0.4
59892       -0.4
59893       -0.3
59894        0.3
59895        0.4
59896       -2.6
59897       -2.3
59898       -3.8
59899       -2.0
59900       -2.5
59901       -3.4
59902       -3.7
59903       -2.3
59904       -2.7
59905       -0.7
59906        1.0
59907        1.1
59908        1.0
59909        0.1
59910       -0.7
59911       -0.3
59912       -0.8
59913        0.6
59914       -0.7
59915       -2.3
59916       -2.9
59917       -2.0
59918       -1.0
59919       -0.7
59920        1.1
59921        0.0
59922        0.8
59923        0.2
59924       -0.4
59925       -1.1
59926       -0.4
59927       -1.8
59928       -0.0
59929       -1.0
59930       -1.7
59931       -2.2
59932       -2.2
59933       -3.1
59934       -2.5
59935       -2.5
59936       -1.5
59937       -0.7
59938       -2.0
59939        1.3
59940        2.0
59941        1.7
59942        3.8
59943        3.6
59944        3.1
59945        1.1
59946        3.1
59947       -1.8
59948       -1.8
59949       -3.2
59950       -3.3
59951       -3.3
59952       -3.3
59953        0.3
59954       -0.1
59955        1.0
59956        0.7
59957        1.0
59958        0.9
59959       -0.0
59960        0.6
59961        3.2
59962        4.3
59963        4.8
59964        5.0
59965        4.2
59966        4.4
59967        1.9
59968        2.0
59969        2.1
59970       -0.3
59971        0.7
59972       -0.4
59973       -1.4
59974       -1.4
59975        1.7
59976        2.8
59977        3.1
59978        3.4
59979        2.8
59980        3.0
59981        1.0
59982        2.0
59983        0.3
59984        0.8
59985       -0.0
59986        1.6
59987        1.5
59988        1.5
59989       -0.6
59990       -0.2
59991        0.8
59992        0.2
59993        0.5
59994        1.0
59995       -0.5
59996        1.1
59997        1.1
59998        2.1
59999        3.6
60000        2.6
60001        1.9
60002        1.0
60003        0.8
60004        0.2
60005       -2.2
60006       -0.0
60007       -1.7
60008       -0.7
60009       -0.3
60010        0.7
60011       -1.0
60012        0.8
60013        0.3
60014        2.9
60015        3.6
60016        4.8
60017        4.2
60018        5.1
60019       -0.5
60020       -0.1
60021       -0.4
60022        0.1
60023        1.2
60024       -1.8
60025       -0.2
60026       -1.2
60027       -2.3
60028       -2.3
60029       -2.7
60030       -3.4
60031       -2.4
60032       -1.4
60033       -1.9
60034       -4.0
60035       -2.5
60036       -1.5
60037       -1.2
60038       -2.8
60039       -1.8
60040       -3.4
60041       -4.5
60042       -3.4
60043       -5.5
60044       -2.9
60045       -1.2
60046       -0.7
60047       -0.8
60048       -0.7
60049       -1.1
60050        0.4
60051        0.6
60052        1.8
60053        0.9
60054        0.1
60055        1.4
60056        1.1
60057        1.1
60058        3.7
60059        1.8
60060       -0.2
60061       -0.3
60062        0.0
60063       -0.5
60064        0.1
60065        0.9
60066        1.8
60067        2.9
60068        0.9
60069        1.1
60070        2.2
60071        0.8
60072       -0.5
60073       -0.4
60074       -0.4
60075       -2.3
60076       -2.2
60077       -1.2
60078        2.5
60079        0.5
60080        3.8
60081        5.7
60082        4.0
60083        5.0
60084        5.7
60085        7.1
60086        7.1
60087        9.5
60088        3.5
60089       -0.1
60090        0.2
60091       -0.1
60092        0.6
60093        0.9
60094        0.1
60095        1.6
60096        1.5
60097        2.7
60098        4.5
60099        4.1
60100        1.3
60101        0.8
60102        2.6
60103        2.1
60104        1.0
60105        2.2
60106        0.7
60107        0.8
60108        0.7
60109        0.0
60110        0.0
60111       -0.1
60112       -0.3
60113       -0.0
60114       -0.1
60115       -0.6
60116        0.4
60117       -0.3
60118       -1.0
60119       -1.9
60120       -1.6
60121       -1.5
60122       -1.6
60123       -2.0
60124       -1.1
60125       -1.6
60126       -1.8
60127       -2.1
60128       -2.4
60129       -2.4
60130       -2.4
60131       -2.3
60132       -2.7
60133       -1.3
60134       -1.5
60135       -0.2
60136       -0.3
60137       -0.3
60138       -0.6
60139       -0.6
60140       -0.8
60141       -0.9
60142       -1.0
60143       -1.1
60144        0.3
60145       -0.4
60146       -0.1
60147       -0.3
60148       -0.1
60149        0.1
60150       -1.5
60151       -0.6
60152       -0.2
60153       -0.3
60154        0.2
60155        0.0
60156        0.3
60157        0.3
60158        0.3
60159        0.3
60160        0.3
60161        0.2
60162        0.1
60163        0.7
60164        0.8
60165        0.9
60166        1.0
60167        1.1
60168        1.4
60169        1.3
60170        1.1
60171        1.0
60172        0.7
60173        0.6
60174        0.5
60175        0.6
60176        0.7
60177        1.1
60178        1.2
60179        1.4
60180        1.2
60181        1.1
60182        0.9
60183        1.0
60184        1.2
60185        1.2
60186        1.2
60187        1.2
60188        1.2
60189        1.6
60190        1.6
60191        0.4
60192        0.4
60193        0.5
60194        0.1
60195        0.2
60196        0.3
60197        0.3
60198        0.7
60199        0.8
60200        1.1
60201        0.9
60202        0.7
60203        0.9
60204        1.2
60205        1.2
60206        0.6
60207        4.9
60208        0.1
60209        1.0
60210        0.8
60211        1.3
60212        1.0
60213        1.1
60214        1.7
60215        1.5
60216        1.5
60217        1.7
60218        1.7
60219        1.0
60220        0.6
60221        0.1
60222       -0.2
60223        0.2
60224        1.0
60225        1.1
60226        0.9
60227        1.2
60228        1.7
60229        1.6
60230        1.8
60231        1.3
60232        0.9
60233        0.8
60234        0.9
60235        0.5
60236        0.7
60237        0.8
60238       -0.5
60239       -0.9
60240       -1.5
60241       -1.4
60242       -3.2
60243       -2.0
60244       -1.9
60245       -0.0
60246        0.0
60247        0.3
60248        0.4
60249       -0.3
60250       -0.6
60251       -0.6
60252       -0.1
60253       -0.2
60254        0.9
60255        0.7
60256        0.5
60257        0.9
60258        0.5
60259        0.7
60260        0.9
60261        0.6
60262        0.4
60263        0.1
60264        0.2
60265        0.2
60266        0.2
60267        0.3
60268        0.2
60269       -0.3
60270       -0.8
60271       -0.9
60272       -0.6
60273       -0.2
60274        0.3
60275        0.5
60276        0.2
60277        0.2
60278       -0.2
60279       -0.3
60280       -0.1
60281        0.5
60282       -1.3
60283       -1.3
60284       -1.2
60285       -1.2
60286       -1.4
60287       -1.0
60288       -0.8
60289       -1.1
60290        0.3
60291        0.8
60292        0.5
60293        0.7
60294        0.7
60295        0.7
60296        0.4
60297        0.9
60298        0.7
60299        0.4
60300        0.1
60301        0.3
60302        0.3
60303        0.7
60304        0.5
60305        0.1
60306        0.3
60307        0.1
60308       -0.2
60309       -0.4
60310       -0.3
60311       -0.4
60312       -0.4
60313       -0.5
60314       -0.2
60315       -0.6
60316       -0.4
60317       -0.7
60318       -1.6
60319       -1.4
60320       -1.7
60321       -1.4
60322       -1.8
60323       13.4
60324       15.0
60325       -4.4
60326       -3.4
60327       -3.4
60328       -3.1
60329       -2.7
60330       -2.8
60331       -2.5
60332       -2.7
60333        0.4
60334       -0.1
60335        0.2
60336       -0.3
60337       -0.1
60338       -0.3
60339       -0.2
60340        0.3
60341        0.5
60342        0.1
60343        0.3
60344        0.6
60345        1.2
60346        1.1
60347        1.2
60348        1.0
60349        1.1
60350        1.2
60351        1.1
60352        1.2
60353        1.2
60354        1.1
60355        1.6
60356        2.6
60357        2.5
60358        2.5
60359        2.4
60360        2.2
60361        2.1
60362        2.2
60363        1.2
60364        0.6
60365        1.0
60366        0.8
60367        0.3
60368        0.5
60369        0.6
60370        0.2
60371        0.6
60372        0.5
60373       -1.6
60374       -1.6
60375       -1.8
60376       -1.6
60377       -1.5
60378       -1.4
60379       -1.4
60380       -1.2
60381       -1.4
60382       -1.6
60383       -1.0
60384       -1.1
60385       -1.3
60386       -2.0
60387       -1.5
60388       -2.0
60389       -1.6
60390       -1.6
60391       -1.8
60392       -1.7
60393       -1.9
60394       -1.5
60395       -1.7
60396       -2.4
60397       -2.3
60398       -2.1
60399       -1.4
60400       -1.2
60401       -1.6
60402       -1.3
60403       -1.4
60404       -1.3
60405       -0.9
60406       -0.9
60407       -0.9
60408       -0.7
60409       -0.7
60410       -0.4
60411       -0.7
60412       -0.6
60413       -0.4
60414       -0.2
60415       -0.2
60416       -0.4
60417       -0.1
60418       -0.3
60419        0.4
60420        0.6
60421        0.4
60422        0.5
60423        0.7
60424        0.5
60425        0.9
60426        1.1
60427        1.1
60428        0.9
60429        1.0
60430        1.4
60431        0.8
60432        0.7
60433        1.1
60434        0.9
60435        1.1
60436        1.8
60437        1.4
60438        1.2
60439        1.2
60440        1.0
60441        0.8
60442        1.0
60443        1.1
60444        0.8
60445        1.3
60446        1.2
60447        1.3
60448        1.3
60449        1.1
60450        1.4
60451        1.1
60452        1.0
60453        1.3
60454        1.0
60455        1.2
60456        0.9
60457        1.3
60458        1.2
60459        1.0
60460        1.5
60461        1.4
60462        1.4
60463        1.4
60464        0.4
60465       -0.4
60466       -0.2
60467       -0.5
60468       -0.2
60469       -0.2
60470        0.1
60471        0.0
60472        0.4
60473        0.2
60474       -0.4
60475        0.1
60476       -0.0
60477       -0.3
60478        0.1
60479        0.4
60480        1.1
60481        0.4
60482        0.4
60483        0.4
60484        0.8
60485        0.7
60486        0.5
60487        0.2
60488        0.8
60489        0.4
60490        0.2
60491        0.8
60492        0.8
60493        0.6
60494        0.8
60495        0.8
60496        0.3
60497        0.1
60498        0.3
60499        0.8
60500        1.4
60501        1.5
60502        1.3
60503        0.9
60504        0.8
60505        1.2
60506        0.6
60507        1.0
60508        0.9
60509        0.5
60510        0.8
60511        0.1
60512        0.1
60513        0.1
60514       -0.6
60515       -1.1
60516       -0.8
60517       -0.9
60518       -1.0
60519       -0.9
60520       -1.5
60521       -1.1
60522       -0.7
60523       -1.1
60524       -1.5
60525       -1.7
60526       -1.4
60527       -2.1
60528       -2.2
60529       -2.2
60530       -1.9
60531       -2.1
60532       -1.5
60533       -1.5
60534       -1.3
60535       -0.9
60536       -0.9
60537       -0.4
60538        0.0
60539       -0.1
60540        0.0
60541       -0.1
60542       -0.0
60543        0.5
60544        0.8
60545        1.0
60546        0.9
60547        1.0
60548        0.8
60549        0.7
60550        0.6
60551        0.9
60552        2.1
60553        2.7
60554        1.9
60555        2.5
60556        2.2
60557        2.6
60558        1.2
60559        0.9
60560        1.4
60561        1.3
60562        2.0
60563        1.5
60564        2.0
60565        1.5
60566        2.4
60567        2.5
60568        2.2
60569        2.8
60570        2.5
60571        2.1
60572        1.7
60573        2.7
60574        1.6
60575        1.4
60576        2.4
60577        1.8
60578        0.9
60579        3.2
60580        3.6
60581        4.9
60582        8.1
60583        7.5
60584        9.2
60585        9.0
60586        4.1
60587        1.3
60588        2.3
60589        1.3
60590        1.4
60591       -1.7
60592       -0.0
60593        1.0
60594        2.0
60595        2.2
60596        2.0
60597        1.4
60598        1.8
60599       -0.0
60600       -2.2
60601       -4.3
60602       -5.7
60603       -3.8
60604        1.2
60605        3.1
60606        4.8
60607        4.3
60608        2.0
60609       -0.1
60610        0.0
60611       -0.5
60612        0.6
60613        0.7
60614        0.8
60615       -2.6
60616       -4.8
60617       -3.6
60618       -2.7
60619       -1.2
60620       -2.0
60621       -0.7
60622       -2.3
60623       -3.2
60624       -2.9
60625       -1.5
60626       -1.2
60627       -1.7
60628       -2.7
60629       -4.2
60630       -4.0
60631       -2.0
60632       -0.7
60633        0.2
60634       -1.4
60635        0.4
60636       -0.5
60637        0.2
60638       -1.6
60639       -1.4
60640       -1.2
60641       -3.3
60642       -2.3
60643       -0.9
60644       -2.3
60645       -2.1
60646       -3.0
60647       -5.0
60648       -1.4
60649        2.6
60650        1.7
60651       -0.2
60652       -0.9
60653       -2.5
60654       -1.6
60655       -0.5
60656       -2.9
60657       -3.8
60658       -6.2
60659       -5.8
60660       -5.8
60661       -3.6
60662       -1.0
60663       -2.9
60664       -0.9
60665       -2.1
60666       -3.2
60667       -1.7
60668       -1.4
60669        1.1
60670        0.0
60671        1.6
60672        1.4
60673        2.1
60674        3.3
60675        4.2
60676        2.8
60677        2.4
60678        1.8
60679        5.2
60680        4.5
60681        2.9
60682        2.6
60683        3.5
60684        2.0
60685        1.0
60686        1.1
60687        2.1
60688        3.8
60689        3.4
60690        2.0
60691        3.0
60692        2.3
60693       -0.3
60694        0.1
60695        2.0
60696        1.2
60697        2.4
60698        1.6
60699        0.1
60700        2.9
60701        1.7
60702        2.5
60703        5.9
60704        6.4
60705        3.7
60706        1.2
60707        0.4
60708       -0.9
60709       -2.5
60710       -1.9
60711       -0.6
60712       -0.1
60713        1.4
60714        0.9
60715        0.0
60716        2.1
60717        2.7
60718        5.2
60719        1.7
60720        2.5
60721        2.3
60722        2.8
60723        3.5
60724        2.7
60725        4.6
60726        4.7
60727        6.1
60728        4.3
60729        3.4
60730        6.6
60731        8.2
60732        6.9
60733        6.8
60734        5.3
60735        4.3
60736        1.9
60737        5.4
60738        3.7
60739        4.0
60740        4.9
60741        5.0
60742        5.4
60743        3.3
60744        3.0
60745        1.3
60746        3.0
60747        2.1
60748        0.7
60749        2.8
60750        5.5
60751        4.7
60752        4.6
60753        4.7
60754        6.0
60755        3.9
60756        5.2
60757        5.4
60758        5.0
60759        5.2
60760        4.6
60761        1.5
60762       -0.4
60763        0.8
60764        3.6
60765        2.1
60766       -1.4
60767       -0.5
60768       -1.1
60769       -0.8
60770        2.8
60771        1.2
60772        0.9
60773        0.3
60774       -2.5
60775       -3.7
60776       -0.2
60777        2.5
60778        0.8
60779        0.1
60780       -0.4
60781        1.8
60782        2.9
60783        5.4
60784        4.7
60785       -0.7
60786       -0.3
60787       -0.7
60788       -1.7
60789        0.3
60790        1.8
60791        1.0
60792       -2.5
60793       -3.0
60794       -0.1
60795       -2.3
60796       -1.6
60797       -3.0
60798       -2.2
60799        2.0
60800        3.4
60801        3.9
60802        2.6
60803        2.0
60804       -0.2
60805        0.6
60806        1.9
60807        5.8
60808        2.7
60809        1.9
60810       -0.2
60811        2.8
60812        0.5
60813        0.4
60814        0.1
60815        4.7
60816        4.4
60817        1.5
60818        1.5
60819       -0.0
60820        0.1
60821       -1.5
60822        0.3
60823       -0.9
60824        1.4
60825        3.4
60826        2.9
60827        2.1
60828        0.7
60829        0.2
60830       -1.8
60831       -0.3
60832       -1.8
60833        0.4
60834       -0.9
60835        2.3
60836        3.3
60837        1.6
60838        0.2
60839        1.5
60840        2.9
60841        2.2
60842       -0.8
60843       -2.9
60844       -2.7
60845       -1.3
60846       -0.8
60847       -0.7
60848        2.0
60849        3.0
60850        1.6
60851        1.5
60852        2.9
60853        0.7
60854       -2.3
60855       -1.1
60856        0.3
60857       -0.1
60858       -1.8
60859       -0.2
60860       -2.0
60861       -3.4
60862       -1.3
60863        2.4
60864        4.0
60865        4.7
60866        6.7
60867        4.1
60868        5.3
60869        1.0
60870        0.2
60871       -2.3
60872        0.9
60873        0.6
60874        0.7
60875       -1.7
60876       -0.7
60877       -0.4
60878        0.4
60879        2.5
60880       -0.4
60881       -2.8
60882        0.7
60883        3.7
60884        3.7
60885        3.1
60886        0.7
60887       -0.1
60888        4.0
60889        2.8
60890        1.1
60891        1.1
60892        1.8
60893       -0.0
60894        0.2
60895        0.7
60896        1.6
60897        1.7
60898        3.4
60899        5.7
60900        3.0
60901        0.7
60902        0.6
60903       -0.1
60904       -1.8
60905       -3.5
60906       -3.3
60907       -0.7
60908        2.0
60909        1.0
60910        1.1
60911        2.5
60912        2.3
60913        0.7
60914        2.7
60915        3.4
60916        4.5
60917        4.5
60918        3.1
60919        1.4
60920        2.2
60921        0.4
60922        1.4
60923        2.1
60924        2.2
60925        0.9
60926        2.3
60927        0.7
60928       -1.1
60929        0.2
60930        1.0
60931       -0.9
60932       -0.9
60933        1.0
60934       -0.5
60935       -0.2
60936        0.4
60937       -0.2
60938        0.9
60939        5.4
60940        7.0
60941        0.9
60942        1.2
60943        2.1
60944        2.3
60945        0.2
60946       -1.9
60947       -2.4
60948        0.9
60949       -0.3
60950        1.1
60951        1.3
60952        0.5
60953        0.1
60954       -1.0
60955       -2.3
60956       -3.7
60957       -2.5
60958       -0.7
60959       -0.9
60960       -1.7
60961        1.3
60962        0.2
60963        2.9
60964        4.6
60965        5.8
60966        3.7
60967        1.5
60968       -0.4
60969       -0.3
60970       -0.7
60971       -2.2
60972       -1.2
60973       -0.3
60974        0.6
60975        0.2
60976        1.6
60977        1.6
60978        2.2
60979       -0.5
60980       -0.2
60981        3.4
60982        0.6
60983       -1.1
60984       -2.0
60985       -2.3
60986       -2.8
60987       -0.3
60988        0.6
60989        4.8
60990        5.7
60991        5.0
60992        3.0
60993        1.9
60994        0.3
60995       -2.7
60996       -1.0
60997        1.5
60998        2.7
60999        2.1
61000        2.3
61001        4.5
61002        1.9
61003       -1.3
61004       -1.8
61005       -2.3
61006        1.3
61007       -0.3
61008        2.4
61009        2.7
61010        4.5
61011        3.3
61012        3.5
61013        0.6
61014        3.5
61015        4.0
61016        4.7
61017        5.3
61018        5.3
61019        3.1
61020        0.1
61021       -2.5
61022       -0.3
61023       -0.3
61024        0.9
61025        2.9
61026        3.1
61027        5.3
61028        4.4
61029        1.7
61030        0.3
61031        0.5
61032       -3.5
61033       -2.1
61034       -1.4
61035        0.6
61036        1.7
61037        2.6
61038       -1.1
61039       -0.1
61040        2.1
61041        3.3
61042        0.3
61043        1.5
61044        0.1
61045        0.4
61046        2.7
61047        2.2
61048        2.6
61049        2.0
61050        1.9
61051        0.1
61052       -2.6
61053       -1.7
61054       -0.2
61055       -1.0
61056       -2.4
61057       -2.3
61058       -1.0
61059       -1.0
61060        0.8
61061        0.8
61062        3.7
61063        4.8
61064        4.8
61065        8.9
61066        5.4
61067        1.4
61068       -0.4
61069        0.5
61070       -1.8
61071        0.4
61072        0.9
61073        2.3
61074        2.6
61075        4.3
61076        5.1
61077        3.3
61078        6.4
61079        5.9
61080        4.7
61081        3.6
61082        3.1
61083        3.8
61084        3.7
61085        2.5
61086        2.6
61087       -0.3
61088        1.5
61089        0.3
61090       -0.6
61091       -0.6
61092        3.4
61093        5.0
61094        3.5
61095        4.5
61096        5.1
61097        5.1
61098        3.8
61099        4.4
61100        4.4
61101        1.5
61102        2.1
61103        1.5
61104        0.3
61105        1.9
61106        0.7
61107       -0.9
61108       -1.8
61109        0.3
61110        2.1
61111        4.9
61112        0.7
61113       -0.1
61114        1.2
61115        1.1
61116        3.5
61117        6.1
61118        3.7
61119        1.9
61120        1.5
61121        3.8
61122        4.2
61123        4.8
61124        2.4
61125        3.1
61126        1.0
61127        2.8
61128        2.0
61129        1.6
61130        3.2
61131        2.9
61132        2.0
61133        2.8
61134        3.2
61135        3.8
61136        5.3
61137        2.5
61138        1.0
61139        1.9
61140        2.5
61141        1.7
61142        4.5
61143        2.4
61144        3.1
61145        3.3
61146       -0.2
61147        4.4
61148        3.9
61149        4.7
61150        2.3
61151        1.1
61152        1.0
61153       -0.0
61154        1.5
61155        3.1
61156        1.4
61157        0.3
61158        1.0
61159        2.1
61160        4.7
61161        5.0
61162        1.5
61163        1.8
61164        0.4
61165        3.8
61166        3.8
61167        3.3
61168        1.8
61169       -0.9
61170        0.0
61171        0.3
61172        1.5
61173        0.1
61174       -0.1
61175        1.0
61176        0.0
61177       -1.6
61178       -1.8
61179        0.1
61180        0.6
61181        3.1
61182        3.2
61183        4.6
61184        1.4
61185        1.3
61186       -0.0
61187       -0.3
61188        1.1
61189       -0.9
61190       -3.5
61191       -1.3
61192        1.2
61193        2.8
61194        5.1
61195        1.3
61196        3.2
61197        2.3
61198        5.0
61199        6.0
61200        2.1
61201        1.9
61202        0.1
61203       -1.0
61204       -1.0
61205       -0.9
61206        1.1
61207        2.5
61208        0.1
61209        0.9
61210       -0.2
61211        1.0
61212        3.9
61213        6.5
61214        7.1
61215        5.9
61216        4.1
61217        5.9
61218        7.9
61219        9.0

# UTC remains available from the monthly Circular T at
# (http://www.bipm.org/en/bipm-services/timescales/time-ftp/Circular-T.html).
