# MJD  [UTCr-UTC(SASO)]/ns
56635       33.0
56636       31.4
56637       32.1
56638       33.5
56639       34.6
56640       35.6
56641       36.2
56642       38.4
56643       40.3
56644       41.4
56645       43.5
56646       45.9
56647       46.8
56648       44.5
56649       43.4
56650       42.5
56651       42.2
56652       43.7
56653       45.4
56654       44.9
56655       45.2
56656       45.2
56657       45.8
56658       44.7
56659       44.4
56660       45.7
56661       45.8
56662       43.6
56663       12.7
56664       12.1
56665       14.8
56666       14.2
56667       13.9
56668       14.7
56669       15.1
56670       13.1
56671       13.7
56672       14.5
56673       18.2
56674       15.0
56675       16.4
56676       17.9
56677       16.8
56678       15.4
56679       17.2
56680       18.2
56681       16.4
56682       16.0
56683       15.3
56684       14.5
56685       13.9
56686       12.2
56687       13.2
56688       16.5
56689       19.8
56690       19.4
56691       19.4
56692       19.4
56693       23.7
56694       24.6
56695       27.7
56696       31.4
56697       32.9
56698       34.5
56699       34.9
56700       37.9
56701       39.2
56702       43.6
56703       44.4
56704       45.4
56705       45.2
56706       43.1
56707       44.4
56708       43.8
56709       47.2
56710       46.8
56711       47.9
56712       46.8
56713       46.6
56714       48.3
56715       48.5
56716       49.8
56717       49.7
56718       52.8
56719       53.6
56720       52.1
56721       52.8
56722       56.1
56723       56.5
56724       56.5
56725       56.0
56726       56.6
56727       56.5
56728       58.5
56729       59.9
56730       64.7
56731       65.8
56732       66.4
56733       66.5
56734       67.7
56735       68.8
56736       71.1
56737       71.6
56738       72.2
56739       73.2
56740       75.5
56741       77.1
56742       77.2
56743       78.9
56744       80.0
56745       80.4
56746       79.7
56747          -
56748       85.3
56749       83.7
56750       80.6
56751       78.8
56752       79.0
56753       81.5
56754       81.7
56755       83.4
56756       85.5
56757       87.2
56758       88.3
56759       88.2
56760       86.1
56761       88.7
56762       92.1
56763       91.7
56764       92.5
56765       92.7
56766       94.1
56767       92.8
56768       92.0
56769       92.1
56770       96.2
56771       96.0
56772       96.4
56773       96.5
56774       97.9
56775       99.8
56776       98.9
56777       99.8
56778       99.9
56779       99.3
56780       99.0
56781       99.6
56782      103.1
56783      100.0
56784       98.2
56785       99.1
56786       99.4
56787       97.8
56788      100.3
56789       98.9
56790      100.6
56791      101.5
56792      103.8
56793      105.6
56794      102.4
56795      102.9
56796      105.5
56797      105.9
56798      108.4
56799      110.8
56800      110.6
56801      111.9
56802      112.9
56803      110.8
56804      110.8
56805      113.0
56806      116.0
56807      118.4
56808      117.9
56809      118.5
56810      124.6
56811      124.7
56812      127.3
56813      128.2
56814      131.7
56815      132.2
56816      134.4
56817      132.3
56818      132.4
56819      133.9
56820      139.0
56821      140.4
56822      142.2
56823      141.9
56824      140.2
56825      146.6
56826      148.8
56827      151.4
56828      152.1
56829      153.7
56830      154.4
56831      155.4
56832      158.7
56833      161.8
56834      161.7
56835      161.9
56836      161.6
56837      163.7
56838      165.0
56839      170.3
56840      169.8
56841      171.5
56842      173.4
56843      174.1
56844      178.5
56845      182.2
56846      182.8
56847      184.6
56848      186.4
56849      186.8
56850      188.2
56851      192.8
56852      195.9
56853      201.4
56854      201.7
56855      202.8
56856      202.9
56857      202.3
56858      205.7
56859      210.9
56860      211.1
56861      213.3
56862      213.1
56863      213.1
56864      213.8
56865      215.7
56866      214.4
56867      216.4
56868      218.6
56869      222.1
56870      223.0
56871      222.8
56872      223.1
56873      222.8
56874      224.1
56875      226.6
56876      230.7
56877      228.2
56878      229.4
56879      236.1
56880      234.0
56881      233.1
56882      236.2
56883      238.9
56884      239.1
56885      241.6
56886      241.6
56887      244.0
56888      245.0
56889      243.2
56890      248.3
56891      250.7
56892      253.7
56893      256.1
56894      256.2
56895      256.6
56896      258.7
56897      260.1
56898      261.1
56899      266.6
56900      269.3
56901      271.1
56902      272.8
56903      274.9
56904      278.7
56905      281.8
56906      285.4
56907      288.6
56908      288.2
56909      288.9
56910      288.5
56911      288.9
56912      290.6
56913      293.9
56914      294.3
56915      296.9
56916      296.5
56917      300.6
56918      303.1
56919      304.8
56920      306.1
56921      306.2
56922      309.2
56923      312.1
56924      314.2
56925      318.7
56926      320.7
56927      322.5
56928      320.8
56929      322.9
56930      324.6
56931      325.8
56932      327.5
56933      328.4
56934      327.6
56935      328.7
56936      333.0
56937      334.3
56938      339.3
56939      344.0
56940      346.3
56941      347.0
56942      347.2
56943      347.4
56944      349.6
56945      353.5
56946      356.1
56947      357.4
56948      359.1
56949      362.7
56950      363.7
56951      363.6
56952      365.1
56953      368.3
56954      372.5
56955      373.5
56956      375.4
56957      381.9
56958      386.1
56959      387.9
56960      391.5
56961      391.7
56962      394.4
56963      398.6
56964      399.5
56965      403.3
56966      406.0
56967      409.9
56968      412.4
56969      415.7
56970      416.1
56971      416.9
56972      418.3
56973      420.5
56974      421.8
56975      426.0
56976      426.9
56977      431.0
56978      430.9
56979      434.9
56980      439.2
56981      439.6
56982      442.3
56983      441.3
56984      444.2
56985      447.6
56986      452.2
56987      452.8
56988      451.6
56989      456.8
56990      456.5
56991      456.8
56992      456.6
56993      458.1
56994      460.0
56995      461.6
56996      464.5
56997      466.6
56998      469.2
56999      472.6
57000      477.3
57001      480.0
57002      482.6
57003      486.4
57004      488.0
57005      489.5
57006      490.4
57007      495.7
57008      496.8
57009      497.4
57010      497.8
57011      498.5
57012      498.5
57013      500.0
57014      505.1
57015      509.9
57016      511.9
57017      513.1
57018      516.8
57019      522.7
57020      524.6
57021      526.6
57022      530.4
57023      531.8
57024      533.1
57025      538.1
57026      540.4
57027      544.0
57028      544.3
57029      549.0
57030      554.1
57031      558.8
57032      560.9
57033      562.6
57034      565.3
57035      567.4
57036      569.4
57037      573.6
57038      578.2
57039      581.2
57040      584.1
57041      586.2
57042      593.5
57043      601.2
57044      605.7
57045      607.4
57046      611.1
57047      613.7
57048      620.0
57049      624.2
57050      626.3
57051      630.3
57052      628.4
57053      632.6
57054      633.3
57055      639.6
57056      641.6
57057      645.6
57058      644.2
57059      647.2
57060      651.4
57061      655.1
57062      655.5
57063      659.6
57064      663.4
57065      669.0
57066      671.8
57067      673.4
57068      674.1
57069      674.3
57070      675.1
57071      679.7
57072      678.0
57073      678.9
57074      685.9
57075      691.0
57076      694.2
57077      699.5
57078      706.4
57079      706.2
57080      706.2
57081      712.0
57082      715.3
57083      718.1
57084      -32.4
57085      -34.0
57086      -37.3
57087      -39.5
57088      -38.1
57089      -40.2
57090      -45.4
57091      -48.8
57092      -49.5
57093      -51.0
57094      -49.5
57095      -48.5
57096      -47.7
57097      -52.1
57098      -53.8
57099      -59.1
57100      -60.7
57101      -60.5
57102      -63.1
57103      -64.8
57104      -66.0
57105      -66.4
57106      -68.0
57107      -69.7
57108      -70.0
57109      -70.9
57110      -71.1
57111      -68.2
57112      -67.6
57113      -71.0
57114      -71.5
57115      -69.0
57116      -73.2
57117      -76.6
57118      -76.3
57119      -78.9
57120      -78.9
57121      -79.4
57122      -80.3
57123      -82.9
57124      -83.2
57125      -81.9
57126      -84.0
57127      -84.2
57128      -82.8
57129      -84.3
57130      -86.1
57131      -84.9
57132      -84.0
57133      -86.7
57134      -85.3
57135      -84.6
57136      -84.0
57137      -83.6
57138      -84.0
57139      -85.2
57140      -86.2
57141      -84.5
57142      -86.3
57143      -86.1
57144      -85.3
57145      -84.8
57146      -85.2
57147      -85.7
57148      -87.4
57149      -86.6
57150      -90.1
57151      -92.8
57152      -90.9
57153      -95.5
57154      -95.0
57155     -100.2
57156     -100.9
57157      -98.5
57158     -104.0
57159     -102.4
57160     -102.3
57161     -104.0
57162     -105.4
57163     -107.8
57164     -108.3
57165     -109.9
57166     -112.9
57167     -117.0
57168     -118.3
57169     -116.4
57170     -118.9
57171     -120.2
57172     -122.0
57173     -121.3
57174     -120.3
57175     -121.1
57176     -121.1
57177     -122.3
57178     -121.9
57179     -122.7
57180     -125.4
57181     -125.9
57182     -126.6
57183     -127.3
57184     -129.1
57185     -132.5
57186     -134.4
57187     -136.8
57188     -135.9
57189     -135.3
57190     -137.2
57191     -136.0
57192     -134.2
57193     -134.9
57194     -133.8
57195     -134.9
57196     -136.4
57197     -137.1
57198     -138.4
57199     -139.4
57200     -140.3
57201     -141.5
57202     -145.1
57203     -144.7
57204     -147.4
57205     -144.3
57206     -142.7
57207     -140.7
57208     -142.4
57209     -143.0
57210     -145.3
57211     -142.8
57212     -141.0
57213     -142.4
57214     -142.1
57215     -142.5
57216     -144.5
57217     -147.1
57218     -148.5
57219     -150.1
57220     -153.2
57221     -154.5
57222     -152.5
57223     -157.1
57224     -154.6
57225     -153.7
57226     -154.5
57227     -156.4
57228     -155.2
57229     -154.6
57230     -155.3
57231     -157.2
57232     -161.3
57233     -162.0
57234     -161.7
57235     -164.9
57236     -166.6
57237     -167.1
57238     -168.3
57239     -170.3
57240     -172.1
57241     -172.4
57242     -171.6
57243     -173.3
57244     -177.7
57245     -177.5
57246     -180.1
57247     -179.8
57248     -181.4
57249     -182.7
57250     -185.3
57251     -183.1
57252     -183.3
57253     -184.0
57254     -182.2
57255     -183.3
57256     -179.9
57257     -180.7
57258     -177.7
57259     -177.1
57260     -177.2
57261     -182.7
57262     -184.9
57263     -184.7
57264     -184.9
57265     -182.1
57266     -186.1
57267     -189.8
57268     -192.7
57269     -194.4
57270     -195.9
57271     -196.6
57272     -197.8
57273     -199.3
57274     -200.9
57275     -200.2
57276     -200.5
57277     -199.9
57278     -201.5
57279     -204.1
57280     -204.8
57281     -207.8
57282     -209.0
57283     -210.6
57284     -211.7
57285     -210.5
57286     -210.2
57287     -210.4
57288     -210.3
57289     -213.2
57290     -214.0
57291     -212.0
57292     -213.2
57293     -213.4
57294     -212.2
57295     -213.7
57296     -212.9
57297     -215.2
57298     -211.6
57299     -214.9
57300     -213.6
57301     -214.5
57302     -214.8
57303     -213.5
57304     -213.6
57305     -214.1
57306     -218.2
57307     -219.5
57308     -219.5
57309     -222.6
57310     -223.0
57311     -224.9
57312     -226.4
57313     -222.7
57314     -225.9
57315     -226.4
57316     -226.6
57317     -228.1
57318     -226.5
57319     -226.6
57320     -226.7
57321     -224.8
57322     -226.3
57323     -226.3
57324     -228.4
57325     -229.6
57326     -234.1
57327     -236.1
57328     -234.3
57329     -237.6
57330     -238.1
57331     -235.8
57332     -232.0
57333     -233.9
57334     -235.7
57335     -235.8
57336     -235.9
57337     -235.8
57338     -236.7
57339     -236.8
57340          -
57341     -243.1
57342     -241.0
57343     -245.3
57344     -250.9
57345     -251.9
57346     -250.9
57347     -250.8
57348     -250.0
57349     -250.3
57350     -252.8
57351     -251.7
57352     -257.6
57353     -258.0
57354     -256.2
57355     -259.6
57356     -260.9
57357     -262.4
57358     -263.4
57359     -261.8
57360          -
57361          -
57362          -
57363          -
57364     -265.5
57365     -264.5
57366     -264.7
57367     -268.0
57368     -270.3
57369     -272.0
57370     -273.3
57371     -272.8
57372     -271.9
57373     -270.9
57374     -272.3
57375     -274.1
57376     -273.9
57377     -271.3
57378     -268.9
57379     -269.9
57380     -272.1
57381     -270.7
57382     -269.8
57383     -269.9
57384     -268.2
57385     -268.7
57386          -
57387          -
57388          -
57389          -
57390          -
57398     -273.6
57399     -272.0
57400     -272.9
57401     -272.8
57402     -273.9
57403     -274.5
57404     -277.4
57405     -278.9
57406     -278.1
57407     -276.2
57408     -276.7
57409     -275.5
57410     -274.5
57411     -279.9
57412     -276.2
57413     -275.4
57414     -274.8
57415     -277.5
57416     -277.1
57417     -280.4
57418     -281.7
57419     -280.2
57420     -279.7
57421     -277.3
57422     -280.2
57423     -276.5
57424     -276.6
57425     -277.3
57426     -283.3
57427     -283.5
57428     -286.9
57429     -282.1
57430     -281.4
57431     -281.8
57432     -282.6
57433     -282.3
57434     -280.1
57435     -283.0
57436     -282.5
57437     -283.9
57438     -285.6
57439     -285.1
57440     -286.0
57441     -283.7
57442     -286.4
57443     -287.8
57444     -285.5
57445     -289.6
57446          -
57447     -295.7
57448     -297.1
57449     -297.3
57450     -297.7
57451     -300.4
57452     -300.7
57453     -303.1
57454     -301.8
57455     -303.1
57456     -304.4
57457     -304.7
57458     -303.9
57459     -305.1
57460     -302.4
57461     -302.1
57462     -303.1
57463     -302.0
57464     -300.8
57465     -300.1
57466     -300.5
57467     -299.4
57468     -303.4
57469     -303.5
57470     -303.9
57471     -302.9
57472     -303.7
57473     -309.8
57474     -309.8
57475     -309.4
57476     -307.6
57477     -307.0
57478     -304.7
57479     -304.6
57480     -301.4
57481     -302.7
57482     -301.2
57483     -301.4
57484     -300.1
57485     -301.8
57486     -304.3
57487     -305.4
57488     -305.1
57489     -301.7
57490     -303.2
57491     -304.4
57492     -305.8
57493     -304.7
57494     -309.1
57495     -312.6
57496     -313.5
57497     -314.2
57498     -317.6
57499     -315.0
57500     -315.1
57501     -317.3
57502     -314.7
57503     -314.8
57504     -318.1
57505     -318.8
57506     -319.6
57507     -318.7
57508     -317.5
57509     -317.8
57510     -317.7
57511     -319.7
57512     -316.5
57513     -317.8
57514     -317.8
57515     -322.1
57516     -322.0
57517     -322.0
57518     -320.9
57519     -323.1
57520     -322.2
57521     -322.1
57522     -324.0
57523     -323.3
57524     -320.6
57525     -321.6
57526     -319.7
57527     -321.5
57528     -321.4
57529     -321.2
57530     -320.2
57531     -320.2
57532     -321.1
57533     -320.8
57534     -323.2
57535     -325.8
57536     -328.5
57537     -326.7
57538     -325.0
57539     -328.7
57540     -329.4
57541     -331.3
57542     -330.7
57543     -329.7
57544     -329.5
57545     -329.5
57546     -326.9
57547     -325.7
57548     -328.4
57549     -327.7
57550     -329.9
57551     -329.3
57552     -326.5
57553     -325.8
57554     -325.3
57555     -324.7
57556     -324.4
57557     -321.8
57558     -322.7
57559     -318.8
57560     -321.6
57561     -322.7
57562     -321.4
57563     -322.6
57564     -323.8
57565     -326.2
57566     -329.2
57567     -331.5
57568     -335.3
57569     -337.2
57570     -337.9
57571     -340.5
57572     -343.4
57573     -341.4
57574     -342.4
57575     -343.9
57576     -344.9
57577     -344.8
57578     -343.3
57579     -344.1
57580     -345.7
57581     -348.7
57582     -349.6
57583     -348.7
57584     -350.2
57585     -352.3
57586     -351.1
57587     -352.0
57588     -353.0
57589     -353.9
57590     -354.7
57591     -354.9
57592     -352.1
57593     -353.8
57594     -353.3
57595     -354.4
57596     -354.1
57597     -352.5
57598     -353.0
57599     -353.7
57600     -354.7
57601     -355.1
57602     -357.3
57603     -357.3
57604     -352.4
57605     -351.8
57606     -352.5
57607     -355.3
57608     -357.3
57609     -358.7
57610     -358.9
57611     -356.3
57612     -357.9
57613     -356.8
57614     -356.6
57615     -356.8
57616     -356.0
57617     -358.4
57618     -358.4
57619     -359.3
57620     -358.7
57621     -357.5
57622     -358.2
57623     -358.6
57624     -362.3
57625     -363.3
57626     -362.6
57627     -361.1
57628     -362.1
57629     -362.0
57630     -360.8
57631     -360.8
57632     -361.7
57633     -362.2
57634     -365.0
57635     -367.2
57636     -370.1
57637     -370.8
57638     -372.0
57639     -377.1
57640     -381.0
57641     -381.3
57642     -383.6
57643     -384.9
57644     -385.2
57645     -383.6
57646     -385.9
57647     -386.7
57648     -388.3
57649     -390.1
57650     -390.1
57651     -392.8
57652     -391.2
57653     -388.2
57654     -387.8
57655     -386.4
57656     -387.0
57657     -388.6
57658     -387.4
57659     -389.7
57660     -390.0
57661     -394.0
57662     -392.3
57663     -392.8
57664     -391.5
57665     -393.7
57666     -396.4
57667     -395.6
57668     -398.3
57669     -396.5
57670     -396.1
57671     -399.3
57672     -401.2
57673     -398.9
57674     -399.1
57675     -397.8
57676     -400.3
57677     -397.9
57678     -394.4
57679     -393.1
57680     -392.4
57681     -391.9
57682     -391.0
57683     -394.3
57684     -398.1
57685     -399.1
57686     -400.6
57687     -399.9
57688     -400.7
57689     -402.6
57690     -402.6
57691     -405.7
57692     -405.3
57693     -406.5
57694     -407.2
57695     -402.1
57696     -401.7
57697     -401.0
57698     -402.2
57699     -400.0
57700     -398.1
57701     -397.0
57702     -401.9
57703     -401.1
57704     -401.3
57705     -400.4
57706     -399.5
57707     -399.9
57708     -399.3
57709     -400.4
57710     -402.3
57711     -400.1
57712     -400.6
57713     -401.5
57714     -399.7
57715     -399.6
57716     -400.9
57717     -400.6
57718     -404.2
57719     -406.3
57720     -409.5
57721     -412.9
57722     -415.8
57723     -418.2
57724     -416.5
57725     -415.9
57726     -415.2
57727     -418.1
57728     -417.2
57729     -419.6
57730     -420.1
57731     -422.5
57732     -420.9
57733     -421.1
57734     -420.8
57735     -419.8
57736     -417.8
57737     -416.2
57738     -415.9
57739     -417.2
57740     -418.7
57741     -419.2
57742     -420.2
57743     -419.2
57744     -418.7
57745     -420.2
57746     -420.3
57747     -420.2
57748     -419.9
57749     -421.1
57750     -418.1
57751     -417.2
57752     -418.8
57753     -418.2
57754     -416.9
57755     -414.8
57756     -416.1
57757     -415.1
57758     -412.5
57759     -411.4
57760     -409.5
57761     -408.9
57762     -409.0
57763     -408.2
57764     -407.3
57765     -406.4
57766     -406.2
57767     -405.1
57768     -404.3
57769     -401.0
57770     -399.9
57771     -397.1
57772     -395.9
57773     -399.1
57774     -398.9
57775     -401.1
57776     -402.4
57777     -399.5
57778     -403.2
57779     -404.3
57780     -404.6
57781     -408.4
57782     -409.1
57783     -407.9
57784     -408.5
57785     -408.8
57786     -409.9
57787     -411.0
57788     -411.8
57789     -411.4
57790     -414.6
57791     -414.8
57792     -413.0
57793     -416.3
57794     -418.5
57795     -421.3
57796     -419.9
57797     -422.1
57798     -420.2
57799     -420.9
57800     -421.6
57801     -421.3
57802     -422.5
57803     -423.3
57804     -425.4
57805     -427.8
57806     -426.4
57807     -427.2
57808     -429.8
57809     -431.2
57810     -429.8
57811     -430.9
57812     -430.3
57813     -432.6
57814     -432.8
57815     -434.3
57816     -435.8
57817     -436.4
57818     -439.1
57819     -440.2
57820     -440.8
57821     -440.2
57822     -441.8
57823     -443.4
57824     -443.1
57825     -444.2
57826     -447.0
57827     -446.7
57828     -448.6
57829     -449.7
57830     -451.2
57831     -453.3
57832     -458.3
57833     -460.0
57834     -458.4
57835     -459.1
57836     -459.6
57837     -457.5
57838     -462.7
57839     -461.6
57840     -461.6
57841     -462.3
57842     -463.1
57843     -464.0
57844     -464.4
57845     -464.1
57846     -458.3
57847     -459.0
57848     -459.1
57849     -457.0
57850     -455.2
57851     -454.6
57852     -452.7
57853     -453.5
57854     -454.9
57855     -453.4
57856     -455.2
57857     -454.8
57858     -452.8
57859     -454.1
57860     -455.2
57861     -456.4
57862     -454.8
57863     -453.2
57864     -455.6
57865     -456.2
57866     -459.5
57867     -460.5
57868     -460.4
57869     -463.1
57870     -462.9
57871     -464.0
57872     -463.9
57873     -462.1
57874     -465.3
57875     -465.0
57876     -466.8
57877     -471.1
57878     -472.7
57879     -472.8
57880     -477.1
57881     -487.3
57882     -491.5
57883     -488.7
57884     -490.6
57885     -491.6
57886     -490.7
57887     -491.9
57888     -494.0
57889     -491.6
57890     -494.7
57891     -493.1
57892     -495.2
57893     -498.6
57894     -498.3
57895     -503.3
57896     -504.7
57897     -503.9
57898     -503.6
57899     -505.2
57900     -504.5
57901     -506.3
57902     -506.8
57903     -508.0
57904     -509.4
57905     -510.3
57906     -511.2
57907     -513.1
57908     -511.8
57909     -513.4
57910     -512.4
57911     -511.1
57912     -510.7
57913     -512.9
57914     -514.7
57915     -516.0
57916     -516.1
57917     -514.4
57918     -514.9
57919     -516.6
57920     -518.8
57921     -519.8
57922     -519.5
57923     -523.8
57924     -523.4
57925     -523.1
57926     -523.5
57927     -526.5
57928     -526.4
57929     -527.5
57930     -526.0
57931     -526.1
57932     -527.6
57933     -529.8
57934     -533.7
57935     -532.0
57936     -531.9
57937     -536.2
57938     -535.8
57939     -535.8
57940     -537.4
57941     -538.9
57942     -540.5
57943     -540.4
57944     -538.9
57945     -542.3
57946     -545.7
57947     -546.1
57948     -549.7
57949     -551.6
57950     -553.3
57951     -553.9
57952     -556.3
57953     -556.2
57954     -557.9
57955     -559.4
57956     -562.7
57957     -565.1
57958     -563.6
57959     -566.3
57960     -565.2
57961     -566.4
57962     -567.4
57963     -567.9
57964     -565.1
57965     -569.3
57966     -569.4
57967     -567.3
57968     -569.1
57969     -572.7
57970     -574.0
57971     -574.1
57972     -575.9
57973     -579.0
57974     -577.3
57975     -581.5
57976     -583.7
57977     -583.0
57978     -585.6
57979     -586.2
57980     -587.8
57981     -590.3
57982     -590.2
57983     -588.4
57984     -587.9
57985     -591.1
57986     -592.9
57987     -596.5
57988     -600.3
57989     -602.0
57990     -602.8
57991     -598.3
57992     -599.2
57993     -601.7
57994     -602.7
57995     -602.9
57996     -603.7
57997     -603.8
57998     -602.2
57999     -603.5
58000     -605.0
58001     -607.9
58002     -610.0
58003     -610.2
58004     -609.9
58005     -608.8
58006     -609.7
58007     -613.8
58008     -616.1
58009     -616.7
58010     -620.1
58011     -621.7
58012     -623.0
58013     -621.8
58014     -623.1
58015     -621.1
58016     -621.7
58017     -622.2
58018     -619.9
58019     -622.0
58020     -622.5
58021     -623.6
58022     -625.5
58023     -622.7
58024     -621.4
58025     -624.4
58026     -627.5
58027     -630.0
58028     -629.5
58029     -631.8
58030     -632.9
58031     -635.0
58032     -635.1
58033     -633.7
58034     -631.6
58035     -633.0
58036     -632.2
58037     -633.1
58038     -633.1
58039     -634.3
58040     -636.5
58041     -637.6
58042     -639.6
58043     -641.8
58044     -643.2
58045     -642.9
58046     -646.3
58047     -645.7
58048     -647.4
58049     -647.4
58050     -649.0
58051     -650.9
58052     -651.7
58053     -654.0
58054     -652.5
58055     -655.1
58056     -653.4
58057     -652.5
58058     -649.5
58059     -648.1
58060     -650.0
58061     -650.8
58062     -651.6
58063     -653.1
58064     -652.1
58065     -654.4
58066     -656.4
58067     -656.7
58068     -653.7
58069     -652.2
58070     -654.9
58071     -657.7
58072     -659.7
58073     -657.4
58074     -658.1
58075     -658.0
58076     -659.6
58077     -661.9
58078     -664.0
58079     -661.3
58080     -659.9
58081     -661.4
58082     -663.8
58083     -665.1
58084     -669.1
58085     -672.8
58086     -673.5
58087     -671.4
58088     -676.4
58089     -679.2
58090     -681.0
58091     -680.4
58092     -679.3
58093     -679.7
58094     -683.6
58095     -687.5
58096     -687.1
58097     -687.7
58098     -690.5
58099     -692.4
58100     -694.0
58101     -690.2
58102     -690.2
58103     -690.9
58104     -690.5
58105     -691.5
58106     -694.6
58107     -697.6
58108     -702.3
58109     -702.2
58110     -702.1
58111     -699.1
58112     -696.8
58113     -685.0
58114     -685.6
58115     -685.2
58116     -686.8
58117     -690.4
58118     -692.1
58119     -692.0
58120     -694.2
58121     -698.6
58122     -700.2
58123     -700.5
58124     -702.5
58125     -701.8
58126     -702.8
58127     -705.0
58128     -707.1
58129     -707.6
58130     -708.3
58131     -709.1
58132     -709.3
58133     -711.5
58134     -711.5
58135     -708.8
58136     -711.4
58137     -714.3
58138     -714.8
58139     -715.7
58140     -716.0
58141     -716.3
58142     -718.2
58143     -720.1
58144     -721.2
58145     -721.7
58146     -724.5
58147     -724.7
58148     -723.2
58149     -721.4
58150     -723.3
58151     -725.8
58152     -728.4
58153     -731.2
58154     -730.2
58155     -731.0
58156     -731.4
58157     -732.3
58158     -736.2
58159     -737.4
58160     -737.1
58161     -739.7
58162     -735.5
58163     -734.1
58164     -732.6
58165     -732.7
58166     -734.3
58167     -735.3
58168     -739.3
58169     -740.6
58170     -745.7
58171     -746.5
58172     -745.2
58173     -745.2
58174     -747.4
58175     -749.7
58176     -753.4
58177     -750.8
58178     -753.9
58179     -754.2
58180     -756.4
58181     -759.7
58182     -761.2
58183     -761.7
58184     -761.8
58185     -759.4
58186     -759.6
58187     -761.6
58188     -763.7
58189     -766.2
58190     -766.9
58191          -
58192          -
58193          -
58194          -
58195          -
58203          -
58204          -
58205          -
58206          -
58207          -
58208          -
58209          -
58210          -
58211          -
58212          -
58213          -
58214     -851.3
58215     -855.2
58216     -861.3
58217     -863.3
58218     -865.1
58219     -868.4
58220     -869.0
58221     -867.8
58222     -870.9
58223     -873.1
58224     -872.3
58225     -873.8
58226     -875.4
58227     -876.2
58228     -880.1
58229     -881.3
58230     -883.8
58231     -887.3
58232     -888.0
58233     -888.8
58234     -891.4
58235     -892.1
58236     -895.6
58237     -899.1
58238     -898.6
58239     -903.9
58240     -905.0
58241     -910.0
58242     -911.8
58243     -914.3
58244     -917.3
58245     -883.5
58246     -885.8
58247     -890.6
58248     -892.3
58249     -894.9
58250     -899.3
58251     -898.0
58252     -902.4
58253     -905.4
58254     -906.3
58255     -909.1
58256     -910.8
58257     -910.4
58258     -909.4
58259          -
58260          -
58261          -
58262     -920.7
58263     -920.8
58264     -924.2
58265     -926.6
58266     -927.6
58267     -930.1
58268     -929.1
58269     -932.8
58270     -934.0
58271     -934.5
58272     -935.5
58273     -964.8
58274     -966.7
58275     -969.8
58276     -968.5
58277     -973.0
58278     -974.7
58279     -977.6
58280     -978.1
58281     -979.0
58282     -979.5
58283     -981.2
58284     -981.9
58285     -983.1
58286     -984.2
58287     -955.1
58288     -956.5
58289     -959.9
58290     -961.0
58291     -962.9
58292     -966.6
58293     -965.8
58294     -966.9
58295     -966.7
58296     -969.8
58297     -969.8
58298     -968.3
58299     -969.9
58300     -974.0
58301     -976.9
58302     -977.3
58303     -981.5
58304     -982.8
58305     -980.8
58306     -983.8
58307     -987.7
58308     -993.9
58309     -996.8
58310    -1000.7
58311    -1002.8
58312    -1006.9
58313    -1008.4
58314    -1011.6
58315    -1015.6
58316    -1019.8
58317    -1022.5
58318    -1025.7
58319    -1027.6
58320    -1031.7
58321    -1035.6
58322    -1038.3
58323    -1040.7
58324    -1043.4
58325    -1046.9
58326    -1049.1
58327    -1053.2
58328    -1053.6
58329    -1052.3
58330    -1051.6
58331    -1048.0
58332    -1050.6
58333    -1052.2
58334    -1054.8
58335    -1057.8
58336    -1062.1
58337    -1064.6
58338    -1070.0
58339    -1072.4
58340    -1076.1
58341    -1082.3
58342    -1086.9
58343    -1090.4
58344    -1090.7
58345    -1092.1
58346    -1095.3
58347    -1098.4
58348    -1100.4
58349    -1105.3
58350    -1109.8
58351    -1113.8
58352    -1116.8
58353    -1122.1
58354    -1124.5
58355    -1126.1
58356    -1129.9
58357    -1134.9
58358    -1133.3
58359    -1133.2
58360    -1136.5
58361    -1139.0
58362    -1140.2
58363    -1144.8
58364    -1146.1
58365    -1143.3
58366    -1147.2
58367    -1149.9
58368    -1153.3
58369    -1155.5
58370    -1156.1
58371    -1160.3
58372    -1165.1
58373    -1163.9
58374    -1165.7
58375    -1165.9
58376    -1169.7
58377    -1174.4
58378    -1176.7
58379    -1178.1
58380    -1179.8
58381    -1181.5
58382    -1180.3
58383    -1184.4
58384    -1186.4
58385    -1190.3
58386    -1191.2
58387    -1193.7
58388    -1194.0
58389    -1196.3
58390    -1198.7
58391    -1196.9
58392    -1199.5
58393    -1199.8
58394    -1205.3
58395    -1207.4
58396    -1212.5
58397    -1212.6
58398    -1213.6
58399    -1212.8
58400    -1215.4
58401    -1217.0
58402    -1216.5
58403    -1219.4
58404    -1223.6
58405    -1226.4
58406    -1232.5
58407    -1235.2
58408    -1236.5
58409    -1241.3
58410    -1243.8
58411    -1245.8
58412    -1246.7
58413    -1247.3
58414    -1250.0
58415    -1251.0
58416    -1253.3
58417    -1255.0
58418    -1252.5
58419    -1255.9
58420    -1262.1
58421    -1264.0
58422    -1266.7
58423    -1268.7
58424    -1271.0
58425    -1273.6
58426    -1276.7
58427    -1275.8
58428    -1276.4
58429    -1284.6
58430    -1288.2
58431    -1293.1
58432    -1295.1
58433    -1295.1
58434    -1297.0
58435    -1299.0
58436    -1299.4
58437    -1303.3
58438    -1305.7
58439    -1310.3
58440    -1314.3
58441    -1320.3
58442    -1326.1
58443    -1327.4
58444    -1330.7
58445    -1330.8
58446    -1333.9
58447    -1337.9
58448    -1339.4
58449    -1345.0
58450    -1346.2
58451    -1347.2
58452    -1349.6
58453    -1354.9
58454    -1359.2
58455      -11.5
58456      -13.3
58457      -15.8
58458      -19.3
58459      -24.2
58460      -26.9
58461      -28.8
58462      -26.7
58463      -26.5
58464      -25.9
58465      -27.3
58466      -28.8
58467      -28.4
58468      -27.6
58469      -27.3
58470      -32.8
58471      -35.0
58472      -34.9
58473      -38.3
58474      -40.3
58475      -42.9
58476      -43.4
58477      -47.9
58478      -50.4
58479      -51.4
58480      -55.1
58481      -58.8
58482      -63.0
58483      -67.9
58484      -71.0
58485      -74.8
58486      -79.5
58487      -83.1
58488      -83.5
58489      -83.2
58490      -84.9
58491      -89.1
58492      -91.9
58493      -95.2
58494     -100.1
58495     -100.2
58496     -102.9
58497     -108.6
58498     -112.3
58499     -119.7
58500     -126.6
58501     -130.7
58502     -134.7
58503     -136.2
58504     -137.8
58505     -139.1
58506     -141.0
58507     -144.6
58508     -145.8
58509     -144.9
58510     -146.3
58511     -148.7
58512     -151.2
58513     -154.7
58514     -153.2
58515     -154.8
58516     -157.8
58517     -162.7
58518     -165.7
58519     -167.6
58520     -168.2
58521     -171.1
58522     -171.4
58523     -174.3
58524     -177.7
58525     -180.6
58526     -186.9
58527     -190.1
58528     -196.3
58529     -196.9
58530     -199.9
58531     -203.1
58532     -203.4
58533     -205.5
58534     -207.9
58535     -208.8
58536     -211.7
58537     -214.4
58538     -215.0
58539     -216.6
58540     -218.8
58541     -221.4
58542     -221.9
58543     -223.1
58544     -228.1
58545     -232.1
58546     -230.7
58547     -235.4
58548     -236.9
58549     -240.8
58550     -241.9
58551     -243.8
58552     -243.8
58553     -245.4
58554     -247.6
58555     -250.8
58556     -258.2
58557     -262.5
58558     -263.2
58559     -264.9
58560     -271.0
58561     -274.5
58562     -277.8
58563     -279.8
58564     -282.1
58565     -282.9
58566     -281.5
58567     -284.8
58568     -289.6
58569     -293.9
58570     -298.2
58571     -302.1
58572     -305.3
58573     -304.9
58574     -306.4
58575     -305.1
58576     -308.7
58577     -309.7
58578     -312.8
58579     -317.1
58580     -319.1
58581     -319.9
58582     -322.4
58583     -323.3
58584     -326.9
58585     -329.4
58586     -327.1
58587     -328.2
58588     -330.5
58589     -329.3
58590     -334.8
58591     -339.3
58592     -343.8
58593     -346.5
58594     -349.6
58595     -356.4
58596     -357.9
58597          -
58598          -
58599     -369.4
58600     -370.6
58601     -375.1
58602     -377.0
58603     -375.8
58604     -374.4
58605     -378.4
58606     -380.5
58607     -384.4
58608     -384.9
58609     -388.9
58610     -388.9
58611     -392.6
58612     -396.3
58613     -400.2
58614     -398.6
58615     -399.7
58616     -400.9
58617          -
58618          -
58619     -417.6
58620     -421.6
58621     -424.6
58622     -429.7
58623     -437.2
58624     -439.9
58625     -444.4
58626     -447.8
58627     -451.5
58628     -454.8
58629     -452.9
58630     -455.9
58631     -457.2
58632     -459.7
58633     -460.8
58634     -462.8
58635     -466.3
58636     -473.2
58637          -
58638          -
58639     -477.5
58640     -479.6
58641     -482.5
58642     -483.9
58643     -486.1
58644     -489.6
58645     -490.6
58646     -492.1
58647     -493.2
58648     -495.7
58649     -497.1
58650     -501.0
58651     -499.6
58652     -503.9
58653     -509.5
58654     -512.8
58655     -517.2
58656     -523.4
58657     -526.0
58658     -526.7
58659     -528.8
58660     -530.6
58661     -529.9
58662     -532.4
58663     -534.8
58664     -540.2
58665     -542.1
58666     -544.8
58667     -549.2
58668     -553.1
58669     -555.9
58670     -560.0
58671     -561.7
58672     -563.6
58673     -568.3
58674     -570.6
58675     -571.3
58676     -571.9
58677     -573.2
58678     -577.9
58679     -581.4
58680     -580.8
58681     -585.0
58682     -589.4
58683     -591.1
58684     -593.4
58685     -594.4
58686     -598.2
58687     -598.8
58688     -602.7
58689     -606.0
58690     -606.0
58691     -603.7
58692     -607.0
58693     -609.4
58694     -611.6
58695     -612.0
58696     -615.1
58697     -620.1
58698     -619.5
58699     -621.2
58700     -620.0
58701     -622.6
58702     -622.7
58703     -624.7
58704     -630.6
58705     -632.4
58706     -634.8
58707     -635.6
58708     -634.6
58709     -637.9
58710     -640.5
58711     -642.6
58712     -644.9
58713     -645.5
58714     -649.3
58715     -652.0
58716     -652.8
58717     -659.7
58718     -663.5
58719     -667.3
58720     -670.9
58721     -675.1
58722     -678.6
58723     -680.5
58724     -681.5
58725     -685.7
58726     -687.5
58727     -690.1
58728     -696.1
58729     -699.8
58730     -703.8
58731     -708.4
58732     -709.5
58733     -711.3
58734     -715.7
58735     -717.1
58736     -721.5
58737     -725.9
58738     -730.7
58739     -729.1
58740     -734.1
58741     -736.4
58742     -740.6
58743     -744.8
58744     -747.9
58745     -749.4
58746     -749.7
58747     -747.6
58748     -751.5
58749     -752.2
58750     -756.4
58751     -758.2
58752     -761.5
58753     -766.0
58754     -772.3
58755     -777.0
58756     -778.8
58757     -783.2
58758     -784.6
58759     -787.5
58760     -794.1
58761     -799.5
58762     -799.6
58763     -799.7
58764     -798.8
58765     -800.4
58766     -802.7
58767     -804.7
58768     -807.0
58769     -814.9
58770     -816.7
58771     -820.1
58772     -820.8
58773     -824.3
58774     -825.9
58775     -829.0
58776     -829.5
58777     -832.1
58778     -835.1
58779     -838.6
58780     -840.7
58781     -846.0
58782     -848.3
58783     -853.6
58784     -857.1
58785     -862.3
58786     -864.5
58787     -869.0
58788     -871.6
58789     -873.0
58790     -875.8
58791     -873.0
58792     -873.8
58793     -876.5
58794     -879.2
58795     -881.9
58796     -885.0
58797     -889.1
58798     -892.6
58799     -893.3
58800     -894.1
58801     -897.0
58802     -904.1
58803     -906.9
58804     -907.9
58805     -911.7
58806     -921.3
58807     -925.9
58808     -927.1
58809     -927.5
58810     -927.8
58811     -931.8
58812     -937.0
58813     -941.3
58814          -
58815          -
58816          -
58817          -
58818          -
58819          -
58820          -
58821     -952.1
58822     -951.2
58823     -953.3
58824          -
58825          -
58826          -
58827          -
58828          -
58829          -
58830     -968.2
58831     -971.4
58832     -977.5
58833     -983.4
58834          -
58835          -
58836          -
58837          -
58838          -
58839          -
58840          -
58841    -1003.6
58842    -1006.9
58843    -1010.1
58844    -1012.7
58845          -
58846    -1017.4
58847    -1021.9
58848    -1027.6
58849    -1031.7
58850    -1040.2
58851    -1042.8
58852    -1042.0
58853    -1041.3
58854    -1044.7
58855    -1047.5
58856    -1049.6
58857    -1054.9
58858    -1052.9
58859    -1054.1
58860    -1059.4
58861    -1060.4
58862    -1065.3
58863    -1066.9
58864    -1070.9
58865          -
58866          -
58867    -1074.0
58868    -1073.9
58869    -1074.9
58870    -1077.2
58871    -1076.9
58872          -
58873    -1081.0
58874    -1081.0
58875    -1084.2
58876    -1085.7
58877    -1085.5
58878    -1084.3
58879    -1083.5
58880    -1084.4
58881    -1091.7
58882          -
58883          -
58884    -1102.8
58885    -1105.9
58886    -1107.9
58887    -1110.9
58888    -1114.9
58889    -1117.8
58890    -1120.3
58891    -1123.9
58892    -1127.5
58893    -1126.6
58894    -1131.0
58895    -1130.9
58896    -1131.7
58897    -1133.8
58898    -1135.1
58899    -1137.5
58900    -1139.0
58901    -1142.9
58902    -1145.4
58903    -1144.8
58904    -1143.8
58905    -1147.7
58906    -1150.3
58907    -1152.9
58908    -1153.1
58909    -1151.6
58910    -1157.3
58911    -1160.1
58912    -1165.3
58913    -1169.9
58914    -1168.1
58915    -1174.0
58916    -1176.9
58917    -1179.2
58918    -1178.7
58919          -
58920          -
58921    -1184.5
58922          -
58923          -
58924    -1198.4
58925    -1202.4
58926    -1207.3
58927    -1210.9
58928    -1213.2
58929    -1217.0
58930    -1219.9
58931    -1222.1
58932    -1220.4
58933    -1221.6
58934    -1224.1
58935    -1227.5
58936    -1230.6
58937    -1232.5
58938    -1234.2
58939    -1234.6
58940    -1236.0
58941    -1241.2
58942    -1244.5
58943    -1248.7
58944    -1247.6
58945    -1251.0
58946    -1253.2
58947    -1251.4
58948    -1250.9
58949    -1254.8
58950    -1258.4
58951    -1262.8
58952    -1266.6
58953    -1269.7
58954    -1272.2
58955    -1275.8
58956          -
58957          -
58958          -
58966          -
58967          -
58968          -
58969          -
58970          -
58971          -
58972          -
59029          -
59030    -1475.8
59031    -1477.6
59032    -1480.1
59033    -1481.9
59034    -1485.4
59035    -1488.7
59036    -1494.5
59037    -1500.2
59038    -1501.8
59039    -1504.0
59040    -1504.2
59041    -1508.9
59042    -1512.7
59043    -1520.0
59044    -1519.7
59045    -1522.3
59046    -1525.3
59047    -1527.2
59048    -1531.0
59049    -1534.3
59050    -1539.7
59051    -1542.5
59052    -1542.7
59053    -1545.0
59054    -1548.8
59055    -1549.4
59056    -1551.4
59057    -1552.1
59058    -1553.7
59059    -1557.4
59060    -1560.4
59061    -1563.3
59062    -1565.0
59063    -1565.2
59064    -1566.7
59065    -1568.7
59066    -1572.6
59067    -1573.0
59068    -1578.8
59069    -1578.6
59070    -1582.0
59071    -1583.6
59072    -1583.8
59073    -1587.7
59074    -1590.6
59075    -1592.7
59076    -1593.9
59077    -1598.8
59078    -1602.4
59079    -1605.0
59080    -1612.4
59081    -1614.0
59082    -1618.8
59083    -1619.7
59084    -1620.3
59085    -1621.4
59086    -1623.0
59087    -1625.2
59088    -1630.8
59089    -1636.6
59090    -1638.9
59091    -1644.1
59092    -1648.3
59093    -1652.9
59094    -1656.3
59095    -1660.1
59096    -1662.2
59097    -1665.3
59098    -1666.3
59099    -1668.2
59100    -1668.8
59101    -1669.7
59102    -1672.6
59103    -1673.4
59104    -1677.2
59105    -1679.8
59106    -1682.8
59107    -1685.2
59108    -1689.4
59109    -1691.7
59110    -1694.8
59111    -1695.3
59112    -1694.6
59113    -1696.2
59114    -1696.2
59115    -1695.4
59116    -1694.3
59117    -1699.2
59118    -1702.7
59119    -1705.8
59120    -1705.9
59121    -1707.9
59122    -1709.1
59123    -1709.4
59124    -1715.5
59125    -1715.9
59126    -1719.5
59127    -1724.8
59128    -1731.0
59129    -1734.4
59130    -1742.4
59131    -1746.3
59132    -1748.6
59133    -1748.7
59134    -1751.9
59135    -1755.1
59136    -1754.4
59137    -1757.3
59138    -1761.7
59139    -1766.9
59140    -1769.1
59141    -1771.3
59142    -1775.5
59143    -1776.4
59144    -1780.4
59145    -1778.9
59146    -1779.9
59147    -1785.1
59148    -1786.8
59149    -1787.7
59150    -1794.4
59151    -1797.8
59152    -1799.2
59153    -1801.0
59154    -1804.9
59155    -1806.5
59156    -1812.3
59157    -1814.0
59158    -1815.1
59159    -1821.2
59160    -1822.3
59161    -1825.1
59162    -1828.8
59163    -1829.5
59164    -1832.6
59165    -1832.8
59166          -
59167    -1837.1
59168    -1837.9
59169    -1839.6
59170    -1842.9
59171    -1846.2
59172    -1848.3
59173          -
59174          -
59175          -
59176          -
59177          -
59178          -
59179          -
59180    -1865.9
59181    -1867.5
59182    -1871.8
59183          -
59184    -1872.5
59185    -1875.3
59186    -1876.8
59187    -1882.8
59188    -1886.4
59189    -1890.7
59190    -1895.8
59191    -1899.1
59192    -1902.1
59193    -1902.2
59194          -
59195          -
59196          -
59204          -
59205          -
59206          -
59207          -
59208          -
59209          -
59210          -
59211          -
59212          -
59213          -
59214          -
59215          -
59216          -
59217          -
59519    -2691.9
59520    -2695.9
59521    -2697.4
59522    -2696.0
59523    -2699.6
59524    -2704.6
59525    -2706.2
59526          -
59527          -
59528          -
59529    -2715.4
59530    -2713.7
59531    -2714.6
59532          -
59533    -2716.7
59534    -2720.5
59535          -
59536          -
59537          -
59538          -
59539    -2737.7
59540    -2740.3
59541    -2742.5
59542    -2746.7
59543    -2746.3
59544    -2746.7
59545    -2747.8
59546    -2751.2
59547    -2752.4
59548    -2757.5
59549    -2759.4
59550    -2762.8
59551    -2767.4
59552          -
59553    -2773.3
59554    -2774.5
59555    -2776.9
59556          -
59557          -
59558          -
59559    -2781.9
59560    -2782.6
59561    -2783.4
59562          -
59563          -
59564          -
59565    -2802.4
59566          -
59567          -
59568          -
59569          -
59570          -
59571          -
59572          -
59573          -
59574          -
59575          -
59576          -
59577          -
59578          -
59579          -
59580          -
59581          -
59582          -
59583          -
59584          -
59585          -
59586          -
59587          -
59588          -
59624    -2921.1
59625    -2927.2
59626    -2932.4
59627    -2934.9
59628    -2936.6
59629    -2939.5
59630    -2941.4
59631    -2943.6
59632    -2945.5
59633    -2948.0
59634    -2949.7
59635    -2951.2
59636    -2954.0
59637    -2952.6
59638    -2958.1
59639    -2958.6
59640    -2961.4
59641    -2963.2
59642    -2964.7
59643    -2966.5
59644    -2971.9
59645    -2971.1
59646    -2972.9
59647    -2976.0
59648    -2976.9
59649    -2979.5
59650    -2982.1
59651    -2980.5
59652    -2979.6
59653    -2983.5
59654    -2987.0
59655    -2990.1
59656    -2990.5
59657    -2991.5
59658    -2992.2
59659    -2992.8
59660    -2996.9
59661    -3000.3
59662    -3004.9
59663    -3005.8
59664    -3007.7
59665    -3008.7
59666    -3015.6
59667    -3019.7
59668    -3022.1
59669    -3024.9
59670    -3027.9
59671    -3029.5
59672    -3030.2
59673    -3030.8
59674    -3031.5
59675    -3031.1
59676    -3036.4
59677    -3042.3
59678    -3044.0
59679    -3041.4
59680    -3040.8
59681    -3040.3
59682    -3042.2
59683    -3042.3
59684    -3044.1
59685    -3044.8
59686    -3043.7
59687    -3045.2
59688    -3049.2
59689    -3053.2
59690    -3055.9
59691    -3055.6
59692    -3055.5
59693    -3058.2
59694    -3062.0
59695    -3064.7
59696    -3067.3
59697    -3068.3
59698    -3069.6
59699    -3073.8
59700    -3077.8
59701    -3078.8
59702    -3083.9
59703    -3085.3
59704    -3084.8
59705    -3087.1
59706    -3091.0
59707    -3091.7
59708    -3095.5
59709    -3099.7
59710    -3099.6
59711    -3095.8
59712    -3097.9
59713    -3100.6
59714    -3103.5
59715    -3103.2
59716    -3106.3
59717    -3117.1
59718          -
59719    19477.4
59720    38635.3
59721    55290.2
59743          -
59744          -
59745   -10313.3
59746   -10325.5
59747   -10333.9
59748   -10337.2
59749   -10343.2
59750   -10350.7
59751   -10352.9
59752   -10358.2
59753   -10369.3
59754   -10376.1
59755   -10383.7
59756   -10383.7
59757   -10395.0
59758   -10395.9
59759   -10397.7
59760   -10398.1
59761   -10407.7
59762   -10414.9
59763   -10420.8
59764   -10429.9
59765   -10434.5
59766   -10436.9
59767   -10440.4
59768   -10442.2
59769   -10443.2
59770   -10446.3
59771   -10450.2
59772   -10458.3
59773   -10463.6
59774   -10466.7
59775   -10472.2
59776   -10477.7
59777   -10480.1
59778   -10489.4
59779   -10494.5
59780   -10498.3
59781   -10504.6
59782   -10507.4
59783   -10511.5
59784   -10517.1
59785   -10521.3
59786   -10519.2
59787   -10521.9
59788   -10528.3
59789   -10533.0
59790   -10536.7
59791   -10541.2
59792   -10544.7
59793   -10549.3
59794   -10558.1
59795   -10562.4
59796   -10569.6
59797   -10571.5
59798   -10577.3
59799   -10580.0
59800   -10588.0
59801   -10592.4
59802   -10602.4
59803   -10612.1
59804   -10617.6
59805   -10624.8
59806   -10632.5
59807   -10641.5
59808   -10642.6
59809   -10647.7
59810   -10652.9
59811   -10658.4
59812   -10664.7
59813   -10671.3
59814   -10675.6
59815   -10676.0
59816   -10677.8
59817   -10682.8
59818   -10688.7
59819   -10693.2
59820   -10700.0
59821          -
59822          -
59823          -
59824          -
59825          -
59826          -
59834          -
59835          -
59836          -
59837        8.6
59838        6.8
59839       -3.1
59840       -4.3
59841       -6.8
59842      -12.1
59843      -11.6
59844      -16.4
59845      -22.1
59846      -27.3
59847      -28.7
59848      -33.8
59849      -36.3
59850      -41.4
59851      -44.7
59852      -49.8
59853      -53.3
59854      -50.9
59855      -57.8
59856      -61.1
59857      -69.5
59858      -72.9
59859      -72.2
59860      -74.4
59861      -80.6
59862      -81.9
59863      -86.5
59864      -89.3
59865      -94.9
59866      -98.6
59867     -102.3
59868     -110.3
59869     -113.6
59870     -118.9
59871     -124.1
59872     -130.1
59873     -131.1
59874     -134.3
59875     -136.9
59876     -136.5
59877     -139.8
59878     -146.3
59879     -146.7
59880     -153.2
59881     -154.4
59882     -158.1
59883     -160.4
59884     -168.3
59885     -170.9
59886     -172.5
59887     -172.5
59888     -178.9
59889     -182.5
59890     -178.3
59891     -182.1
59892     -186.3
59893     -190.8
59894     -196.2
59895     -197.0
59896     -200.2
59897     -206.3
59898     -214.8
59899     -217.7
59900     -223.8
59901     -229.8
59902     -226.0
59903     -233.3
59904     -237.1
59905     -242.5
59906     -245.0
59907     -249.1
59908     -250.9
59909     -257.8
59910     -261.9
59911     -264.1
59912     -276.7
59913     -277.5
59914     -280.1
59915     -280.7
59916     -281.7
59917     -290.5
59918     -294.0
59919     -295.1
59920     -297.6
59921     -301.0
59922     -304.3
59923     -304.0
59924     -302.9
59925     -306.0
59926          -
59927     -315.0
59928     -314.7
59929     -320.7
59930     -323.9
59931     -327.6
59932     -331.8
59933     -332.3
59934     -337.2
59935     -340.4
59936     -342.3
59937     -346.1
59938     -349.4
59939     -353.2
59940     -356.8
59941     -359.7
59942     -365.9
59943     -367.9
59944     -368.3
59945     -370.8
59946     -371.4
59947     -371.0
59948     -375.4
59949     -373.5
59950     -364.8
59951     -365.5
59952     -370.4
59953     -375.3
59954     -374.1
59955     -371.7
59956     -375.7
59957     -374.9
59958     -374.8
59959     -372.9
59960     -378.7
59961     -378.2
59962     -378.1
59963     -376.5
59964     -378.5
59965     -382.7
59966     -383.6
59967     -383.4
59968     -378.9
59969     -383.9
59970     -386.0
59971     -385.7
59972     -385.2
59973     -386.7
59974     -386.2
59975     -386.9
59976     -384.8
59977     -382.8
59978     -386.5
59979     -387.3
59980     -389.1
59981     -392.1
59982     -390.0
59983     -390.3
59984     -387.7
59985     -389.9
59986     -391.8
59987     -389.6
59988     -391.1
59989     -391.3
59990     -392.8
59991     -394.4
59992     -398.3
59993     -398.2
59994     -402.2
59995     -403.7
59996     -403.2
59997     -409.6
59998     -413.1
59999     -417.5
60000     -419.8
60001     -423.8
60002     -429.1
60003     -431.0
60004     -433.4
60005     -433.1
60006     -433.7
60007     -436.7
60008     -440.0
60009     -443.5
60010     -444.6
60011          -
60012          -
60013          -
60014          -
60015          -
60016     -490.9
60017     -497.2
60018     -502.5
60019     -509.5
60020     -517.5
60021     -519.5
60022     -523.4
60023     -528.1
60024     -535.1
60025     -540.9
60026     -544.5
60027     -553.5
60028     -560.5
60029     -561.7
60030     -568.8
60031     -573.8
60032     -578.5
60033     -583.8
60034     -582.6
60035     -578.1
60036     -570.7
60037     -570.6
60038     -568.4
60039     -562.8
60040     -561.5
60041     -558.4
60042     -553.1
60043     -551.5
60044     -544.0
60045     -541.3
60046     -537.0
60047     -534.7
60048     -530.0
60049     -526.3
60050     -521.7
60051     -519.6
60052     -519.7
60053     -517.4
60054     -511.7
60055     -509.6
60056     -503.1
60057     -498.1
60058     -496.0
60059     -497.3
60060     -489.3
60061     -485.5
60062     -478.6
60063     -475.5
60064     -469.2
60065     -468.9
60066     -465.6
60067     -460.0
60068     -457.2
60069     -455.5
60070     -450.1
60071     -446.3
60072     -443.9
60073     -443.0
60074     -439.2
60075     -434.5
60076     -433.6
60077     -433.8
60078     -428.8
60079     -423.9
60080     -418.9
60081     -416.2
60082     -409.8
60083     -406.2
60084     -400.7
60085     -395.5
60086     -391.9
60087     -388.9
60088     -383.9
60089     -379.5
60090     -373.7
60091     -369.6
60092     -366.2
60093     -362.1
60094     -360.4
60095     -354.0
60096     -349.3
60097     -345.6
60098     -342.7
60099     -341.1
60100     -342.1
60101     -337.7
60102     -331.4
60103     -327.6
60104     -323.2
60105     -319.7
60106     -315.5
60107     -312.1
60108     -308.1
60109     -301.7
60110     -298.3
60111     -294.4
60112     -290.5
60113     -286.6
60114     -283.7
60115     -279.8
60116     -275.0
60117     -270.4
60118     -269.8
60119     -265.7
60120     -260.1
60121     -258.5
60122     -255.7
60123     -255.1
60124     -253.7
60125     -252.4
60126     -249.4
60127     -248.2
60128     -244.5
60129     -240.2
60130     -235.7
60131     -227.9
60132     -224.0
60133     -220.2
60134     -215.0
60135     -210.4
60136     -206.6
60137     -204.4
60138     -199.9
60139     -195.3
60140     -190.9
60141     -188.8
60142     -186.6
60143     -183.9
60144     -181.8
60145     -177.4
60146     -174.5
60147     -171.4
60148     -166.2
60149     -165.8
60150     -163.2
60151     -159.0
60152     -153.4
60153     -147.5
60154          -
60155     -143.5
60156     -139.0
60157     -135.6
60158     -131.1
60159     -124.4
60160     -120.1
60161     -118.0
60162     -113.2
60163     -109.9
60164     -105.2
60165     -100.7
60166      -98.8
60167      -95.5
60168      -91.8
60169      -88.1
60170      -83.4
60171      -81.1
60172      -78.1
60173      -72.5
60174      -66.8
60175      -63.4
60176      -58.8
60177      -53.6
60178      -47.6
60179      -44.4
60180      -42.5
60181      -39.6
60182      -36.8
60183      -31.2
60184      -25.9
60185      -22.1
60186      -16.2
60187      -11.2
60188       -8.4
60189       -3.6
60190        1.1
60191        5.1
60192       10.0
60193       15.4
60194       24.2
60195       30.0
60196       35.3
60197       42.9
60198       46.1
60199       51.1
60200       57.0
60201       61.3
60202       63.8
60203       70.5
60204       77.4
60205       80.1
60206       88.8
60207       93.3
60208       96.4
60209      106.7
60210      107.1
60211      112.6
60212      116.1
60213      121.4
60214      125.3
60215      127.8
60216      130.3
60217      130.7
60218      128.7
60219      125.5
60220      124.1
60221      120.9
60222      121.1
60223      122.3
60224      123.8
60225      123.2
60226      121.4
60227      119.6
60228      120.9
60229      120.6
60230      118.9
60231      117.3
60232      119.7
60233      115.6
60234      112.2
60235      110.0
60236      108.2
60237      109.5
60238      109.5
60239      109.2
60240      109.8
60241      106.3
60242      105.0
60243      103.5
60244      100.6
60245       97.6
60246       95.5
60247       96.3
60248       97.0
60249       96.0
60250       94.0
60251          -
60252          -
60253          -
60254          -
60255          -
60256          -
60257          -
60258       88.0
60259       87.6
60260          -
60261       88.2
60262       89.1
60263       87.6
60264       86.1
60265       83.5
60266       81.4
60267       79.6
60268       75.6
60269       75.0
60270          -
60271          -
60272          -
60273          -
60274       71.1
60275       69.9
60276       69.3
60277       67.5
60278       66.1
60279       66.6
60280       65.6
60281       68.1
60282       61.3
60283       60.7
60284       58.0
60285       56.3
60286       55.5
60287       54.0
60288       53.0
60289       52.5
60290       47.6
60291          -
60292          -
60293       47.1
60294       46.4
60295       47.5
60296       46.5
60297          -
60298          -
60299          -
60300          -
60301       51.7
60302       48.8
60303       46.3
60304       44.2
60305       40.3
60306       40.4
60307       43.7
60308          -
60309          -
60310          -
60311       39.1
60312       38.7
60313       37.6
60314       38.7
60315       36.2
60316          -
60317       37.1
60318       37.3
60319       36.3
60320       32.1
60321       31.5
60322       31.0
60323       33.4
60324       30.6
60325       28.6
60326       28.8
60327          -
60328          -
60329          -
60330          -
60331          -
60332          -
60333       26.4
60334       26.0
60335       24.2
60336       25.4
60337       24.9
60338       22.1
60339       21.1
60340       23.1
60341       22.5
60342       19.4
60343       19.3
60344       19.0
60345       18.8
60346       19.8
60347       18.7
60348       13.3
60349       12.2
60350       11.8
60351       11.2
60352       10.8
60353       11.4
60354       10.5
60355        9.4
60356        9.0
60357       10.1
60358       11.7
60359       12.2
60360       11.3
60361       10.8
60362       11.3
60363        8.3
60364        7.4
60365        6.5
60366        5.5
60367        5.1
60368        2.1
60369        2.4
60370        1.8
60371        2.7
60372        4.0
60373        2.3
60374        3.9
60375        0.3
60376        0.3
60377        1.6
60378        3.3
60379        0.9
60380       -2.2
60381       -1.1
60382        0.3
60383        1.7
60384        1.9
60385        1.0
60386       -2.0
60387       -2.2
60388       -2.0
60389       -2.0
60390       -2.3
60391       -4.3
60392       -3.0
60393       -4.4
60394       -6.0
60395       -7.3
60396       -8.4
60397       -9.7
60398      -10.7
60399       -9.8
60400       -9.9
60401      -11.7
60402      -14.1
60403      -13.3
60404      -14.5
60405      -17.4
60406      -19.2
60407      -23.3
60408      -24.1
60409      -26.0
60410      -28.5
60411      -29.7
60412      -30.4
60413      -29.2
60414      -27.7
60415      -31.1
60416      -28.1
60417      -29.1
60418      -25.9
60419      -25.4
60420      -26.4
60421      -26.9
60422      -27.4
60423      -26.1
60424      -28.6
60425      -28.3
60426      -33.6
60427      -33.6
60428      -33.7
60429      -32.0
60430      -28.3
60431      -26.9
60432      -27.4
60433      -26.8
60434      -25.9
60435      -28.0
60436      -28.7
60437      -29.2
60438      -30.5
60439      -30.4
60440      -31.2
60441      -30.4
60442      -30.5
60443      -30.8
60444      -34.4
60445      -35.5
60446      -34.9
60447      -35.9
60448      -37.6
60449      -37.1
60450      -38.7
60451      -40.6
60452      -38.6
60453      -35.2
60454      -33.7
60455      -33.4
60456      -34.0
60457      -35.7
60458      -35.2
60459      -35.6
60460      -34.9
60461      -36.2
60462      -36.3
60463      -36.5
60464      -40.0
60465      -42.4
60466      -43.0
60467      -42.8
60468      -41.2
60469      -39.0
60470      -35.4
60471      -35.5
60472      -36.0
60473      -36.6
60474      -38.1
60475      -37.2
60476      -37.6
60477      -38.9
60478      -40.1
60479      -39.3
60480      -40.3
60481      -37.1
60482      -38.5
60483      -40.7
60484      -41.6
60485      -41.5
60486      -45.8
60487      -48.0
60488      -46.4
60489      -45.3
60490      -45.2
60491      -45.0
60492      -44.2
60493      -45.4
60494      -46.3
60495      -47.5
60496      -48.2
60497      -45.9
60498      -44.5
60499      -45.0
60500      -45.6
60501      -43.9
60502      -39.8
60503      -40.4
60504      -42.5
60505      -42.7
60506      -43.4
60507      -43.7
60508      -39.8
60509      -41.3
60510      -40.5
60511      -38.5
60512      -36.5
60513      -36.0
60514      -37.9
60515      -39.8
60516      -42.7
60517      -42.4
60518      -41.9
60519      -40.5
60520      -40.0
60521      -40.6
60522      -42.1
60523      -41.3
60524      -40.6
60525      -37.7
60526      -36.4
60527      -38.1
60528      -38.6
60529      -40.0
60530      -41.7
60531      -41.9
60532      -42.9
60533      -41.5
60534      -40.0
60535      -40.5
60536      -42.7
60537      -44.9
60538      -44.0
60539      -45.7
60540      -42.2
60541      -42.6
60542      -43.9
60543      -41.3
60544      -39.8
60545      -37.2
60546      -37.0
60547      -36.9
60548      -36.5
60549      -32.3
60550      -29.2
60551      -31.0
60552      -30.8
60553      -26.9
60554      -26.5
60555      -28.1
60556      -29.7
60557      -27.0
60558      -25.1
60559      -26.5
60560      -27.1
60561      -22.3
60562      -21.9
60563      -21.2
60564      -23.0
60565      -22.9
60566      -21.2
60567      -20.2
60568      -21.8
60569      -20.4
60570      -19.5
60571      -19.3
60572      -18.4
60573      -15.7
60574      -10.0
60575       -8.0
60576       -7.8
60577       -3.6
60578       -1.5
60579        0.4
60580        5.6
60581        4.5
60582        5.1
60583        7.4
60584        6.3
60585        8.4
60586       12.2
60587       12.9
60588       12.2
60589       12.6
60590       11.8
60591       11.7
60592          -
60593          -
60594          -
60595          -
60596          -
60604          -
60605          -
60606          -
60607          -
60608          -
60609          -
60610          -
60611          -
60612          -
60613          -
60614          -
60615          -
60616          -
60617          -
60618          -
60619          -
60620          -
60621          -
60622          -
60623          -
60624          -
60625          -
60626       60.1
60627       60.4
60628       60.4
60629       61.2
60630       63.6
60631       65.2
60632       69.4
60633       69.1
60634       71.4
60635       73.5
60636       73.2
60637       76.8
60638       76.6
60639       77.8
60640       78.3
60641       80.9
60642       82.5
60643       85.0
60644       88.3
60645       89.5
60646       92.0
60647       94.8
60648       95.9
60649       95.2
60650       99.0
60651       99.7
60652      105.6
60653      107.2
60654      108.4
60655      111.4
60656      111.5
60657      113.5
60658      112.3
60659      116.4
60660      120.7
60661      120.9
60662      120.9
60663      121.7
60664      125.3
60665      125.5
60666      126.7
60667      129.8
60668      130.3
60669      135.8
60670      135.5
60671      138.3
60672      138.1
60673      140.1
60674      144.9
60675      148.9
60676      151.0
60677      151.0
60678      151.1
60679      153.8
60680      157.9
60681      161.9
60682      162.9
60683      169.0
60684      172.4
60685      172.9
60686      174.5
60687      175.8
60688      179.3
60689      183.8
60690      184.0
60691      187.2
60692      187.7
60693      189.2
60694      193.0
60695      196.4
60696      199.3
60697      201.9
60698      205.5
60699      208.8
60700      210.0
60701      210.0
60702      214.3
60703      219.2
60704      222.3
60705      225.9
60706      227.4
60707      232.0
60708      233.1
60709      235.5
60710      237.0
60711      240.7
60712      244.0
60713      245.7
60714      251.0
60715      254.9
60716      256.8
60717      258.9
60718      260.5
60719      261.0
60720      267.2
60721      268.0
60722      273.8
60723      276.8
60724      279.9
60725      283.6
60726      287.9
60727      290.5
60728      294.2
60729      296.0
60730      300.9
60731      302.5
60732      304.6
60733      306.2
60734      312.6
60735      314.0
60736      317.5
60737      319.3
60738      321.7
60739      323.4
60740      326.2
60741      330.9
60742      332.8
60743      333.3
60744      334.9
60745      339.2
60746      340.9
60747      342.9
60748      343.2
60749      344.4
60750      344.2
60751      348.6
60752      352.7
60753      356.1
60754      358.6
60755      361.0
60756      364.8
60757      366.8
60758      367.0
60759      368.6
60760      374.1
60761      374.9
60762      375.2
60763      374.6
60764      378.8
60765      382.0
60766      385.6
60767      391.6
60768      393.1
60769      396.5
60770      397.1
60771      399.4
60772      400.3
60773      400.5
60774      403.3
60775      404.6
60776      409.2
60777      410.1
60778      413.8
60779      416.6
60780      419.5
60781      420.9
60782      424.6
60783      423.2
60784      427.7
60785      432.1
60786      433.4
60787      439.0
60788      443.7
60789      445.9
60790      452.0
60791      454.6
60792      457.0
60793          -
60794          -
60795          -
60796          -
60797          -
60798          -
60799          -
60842          -
60843      606.7
60844      608.8
60845      611.0
60846      615.0
60847      618.0
60848      619.8
60849      622.2
60850      626.1
60851      636.1
60852      641.2
60853      642.0
60854      644.2
60855      646.4
60856      649.9
60857      653.1
60858      658.3
60859      663.4
60860      664.3
60861      667.8
60862      674.5
60863      677.2
60864      681.9
60865      687.2
60866      684.4
60867      689.2
60868      696.6
60869      702.6
60870      704.1
60871      703.5
60872      708.6
60873      711.6
60874      715.9
60875      721.7
60876      727.6
60877      734.1
60878      738.7
60879      744.7
60880      745.5
60881      746.3
60882      750.3
60883      753.1
60884      754.4
60885      759.1
60886      761.7
60887      765.9
60888      772.2
60889      777.7
60890      779.6
60891      779.9
60892      786.2
60893      790.4
60894      796.7
60895      797.8
60896      804.2
60897      809.5
60898      810.4
60899      814.2
60900      819.0
60901      822.2
60902      827.1
60903      828.3
60904      829.6
60905      834.4
60906      835.2
60907      837.6
60908      842.8
60909      845.9
60910      848.4
60911      851.3
60912      854.6
60913      859.1
60914      867.9
60915      870.6
60916      877.6
60917      883.9
60918      888.2
60919      894.8
60920      897.9
60921      903.9
60922      908.1
60923      913.7
60924      916.5
60925      917.7
60926      921.9
60927      927.0
60928      929.9
60929      929.1
60930      937.4
60931      942.3
60932      947.6
60933      955.6
60934      959.8
60935      963.4
60936      966.1
60937      969.6
60938      973.5
60939      978.8
60940      981.4
60941      986.0
60942      991.3
60943      997.3
60944     1003.6
60945     1010.4
60946     1013.8
60947     1017.7
60948     1024.1
60949     1031.6
60950     1033.0
60951     1033.0
60952     1037.1
60953     1034.7
60954     1033.1
60955     1031.4
60956     1033.1
60957     1030.5
60958     1028.0
60959     1022.5
60960     1021.5
60961     1018.9
60962     1019.3
60963     1016.9
60964     1015.5
60965     1012.2
60966     1010.7
60967     1007.8
60968     1005.6
60969     1000.2
60970      999.1
60971      992.3
60972      989.6
60973      988.3
60974      983.5
60975      984.4
60976      981.0
60977      980.2
60978      977.0
60979      972.9
60980      970.7
60981      970.0
60982      968.0
60983      969.4
60984      966.5
60985      967.9
60986      968.4
60987      963.8
60988      963.1
60989      962.6
60990      963.2
60991      957.7
60992      951.8
60993      949.9
60994      953.6
60995      952.6
60996      950.7
60997      949.7
60998      947.2
60999      944.2
61000      943.1
61001      941.4
61002      937.5
61003      936.0
61004      937.4
61005      935.5
61006      935.7
61007      935.1
61008      935.8
61009      933.8
61010      930.9
61011      928.9
61012      931.5
61013      929.9
61014      927.2
61015      928.8
61016      928.1
61017      923.7
61018      919.3
61019      915.5
61020      917.1
61021      916.0
61022      912.7
61023      908.1
61024      904.7
61025      903.7
61026      907.8
61027      905.4
61028      907.0
61029      904.7
61030      907.5
61031      909.7
61032      911.0
61033      908.0
61034      904.2
61035      901.4
61036      898.7
61037      898.5
61038      899.3
61039      900.7
61040      903.4
61041      903.9
61042      904.9
61043      904.8
61044      901.3
61045      902.9
61046      903.2
61047      902.1
61048      902.3
61049      903.5
61050      903.7
61051      903.8
61052      905.6
61053      903.9
61054      900.3
61055      899.3
61056      898.2
61057      895.8
61058      895.3
61059      893.3
61060      891.2
61061      891.5
61062      890.9
61063      892.5
61064      892.3
61065      893.8
61066      895.9
61067      897.4
61068      896.6
61069      896.4
61070      895.8
61071      897.2
61072      897.3
61073      898.9
61074      896.8
61075      898.9
61076      900.1
61077      897.7
61078      893.3
61079      891.9
61080      891.6
61081      890.3
61082      892.9
61083      893.7
61084      890.3
61085      889.7
61086      889.3
61087      887.8
61088      890.7
61089      890.1
61090      888.1
61091      885.9
61092      886.8
61093      885.6
61094      884.2
61095      882.5
61096      884.9
61097      888.7
61098      886.7
61099      881.6
61100      879.6
61101      880.2
61102      876.6
61103      878.4
61104      879.9
61105      874.6
61106      873.7
61107      871.4
61108      867.0
61109      866.4
61110      864.3
61111      866.8
61112      867.2
61113      864.9
61114      863.8
61115      861.7
61116      858.8
61117      858.8
61118      856.8
61119      854.7
61120      855.4
61121      855.0
61122      854.1
61123      854.6
61124      852.9
61125      853.5
61126      857.4
61127      857.0
61128      854.3
61129      854.8
61130      852.6
61131      851.6
61132      851.2
61133      848.3
61134      849.4
61135      849.1
61136      846.0
61137      843.6
61138      841.4
61139      842.9
61140      846.8
61141      847.6
61142      846.4
61143      846.7
61144      846.1
61145      847.2
61146      844.3
61147      841.8
61148      840.1
61149      841.3
61150      841.6
61151      841.2
61152      839.5
61153      836.5
61154      834.9
61155      834.3
61156      834.8
61157      832.9
61158      830.1
61159      827.5
61160      827.7
61161      831.6
61162      832.4
61163      831.7
61164      830.3
61165      830.2
61166      831.9
61167      831.4
61168      828.9
61169      827.6
61170      824.8
61171      824.5
61172      823.0
61173      821.2
61174      823.8
61175      822.5
61176      825.3
61177      826.1
61178      824.2
61179      826.9
61180      824.8
61181      825.4
61182      825.9
61183      825.2
61184      821.4
61185      822.4
61186      824.4
61187      819.9
61188      818.8
61189      820.5
61190      820.0
61191      819.7
61192      816.4
61193      815.0
61194      816.4
61195      817.9
61196      816.6
61197      812.9
61198      811.0
61199      809.8
61200      812.0
61201      814.9
61202      814.0
61203      812.5
61204      813.0
61205      811.4
61206      810.7
61207      809.4
61208      808.6
61209      809.1
61210      807.5
61211      808.0
61212      810.1
61213      806.5
61214      804.4
61215      802.1
61216      802.2
61217      802.0
61218      798.2
61219      797.4

# UTC remains available from the monthly Circular T at
# (http://www.bipm.org/en/bipm-services/timescales/time-ftp/Circular-T.html).
