# MJD  [UTCr-UTC(AUS)]/ns
57048     -451.0
57049     -453.4
57050     -456.2
57051     -459.6
57052     -462.4
57053     -469.2
57054     -471.3
57055     -470.5
57056     -476.8
57057     -483.9
57058     -485.0
57059     -488.8
57060     -492.6
57061     -499.5
57062     -502.2
57063     -507.6
57064     -509.7
57065     -508.9
57066     -509.5
57067     -509.4
57068     -513.7
57069     -514.1
57070     -516.9
57071     -516.9
57072     -518.8
57073     -523.5
57074     -524.1
57075     -528.7
57076     -529.3
57077     -528.4
57078     -534.2
57079     -531.0
57080     -529.9
57081     -529.8
57082     -531.6
57083     -535.3
57084     -542.4
57085     -549.1
57086     -553.9
57087     -557.9
57088     -560.1
57089     -561.6
57090     -561.1
57091     -562.5
57092     -569.5
57093     -565.0
57094     -563.5
57095     -565.0
57096     -568.4
57097     -569.2
57098     -568.0
57099     -570.6
57100     -568.3
57101     -569.6
57102     -566.3
57103     -568.8
57104     -568.9
57105     -569.4
57106     -571.8
57107     -576.4
57108     -576.7
57109     -576.6
57110     -579.4
57111     -583.8
57112     -585.3
57113     -590.2
57114     -593.3
57115     -594.5
57116     -598.6
57117     -605.1
57118     -607.5
57119     -606.6
57120     -607.2
57121     -611.4
57122     -610.2
57123     -611.7
57124     -610.0
57125     -614.2
57126     -613.8
57127     -612.2
57128     -614.9
57129     -618.0
57130     -614.8
57131     -616.5
57132     -621.5
57133     -625.5
57134     -627.4
57135     -629.6
57136     -630.1
57137     -634.6
57138     -629.8
57139     -633.9
57140     -643.2
57141     -644.3
57142     -642.3
57143     -645.5
57144     -648.3
57145     -653.5
57146     -657.9
57147     -663.8
57148     -668.9
57149     -670.3
57150     -674.0
57151     -671.1
57152     -674.0
57153     -682.2
57154     -686.8
57155     -686.5
57156     -698.3
57157     -701.3
57158     -704.5
57159     -705.6
57160     -705.6
57161     -708.3
57162     -716.2
57163     -722.7
57164     -728.1
57165     -726.6
57166     -727.8
57167     -732.3
57168     -740.6
57169     -742.9
57170     -748.4
57171     -754.5
57172     -757.9
57173     -763.2
57174     -763.9
57175     -767.7
57176     -767.0
57177     -772.3
57178     -774.5
57179     -774.5
57180     -776.6
57181     -778.1
57182     -782.3
57183     -785.7
57184     -789.1
57185     -785.8
57186     -782.9
57187     -785.6
57188     -791.3
57189     -791.0
57190     -797.1
57191     -804.1
57192     -807.7
57193     -807.6
57194     -814.1
57195     -815.2
57196     -812.6
57197     -818.9
57198     -819.9
57199     -824.4
57200     -830.6
57201     -833.1
57202     -829.7
57203     -832.1
57204     -834.4
57205     -843.5
57206     -848.5
57207     -853.5
57208     -856.7
57209     -856.0
57210     -854.9
57211     -860.4
57212     -858.6
57213     -863.1
57214     -871.0
57215     -874.7
57216     -879.3
57217     -888.6
57218     -890.6
57219     -886.2
57220     -875.2
57221     -865.6
57222     -865.4
57223     -860.6
57224     -855.9
57225     -850.9
57226     -842.8
57227     -838.1
57228     -830.9
57229     -832.3
57230     -829.6
57231     -819.0
57232     -812.9
57233     -809.0
57234     -805.7
57235     -802.8
57236     -800.9
57237     -796.8
57238     -798.6
57239     -792.1
57240     -788.5
57241     -787.2
57242     -781.1
57243     -778.8
57244     -774.9
57245     -768.5
57246     -764.2
57247     -762.5
57248     -761.5
57249     -757.0
57250     -752.0
57251     -748.1
57252     -740.9
57253     -730.1
57254     -725.1
57255     -722.1
57256     -715.8
57257     -710.2
57258     -704.2
57259     -699.2
57260     -696.8
57261     -689.7
57262     -683.5
57263     -679.1
57264     -673.9
57265     -662.4
57266     -660.2
57267     -655.7
57268     -651.0
57269     -647.2
57270     -643.0
57271     -640.5
57272     -635.9
57273     -632.5
57274     -633.6
57275     -631.1
57276     -626.3
57277     -623.7
57278     -622.7
57279     -616.2
57280     -612.8
57281     -608.6
57282     -602.2
57283     -601.0
57284     -599.9
57285     -597.9
57286     -591.7
57287     -590.8
57288     -585.4
57289     -581.5
57290     -576.7
57291     -572.0
57292     -566.6
57293     -565.9
57294     -558.5
57295     -552.1
57296     -542.7
57297     -536.8
57298     -532.1
57299     -528.3
57300     -525.9
57301     -519.4
57302     -512.7
57303     -503.8
57304     -501.5
57305     -500.1
57306     -493.3
57307     -488.7
57308     -487.8
57309     -483.1
57310     -483.9
57311     -481.0
57312     -482.7
57313     -485.5
57314     -482.8
57315     -475.3
57316     -470.5
57317     -469.1
57318     -466.3
57319     -462.6
57320     -463.0
57321     -459.5
57322     -453.0
57323     -450.6
57324     -444.8
57325     -442.6
57326     -439.1
57327     -438.4
57328     -429.5
57329     -427.4
57330     -422.4
57331     -417.7
57332     -415.3
57333     -411.2
57334     -411.3
57335     -403.1
57336     -398.8
57337     -397.5
57338     -392.9
57339     -386.2
57340     -381.6
57341     -379.7
57342     -375.2
57343     -370.1
57344     -364.5
57345     -363.4
57346     -365.1
57347     -359.9
57348     -355.4
57349     -353.0
57350     -350.3
57351     -343.9
57352     -338.0
57353     -334.5
57354     -329.2
57355     -323.3
57356     -313.0
57357     -313.0
57358     -312.0
57359     -308.2
57360     -305.9
57361     -298.6
57362     -294.1
57363     -290.6
57364     -290.3
57365     -285.2
57366     -285.2
57367     -275.6
57368     -269.6
57369     -268.7
57370     -267.3
57371     -261.1
57372     -252.8
57373     -248.9
57374     -248.3
57375     -246.0
57376     -244.1
57377     -240.0
57378     -232.7
57379     -230.4
57380     -226.2
57381     -216.1
57382     -211.8
57383     -209.4
57384     -205.1
57385     -200.0
57386     -194.3
57387     -189.5
57388     -184.1
57389     -178.9
57390     -174.3
57391     -172.7
57392     -167.6
57393     -162.2
57394     -160.3
57395     -156.5
57396     -150.8
57397     -140.3
57398     -138.8
57399     -137.8
57400     -134.5
57401     -125.7
57402     -126.1
57403     -119.8
57404     -123.0
57405     -119.5
57406     -115.0
57407     -106.6
57408     -102.3
57409     -103.3
57410     -101.3
57411      -91.6
57412      -84.4
57413      -78.3
57414      -75.3
57415      -74.5
57416      -68.8
57417      -70.5
57418      -70.6
57419      -68.6
57420      -59.8
57421      -54.0
57422      -47.2
57423      -43.7
57424      -37.7
57425      -27.3
57426      -26.1
57427      -20.1
57428      -16.6
57429      -16.8
57430      -13.5
57431      -10.2
57432      -10.7
57433       -9.6
57434      -14.7
57435       -4.6
57436        0.0
57437        7.2
57438       15.2
57439       14.8
57440       21.0
57441       23.8
57442       26.1
57443       32.7
57444       30.5
57445       36.0
57446       37.1
57447       43.9
57448       46.6
57449       53.5
57450       60.0
57451       62.9
57452       70.1
57453       72.6
57454       76.5
57455       85.5
57456       89.0
57457       92.4
57458       94.2
57459      103.6
57460      109.6
57461      117.0
57462      120.4
57463      122.7
57464      134.6
57465      142.9
57466      148.8
57467      151.5
57468      151.0
57469      155.8
57470      161.1
57471      160.3
57472      165.4
57473      162.7
57474      166.7
57475      173.7
57476      181.3
57477      180.7
57478      181.4
57479      185.6
57480      189.2
57481      192.7
57482      200.5
57483      204.6
57484      212.1
57485      218.2
57486      221.1
57487      226.7
57488      230.5
57489      235.0
57490      238.4
57491      244.3
57492      250.3
57493      250.3
57494      259.6
57495      261.9
57496      263.2
57497      261.2
57498      266.0
57499      269.1
57500      270.2
57501      274.4
57502      274.2
57503      279.5
57504      281.9
57505      279.2
57506      282.8
57507      284.1
57508      288.5
57509      290.6
57510      291.3
57511      293.2
57512      302.5
57513      304.0
57514      308.7
57515      312.1
57516      321.9
57517      326.7
57518      332.8
57519      337.2
57520      340.4
57521      347.5
57522      357.6
57523      360.6
57524      373.1
57525      376.0
57526      381.1
57527      386.2
57528      392.4
57529      400.1
57530      409.1
57531      412.9
57532      421.4
57533      423.4
57534      425.5
57535      427.8
57536      430.0
57537      430.5
57538      433.2
57539      440.9
57540      449.7
57541      453.7
57542      463.2
57543      469.7
57544      471.1
57545      477.4
57546      479.5
57547      484.5
57548      488.2
57549      494.1
57550      495.0
57551      500.5
57552      501.8
57553      501.4
57554      497.1
57555      496.2
57556      499.2
57557      498.4
57558      499.7
57559      503.4
57560      503.1
57561      505.9
57562      511.9
57563      519.0
57564      520.6
57565      520.3
57566      521.1
57567      519.1
57568      521.5
57569      522.3
57570      524.7
57571      522.5
57572      529.0
57573      529.8
57574      535.9
57575      541.2
57576      541.6
57577      552.9
57578      559.1
57579      561.9
57580      568.0
57581      572.8
57582      571.1
57583      575.9
57584      580.6
57585      578.9
57586      583.6
57587      585.8
57588      589.1
57589      597.1
57590      596.8
57591      596.4
57592      600.5
57593      610.4
57594      616.4
57595      623.4
57596      626.9
57597      636.7
57598      643.9
57599      641.2
57600      639.7
57601      643.3
57602      650.2
57603      656.5
57604      656.4
57605      660.7
57606      667.8
57607      679.1
57608      683.2
57609      683.1
57610      691.9
57611      694.5
57612      694.9
57613      696.2
57614      706.2
57615      708.5
57616      708.9
57617      715.8
57618      714.9
57619      716.0
57620      714.1
57621      712.7
57622      720.3
57623      719.2
57624      726.4
57625      727.6
57626      733.7
57627      732.3
57628      733.5
57629      741.6
57630      741.8
57631      746.0
57632      749.9
57633      754.4
57634      759.6
57635      764.2
57636      757.8
57637      762.4
57638      767.6
57639      776.6
57640      779.6
57641      780.6
57642      784.7
57643      790.7
57644      794.5
57645      796.1
57646      795.8
57647      802.7
57648      805.2
57649      809.6
57650      815.8
57651      821.1
57652      827.7
57653      829.5
57654      834.8
57655      837.9
57656      842.2
57657      848.5
57658      856.5
57659      861.4
57660      865.1
57661      873.2
57662      874.8
57663      882.7
57664      894.0
57665      902.2
57666      905.6
57667      909.5
57668      909.5
57669      913.1
57670      913.7
57671      913.5
57672      919.7
57673      921.7
57674      923.2
57675      925.8
57676      935.9
57677      944.2
57678      948.7
57679      954.8
57680      958.0
57681      958.5
57682      959.5
57683      961.4
57684      967.0
57685      971.9
57686      975.4
57687      976.3
57688      973.7
57689      973.3
57690      969.0
57691      964.3
57692      970.7
57693      970.2
57694      961.6
57695      964.7
57696      970.2
57697      965.8
57698      959.9
57699      964.6
57700      963.1
57701      956.4
57702      952.6
57703      952.7
57704      946.9
57705      942.4
57706      948.1
57707      940.3
57708      940.5
57709      936.2
57710      931.0
57711      922.7
57712      921.8
57713      920.3
57714      921.8
57715      917.9
57716      912.6
57717      901.7
57718      898.6
57719      896.2
57720      893.0
57721      895.4
57722      897.7
57723      898.9
57724      896.4
57725      891.6
57726      888.0
57727      886.6
57728      890.2
57729      887.2
57730      891.3
57731      893.8
57732      898.4
57733      902.9
57734      898.5
57735      896.9
57736      892.1
57737      890.1
57738      887.5
57739      883.7
57740      885.6
57741      882.0
57742      871.9
57743      865.1
57744      863.4
57745      858.7
57746      857.8
57747      846.6
57748      843.4
57749      843.4
57750      847.6
57751      842.7
57752      837.4
57753      835.0
57754      832.7
57755      833.4
57756      826.3
57757      819.9
57758      817.8
57759      818.6
57760      818.5
57761      818.0
57762      816.8
57763      814.4
57764      819.1
57765      815.0
57766      817.7
57767      812.6
57768      811.9
57769      813.2
57770      807.2
57771      807.9
57772      802.3
57773      801.3
57774      794.8
57775      789.4
57776      784.9
57777      779.8
57778      777.5
57779      783.0
57780      780.3
57781      777.8
57782      779.6
57783      778.5
57784      773.9
57785      772.9
57786      775.9
57787      771.0
57788      771.0
57789      768.9
57790      769.8
57791      770.0
57792      768.8
57793      768.2
57794      772.7
57795      772.5
57796      771.6
57797      773.8
57798      770.0
57799      766.8
57800      766.5
57801      766.0
57802      760.1
57803      760.3
57804      763.7
57805      759.1
57806      759.2
57807      754.6
57808      755.1
57809      758.4
57810      756.5
57811      757.8
57812      752.6
57813      757.5
57814      754.8
57815      756.9
57816      750.5
57817      748.6
57818      738.0
57819      735.6
57820      733.6
57821      734.5
57822      734.7
57823      730.5
57824      731.1
57825      726.1
57826      716.8
57827      719.1
57828      722.5
57829      720.5
57830      719.0
57831      713.3
57832      712.9
57833      712.3
57834      708.2
57835      704.0
57836      705.3
57837      705.3
57838      705.8
57839      707.8
57840      699.8
57841      692.4
57842      681.1
57843      672.7
57844      662.1
57845      658.9
57846      665.9
57847      670.7
57848      663.3
57849      660.1
57850      663.2
57851      663.5
57852      660.1
57853      661.8
57854      661.4
57855      657.6
57856      654.1
57857      653.3
57858      654.4
57859      656.1
57860      655.0
57861      650.8
57862      647.5
57863      644.3
57864      647.4
57865      639.9
57866      634.9
57867      634.5
57868      629.6
57869      619.2
57870      610.0
57871      615.4
57872      616.4
57873      613.9
57874      611.6
57875      613.1
57876      609.2
57877      605.4
57878      599.2
57879      599.6
57880      597.4
57881      591.7
57882      588.3
57883      586.9
57884      588.7
57885      587.4
57886      582.5
57887      581.6
57888      576.6
57889      573.0
57890      570.6
57891      574.7
57892      574.0
57893      569.0
57894      571.4
57895      568.4
57896      569.6
57897      566.5
57898      566.2
57899      563.1
57900      561.0
57901      556.3
57902      550.3
57903      545.9
57904      540.8
57905      541.9
57906      546.1
57907      549.4
57908      553.0
57909      549.4
57910      546.5
57911      548.5
57912      542.3
57913      543.6
57914      548.8
57915      549.2
57916      551.4
57917      545.4
57918      543.3
57919      541.0
57920      542.7
57921      544.0
57922      541.8
57923      542.3
57924      547.5
57925      546.5
57926      543.1
57927      543.4
57928      543.5
57929      534.8
57930      535.4
57931      538.4
57932      535.3
57933      532.9
57934      532.8
57935      528.2
57936      526.3
57937      524.6
57938      518.8
57939      511.6
57940      509.5
57941      505.8
57942      504.6
57943      506.7
57944      510.6
57945      503.6
57946      499.8
57947      492.0
57948      490.8
57949      489.6
57950      480.5
57951      475.6
57952      478.4
57953      484.6
57954      481.6
57955      475.2
57956      472.9
57957      474.8
57958      469.9
57959      467.9
57960      464.8
57961      458.7
57962      462.4
57963      463.3
57964      463.4
57965      464.6
57966      468.6
57967      466.6
57968      463.7
57969      457.6
57970      459.7
57971      452.7
57972      454.0
57973      449.6
57974      451.8
57975      452.2
57976      451.8
57977      448.3
57978      442.2
57979      438.8
57980      442.3
57981      441.9
57982      442.9
57983      438.1
57984      436.5
57985      434.4
57986      435.1
57987      443.5
57988      441.6
57989      441.4
57990      440.2
57991      441.8
57992      434.1
57993      435.4
57994      436.2
57995      427.6
57996      426.3
57997      428.2
57998      429.8
57999      428.1
58000      426.1
58001      419.5
58002      416.4
58003      413.0
58004      412.1
58005      413.5
58006      413.2
58007      414.0
58008      413.7
58009      413.5
58010      418.2
58011      410.9
58012      413.2
58013      407.9
58014      412.3
58015      405.4
58016      398.5
58017      395.5
58018      403.6
58019      406.0
58020      399.5
58021      399.2
58022      396.3
58023      397.8
58024      388.9
58025      387.6
58026      387.4
58027      387.4
58028      386.2
58029      391.3
58030      391.2
58031      394.9
58032      393.8
58033      392.3
58034      391.2
58035      396.4
58036      395.2
58037      392.2
58038      391.5
58039      388.9
58040      382.3
58041      386.9
58042      382.6
58043      384.7
58044      380.0
58045      375.9
58046      371.3
58047      369.0
58048      368.2
58049      369.0
58050      370.4
58051      367.3
58052      357.9
58053      357.5
58054      356.8
58055      357.8
58056      358.9
58057      363.5
58058      360.4
58059      362.2
58060      364.2
58061      363.2
58062      364.8
58063      364.7
58064      362.0
58065      356.3
58066      357.9
58067      351.8
58068      349.3
58069      350.0
58070      345.8
58071      345.3
58072      343.0
58073      334.2
58074      333.6
58075      330.7
58076      328.2
58077      323.5
58078      319.1
58079      312.7
58080      309.9
58081      310.8
58082      309.8
58083      307.1
58084      304.6
58085      301.1
58086      292.3
58087      284.3
58088      278.4
58089      273.8
58090      276.6
58091      273.7
58092      270.8
58093      273.2
58094      278.6
58095      276.3
58096      274.4
58097      281.4
58098      281.5
58099      276.6
58100      278.6
58101      274.8
58102      273.9
58103      269.4
58104      265.8
58105      264.9
58106      261.9
58107      270.6
58108      267.7
58109      267.4
58110      266.4
58111      256.2
58112      256.3
58113      248.8
58114      242.0
58115      234.5
58116      225.8
58117      227.1
58118      230.3
58119      228.8
58120      231.8
58121      233.1
58122      232.4
58123      231.2
58124      225.3
58125      221.3
58126      224.0
58127      228.3
58128      225.3
58129      225.4
58130      227.2
58131      230.5
58132      232.5
58133      234.4
58134      232.2
58135      231.4
58136      231.9
58137      230.8
58138      232.2
58139      224.8
58140      223.0
58141      216.4
58142      209.4
58143      214.5
58144      210.4
58145      210.8
58146      212.9
58147      211.1
58148      209.4
58149      210.7
58150      216.9
58151      215.8
58152      213.8
58153      206.0
58154      205.4
58155      205.2
58156      207.0
58157      201.8
58158      197.8
58159      200.1
58160      194.3
58161      191.9
58162      190.0
58163      190.8
58164      191.1
58165      191.0
58166      185.6
58167      183.0
58168      186.4
58169      188.4
58170      183.9
58171      184.1
58172      184.5
58173      183.0
58174      183.7
58175      179.7
58176      178.9
58177      178.8
58178      179.1
58179      178.2
58180      175.3
58181      172.9
58182      171.0
58183      174.6
58184      178.5
58185      180.9
58186      174.4
58187      165.8
58188      165.8
58189      168.2
58190      164.6
58191      166.7
58192      160.8
58193      167.3
58194      158.1
58195      160.2
58196      158.6
58197      153.8
58198      156.3
58199      153.2
58200      152.4
58201      145.9
58202      141.6
58203      142.3
58204      139.7
58205      145.2
58206      134.8
58207      132.1
58208      122.1
58209      119.5
58210      122.7
58211      127.8
58212      129.1
58213      124.4
58214      117.9
58215      120.1
58216      109.7
58217      103.2
58218      100.9
58219      102.2
58220      102.7
58221      100.1
58222       98.3
58223      103.9
58224       97.7
58225       95.8
58226       92.4
58227       90.6
58228       84.3
58229       86.1
58230       83.1
58231       81.8
58232       71.6
58233       71.7
58234       63.8
58235       68.0
58236       67.8
58237       67.5
58238       71.6
58239       74.1
58240       76.1
58241       71.6
58242       67.8
58243       65.1
58244       73.5
58245       77.8
58246       80.2
58247       79.3
58248       66.5
58249       62.8
58250       62.7
58251       56.7
58252       50.6
58253       47.7
58254       43.7
58255       45.9
58256       51.2
58257       50.1
58258       43.0
58259       40.6
58260       33.8
58261       33.4
58262       29.2
58263       31.8
58264       30.6
58265       36.4
58266       33.2
58267       34.5
58268       33.1
58269       26.4
58270       21.0
58271       14.5
58272        7.7
58273        6.3
58274        9.0
58275        6.4
58276        6.0
58277        8.0
58278        7.5
58279        8.4
58280        9.6
58281        4.8
58282        8.1
58283        8.0
58284       -2.1
58285       -2.5
58286       -6.6
58287       -9.4
58288       -7.1
58289       -2.4
58290       -3.3
58291       -1.3
58292       -1.2
58293       -1.5
58294       -5.7
58295       -5.2
58296        4.6
58297        8.1
58298        7.7
58299        3.5
58300        1.4
58301       -1.8
58302       -5.3
58303       -3.1
58304        4.1
58305        9.8
58306        5.9
58307        6.3
58308        4.3
58309       -0.3
58310        2.2
58311       -1.7
58312        0.2
58313        1.2
58314        0.5
58315       -2.3
58316       -6.5
58317       -9.5
58318       -9.0
58319      -12.2
58320      -12.4
58321      -13.0
58322      -13.5
58323      -12.1
58324      -13.6
58325      -14.2
58326      -17.8
58327      -15.7
58328      -15.5
58329      -13.3
58330      -15.8
58331      -10.8
58332       -7.1
58333       -8.3
58334      -13.5
58335      -20.0
58336      -25.2
58337      -20.3
58338      -17.6
58339      -17.3
58340      -22.5
58341      -18.9
58342      -20.9
58343      -24.3
58344      -23.6
58345      -25.8
58346      -24.5
58347      -31.2
58348      -36.1
58349      -41.4
58350      -42.7
58351      -44.2
58352      -39.2
58353      -42.8
58354      -47.0
58355      -51.6
58356      -50.1
58357      -44.4
58358      -41.5
58359      -39.5
58360      -47.1
58361      -55.5
58362      -56.6
58363      -57.6
58364      -54.7
58365      -57.5
58366      -54.2
58367      -51.8
58368      -51.3
58369      -48.4
58370      -43.5
58371      -38.1
58372      -39.6
58373      -37.9
58374      -41.7
58375      -33.3
58376      -33.7
58377      -35.6
58378      -38.9
58379      -43.1
58380      -42.5
58381      -38.9
58382      -34.1
58383      -40.1
58384      -37.0
58385      -39.1
58386      -45.1
58387      -45.7
58388      -44.2
58389      -46.0
58390      -44.6
58391      -47.4
58392      -53.3
58393      -48.0
58394      -40.8
58395      -36.3
58396      -30.7
58397      -29.3
58398      -27.1
58399      -25.8
58400      -24.3
58401      -21.8
58402      -23.1
58403      -24.9
58404      -25.3
58405      -22.4
58406      -22.6
58407      -16.8
58408      -24.0
58409      -25.8
58410      -28.1
58411      -30.2
58412      -35.3
58413      -32.7
58414      -28.9
58415      -24.4
58416      -32.6
58417      -31.8
58418      -31.8
58419      -29.5
58420      -24.7
58421      -23.2
58422      -22.3
58423      -22.4
58424      -25.2
58425      -27.7
58426      -27.4
58427      -28.3
58428      -38.7
58429      -39.3
58430      -40.9
58431      -42.1
58432      -40.6
58433      -43.6
58434      -45.6
58435      -44.6
58436      -48.4
58437      -50.2
58438      -51.7
58439      -51.9
58440      -53.3
58441      -50.7
58442      -53.8
58443      -61.4
58444      -62.8
58445      -65.4
58446      -61.5
58447      -60.0
58448      -60.6
58449      -56.4
58450      -58.8
58451      -54.1
58452      -54.5
58453      -53.3
58454      -49.5
58455      -42.2
58456      -44.6
58457      -50.1
58458      -44.3
58459      -44.1
58460      -42.1
58461      -44.5
58462      -42.4
58463      -45.1
58464      -41.2
58465      -42.1
58466      -36.5
58467      -38.2
58468      -35.9
58469      -37.6
58470      -37.0
58471      -44.1
58472      -45.1
58473      -39.8
58474      -46.1
58475      -36.8
58476      -34.0
58477      -28.4
58478      -28.5
58479      -27.2
58480      -22.4
58481      -21.8
58482      -22.3
58483      -25.6
58484      -24.7
58485      -30.0
58486      -33.2
58487      -38.1
58488      -40.1
58489      -38.1
58490      -37.8
58491      -44.7
58492      -44.0
58493      -43.4
58494      -46.2
58495      -46.8
58496      -50.1
58497      -47.9
58498      -42.4
58499      -38.4
58500      -47.5
58501      -47.3
58502      -46.0
58503      -40.0
58504      -38.2
58505      -39.9
58506      -40.5
58507      -37.5
58508      -36.9
58509      -38.6
58510      -38.7
58511      -43.1
58512      -47.0
58513      -47.6
58514      -47.6
58515      -43.2
58516      -41.1
58517      -38.0
58518      -40.7
58519      -40.5
58520      -40.6
58521      -43.6
58522      -46.0
58523      -44.1
58524      -46.3
58525      -46.0
58526      -45.7
58527      -46.0
58528      -45.2
58529      -49.0
58530      -58.2
58531      -60.1
58532      -60.2
58533      -64.1
58534      -63.4
58535      -64.9
58536      -67.2
58537      -73.1
58538      -78.6
58539      -76.4
58540      -79.8
58541      -80.3
58542      -80.7
58543      -82.3
58544      -87.4
58545      -89.1
58546     -100.1
58547      -95.1
58548      -98.5
58549     -100.8
58550     -104.2
58551     -104.3
58552     -103.7
58553     -107.0
58554     -106.2
58555     -110.2
58556     -110.7
58557     -111.0
58558     -111.1
58559     -113.0
58560     -110.5
58561     -112.5
58562     -111.3
58563     -111.4
58564     -108.6
58565     -112.9
58566     -118.9
58567     -124.0
58568     -132.6
58569     -133.3
58570     -134.0
58571     -135.1
58572     -139.4
58573     -138.3
58574     -141.6
58575     -142.2
58576     -140.1
58577     -136.0
58578     -138.4
58579     -140.9
58580     -144.2
58581     -139.4
58582     -139.6
58583     -133.1
58584     -133.3
58585     -128.9
58586     -130.5
58587     -136.9
58588     -136.8
58589     -138.7
58590     -137.4
58591     -144.9
58592     -150.1
58593     -153.2
58594     -151.3
58595     -154.0
58596     -155.9
58597     -153.2
58598     -151.1
58599     -154.7
58600     -153.7
58601     -152.0
58602     -159.9
58603     -156.2
58604     -155.2
58605     -150.4
58606     -160.9
58607     -162.6
58608     -160.3
58609     -163.2
58610     -169.7
58611     -178.8
58612     -178.8
58613     -175.7
58614     -175.5
58615     -171.6
58616     -175.6
58617     -175.2
58618     -169.0
58619     -179.8
58620     -182.7
58621     -185.9
58622     -190.9
58623     -195.6
58624     -199.2
58625     -194.5
58626     -189.9
58627     -189.3
58628     -196.4
58629     -197.0
58630     -203.2
58631     -201.3
58632     -200.2
58633     -199.4
58634     -200.7
58635     -202.0
58636     -198.6
58637     -194.3
58638     -186.8
58639     -186.6
58640     -191.5
58641     -197.4
58642     -193.5
58643     -193.4
58644     -198.9
58645     -202.9
58646     -206.2
58647     -207.7
58648     -208.5
58649     -205.4
58650     -205.2
58651     -207.9
58652     -206.3
58653     -209.6
58654     -211.2
58655     -215.2
58656     -221.8
58657     -221.9
58658     -214.3
58659     -213.5
58660     -213.0
58661     -210.8
58662     -216.7
58663     -224.1
58664     -230.6
58665     -228.9
58666     -239.4
58667     -240.5
58668     -239.6
58669     -242.4
58670     -237.5
58671     -232.9
58672     -233.7
58673     -222.9
58674     -221.7
58675     -223.9
58676     -225.6
58677     -216.6
58678     -212.6
58679     -217.0
58680     -221.3
58681     -215.8
58682     -215.6
58683     -222.2
58684     -221.0
58685     -225.2
58686     -226.5
58687     -231.8
58688     -231.6
58689     -226.6
58690     -233.3
58691     -234.5
58692     -236.8
58693     -244.3
58694     -240.6
58695     -237.4
58696     -241.0
58697     -243.1
58698     -237.5
58699     -236.2
58700     -236.6
58701     -234.6
58702     -244.8
58703     -249.4
58704     -253.8
58705     -253.3
58706     -248.8
58707     -254.4
58708     -248.5
58709     -252.8
58710     -248.9
58711     -249.2
58712     -250.8
58713     -251.9
58714     -253.3
58715     -257.3
58716     -253.5
58717     -252.7
58718     -254.2
58719     -264.5
58720     -268.6
58721     -272.4
58722     -276.7
58723     -278.0
58724     -281.4
58725     -283.2
58726     -282.4
58727     -279.7
58728     -280.5
58729     -292.2
58730     -290.1
58731     -287.7
58732     -286.3
58733     -287.1
58734     -290.3
58735     -295.6
58736     -290.6
58737     -291.0
58738     -286.4
58739     -287.7
58740     -287.6
58741     -285.0
58742     -278.0
58743     -279.2
58744     -278.1
58745     -281.3
58746     -286.7
58747     -284.3
58748     -291.0
58749     -293.2
58750     -297.5
58751     -294.1
58752     -298.6
58753     -299.6
58754     -289.7
58755     -292.4
58756     -293.8
58757     -298.5
58758     -299.2
58759     -300.1
58760     -303.8
58761     -304.3
58762     -309.0
58763     -310.2
58764     -307.9
58765     -316.6
58766     -319.1
58767     -325.0
58768     -326.3
58769     -327.3
58770     -323.9
58771     -325.9
58772     -335.5
58773     -330.0
58774     -332.6
58775     -336.6
58776     -337.1
58777     -340.3
58778     -336.7
58779     -341.6
58780     -345.7
58781     -352.5
58782     -348.8
58783     -349.3
58784     -354.8
58785     -356.9
58786     -355.1
58787     -356.3
58788     -353.4
58789     -362.3
58790     -367.4
58791     -363.7
58792     -359.6
58793     -354.0
58794     -351.7
58795     -354.1
58796     -351.2
58797     -351.9
58798     -354.1
58799     -357.7
58800     -364.3
58801     -367.3
58802     -368.0
58803     -361.1
58804     -363.3
58805     -362.6
58806     -359.9
58807     -366.3
58808     -363.1
58809     -363.4
58810     -369.4
58811     -368.6
58812     -369.7
58813     -369.8
58814     -372.3
58815     -370.2
58816     -372.3
58817     -372.0
58818     -367.4
58819     -373.1
58820     -370.0
58821     -368.9
58822     -365.6
58823     -362.1
58824     -369.6
58825     -371.8
58826     -367.9
58827     -375.0
58828     -379.3
58829     -382.0
58830     -382.5
58831     -382.7
58832     -376.8
58833     -377.3
58834     -378.5
58835     -385.5
58836     -387.5
58837     -387.8
58838     -391.3
58839     -392.4
58840     -391.5
58841     -389.9
58842     -384.0
58843     -384.9
58844     -383.8
58845     -380.5
58846     -382.5
58847     -376.3
58848     -373.4
58849     -376.7
58850     -370.1
58851     -371.6
58852     -370.5
58853     -368.5
58854     -369.2
58855     -370.9
58856     -377.4
58857     -375.7
58858     -369.6
58859     -367.2
58860     -371.7
58861     -376.1
58862     -373.7
58863     -370.0
58864     -365.9
58865     -366.6
58866     -366.1
58867     -361.5
58868     -364.5
58869     -365.4
58870     -364.6
58871     -366.1
58872     -368.8
58873     -372.7
58874     -371.2
58875     -369.6
58876     -372.3
58877     -367.9
58878     -367.6
58879     -370.3
58880     -369.6
58881     -373.9
58882     -375.2
58883     -371.7
58884     -378.8
58885     -373.9
58886     -367.7
58887     -367.2
58888     -367.0
58889     -366.7
58890     -363.4
58891     -361.4
58892     -368.9
58893     -370.7
58894     -369.4
58895     -378.9
58896     -370.6
58897     -369.7
58898     -360.6
58899     -354.4
58900     -350.2
58901     -346.5
58902     -343.1
58903     -338.5
58904     -340.4
58905     -342.6
58906     -342.3
58907     -340.3
58908     -346.8
58909     -345.6
58910     -350.4
58911     -359.5
58912     -361.1
58913     -360.5
58914     -366.2
58915     -369.1
58916     -372.6
58917     -377.4
58918     -379.9
58919     -376.6
58920     -380.2
58921     -385.8
58922     -386.7
58923     -386.3
58924     -389.2
58925     -389.4
58926     -385.3
58927     -388.6
58928     -388.7
58929     -389.2
58930     -395.9
58931     -394.5
58932     -393.8
58933     -395.4
58934     -393.7
58935     -396.1
58936     -399.4
58937     -394.5
58938     -391.4
58939     -396.8
58940     -399.7
58941     -396.7
58942     -396.4
58943     -401.0
58944     -398.9
58945     -405.1
58946     -398.7
58947     -403.6
58948     -405.3
58949     -409.5
58950     -405.2
58951     -401.8
58952     -410.7
58953     -412.4
58954     -412.4
58955     -411.5
58956     -406.2
58957     -405.3
58958     -405.4
58959     -405.3
58960     -413.6
58961     -408.6
58962     -410.6
58963     -409.4
58964     -408.7
58965     -413.2
58966     -419.5
58967     -412.3
58968     -411.7
58969     -407.9
58970     -411.6
58971     -410.7
58972     -409.4
58973     -409.8
58974     -405.6
58975     -406.3
58976     -403.0
58977     -406.1
58978     -409.7
58979     -405.8
58980     -404.3
58981     -410.1
58982     -409.3
58983     -409.2
58984     -411.1
58985     -415.6
58986     -413.1
58987     -415.1
58988     -411.3
58989     -413.8
58990     -409.6
58991     -414.4
58992     -415.8
58993     -418.6
58994     -419.2
58995     -421.7
58996     -420.9
58997     -419.8
58998     -427.0
58999     -432.0
59000     -435.1
59001     -439.3
59002     -439.4
59003     -437.7
59004     -438.3
59005     -437.2
59006     -434.7
59007     -438.9
59008     -443.2
59009     -445.2
59010     -442.1
59011     -436.5
59012     -437.0
59013     -436.0
59014     -433.2
59015     -437.5
59016     -434.8
59017     -433.4
59018     -436.7
59019     -442.3
59020     -437.9
59021     -441.6
59022     -446.0
59023     -446.6
59024     -446.1
59025     -443.9
59026     -438.7
59027     -442.9
59028     -447.5
59029     -447.1
59030     -449.8
59031     -451.4
59032     -455.7
59033     -462.5
59034     -460.2
59035     -460.7
59036     -462.5
59037     -461.3
59038     -463.4
59039     -462.4
59040     -464.9
59041     -471.0
59042     -471.6
59043     -473.4
59044     -476.3
59045     -473.5
59046     -466.3
59047     -461.7
59048     -464.7
59049     -462.6
59050     -458.7
59051     -463.9
59052     -464.6
59053     -463.8
59054     -467.0
59055     -462.8
59056     -455.9
59057     -452.1
59058     -449.7
59059     -446.9
59060     -446.0
59061     -446.2
59062     -444.0
59063     -440.9
59064     -443.6
59065     -443.2
59066     -440.0
59067     -444.9
59068     -450.5
59069     -449.7
59070     -454.3
59071     -456.2
59072     -453.5
59073     -453.8
59074     -452.9
59075     -452.3
59076     -451.7
59077     -446.8
59078     -441.1
59079     -442.5
59080     -429.8
59081     -420.0
59082     -414.8
59083     -406.1
59084     -413.5
59085     -412.2
59086     -414.7
59087     -421.1
59088     -423.2
59089     -419.7
59090     -408.9
59091     -403.6
59092     -403.5
59093     -402.4
59094     -404.1
59095     -409.7
59096     -406.9
59097     -399.2
59098     -398.2
59099     -401.2
59100     -401.0
59101     -390.5
59102     -380.2
59103     -379.8
59104     -377.5
59105     -378.9
59106     -379.0
59107     -386.3
59108     -386.5
59109     -386.6
59110     -387.0
59111     -383.7
59112     -386.1
59113     -384.3
59114     -383.2
59115     -381.3
59116     -375.8
59117     -372.8
59118     -378.1
59119     -377.3
59120     -377.1
59121     -376.2
59122     -384.5
59123     -386.3
59124     -379.8
59125     -380.9
59126     -383.6
59127     -385.7
59128     -389.5
59129     -394.1
59130     -393.9
59131     -394.2
59132     -394.1
59133     -391.8
59134     -398.5
59135     -399.9
59136     -402.8
59137     -410.0
59138     -407.5
59139     -403.8
59140     -406.0
59141     -408.1
59142     -413.1
59143     -416.2
59144     -419.4
59145     -421.5
59146     -410.9
59147     -417.9
59148     -417.0
59149     -412.6
59150     -411.1
59151     -406.2
59152     -405.2
59153     -404.3
59154     -398.7
59155     -392.2
59156     -394.6
59157     -395.6
59158     -395.4
59159     -400.2
59160     -404.7
59161     -405.0
59162     -403.5
59163     -399.9
59164     -400.5
59165     -398.3
59166     -405.1
59167     -410.2
59168     -418.5
59169     -424.1
59170     -423.8
59171     -428.7
59172     -424.9
59173     -430.4
59174     -429.4
59175     -424.4
59176     -425.3
59177     -417.2
59178     -418.1
59179     -421.9
59180     -420.9
59181     -421.9
59182     -427.8
59183     -432.2
59184     -438.1
59185     -442.3
59186     -437.0
59187     -435.8
59188     -433.6
59189     -439.8
59190     -436.7
59191     -439.6
59192     -435.9
59193     -433.3
59194     -426.8
59195     -431.2
59196     -432.3
59197     -436.6
59198     -437.0
59199     -440.9
59200     -435.7
59201     -437.3
59202     -436.6
59203     -436.9
59204     -439.6
59205     -440.4
59206     -442.5
59207     -440.6
59208     -436.2
59209     -432.7
59210     -439.3
59211     -439.4
59212     -441.0
59213     -440.8
59214     -445.7
59215     -442.7
59216     -445.2
59217     -440.5
59218     -441.6
59219     -441.6
59220     -444.8
59221     -446.8
59222     -447.6
59223     -445.5
59224     -444.6
59225     -438.5
59226     -437.6
59227     -438.2
59228     -437.3
59229     -437.8
59230     -442.8
59231     -444.8
59232     -444.8
59233     -438.2
59234     -433.6
59235     -437.4
59236     -439.6
59237     -444.7
59238     -440.5
59239     -438.9
59240     -437.9
59241     -439.9
59242     -445.3
59243     -449.3
59244     -450.7
59245     -454.6
59246     -459.3
59247     -461.8
59248     -454.8
59249     -449.9
59250     -451.5
59251     -448.2
59252     -442.2
59253     -447.5
59254     -443.1
59255     -442.2
59256     -442.9
59257     -450.5
59258     -461.2
59259     -459.1
59260     -458.0
59261     -456.0
59262     -462.0
59263     -460.4
59264     -472.2
59265     -476.5
59266     -476.2
59267     -479.4
59268     -475.1
59269     -475.0
59270     -477.1
59271     -471.2
59272     -463.8
59273     -458.0
59274     -455.4
59275     -456.6
59276     -451.2
59277     -455.7
59278     -463.4
59279     -463.3
59280     -466.2
59281     -465.6
59282     -466.6
59283     -473.9
59284     -475.7
59285     -473.2
59286     -468.4
59287     -462.9
59288     -457.1
59289     -466.8
59290     -467.2
59291     -474.3
59292     -469.8
59293     -468.4
59294     -464.3
59295     -456.8
59296     -454.2
59297     -459.9
59298     -465.6
59299     -466.9
59300     -465.3
59301     -468.3
59302     -471.6
59303     -467.1
59304     -471.2
59305     -476.3
59306     -480.1
59307     -483.9
59308     -486.2
59309     -478.9
59310     -474.1
59311     -472.7
59312     -467.7
59313     -463.9
59314     -468.3
59315     -473.6
59316     -482.9
59317     -478.2
59318     -480.0
59319     -476.4
59320     -484.2
59321     -480.2
59322     -484.7
59323     -482.3
59324     -475.1
59325     -477.2
59326     -479.8
59327     -479.2
59328     -482.8
59329     -491.7
59330     -490.6
59331     -490.8
59332     -498.0
59333     -495.1
59334     -499.5
59335     -492.2
59336     -485.3
59337     -482.2
59338     -478.9
59339     -475.7
59340     -479.7
59341     -473.8
59342     -478.3
59343     -476.9
59344     -477.3
59345     -477.2
59346     -476.7
59347     -477.3
59348     -483.3
59349     -488.6
59350     -489.5
59351     -493.6
59352     -491.0
59353     -489.5
59354     -480.4
59355     -477.9
59356     -470.6
59357     -468.3
59358     -467.3
59359     -474.5
59360     -474.6
59361     -467.8
59362     -462.1
59363     -461.5
59364     -462.1
59365     -456.1
59366     -455.8
59367     -458.0
59368     -459.3
59369     -458.7
59370     -454.3
59371     -455.8
59372     -445.0
59373     -445.6
59374     -450.4
59375     -451.1
59376     -458.3
59377     -457.2
59378     -459.2
59379     -459.9
59380     -466.8
59381     -468.9
59382     -473.7
59383     -471.8
59384     -475.7
59385     -477.2
59386     -477.9
59387     -480.1
59388     -479.7
59389     -480.0
59390     -478.8
59391     -482.2
59392     -486.4
59393     -492.0
59394     -495.2
59395     -496.9
59396     -506.4
59397     -506.2
59398     -501.8
59399     -504.4
59400     -509.6
59401     -511.7
59402     -512.6
59403     -511.1
59404     -507.7
59405     -510.8
59406     -509.9
59407     -509.3
59408     -505.3
59409     -510.3
59410     -517.1
59411     -519.3
59412     -519.4
59413     -516.4
59414     -513.3
59415     -508.7
59416     -516.1
59417     -511.0
59418     -513.7
59419     -508.5
59420     -509.6
59421     -511.7
59422     -514.1
59423     -515.3
59424     -516.6
59425     -521.1
59426     -525.7
59427     -527.4
59428     -530.5
59429     -530.2
59430     -527.9
59431     -529.5
59432     -527.7
59433     -526.0
59434     -520.0
59435     -522.3
59436     -520.7
59437     -521.7
59438     -516.0
59439     -515.6
59440     -516.3
59441     -514.6
59442     -514.5
59443     -512.0
59444     -511.8
59445     -511.7
59446     -511.8
59447     -507.5
59448     -503.0
59449     -502.8
59450     -504.4
59451     -511.4
59452     -511.7
59453     -509.0
59454     -507.8
59455     -506.6
59456     -506.6
59457     -508.6
59458     -509.6
59459     -515.8
59460     -518.2
59461     -516.5
59462     -518.3
59463     -521.7
59464     -514.1
59465     -515.6
59466     -517.0
59467     -508.3
59468     -503.2
59469     -502.3
59470     -506.3
59471     -515.0
59472     -514.9
59473     -516.1
59474     -521.5
59475     -528.4
59476     -524.3
59477     -530.6
59478     -532.9
59479     -535.9
59480     -545.4
59481     -547.9
59482     -549.2
59483     -549.9
59484     -553.7
59485     -557.8
59486     -561.1
59487     -557.2
59488     -560.7
59489     -563.0
59490     -567.3
59491     -569.4
59492     -571.2
59493     -569.5
59494     -564.7
59495     -568.5
59496     -567.7
59497     -572.5
59498     -570.3
59499     -569.5
59500     -568.7
59501     -566.4
59502     -569.7
59503     -568.2
59504     -563.8
59505     -562.7
59506     -560.0
59507     -558.8
59508     -564.3
59509     -563.2
59510     -564.2
59511     -560.7
59512     -558.7
59513     -557.9
59514     -555.6
59515     -556.9
59516     -556.9
59517     -557.8
59518     -558.5
59519     -559.8
59520     -563.2
59521     -556.1
59522     -558.7
59523     -557.5
59524     -559.5
59525     -551.8
59526     -554.3
59527     -555.1
59528     -562.9
59529     -562.3
59530     -564.6
59531     -569.3
59532     -572.4
59533     -574.7
59534     -582.2
59535     -586.8
59536     -587.2
59537     -585.1
59538     -581.2
59539     -580.8
59540     -576.4
59541     -578.5
59542     -579.1
59543     -575.4
59544     -568.7
59545     -574.3
59546     -567.8
59547     -572.7
59548     -569.7
59549     -573.5
59550     -572.1
59551     -570.5
59552     -574.8
59553     -576.9
59554     -578.3
59555     -580.5
59556     -573.5
59557     -574.1
59558     -570.9
59559     -565.5
59560     -564.1
59561     -564.1
59562     -563.4
59563     -564.2
59564     -562.8
59565     -559.4
59566     -558.3
59567     -555.7
59568     -552.7
59569     -561.8
59570     -562.3
59571     -561.1
59572     -557.8
59573     -559.5
59574     -563.5
59575     -569.8
59576     -567.6
59577     -557.5
59578     -560.0
59579     -559.5
59580     -561.9
59581     -555.1
59582     -556.7
59583     -557.1
59584     -561.3
59585     -557.6
59586     -559.1
59587     -561.1
59588     -558.9
59589     -562.4
59590     -563.0
59591     -564.6
59592     -559.1
59593     -550.6
59594     -551.8
59595     -554.6
59596     -560.0
59597     -570.2
59598     -566.9
59599     -556.6
59600     -553.0
59601     -546.9
59602     -550.8
59603     -556.4
59604     -557.5
59605     -553.5
59606     -553.8
59607     -547.2
59608     -543.4
59609     -543.3
59610     -539.0
59611     -540.8
59612     -538.5
59613     -532.4
59614     -526.9
59615     -518.7
59616     -520.2
59617     -517.7
59618     -522.1
59619     -524.0
59620     -525.5
59621     -525.3
59622     -524.6
59623     -524.2
59624     -528.1
59625     -528.9
59626     -528.1
59627     -528.0
59628     -526.9
59629     -518.2
59630     -521.8
59631     -529.6
59632     -530.0
59633     -529.3
59634     -525.4
59635     -524.4
59636     -520.3
59637     -515.5
59638     -517.3
59639     -517.5
59640     -513.0
59641     -519.8
59642     -521.5
59643     -519.8
59644     -521.0
59645     -520.3
59646     -518.2
59647     -524.3
59648     -520.7
59649     -519.9
59650     -527.1
59651     -530.0
59652     -536.3
59653     -538.4
59654     -537.8
59655     -536.5
59656     -537.8
59657     -534.1
59658     -538.4
59659     -535.8
59660     -544.3
59661     -538.3
59662     -539.3
59663     -535.8
59664     -540.0
59665     -547.2
59666     -539.0
59667     -538.3
59668     -537.0
59669     -537.7
59670     -540.1
59671     -542.1
59672     -544.8
59673     -547.0
59674     -547.3
59675     -544.3
59676     -547.4
59677     -545.1
59678     -546.8
59679     -540.7
59680     -542.6
59681     -535.2
59682     -532.6
59683     -535.9
59684     -533.8
59685     -537.3
59686     -532.2
59687     -529.1
59688     -525.8
59689     -525.4
59690     -526.4
59691     -526.2
59692     -527.5
59693     -528.2
59694     -523.8
59695     -524.5
59696     -522.6
59697     -523.6
59698     -520.2
59699     -514.1
59700     -514.2
59701     -511.6
59702     -511.6
59703     -519.3
59704     -519.2
59705     -520.3
59706     -515.3
59707     -508.7
59708     -510.5
59709     -514.7
59710     -514.9
59711     -513.0
59712     -506.8
59713     -508.1
59714     -505.2
59715     -512.2
59716     -503.7
59717     -501.6
59718     -498.6
59719     -501.0
59720     -500.9
59721     -501.3
59722     -496.3
59723     -506.1
59724     -500.9
59725     -507.1
59726     -503.6
59727     -505.1
59728     -507.7
59729     -509.9
59730     -513.4
59731     -517.2
59732     -516.0
59733     -513.8
59734     -517.8
59735     -514.5
59736     -518.9
59737     -521.6
59738     -517.2
59739     -521.4
59740     -521.0
59741     -526.6
59742     -529.7
59743     -530.7
59744     -521.4
59745     -518.7
59746     -512.7
59747     -515.7
59748     -512.6
59749     -512.0
59750     -509.8
59751     -513.4
59752     -517.4
59753     -514.9
59754     -519.1
59755     -522.4
59756     -522.4
59757     -518.9
59758     -516.2
59759     -508.8
59760     -505.1
59761     -504.4
59762     -504.4
59763     -503.1
59764     -509.4
59765     -507.3
59766     -505.9
59767     -504.9
59768     -502.7
59769     -494.5
59770     -496.6
59771     -493.9
59772     -493.0
59773     -489.3
59774     -486.8
59775     -486.0
59776     -486.4
59777     -482.4
59778     -481.2
59779     -471.7
59780     -474.3
59781     -480.6
59782     -482.5
59783     -483.4
59784     -492.8
59785     -490.3
59786     -489.6
59787     -494.3
59788     -501.1
59789     -505.8
59790     -513.1
59791     -520.3
59792     -522.5
59793     -518.0
59794     -515.5
59795     -523.7
59796     -528.5
59797     -533.3
59798     -532.2
59799     -537.2
59800     -536.9
59801     -540.0
59802     -538.3
59803     -535.1
59804     -534.6
59805     -537.7
59806     -541.5
59807     -541.8
59808     -537.9
59809     -541.9
59810     -542.5
59811     -549.7
59812     -547.1
59813     -540.3
59814     -539.0
59815     -537.7
59816     -536.1
59817     -532.4
59818     -533.5
59819     -536.0
59820     -530.4
59821     -528.2
59822     -524.8
59823     -519.5
59824     -507.6
59825     -509.8
59826     -513.8
59827     -518.1
59828     -519.1
59829     -514.9
59830     -523.6
59831     -525.1
59832     -524.6
59833     -516.7
59834     -516.3
59835     -513.1
59836     -523.7
59837     -520.2
59838     -526.8
59839     -521.5
59840     -520.4
59841     -529.1
59842     -521.0
59843     -523.8
59844     -519.1
59845     -527.7
59846     -527.5
59847     -530.2
59848     -534.0
59849     -529.4
59850     -527.0
59851     -528.3
59852     -525.1
59853     -529.8
59854     -528.2
59855     -523.0
59856     -523.6
59857     -527.2
59858     -535.6
59859     -539.6
59860     -538.8
59861     -542.7
59862     -547.7
59863     -555.6
59864     -563.2
59865     -565.6
59866     -569.0
59867     -562.7
59868     -560.7
59869     -557.7
59870     -549.1
59871     -552.1
59872     -558.3
59873     -559.6
59874     -563.0
59875     -564.9
59876     -572.4
59877     -575.3
59878     -570.9
59879     -569.0
59880     -564.6
59881     -566.6
59882     -565.9
59883     -558.4
59884     -558.0
59885     -552.2
59886     -556.6
59887     -554.6
59888     -563.5
59889     -566.9
59890     -567.7
59891     -560.0
59892     -561.6
59893     -560.9
59894     -554.6
59895     -558.2
59896     -564.0
59897     -559.0
59898     -551.3
59899     -548.7
59900     -552.0
59901     -557.1
59902     -561.3
59903     -562.7
59904     -555.9
59905     -559.6
59906     -560.9
59907     -559.7
59908     -561.4
59909     -556.2
59910     -551.9
59911     -559.6
59912     -556.6
59913     -558.5
59914     -552.2
59915     -551.4
59916     -549.2
59917     -550.9
59918     -544.8
59919     -544.5
59920     -545.5
59921     -545.3
59922     -548.1
59923     -549.5
59924     -551.2
59925     -554.0
59926     -554.7
59927     -554.8
59928     -562.4
59929     -565.6
59930     -557.3
59931     -556.6
59932     -561.0
59933     -556.3
59934     -560.8
59935     -560.0
59936     -548.1
59937     -551.1
59938     -543.5
59939     -546.7
59940     -554.2
59941     -550.5
59942     -549.8
59943     -552.0
59944     -554.8
59945     -554.3
59946     -558.2
59947     -562.5
59948     -566.0
59949     -571.2
59950     -567.3
59951     -561.7
59952     -560.2
59953     -556.3
59954     -552.7
59955     -552.6
59956     -548.9
59957     -544.2
59958     -538.2
59959     -539.7
59960     -534.5
59961     -537.5
59962     -532.5
59963     -528.1
59964     -528.2
59965     -528.6
59966     -532.2
59967     -534.9
59968     -531.6
59969     -531.1
59970     -526.7
59971     -527.2
59972     -524.8
59973     -526.6
59974     -533.6
59975     -531.1
59976     -524.5
59977     -519.8
59978     -520.1
59979     -525.6
59980     -522.3
59981     -531.4
59982     -531.9
59983     -534.1
59984     -534.5
59985     -540.7
59986     -536.4
59987     -536.4
59988     -531.5
59989     -523.2
59990     -516.4
59991     -510.7
59992     -504.4
59993     -503.4
59994     -504.1
59995     -497.2
59996     -499.2
59997     -505.7
59998     -503.7
59999     -496.6
60000     -497.0
60001     -492.8
60002     -499.7
60003     -498.8
60004     -500.9
60005     -499.6
60006     -493.7
60007     -493.8
60008     -493.9
60009     -495.7
60010     -498.3
60011     -497.6
60012     -490.6
60013     -489.9
60014     -488.6
60015     -490.4
60016     -492.2
60017     -485.6
60018     -483.1
60019     -484.8
60020     -490.5
60021     -494.4
60022     -497.4
60023     -496.1
60024     -494.1
60025     -495.6
60026     -497.8
60027     -496.4
60028     -498.1
60029     -494.6
60030     -491.9
60031     -488.0
60032     -490.1
60033     -492.7
60034     -496.3
60035     -502.2
60036     -496.0
60037     -493.1
60038     -496.1
60039     -497.4
60040     -499.2
60041     -500.4
60042     -500.1
60043     -501.2
60044     -505.8
60045     -508.8
60046     -504.6
60047     -496.1
60048     -501.6
60049     -504.0
60050     -502.0
60051     -503.9
60052     -503.1
60053     -505.9
60054     -505.8
60055     -508.5
60056     -510.3
60057     -507.9
60058     -512.9
60059     -509.3
60060     -510.0
60061     -506.0
60062     -498.9
60063     -500.1
60064     -502.0
60065     -498.6
60066     -489.3
60067     -482.5
60068     -484.2
60069     -487.5
60070     -490.8
60071     -481.9
60072     -479.1
60073     -476.8
60074     -476.4
60075     -481.4
60076     -475.2
60077     -475.1
60078     -476.8
60079     -478.7
60080     -476.0
60081     -473.4
60082     -470.1
60083     -469.9
60084     -470.6
60085     -469.9
60086     -468.1
60087     -460.2
60088     -456.2
60089     -448.6
60090     -441.0
60091     -433.3
60092     -431.8
60093     -440.7
60094     -442.9
60095     -442.1
60096     -443.6
60097     -446.1
60098     -446.7
60099     -440.2
60100     -436.7
60101     -441.0
60102     -445.8
60103     -448.1
60104     -443.0
60105     -442.0
60106     -438.2
60107     -442.9
60108     -443.7
60109     -445.2
60110     -441.6
60111     -440.5
60112     -439.5
60113     -434.2
60114     -428.1
60115     -423.2
60116     -416.5
60117     -415.3
60118     -414.5
60119     -419.9
60120     -418.9
60121     -415.0
60122     -419.2
60123     -424.6
60124     -430.4
60125     -438.3
60126     -431.4
60127     -431.1
60128     -436.0
60129     -437.5
60130     -441.9
60131     -444.1
60132     -437.8
60133     -440.6
60134     -442.8
60135     -440.6
60136     -445.3
60137     -446.8
60138     -444.9
60139     -448.4
60140     -448.3
60141     -448.0
60142     -442.7
60143     -440.2
60144     -441.2
60145     -437.7
60146     -435.2
60147     -443.7
60148     -440.5
60149     -446.0
60150     -445.0
60151     -434.4
60152     -435.3
60153     -431.9
60154     -440.3
60155     -438.2
60156     -446.0
60157     -437.6
60158     -444.0
60159     -437.2
60160     -437.1
60161     -443.6
60162     -443.2
60163     -437.8
60164     -440.2
60165     -435.6
60166     -433.8
60167     -426.6
60168     -420.1
60169     -425.0
60170     -421.7
60171     -417.7
60172     -412.3
60173     -415.6
60174     -425.2
60175     -433.7
60176     -432.1
60177     -429.9
60178     -429.9
60179     -424.0
60180     -426.4
60181     -430.5
60182     -432.8
60183     -435.3
60184     -439.6
60185     -446.2
60186     -450.7
60187     -450.1
60188     -451.2
60189     -449.2
60190     -451.1
60191     -446.2
60192     -447.5
60193     -444.1
60194     -441.4
60195     -436.8
60196     -438.5
60197     -438.7
60198     -437.5
60199     -442.0
60200     -438.0
60201     -430.6
60202     -428.6
60203     -428.2
60204     -424.5
60205     -424.9
60206     -422.8
60207     -426.7
60208     -428.4
60209     -430.8
60210     -429.7
60211     -427.9
60212     -428.2
60213     -427.5
60214     -419.9
60215     -424.7
60216     -425.8
60217     -431.9
60218     -433.0
60219     -433.6
60220     -430.7
60221     -421.5
60222     -421.6
60223     -431.9
60224     -436.4
60225     -437.8
60226     -431.0
60227     -431.0
60228     -433.0
60229     -431.2
60230     -431.8
60231     -438.2
60232     -439.0
60233     -434.4
60234     -433.9
60235     -427.0
60236     -427.3
60237     -426.2
60238     -421.6
60239     -424.4
60240     -419.4
60241     -420.5
60242     -422.0
60243     -423.6
60244     -432.4
60245     -430.1
60246     -423.3
60247     -422.4
60248     -420.5
60249     -417.3
60250     -414.4
60251     -416.6
60252     -417.5
60253     -414.2
60254     -414.7
60255     -412.1
60256     -416.9
60257     -423.8
60258     -418.4
60259     -422.6
60260     -421.7
60261     -426.4
60262     -422.6
60263     -425.9
60264     -425.7
60265     -423.2
60266     -411.7
60267     -417.9
60268     -423.4
60269     -423.6
60270     -427.8
60271     -425.6
60272     -424.8
60273     -427.2
60274     -426.0
60275     -430.0
60276     -431.8
60277     -431.9
60278     -435.7
60279     -441.9
60280     -449.9
60281     -449.2
60282     -448.4
60283     -454.9
60284     -455.2
60285     -449.8
60286     -451.6
60287     -447.2
60288     -446.8
60289     -433.1
60290     -429.0
60291     -424.7
60292     -429.0
60293     -427.5
60294     -433.1
60295     -432.5
60296     -442.9
60297     -442.8
60298     -438.1
60299     -436.0
60300     -445.1
60301     -442.1
60302     -438.4
60303     -434.4
60304     -429.8
60305     -427.4
60306     -430.4
60307     -426.3
60308     -415.7
60309     -420.5
60310     -420.0
60311     -417.6
60312     -411.1
60313     -419.5
60314     -422.8
60315     -428.5
60316     -424.0
60317     -425.9
60318     -431.2
60319     -428.4
60320     -419.5
60321     -419.1
60322     -423.4
60323     -429.1
60324     -431.3
60325     -436.1
60326     -441.9
60327     -434.7
60328     -421.7
60329     -414.4
60330     -417.1
60331     -414.1
60332     -418.0
60333     -421.2
60334     -420.5
60335     -426.5
60336     -424.1
60337     -419.1
60338     -414.0
60339     -411.0
60340     -404.0
60341     -403.4
60342     -401.4
60343     -401.7
60344     -403.3
60345     -406.7
60346     -412.1
60347     -413.2
60348     -412.0
60349     -409.7
60350     -414.0
60351     -411.1
60352     -410.7
60353     -407.8
60354     -412.7
60355     -405.0
60356     -400.0
60357     -404.3
60358     -406.2
60359     -405.5
60360     -400.8
60361     -397.0
60362     -401.7
60363     -396.3
60364     -393.1
60365     -394.4
60366     -391.7
60367     -388.0
60368     -389.9
60369     -390.1
60370     -389.6
60371     -386.1
60372     -382.7
60373     -386.3
60374     -385.3
60375     -383.2
60376     -385.9
60377     -386.7
60378     -381.8
60379     -378.8
60380     -375.9
60381     -380.1
60382     -378.4
60383     -372.6
60384     -369.9
60385     -370.0
60386     -365.7
60387     -363.2
60388     -362.9
60389     -366.8
60390     -361.7
60391     -362.1
60392     -359.0
60393     -357.4
60394     -353.1
60395     -350.6
60396     -344.3
60397     -336.3
60398     -334.9
60399     -331.3
60400     -324.9
60401     -320.9
60402     -318.0
60403     -314.3
60404     -315.8
60405     -317.3
60406     -312.6
60407     -306.6
60408     -307.5
60409     -306.2
60410     -296.5
60411     -295.8
60412     -288.6
60413     -286.3
60414     -278.3
60415     -274.4
60416     -269.7
60417     -266.5
60418     -263.3
60419     -258.8
60420     -259.5
60421     -260.5
60422     -262.4
60423     -264.7
60424     -263.6
60425     -263.8
60426     -257.0
60427     -252.8
60428     -252.2
60429     -244.1
60430     -245.3
60431     -239.6
60432     -240.9
60433     -238.5
60434     -240.5
60435     -239.4
60436     -239.7
60437     -242.6
60438     -242.3
60439     -234.0
60440     -224.1
60441     -215.1
60442     -211.6
60443     -201.6
60444     -202.9
60445     -207.1
60446     -205.8
60447     -201.4
60448     -202.7
60449     -201.2
60450     -199.8
60451     -198.0
60452     -196.8
60453     -190.1
60454     -187.9
60455     -183.5
60456     -184.9
60457     -180.0
60458     -177.3
60459     -171.7
60460     -167.8
60461     -164.5
60462     -159.5
60463     -158.1
60464     -159.6
60465     -155.1
60466     -154.4
60467     -150.7
60468     -154.1
60469     -149.8
60470     -149.3
60471     -145.3
60472     -142.1
60473     -147.5
60474     -151.5
60475     -151.0
60476     -148.5
60477     -148.9
60478     -142.2
60479     -147.4
60480     -134.7
60481     -133.6
60482     -139.9
60483     -138.2
60484     -132.5
60485     -131.5
60486     -126.4
60487     -129.1
60488     -130.2
60489     -135.1
60490     -130.6
60491     -130.4
60492     -128.9
60493     -128.7
60494     -123.8
60495     -124.2
60496     -127.9
60497     -128.6
60498     -123.8
60499     -116.7
60500     -110.3
60501     -106.6
60502     -109.8
60503     -107.2
60504     -104.4
60505     -102.8
60506     -106.8
60507     -104.0
60508     -100.9
60509      -97.9
60510     -103.0
60511     -106.1
60512     -110.2
60513     -108.3
60514     -112.0
60515     -103.7
60516     -104.8
60517     -106.9
60518     -101.3
60519      -97.2
60520      -95.5
60521      -84.4
60522      -76.4
60523      -73.8
60524      -65.3
60525      -67.7
60526      -64.1
60527      -59.9
60528      -56.3
60529      -60.2
60530      -56.3
60531      -56.0
60532      -61.4
60533      -58.4
60534      -55.8
60535      -47.0
60536      -43.0
60537      -40.8
60538      -37.1
60539      -31.3
60540      -17.8
60541      -17.2
60542      -14.1
60543      -10.6
60544       -4.0
60545       -0.1
60546       -2.3
60547       -6.6
60548       -4.6
60549       -8.4
60550      -12.4
60551      -10.0
60552      -18.2
60553      -19.8
60554      -22.8
60555      -21.5
60556      -16.5
60557      -20.6
60558      -19.4
60559      -21.9
60560      -30.1
60561      -30.2
60562      -28.6
60563      -31.6
60564      -36.2
60565      -42.3
60566      -48.0
60567      -45.5
60568      -47.3
60569      -43.5
60570      -37.2
60571      -31.5
60572      -35.2
60573      -40.4
60574      -42.4
60575      -39.9
60576      -36.5
60577      -30.0
60578      -28.7
60579      -24.3
60580      -28.2
60581      -30.0
60582      -27.8
60583      -27.9
60584      -26.2
60585      -23.1
60586      -24.5
60587      -21.5
60588      -22.9
60589      -18.8
60590      -22.8
60591      -18.1
60592      -18.5
60593      -11.9
60594       -6.0
60595      -11.7
60596      -12.8
60597      -17.5
60598      -10.6
60599      -11.9
60600      -13.6
60601       -9.0
60602        3.4
60603        5.3
60604        8.6
60605       10.0
60606        5.3
60607       11.2
60608       13.3
60609       17.9
60610       17.6
60611       14.8
60612       10.2
60613        5.9
60614       17.1
60615       18.0
60616       22.5
60617       17.5
60618       23.0
60619       22.3
60620       21.4
60621       21.0
60622       28.7
60623       27.9
60624       24.7
60625       24.0
60626       27.1
60627       28.1
60628       26.7
60629       22.5
60630       19.8
60631       17.4
60632       17.3
60633       17.3
60634       20.1
60635       20.4
60636       22.8
60637       21.3
60638       20.6
60639       13.9
60640       12.7
60641       10.7
60642       12.2
60643       16.2
60644       22.7
60645       26.6
60646       26.8
60647       25.7
60648       31.1
60649       34.2
60650       30.9
60651       26.7
60652       26.8
60653       25.6
60654       37.6
60655       31.6
60656       27.2
60657       26.4
60658       26.0
60659       27.4
60660       26.5
60661       29.4
60662       28.8
60663       29.1
60664       37.3
60665       38.3
60666       39.8
60667       47.1
60668       51.6
60669       48.2
60670       53.5
60671       54.9
60672       52.2
60673       53.9
60674       57.6
60675       66.9
60676       68.7
60677       69.2
60678       74.9
60679       73.1
60680       68.9
60681       64.1
60682       59.9
60683       61.3
60684       59.0
60685       53.4
60686       57.9
60687       59.7
60688       59.2
60689       60.2
60690       67.8
60691       69.9
60692       70.0
60693       67.7
60694       65.7
60695       63.5
60696       61.8
60697       63.5
60698       69.9
60699       68.1
60700       65.6
60701       61.0
60702       67.9
60703       76.7
60704       73.9
60705       78.6
60706       88.6
60707       89.1
60708       94.6
60709       96.4
60710      101.2
60711      102.2
60712      105.7
60713      109.3
60714      106.6
60715      109.5
60716      112.6
60717      118.8
60718      120.7
60719      118.2
60720      112.6
60721      106.8
60722      103.4
60723       98.7
60724       98.3
60725       89.9
60726       83.1
60727       76.3
60728       65.4
60729       67.4
60730       62.9
60731       54.2
60732       43.9
60733       29.7
60734       15.9
60735        8.9
60736       11.1
60737       11.1
60738        7.7
60739       -2.5
60740       -7.6
60741       -5.7
60742       -0.8
60743        0.5
60744        3.1
60745        7.7
60746        5.6
60747        1.4
60748        0.3
60749        1.0
60750        4.0
60751        6.9
60752       11.1
60753        2.5
60754       -2.8
60755        0.0
60756       -0.9
60757       -4.0
60758       -5.6
60759       -9.5
60760      -12.7
60761       -8.6
60762       -0.7
60763        9.3
60764        7.7
60765       12.6
60766       19.3
60767       18.0
60768       23.5
60769       20.3
60770       20.8
60771       20.2
60772       14.9
60773        3.0
60774       -1.7
60775       -8.0
60776      -13.1
60777      -18.4
60778      -15.9
60779      -19.4
60780      -18.8
60781      -20.2
60782      -21.0
60783      -20.7
60784      -17.8
60785      -16.0
60786      -17.9
60787      -12.0
60788       -7.7
60789       -1.6
60790        1.4
60791       -3.6
60792        0.7
60793        4.8
60794        7.6
60795       15.1
60796       23.1
60797       23.5
60798       28.6
60799       27.4
60800       25.7
60801       28.2
60802       25.2
60803       24.5
60804       26.1
60805       23.2
60806       23.0
60807       12.9
60808        9.2
60809        2.8
60810        1.8
60811       -6.8
60812       -6.9
60813      -15.3
60814      -13.2
60815      -16.3
60816      -22.6
60817      -29.0
60818      -29.4
60819      -24.5
60820      -16.1
60821      -15.6
60822      -15.4
60823       -9.7
60824      -10.9
60825      -13.0
60826      -13.4
60827      -21.1
60828      -20.5
60829      -15.4
60830       -7.2
60831       -4.6
60832        0.4
60833        5.8
60834       16.6
60835       13.5
60836       17.8
60837       20.4
60838       28.5
60839       27.7
60840       21.6
60841       15.2
60842       16.3
60843       20.3
60844       14.7
60845       14.1
60846        6.8
60847        8.3
60848       13.9
60849       13.6
60850        9.1
60851        4.8
60852        6.6
60853        3.6
60854        0.7
60855       -3.1
60856       -9.4
60857      -19.5
60858      -12.5
60859       -1.4
60860       -4.2
60861       -8.3
60862       -7.8
60863       -3.2
60864        3.3
60865        6.6
60866        3.8
60867        0.2
60868        3.9
60869        4.4
60870        9.5
60871       12.7
60872       17.8
60873       15.5
60874       16.9
60875       16.5
60876       12.3
60877       13.4
60878        4.0
60879        3.9
60880        3.8
60881        3.4
60882       -0.8
60883       -8.7
60884      -12.7
60885      -17.7
60886      -26.4
60887      -34.6
60888      -35.1
60889      -37.5
60890      -40.9
60891      -38.2
60892      -36.4
60893      -33.2
60894      -37.8
60895      -36.8
60896      -35.7
60897      -25.6
60898      -11.7
60899       -0.7
60900        6.2
60901       12.0
60902       15.0
60903       13.7
60904       14.5
60905       21.2
60906       20.3
60907       24.8
60908       22.7
60909       21.1
60910       20.1
60911       27.2
60912       24.2
60913       29.4
60914       19.4
60915       18.0
60916       16.8
60917       13.4
60918       17.9
60919       15.8
60920       15.2
60921       14.8
60922       12.7
60923        8.6
60924        9.6
60925        9.7
60926       -0.1
60927        7.7
60928        5.8
60929       -4.8
60930        2.0
60931       -0.4
60932        3.7
60933        8.4
60934       10.4
60935       10.1
60936        5.1
60937        5.6
60938        3.6
60939        5.3
60940        0.7
60941        1.1
60942        2.2
60943        9.7
60944       13.2
60945       17.9
60946       12.3
60947       11.7
60948        8.5
60949        3.0
60950        0.8
60951        2.0
60952       -5.8
60953       -9.2
60954       -9.0
60955       -6.0
60956       -6.0
60957      -11.3
60958      -12.6
60959       -9.6
60960       -0.5
60961        5.9
60962        8.8
60963        8.1
60964       12.9
60965       11.5
60966        7.4
60967       10.6
60968        9.5
60969       10.9
60970       12.5
60971        9.4
60972        2.0
60973       -4.4
60974       -6.0
60975       -3.7
60976       -7.3
60977      -10.0
60978      -14.9
60979      -21.0
60980      -13.8
60981       -6.0
60982       -2.0
60983       -4.5
60984       -3.1
60985        5.6
60986        6.0
60987        7.8
60988        9.4
60989       10.7
60990       13.2
60991       14.3
60992       13.6
60993        9.2
60994       -1.6
60995       -9.2
60996      -11.4
60997       -1.4
60998       -1.9
60999       -0.5
61000       -2.2
61001        0.5
61002        2.0
61003        2.4
61004        7.9
61005        6.7
61006        7.6
61007        8.1
61008        9.6
61009       10.0
61010       12.7
61011       15.4
61012       16.5
61013       18.8
61014       24.2
61015       14.3
61016       17.5
61017       16.4
61018       13.5
61019        8.5
61020        6.3
61021        5.6
61022        8.4
61023       15.6
61024       16.5
61025        9.9
61026        9.0
61027        9.4
61028        8.3
61029        9.4
61030       19.5
61031       24.6
61032       31.6
61033       36.8
61034       37.8
61035       41.9
61036       39.4
61037       34.8
61038       33.2
61039       31.7
61040       26.6
61041       25.8
61042       22.2
61043       10.3
61044        8.7
61045       11.2
61046        6.9
61047        1.9
61048       -5.1
61049       -3.0
61050       -9.2
61051      -16.3
61052      -15.5
61053       -7.6
61054       -9.8
61055      -10.7
61056      -11.0
61057      -10.9
61058      -15.8
61059      -15.4
61060      -14.8
61061      -12.5
61062      -13.6
61063      -12.6
61064       -8.1
61065       -5.3
61066       -6.5
61067      -10.9
61068      -18.9
61069      -23.1
61070      -21.8
61071      -29.4
61072      -28.1
61073      -25.8
61074      -28.6
61075      -30.3
61076      -34.3
61077      -38.4
61078      -33.1
61079      -23.6
61080      -15.6
61081      -12.1
61082      -16.0
61083      -13.2
61084      -10.6
61085       -3.0
61086        1.6
61087       -0.8
61088        0.3
61089       -1.4
61090       -0.7
61091       -1.1
61092        0.2
61093        7.6
61094        2.8
61095        3.1
61096        6.0
61097       -0.8
61098       -3.4
61099       -0.9
61100       -0.7
61101        0.3
61102       -0.1
61103       11.4
61104       14.5
61105       17.0
61106       15.9
61107       17.8
61108       25.7
61109       28.5
61110       26.5
61111       30.1
61112       32.1
61113       21.0
61114       12.5
61115       17.2
61116        8.8
61117        7.7
61118       13.4
61119       19.9
61120       17.5
61121        9.3
61122        8.4
61123        5.6
61124       -1.8
61125        0.4
61126       -2.8
61127       -2.4
61128      -10.6
61129      -11.9
61130      -19.8
61131      -17.4
61132      -18.8
61133      -16.0
61134      -14.2
61135      -16.5
61136      -13.0
61137       -4.7
61138        4.0
61139        5.1
61140       11.0
61141        7.6
61142        9.3
61143        3.5
61144       -0.7
61145        2.2
61146       -1.4
61147       -0.1
61148       -1.5
61149       -0.4
61150       -2.0
61151      -10.5
61152      -17.1
61153      -12.3
61154      -13.2
61155      -14.4
61156       -6.7
61157       -9.0
61158       -9.7
61159       -9.9
61160      -14.2
61161      -17.4
61162      -13.3
61163       -4.3
61164       -0.8
61165        8.4
61166       18.3
61167       18.1
61168       10.9
61169       13.8
61170       22.7
61171       24.7
61172       27.2
61173       27.0
61174       36.2
61175       28.6
61176       24.1
61177       22.0
61178       24.7
61179       21.1
61180       20.2
61181       16.9
61182       13.5
61183       13.2
61184       10.2
61185       13.7
61186       19.4
61187       23.8
61188       20.6
61189       21.7
61190       20.6
61191       28.2
61192       25.8
61193       28.3
61194       32.8
61195       29.0
61196       32.6
61197       29.3
61198       21.3
61199       22.8
61200       16.3
61201       15.0
61202       10.8
61203        6.2
61204        5.5
61205        6.3
61206        4.9
61207        3.0
61208       -1.8
61209        2.0
61210       -0.9
61211       -1.8
61212       -5.0
61213       -0.6
61214        2.9
61215        1.2
61216        3.8
61217        5.7
61218       -4.3
61219        0.2

# UTC remains available from the monthly Circular T at
# (http://www.bipm.org/en/bipm-services/timescales/time-ftp/Circular-T.html).
