# MJD  [UTCr-UTC(NRL)]/ns
56467       -1.5
56468       -0.8
56469        0.0
56470       -0.3
56471          -
56472          -
56473          -
56474          -
56475        2.0
56476        1.5
56477          -
56478          -
56479          -
56480          -
56481        1.7
56482        2.3
56483        2.5
56484        2.8
56485        3.6
56486        4.0
56487          -
56488        4.4
56489        4.3
56490        4.9
56491        4.7
56492        4.7
56493        5.2
56494          -
56502          -
56503        7.9
56504        7.7
56505        7.5
56506        8.3
56507        8.5
56508          -
56509        9.2
56510        9.8
56511        9.9
56512       10.4
56513       11.0
56514       11.9
56515          -
56516       11.7
56517       12.3
56518       12.9
56519       13.3
56520       13.3
56521       13.7
56522          -
56523       12.3
56524       12.4
56525       12.5
56526       11.9
56527       11.8
56528       12.1
56529       11.3
56530       10.5
56531       11.1
56532       11.3
56533       11.2
56534       11.6
56535       11.5
56536       12.2
56537       11.9
56538       11.8
56539       12.6
56540       12.0
56541       11.4
56542       10.9
56543        9.3
56544       26.9
56545       32.6
56546       31.1
56547       46.0
56548       45.1
56549       45.4
56550       44.0
56551       42.6
56552       42.3
56553       38.7
56554       34.3
56555       30.1
56556       26.0
56557       21.3
56558       17.0
56559       13.1
56560       59.5
56561        9.8
56562        1.9
56563       -1.7
56564       -5.2
56565       -9.5
56566      -12.7
56567      -16.1
56568      -19.2
56569      -20.1
56570      -20.1
56571      -20.3
56572      -18.8
56573      -17.5
56574      -17.2
56575      -16.8
56576      -15.8
56577      -14.4
56578      -14.2
56579      -13.1
56580      -12.6
56581      -11.4
56582      -10.4
56583       -8.7
56584       -7.4
56585       -6.6
56586       -6.7
56587       -6.3
56588       -5.8
56589       -5.3
56590       -5.2
56591       -5.5
56592       -5.1
56593       -4.6
56594       -4.4
56595       -4.2
56596       -4.1
56597       -3.4
56598       -2.1
56599       -1.1
56600       -1.7
56601       -1.5
56602       -1.1
56603       -0.5
56604        0.7
56605        1.0
56606        1.1
56607        3.4
56608        3.9
56609        5.1
56610        5.1
56611        6.0
56612        7.3
56613        6.2
56614          -
56615        9.1
56616        9.5
56617        8.9
56618        9.2
56619       10.0
56620       11.9
56621       11.0
56622       11.0
56623          -
56624          -
56625          -
56626          -
56627          -
56628          -
56629          -
56630          -
56631          -
56632       21.7
56633       23.6
56634       23.9
56635       22.2
56636       25.5
56637       26.9
56638       27.9
56639       29.0
56640       30.1
56641       32.1
56642       32.4
56643       32.7
56644       34.1
56645       34.0
56646       34.9
56647       35.9
56648       36.5
56649       37.8
56650       39.1
56651       45.7
56652          -
56653          -
56654          -
56655          -
56656          -
56657          -
56658          -
56659          -
56660          -
56661          -
56662          -
56663          -
56664          -
56665          -
56666          -
56667          -
56668          -
56669          -
56670          -
56671          -
56672          -
56673          -
56674        6.3
56675        7.2
56676        7.9
56677       10.0
56678       11.5
56679       11.7
56680       13.5
56681       13.1
56682       14.1
56683       16.2
56684       15.5
56685       16.2
56686       16.9
56687       18.6
56688       19.5
56689       21.2
56690       22.6
56691       23.9
56692       24.6
56693       25.9
56694       27.3
56695       28.9
56696       30.0
56697       31.1
56698       33.1
56699       34.7
56700       35.8
56701       36.8
56702       40.7
56703       41.5
56704       42.9
56705       44.3
56706       44.8
56707       46.6
56708       48.4
56709       48.9
56710       50.3
56711       50.7
56712       52.8
56713       54.2
56714       55.6
56715       57.1
56716       58.8
56717       60.4
56718       61.9
56719       63.6
56720       63.4
56721       66.6
56722       69.0
56723       70.6
56724       72.6
56725       74.1
56726       75.2
56727       76.6
56728       78.3
56729       81.3
56730       82.0
56731       84.0
56732       85.6
56733       84.5
56734       85.5
56735       88.7
56736       90.2
56737       91.9
56738       93.9
56739       95.2
56740       97.1
56741       98.0
56742      100.3
56743      101.5
56744      102.9
56745      104.3
56746      106.1
56747      107.3
56748      109.8
56749      110.8
56750      112.3
56751      113.8
56752      116.3
56753      117.9
56754      121.2
56755      123.4
56756      125.6
56757      127.3
56758      127.7
56759      129.8
56760      131.8
56761      133.4
56762      135.8
56763      137.7
56764      139.8
56765      141.1
56766      143.1
56767      145.2
56768      146.4
56769      148.5
56770      151.2
56771          -
56772          -
56773      157.0
56774      158.9
56775      160.9
56776      162.9
56777      164.4
56778      166.3
56779      168.9
56780      171.0
56781      173.5
56782      178.2
56783      178.6
56784      181.2
56785      183.0
56786      185.8
56787      187.7
56788      191.1
56789      193.4
56790      195.8
56791      198.0
56792      201.1
56793      203.3
56794      207.1
56795      209.2
56796      213.5
56797      215.9
56798      217.8
56799      220.5
56800      223.6
56801      226.6
56802      229.8
56803      230.7
56804      233.4
56805      236.9
56806      239.8
56807      242.6
56808      245.1
56809      248.6
56810      252.7
56811      255.8
56812      258.7
56813      262.2
56814      264.9
56815      267.7
56816      270.5
56817      273.3
56818      276.0
56819      278.6
56820      281.9
56821      284.8
56822      288.1
56823      291.3
56824      293.1
56825      296.0
56826      298.7
56827      301.7
56828      304.8
56829      308.3
56830      311.5
56831      314.2
56832      317.1
56833      320.1
56834      323.5
56835      326.8
56836      329.8
56837      332.9
56838      336.3
56839      339.9
56840      343.4
56841      346.9
56842      350.0
56843      353.1
56844      355.9
56845      360.5
56846      363.9
56847      367.5
56848      370.8
56849      373.7
56850      376.5
56851      379.9
56852      384.5
56853      388.1
56854      392.3
56855      396.6
56856      399.8
56857      401.9
56858      405.2
56859      409.8
56860      412.8
56861      416.1
56862      419.2
56863      423.5
56864      427.2
56865      430.4
56873          -
56874          -
56875          -
56876          -
56877          -
56878          -
56879          -
56929          -
56930          -
56931      -40.7
56932      -47.1
56933      -53.4
56934      -60.8
56935      -66.2
56936      -71.5
56937      -78.1
56938      -85.4
56939      -91.5
56940      -98.3
56941     -104.9
56942     -111.3
56943     -118.9
56944     -125.7
56945     -132.4
56946     -138.7
56947     -144.6
56948     -150.8
56949     -156.5
56950     -162.8
56951          -
56952          -
56953     -176.0
56954     -178.4
56955     -180.1
56956     -180.2
56957     -175.8
56958     -170.4
56959     -162.0
56960     -151.7
56961     -141.0
56962     -130.7
56963     -121.3
56964     -111.2
56965     -101.8
56966      -91.9
56967      -82.0
56968      -71.8
56969      -60.7
56970      -51.2
56971      -40.9
56972      -31.1
56973      -21.4
56974      -10.9
56975       -1.9
56976        7.9
56977       17.8
56978       26.2
56979       34.7
56980       40.6
56981       45.1
56982       49.9
56983       54.5
56984       59.2
56985       61.7
56986       63.3
56987       62.2
56988       58.8
56989       54.7
56990       48.6
56991       41.3
56992       32.2
56993       22.9
56994       13.0
56995        4.4
56996       -4.5
56997      -13.6
56998      -22.1
56999      -26.5
57000      -33.0
57001      -38.4
57002      -42.4
57003      -44.9
57004      -46.7
57005      -46.6
57006      -45.7
57007      -45.6
57008      -45.6
57009      -43.4
57010      -40.3
57011      -36.3
57012      -31.2
57013      -25.1
57014      -19.2
57015      -13.2
57016       -7.4
57017        0.1
57018        5.3
57019        8.5
57020       11.3
57021       14.0
57022       15.2
57023       16.7
57024       17.9
57025       18.3
57026       17.3
57027       17.1
57028       16.3
57029       12.9
57030       10.8
57031        7.9
57032        6.0
57033        1.7
57034       -0.8
57035       -3.6
57036       -3.4
57037       -2.2
57038       -2.4
57039       -2.7
57040       -2.6
57041       -2.8
57042       -3.0
57043       -2.5
57044       -2.2
57045       -2.0
57046       -2.6
57047       -2.1
57048       -2.2
57049       -2.3
57050       -2.1
57051       -1.3
57052       -1.8
57053       -1.6
57054       -1.4
57055        3.5
57056        3.2
57057        3.2
57058        3.7
57059        3.4
57060        3.8
57061        3.7
57062        2.3
57063        1.6
57064        2.1
57065        2.7
57066        3.1
57067        2.8
57068        3.6
57069        2.8
57070        1.7
57071        1.6
57072        3.5
57073        3.9
57074        3.8
57075        1.8
57076        4.5
57077        3.2
57078        3.2
57079        3.3
57080        2.8
57081        2.3
57082        2.1
57083       -0.7
57084        0.8
57085          -
57086          -
57087          -
57088        3.6
57089        5.0
57090        3.2
57091       -0.2
57092       -0.1
57093        0.9
57094        2.4
57095        2.7
57096        3.1
57097        4.5
57098        5.5
57099        6.4
57100        6.9
57101        6.1
57102        5.6
57103        4.6
57104        4.2
57105        4.0
57106        3.9
57107        3.3
57108        2.7
57109        3.1
57110        3.4
57111        2.4
57112        1.8
57113        1.5
57114        0.7
57115        0.0
57116       -0.7
57117       -1.0
57118        0.1
57119       -1.1
57120       -1.8
57121       -1.1
57122       -1.1
57123       -1.1
57124       -0.3
57125        0.9
57126        1.1
57127        0.9
57128        1.2
57129        0.4
57130        0.2
57131        1.2
57132        1.0
57133        1.6
57134        1.8
57135        2.8
57136        3.3
57137        3.8
57138        3.2
57139        4.4
57140        4.1
57141        4.3
57142        3.0
57143        4.4
57144        4.4
57145        4.4
57146        2.5
57147        1.9
57148        0.8
57149        0.4
57150       -0.4
57151        0.3
57152       -0.1
57153       -1.0
57154       -1.5
57155       -1.2
57156       -0.9
57157       -1.5
57158       -2.1
57159       -2.9
57160       -3.1
57161       -4.1
57162       -3.0
57163       -1.4
57164       -0.6
57165       -3.8
57166       -3.8
57167       -3.3
57168       -2.9
57169       -2.6
57170       -2.2
57171       -1.4
57172        2.3
57173        0.5
57174        0.6
57175          -
57176          -
57177        7.7
57178        7.2
57179        7.1
57180        7.1
57181        7.1
57182        6.0
57183        5.0
57184        3.4
57185        2.3
57186        1.6
57187        0.1
57188       -0.7
57189       -1.4
57190       -2.5
57191       -3.9
57192       -4.6
57193       -6.0
57194       -8.8
57195      -11.0
57196      -12.8
57197      -14.4
57198          -
57199          -
57200          -
57201          -
57202          -
57203          -
57204      -28.5
57205      -43.3
57206      -37.3
57207      -23.3
57208      -21.0
57209      -17.7
57210      -16.7
57211      -15.3
57212      -15.8
57213      -14.9
57214      -12.0
57215      -10.0
57216      -10.1
57217       -9.4
57218       -9.8
57219      -10.8
57220      -10.0
57221      -10.4
57222       -9.1
57223       -8.3
57224       -5.5
57225       -4.0
57226       -2.5
57227       -1.5
57228       -0.2
57229       -0.5
57230       -1.2
57231       -4.1
57232       -6.6
57233       -8.9
57234    -1146.0
57235    -1116.1
57236    -1084.2
57237    -1052.7
57238    -1022.4
57239     -992.7
57240     -962.9
57241          -
57242          -
57243          -
57244          -
57245          -
57246          -
57247      -25.8
57248       -1.0
57249        1.2
57250       -0.4
57251       -2.3
57252       -3.8
57253       -6.1
57254       -8.1
57255          -
57256   -12317.1
57257   -12320.8
57258   -12326.1
57259   -12330.3
57260   -12334.2
57261      -38.6
57262      -43.3
57263      -48.9
57264      -53.5
57265      -58.7
57266      -64.2
57267      -68.7
57268      -73.1
57269      -77.9
57270      -82.0
57271      -85.8
57272      -89.7
57273      -93.6
57274      -98.0
57275     -102.1
57276     -105.7
57277     -107.5
57278     -110.8
57279     -112.9
57280     -116.1
57281     -118.3
57282     -119.8
57283     -121.5
57284     -123.8
57285     -126.4
57286     -127.3
57287        8.6
57288        5.8
57289        3.6
57290        0.7
57291       -2.5
57292       -2.9
57293       -4.6
57294       -6.8
57295       -9.1
57296      -10.6
57297      -13.0
57298      -16.7
57299      -20.5
57300      -22.5
57301      -25.7
57302      -28.1
57303      -30.0
57304    -3500.4
57305    -3470.9
57306    -3437.5
57307    -3403.3
57308    -3369.1
57309     -135.3
57310     -101.6
57311      -68.4
57312      -36.5
57313       -9.1
57314       17.5
57315       37.8
57316       52.3
57317       61.8
57318       65.5
57319       66.2
57320       61.7
57321       56.4
57322       45.4
57323       30.7
57324       18.4
57325       12.1
57326        7.9
57327        5.7
57328        6.8
57329        6.8
57330        6.8
57331        6.0
57332        5.8
57333        5.3
57334        5.1
57335        5.8
57336        4.1
57337        4.0
57338        2.9
57339        2.0
57340        0.7
57341       -0.6
57342       -1.5
57343       -2.3
57344       -3.2
57345       -3.7
57346       -3.9
57347       -3.1
57348       -2.7
57349       -1.6
57350       -1.4
57351       -0.8
57352       -0.7
57353       -0.2
57354        1.1
57355        1.7
57356        3.5
57357        4.1
57358        4.4
57359        4.9
57360        5.6
57361        6.0
57362        6.5
57363        4.6
57364        4.8
57365        4.8
57366        5.5
57367        5.6
57368        5.7
57369        5.7
57370        6.4
57371        6.0
57372        6.7
57373        6.3
57374        6.4
57375        7.1
57376        7.3
57377        8.4
57378        8.2
57379        8.7
57380        8.0
57381        7.4
57382        6.8
57383        6.8
57384        7.0
57385        7.3
57386        7.5
57387        7.3
57388        8.4
57389        8.5
57390        8.9
57391        7.1
57392        6.7
57393        6.7
57394        6.4
57395        6.9
57396        6.6
57397        6.9
57398        7.6
57399        7.6
57400        8.0
57401        8.9
57402        8.8
57403        9.1
57404       12.7
57405       12.6
57406       14.8
57407       14.5
57408       12.7
57409       12.4
57410       12.3
57411       12.1
57412       12.9
57413       12.1
57414       11.9
57415       12.0
57416       11.9
57417       10.5
57418        9.8
57419        9.4
57420        9.7
57421        9.9
57422        7.5
57423        6.7
57424        4.9
57425        3.2
57426       -0.8
57427       -2.0
57428       -2.4
57429       -2.8
57430       -3.1
57431       -4.0
57432       -3.7
57433       -4.2
57434       -5.0
57435       -4.1
57436       -4.0
57437       -3.2
57438       -2.9
57439       -2.0
57440       -1.6
57441       -0.3
57442        0.7
57443        2.1
57444        3.8
57445        5.8
57446        7.4
57447        8.2
57448        8.9
57449       10.1
57450       10.8
57451       11.5
57452       12.2
57453       11.6
57454       13.0
57455       12.9
57456       12.7
57457       11.9
57458       11.1
57459       11.0
57460       10.7
57461       11.2
57462       10.7
57463       10.1
57464        9.9
57465        9.5
57466        9.2
57467        8.1
57468        6.2
57469        5.3
57470        4.4
57471        3.7
57472        3.0
57473        2.9
57474        2.1
57475        2.0
57476        2.5
57477        2.5
57478        2.1
57479        1.9
57480        2.1
57481        2.7
57482        5.1
57483        5.7
57484        6.9
57485        7.2
57486        8.2
57487        9.1
57488        9.9
57489       11.0
57490       11.3
57491       11.9
57492       10.9
57493       11.1
57494       10.7
57495       10.9
57496        9.6
57497        9.3
57498        8.5
57499        7.9
57500        6.4
57501        5.0
57502        4.3
57503        3.8
57504        2.4
57505        2.1
57506        2.4
57507        3.2
57508        4.2
57509        5.4
57510        4.4
57511        4.7
57512        5.4
57513        5.6
57514        5.0
57515        3.6
57516        1.8
57517        0.2
57518       -2.1
57519       -3.2
57520       -3.8
57521       -3.5
57522       -1.2
57523        1.0
57524        4.4
57525        5.9
57526        6.0
57527        5.6
57528        5.8
57529        5.6
57530        5.6
57531        5.8
57532        5.5
57533        4.5
57534        3.8
57535        1.6
57536        0.1
57537       -1.0
57538       -1.4
57539       -1.6
57540       -1.1
57541       -1.4
57542       -1.7
57543       -1.1
57544       -0.5
57545       -1.1
57546        0.1
57547        0.8
57548        1.0
57549        1.3
57550        2.0
57551        2.1
57552        3.8
57553        3.3
57554        3.8
57555        3.3
57556        4.2
57557        5.0
57558        5.6
57559        7.0
57560        7.1
57561        7.2
57562        7.3
57563        6.6
57564        6.5
57565        6.6
57566        5.4
57567        4.2
57568        4.2
57569        4.5
57570        3.9
57571        3.8
57572        3.9
57573        4.6
57574        4.1
57575        4.0
57576        3.7
57577        3.0
57578        3.1
57579        3.3
57580        2.9
57581        2.7
57582        2.2
57583        1.5
57584        1.3
57585        2.3
57586        3.5
57587        4.3
57588        4.2
57589        4.6
57590        5.4
57591        5.4
57592        5.0
57593        4.5
57594        4.3
57595        4.0
57596        4.4
57597          -
57598     -102.6
57599     -102.5
57600     -102.3
57601     -101.1
57602     -101.1
57603     -101.0
57604       -0.4
57605       -0.6
57606       -1.0
57607       -0.5
57608       -2.5
57609       -2.7
57610       -3.3
57611       -2.7
57612       -2.3
57613       -2.5
57614       -1.6
57615       -1.5
57616       -1.3
57617       -1.5
57618       -1.2
57619       -0.0
57620        0.6
57621        0.7
57622        1.7
57623        3.0
57624        4.0
57625        4.8
57626        4.9
57627        5.8
57628          -
57629          -
57630          -
57631          -
57632       12.5
57633          -
57634          -
57635          -
57636          -
57637          -
57638          -
57639          -
57640     -194.4
57641     -194.4
57642     -194.3
57643     -193.2
57644     -193.8
57645     -195.2
57646     -196.4
57647     -198.1
57648     -199.7
57649     -202.1
57650     -203.5
57651     -205.7
57652     -208.8
57653     -212.3
57654     -215.5
57655     -218.6
57656     -222.5
57657     -225.9
57658      -30.2
57659      -34.2
57660      -38.7
57661      -42.9
57662      -47.1
57663      -50.8
57664      -54.7
57665      -58.1
57666      -62.1
57667      -66.3
57668      -70.6
57669      -74.5
57670      -78.8
57671      -82.1
57672      -86.0
57673      -88.8
57674      -91.6
57675      -94.3
57676      -96.3
57677      -98.8
57678     -100.2
57679     -102.4
57680     -104.6
57681     -106.4
57682     -108.1
57683     -109.2
57684     -110.4
57685     -111.8
57686     -112.9
57687     -113.7
57688     -114.4
57689     -115.8
57690     -116.3
57691     -229.1
57692     -229.7
57693      -30.2
57694      -32.1
57695      -32.8
57696      -35.3
57697      -49.9
57698          -
57713          -
57714          -
57715          -
57716          -
57717          -
57718          -
57719          -
57720          -
57721      -38.4
57722      -37.8
57723      -37.1
57724      -35.8
57725      -35.2
57726      -34.3
57727      -35.8
57728      -35.2
57729      -35.0
57730      -33.8
57731      -33.2
57732      -32.9
57733      -33.2
57734      -30.9
57735      -30.4
57736      -29.7
57737      -29.2
57738      -28.4
57739      -27.9
57740      -27.0
57741      -28.5
57742      -27.9
57743      -27.4
57744      -26.5
57745      -26.0
57746      -25.3
57747      -24.5
57748      -23.6
57749      -23.4
57750      -22.3
57751      -21.6
57752      -20.5
57753      -19.9
57754      -20.0
57755      -20.8
57756      -20.5
57757      -19.8
57758      -19.0
57759      -18.6
57760      -18.4
57761      -18.9
57762      -20.2
57763      -20.0
57764      -19.7
57765      -19.5
57766      -19.2
57767      -17.5
57768      -16.8
57769      -14.2
57770      -13.4
57771      -12.2
57772      -11.5
57773      -10.5
57774      -10.0
57775       -9.4
57776       -9.7
57777       -8.3
57778       -6.3
57779       -4.8
57780       -3.4
57781       -2.2
57782       -1.4
57783        1.0
57784        1.7
57785        2.4
57786        2.3
57787        3.7
57788        5.2
57789        6.4
57790        5.3
57791        6.2
57792        6.8
57793        7.8
57794        9.2
57795       10.3
57796       11.0
57797       12.1
57798       13.2
57799       13.9
57800       14.8
57801       15.6
57802       15.7
57803       15.9
57804       15.3
57805       16.3
57806       17.1
57807       17.6
57808       17.9
57809       19.1
57810       19.9
57811       20.5
57812       20.6
57813       20.8
57814       21.1
57815       21.7
57816       22.2
57817       22.3
57818       18.5
57819       18.2
57820       17.9
57821       18.8
57822       18.7
57823       18.9
57824       18.7
57825       18.2
57826       17.8
57827       18.3
57828       18.4
57829       18.4
57830       17.6
57831       17.4
57832       17.7
57833       17.0
57834       16.8
57835       16.9
57836       15.4
57837       14.2
57838       12.7
57839       11.7
57840       10.7
57841        9.9
57842       10.1
57843        9.0
57844        8.2
57845        7.7
57846       12.8
57847       11.9
57848       11.3
57849       10.3
57850       10.1
57851        9.3
57852        8.9
57853        8.0
57854        6.8
57855        5.9
57856        5.3
57857        4.2
57858        3.1
57859        1.5
57860        2.4
57861        1.4
57862        0.6
57863       -0.3
57864       -1.7
57865       -2.8
57866       -3.1
57867       -5.0
57868       -6.3
57869       -7.8
57870       -8.8
57871      -10.3
57872          -
57873          -
57874          -
57875     -514.6
57876     -515.3
57877      -18.1
57878      -23.0
57879      -27.2
57880      -31.2
57881      -43.4
57882      -48.2
57883      -53.2
57884      -57.9
57885      -63.1
57886      -68.3
57887      -72.7
57888      -79.3
57889      -84.5
57890      -89.9
57891      -94.9
57892     -100.4
57893     -105.2
57894     -109.6
57895     -116.3
57896     -121.2
57897     -126.1
57898     -131.3
57899     -136.1
57900     -141.7
57901     -147.2
57902     -151.1
57903     -155.9
57904     -161.5
57905     -166.9
57906     -172.3
57907     -177.2
57908     -182.5
57909     -187.8
57910     -193.7
57911     -197.6
57912     -203.1
57913     -207.8
57914     -213.2
57915     -218.8
57916     -223.0
57917     -228.2
57918     -233.6
57919     -239.2
57920     -244.5
57921     -250.0
57922     -257.1
57923     -269.9
57924     -283.9
57925     -300.8
57926     -322.2
57927     -346.7
57928     -374.9
57929     -405.1
57930     -437.7
57931     -476.1
57932     -517.6
57933     -562.8
57934     -599.8
57935     -615.3
57936     -630.0
57937     -648.4
57938     -652.9
57939     -652.0
57940     -645.6
57941     -638.1
57942     -630.0
57943     -622.2
57944     -613.8
57945     -605.7
57946     -593.9
57947       17.9
57948       29.4
57949       41.5
57950       53.9
57951       64.6
57952       76.1
57953       88.1
57954       98.2
57955      101.1
57956      102.5
57957      101.0
57958      102.0
57959          -
57960          -
57961       -5.4
57962       -8.8
57963      -12.3
57964          -
57965      -18.3
57966      -17.6
57967      -19.1
57968      -20.2
57969      -21.5
57970      -20.7
57971      -19.0
57972          -
57973          -
57974     -154.7
57975     -148.8
57976     -143.1
57977     -137.5
57978     -131.9
57979     -124.8
57980     -119.9
57981     -114.3
57982     -108.2
57983     -102.1
57984      -95.7
57985      -89.2
57986      -82.3
57987      -76.0
57988      -69.4
57989      -62.3
57990      -55.7
57991      -49.1
57992      -42.6
57993      -36.3
57994      -29.8
57995      -23.4
57996      -17.7
57997      -12.0
57998       -5.6
57999        0.7
58000        7.1
58001       13.0
58002       18.3
58003       22.1
58004       24.6
58005       25.0
58006       23.6
58007       20.6
58008       17.2
58009       11.9
58010        7.3
58011        1.9
58012       -2.6
58013       -6.3
58014       -7.8
58015       -7.6
58016       -6.6
58017       -3.9
58018        1.0
58019        6.4
58020     -167.5
58021     -656.7
58022          -
58023          -
58024          -
58025          -
58026          -
58027          -
58028          -
58029          -
58030          -
58031          -
58032          -
58033          -
58034          -
58462       13.6
58463       13.7
58464       13.7
58465       13.6
58466       14.1
58467       14.8
58468       16.1
58567        5.1
58568        4.8
58569        5.0
58570        4.1
58571        2.1
58572       -0.1
58573       -2.4
58574       -3.8
58575       -5.8
58576       -7.1
58577       -8.1
58578       -9.2
58579       -9.1
58580       -8.3
58581       -5.7
58582       -2.7
58583        1.5
58584        5.0
58585        8.2
58586       11.0
58587       14.1
58588       15.9
58589       18.5
58590       18.1
58591       16.3
58592       14.7
58593       12.4
58594       11.1
58595        9.1
58596        7.6
58597        6.5
58598        6.3
58599        5.8
58600        6.7
58601        6.7
58602        7.2
58603        7.1
58604        6.4
58605        6.3
58606        5.5
58607        4.6
58608        3.2
58609        1.6
58610        1.7
58611        1.8
58612        3.3
58613        5.3
58614        7.3
58615        8.5
58616       10.0
58617       10.0
58618        9.0
58619        6.8
58620        4.7
58621        2.5
58622        1.2
58623        0.5
58624        0.2
58625        0.3
58626       -0.2
58627       -0.1
58628        1.2
58629        2.0
58630        3.6
58631        5.0
58632        5.7
58633        5.0
58634        5.3
58635        5.2
58636        5.0
58637        5.1
58638        5.6
58639        5.2
58640        3.6
58641        3.1
58642        2.6
58643        2.3
58644        1.2
58645        0.7
58646        1.7
58647        0.6
58648        0.7
58649        0.6
58650       -1.0
58651       -1.9
58652       -2.0
58653       -1.5
58654       -0.9
58655        0.4
58656        1.7
58657        3.4
58658        4.7
58659        4.8
58660        5.6
58661        5.3
58662        3.0
58663        0.4
58664       -2.1
58665       -3.5
58666       -5.7
58667       -7.4
58668       -7.6
58669       -6.0
58670       -3.6
58671       -0.8
58672        2.2
58673        3.8
58674        3.8
58675        3.0
58676        1.5
58677        0.4
58678       -0.7
58679       -1.7
58680       -1.7
58681       -2.5
58682       -1.6
58683        0.1
58684        1.7
58685        2.5
58686        2.9
58687        2.7
58688        2.7
58689        2.4
58690        2.6
58691        3.4
58692        4.4
58693        5.3
58694        6.2
58695        6.8
58696        5.8
58697        4.6
58698        2.4
58699        0.1
58700       -0.8
58701       -1.6
58702       -2.0
58703       -1.3
58704       -0.6
58705        0.8
58706        2.1
58707        3.8
58708        4.4
58709        5.3
58710        6.5
58711        6.7
58712        7.1
58713        7.1
58714        6.2
58715        5.8
58716        5.0
58717        4.0
58718        2.0
58719        1.5
58720        1.6
58721        2.0
58722        2.4
58723        3.0
58724        4.4
58725        6.5
58726        7.1
58727        8.5
58728        9.6
58729       10.0
58730       10.6
58731        9.8
58732        8.8
58733        8.0
58734        6.5
58735        3.9
58736        2.9
58737        2.1
58738        1.0
58739        0.2
58740       -0.0
58741       -0.5
58742        0.4
58743        0.3
58744        1.7
58745        2.8
58746        4.7
58747        6.3
58748        7.4
58749        9.3
58750       11.1
58751       12.2
58752       13.2
58753       13.5
58754       13.2
58755       11.8
58756       10.6
58757        8.8
58758        6.8
58759        4.9
58760        3.0
58761        2.2
58762        1.2
58763        0.9
58764        2.2
58765        3.8
58766        5.8
58767        7.7
58768        9.9
58769       11.8
58770       14.5
58771       17.3
58772       18.7
58773       16.4
58774       13.0
58775        8.3
58776        4.2
58777       -0.3
58778       -2.8
58779       -5.0
58780       -5.0
58781       -5.2
58782       -4.9
58783       -4.0
58784       -2.0
58785        0.0
58786        1.6
58787        2.8
58788        3.4
58789        4.8
58790        4.4
58791        4.6
58792        3.5
58793        2.8
58794        2.3
58795        2.0
58796        2.8
58797        2.2
58798        0.6
58799       -0.2
58800        0.0
58801       -0.1
58802       -0.0
58803        0.5
58804        1.4
58805        1.2
58806        0.7
58807       -0.5
58808       -1.3
58809       -2.3
58810       -2.5
58811       -2.7
58812       -2.1
58813       -1.8
58814       -1.7
58815       -1.3
58816       -0.5
58817        0.4
58818        1.5
58819        4.7
58820        6.1
58821        6.9
58822        6.9
58823        5.9
58824        5.2
58825        4.8
58826        3.0
58827        1.5
58828        0.7
58829        1.4
58830        1.7
58831        1.8
58832        3.1
58833        3.5
58834        4.1
58835        5.4
58836        6.8
58837        7.1
58838        6.3
58839        3.9
58840        2.0
58841        0.2
58842       -1.3
58843       -2.2
58844       -3.1
58845       -3.0
58846       -2.7
58847       -2.3
58848       -0.9
58849        0.5
58850        1.4
58851        1.2
58852        1.3
58853        1.7
58854        1.4
58855       -2.2
58856       -5.9
58857       -8.0
58858      -10.0
58859      -10.4
58860       -9.3
58861       -6.2
58862       -3.4
58863       -0.9
58864        1.2
58865        3.6
58866        4.7
58867        4.1
58868        4.3
58869        3.9
58870        2.9
58871        2.6
58872        2.4
58873        2.3
58874        3.3
58875        4.4
58876        4.4
58877        4.0
58878        4.4
58879        4.2
58880        4.6
58881        3.9
58882        6.0
58883        4.8
58884        3.3
58885        3.2
58886        2.7
58887        3.4
58888        3.1
58889        3.2
58890        3.1
58891        4.9
58892        6.7
58893        8.7
58894       10.2
58895       10.4
58896        9.4
58897        7.5
58898        5.7
58899        5.1
58900        3.8
58901        3.4
58902        3.0
58903        2.6
58904        2.2
58905        2.8
58906        3.9
58907        4.9
58908        4.9
58909        4.7
58910        4.5
58911        4.5
58912        5.1
58913        6.1
58914        7.2
58915        8.5
58916        9.9
58917       11.1
58918       11.7
58919       11.3
58920       10.1
58921        9.0
58922        8.9
58923        8.4
58924        7.7
58925        7.9
58926        8.1
58927        8.5
58928        9.1
58929        9.2
58930       10.3
58931        9.5
58932       10.0
58933        9.3
58934        9.2
58935        8.7
58936        6.9
58937        6.5
58938        6.2
58939        6.5
58940        6.5
58941        6.6
58942        7.1
58943        7.1
58944        7.6
58945        7.8
58946        8.9
58947        8.5
58948        7.9
58949        7.8
58950        7.2
58951        5.5
58952        3.4
58953        2.8
58954        2.3
58955        2.9
58956        3.0
58957        3.5
58958        4.7
58959        5.5
58960        6.9
58961        7.5
58962        7.5
58963        7.3
58964        8.1
58965        7.9
58966        8.4
58967        8.7
58968        7.6
58969        6.7
58970        6.4
58971        6.4
58972        5.9
58973        4.3
58974        5.6
58975        5.8
58976        6.4
58977        7.1
58978        8.0
58979        9.1
58980        9.0
58981        8.6
58982        8.1
58983        7.5
58984        6.4
58985        6.3
58986        6.2
58987        6.9
58988        7.4
58989        7.6
58990        6.5
58991        3.9
58992        1.3
58993       -1.5
58994       -3.1
58995       -3.9
58996       -4.2
58997       -4.6
58998       -4.0
58999       -2.8
59000       -1.1
59001        1.0
59002        2.9
59003        4.2
59004        5.1
59005        5.6
59006        5.7
59007        6.9
59008        7.4
59009        7.2
59010        6.9
59011        6.7
59012        7.5
59013        7.8
59014        7.0
59015        5.8
59016        4.8
59017        4.2
59018        3.7
59019        3.9
59020        3.8
59021        4.2
59022        4.7
59023        4.8
59024        5.1
59025        6.5
59026        6.3
59027        6.2
59028        6.2
59029        6.3
59030        6.6
59031        5.8
59032        5.2
59033        5.0
59034        5.0
59035        4.3
59036        2.8
59037        2.5
59038        2.6
59039        3.1
59040        3.0
59041        3.1
59042        4.0
59043        4.3
59044        5.6
59045        7.2
59046        7.6
59047        8.0
59048        8.1
59049        8.4
59050        7.1
59051        5.8
59052        4.5
59053        2.3
59054       -0.3
59055       -2.8
59056       -5.4
59057       -7.3
59058       -9.2
59059       -9.9
59060       -8.5
59061       -6.4
59062       -3.9
59063       -0.8
59064        1.4
59065        3.5
59066        4.8
59067        4.7
59068        3.9
59069        3.4
59070        2.5
59071        1.4
59072       -0.1
59073       -1.7
59074       -2.3
59075       -2.9
59076       -2.5
59077       -2.3
59078       -1.2
59079       -0.3
59080        1.3
59081        2.3
59082        2.9
59083        2.4
59084        1.9
59085        1.1
59086        0.4
59087       -0.3
59088       -0.7
59089       -0.7
59090       -1.2
59091        0.0
59092        0.9
59093        0.8
59094        1.7
59095        2.8
59096        4.4
59097        5.9
59098        7.1
59099        5.3
59100        4.3
59101        3.0
59102        1.0
59103        0.5
59104        0.4
59105        0.2
59106       -0.6
59107       -0.6
59108       -1.0
59109       -1.6
59110       -2.7
59111       -1.1
59112        0.3
59113        1.5
59114        3.0
59115        4.5
59116        5.7
59117        5.8
59118        6.0
59119        7.0
59120        8.1
59121        7.4
59122        6.1
59123        4.3
59124        1.1
59125       -0.2
59126       -1.7
59127       -3.4
59128       -4.3
59129       -4.8
59130       -4.9
59131       -4.4
59132       -3.5
59133       -2.7
59134       -1.2
59135        1.2
59136        2.9
59137        3.3
59138        2.6
59139        2.2
59140        0.6
59141       -0.7
59142       -1.9
59143       -2.1
59144       -1.9
59145       -1.0
59146       -0.1
59147        0.7
59148        2.0
59149        2.7
59150        2.7
59151        2.0
59152        1.6
59153        1.5
59154        0.8
59155        0.9
59156       -0.1
59157       -1.5
59158       -1.9
59159       -2.1
59160       -2.5
59161       -2.5
59162       -2.4
59163       -2.1
59164       -2.0
59165       -2.4
59166       -1.0
59167       -0.4
59168       -0.7
59169       -0.7
59170        0.2
59171        0.5
59172        0.6
59173        0.2
59174        0.0
59175       -0.8
59176       -1.3
59177       -1.3
59178       -2.3
59179       -2.9
59180       -2.9
59181       -2.8
59182       -2.3
59183       -1.5
59184       -0.9
59185       -0.5
59186       -0.8
59187       -1.2
59188       -1.2
59189       -0.2
59190       -0.8
59191       -0.0
59192        0.7
59193        1.1
59194        0.9
59195        1.0
59196        1.2
59197        2.1
59198        2.5
59199        2.2
59200        0.5
59201       -0.3
59202       -2.0
59203       -3.5
59204       -4.9
59205       -5.9
59206       -6.1
59207       -5.9
59208       -5.9
59209       -3.4
59210       -2.2
59211       -1.0
59212        0.2
59213        1.9
59214        3.1
59215        4.3
59216        5.9
59217        8.4
59218        9.2
59219        9.7
59220        9.4
59221        8.5
59222        7.2
59223        6.0
59224        5.0
59225        4.5
59226        3.9
59227        4.2
59228        4.0
59229        3.4
59230        2.4
59231        2.6
59232        2.5
59233        2.3
59234        1.9
59235        0.8
59236       -0.4
59237       -1.1
59238       -1.8
59239       -2.7
59240       -3.2
59241       -2.9
59242       -2.9
59243       -2.2
59244       -1.4
59245       -0.8
59246        0.1
59247        1.8
59248        3.0
59249        3.7
59250        3.2
59251        2.9
59252        2.4
59253        0.4
59254       -0.8
59255       -1.6
59256       -2.2
59257       -2.0
59258       -1.6
59259       -1.9
59260       -1.0
59261       -0.6
59262        0.8
59263        1.7
59264        2.3
59265        2.8
59266        3.1
59267        2.0
59268        0.6
59269       -1.2
59270       -2.9
59271       -3.7
59272       -4.7
59273       -4.8
59274       -4.2
59275       -1.0
59276        1.5
59277        3.8
59278        5.9
59279        8.0
59280        8.9
59281        9.9
59282       10.4
59283       10.1
59284        9.0
59285        7.2
59286        6.2
59287        4.9
59288        4.1
59289        2.5
59290        0.7
59291       -0.9
59292       -2.2
59293       -1.4
59294       -1.2
59295       -0.7
59296        0.7
59297        1.8
59298        3.5
59299        4.7
59300        6.5
59301        7.0
59302        7.1
59303        6.7
59304        5.7
59305        4.8
59306        5.3
59307        5.0
59308        4.7
59309        4.3
59310        4.5
59311        5.6
59312        4.9
59313        5.4
59314        4.1
59315        2.8
59316        1.5
59317       -0.0
59318       -1.4
59319       -3.1
59320       -3.3
59321       -3.8
59322       -4.4
59323       -4.6
59324       -4.3
59325       -4.2
59326       -3.3
59327       -2.7
59328       -2.4
59329       -1.5
59330        0.3
59331        1.2
59332        1.9
59333        2.8
59334        3.2
59335        4.0
59336        2.7
59337        1.1
59338       -1.3
59339       -2.1
59340       -2.4
59341       -2.8
59342       -2.9
59343       -3.0
59344       -3.2
59345       -1.7
59346       -1.0
59347        0.4
59348        1.3
59349        1.9
59350        2.2
59351        2.7
59352        2.9
59353        3.5
59354        4.2
59355        3.4
59356        2.0
59357        0.5
59358       -1.1
59359       -2.7
59360       -3.7
59361       -4.0
59362       -3.5
59363       -3.9
59364       -3.3
59365       -2.7
59366       -2.3
59367       -1.9
59368       -1.7
59369       -1.3
59370       -1.0
59371       -1.2
59372       -2.4
59373       -4.6
59374       -6.5
59375       -8.4
59376       -9.3
59377       -9.1
59378       -8.7
59379       -8.8
59380       -8.0
59381       -6.7
59382       -5.3
59383       -3.6
59384       -2.8
59385       -2.3
59386       -1.2
59387       -0.6
59388        0.6
59389        0.3
59390       -0.9
59391       -2.1
59392       -2.9
59393       -3.5
59394       -3.6
59395       -4.0
59396       -4.0
59397       -3.4
59398       -2.0
59399       -1.1
59400       -0.1
59401        0.7
59402        1.4
59403        1.4
59404        1.5
59405        1.6
59406        1.7
59407        0.9
59408        0.9
59409        1.4
59410        1.3
59411        1.6
59412        2.0
59413        1.1
59414        1.0
59415        0.0
59416       -1.4
59417       -2.6
59418       -3.5
59419       -4.0
59420       -3.9
59421       -2.6
59422       -1.1
59423       -0.1
59424       -0.2
59425       -0.2
59426        0.6
59427        0.5
59428       -0.8
59429       -0.8
59430       -1.3
59431       -1.4
59432       -1.8
59433       -1.2
59434       -0.9
59435       -0.2
59436       -0.3
59437       -0.8
59438       -1.3
59439       -1.8
59440       -2.7
59441       -3.7
59442       -3.8
59443       -4.0
59444       -4.0
59445       -3.3
59446       -3.2
59447       -2.2
59448       -1.8
59449       -1.2
59450       -0.6
59451        0.7
59452        1.1
59453        1.5
59454        1.4
59455        0.5
59456       -0.6
59457       -2.3
59458       -4.0
59459       -5.6
59460       -5.6
59461       -7.1
59462       -7.7
59463       -7.7
59464       -5.6
59465       -4.0
59466       -2.9
59467       -0.8
59468        1.1
59469        2.2
59470        2.5
59471        2.4
59472        1.8
59473        0.3
59474       -1.0
59475       -0.9
59476       -0.2
59477       -0.0
59478       -0.0
59479       -1.0
59480       -1.8
59481       -0.4
59482       -0.3
59483       -0.6
59484       -0.2
59485       -1.5
59486       -2.8
59487       -2.8
59488       -3.3
59489       -3.4
59490       -3.6
59491       -3.0
59492       -2.6
59493       -2.1
59494       -1.0
59495        0.2
59496        0.9
59497        1.0
59498        1.4
59499        1.8
59500        1.7
59501        1.4
59502        0.9
59503        0.6
59504        1.4
59505        1.4
59506        1.1
59507        0.4
59508       -0.2
59509       -0.6
59510       -0.4
59511        0.1
59512       -0.3
59513        0.2
59514        1.4
59515        1.0
59516        0.9
59517        1.4
59518        2.3
59519        2.9
59520        3.3
59521        3.3
59522        2.9
59523        2.7
59524        2.5
59525        2.0
59526        1.9
59527        1.4
59528        1.4
59529        1.6
59530        2.0
59531        3.0
59532        3.6
59533        4.1
59534        4.2
59535        4.1
59536        3.4
59537        3.4
59538        3.8
59539        2.9
59540        1.3
59541        0.7
59542       -0.2
59543       -0.9
59544       -1.6
59545       -1.2
59546       -1.1
59547       -0.5
59548       -0.3
59549        0.2
59550       -0.8
59551       -0.7
59552       -0.5
59553       -0.3
59554        0.3
59555        0.8
59556        1.3
59557        2.0
59558        2.4
59559        2.8
59560        3.5
59561        3.4
59562        1.8
59563       -0.0
59564       -2.2
59565       -4.1
59566       -5.3
59567       -6.3
59568       -6.3
59569       -5.4
59570       -4.7
59571       -2.9
59572       -1.6
59573       -0.1
59574        1.7
59575        4.6
59576        6.1
59577        6.4
59578        6.7
59579        7.2
59580        6.0
59581        5.2
59582        4.5
59583        4.3
59584        3.5
59585        3.1
59586        2.8
59587        2.6
59588        2.2
59589        0.7
59590        2.2
59591        2.2
59592        2.1
59593        1.1
59594        0.8
59595        0.7
59596        0.1
59597        0.6
59598        0.5
59599        0.3
59600        1.3
59601        2.1
59602        2.9
59603        3.1
59604        3.1
59605        3.5
59606        3.9
59607        3.9
59608        3.8
59609        4.4
59610        4.1
59611        4.3
59612        3.4
59613        2.6
59614        1.0
59615        0.4
59616       -0.4
59617       -1.2
59618       -1.9
59619       -1.4
59620       -1.2
59621       -0.8
59622       -0.5
59623       -0.1
59624        1.2
59625        1.6
59626        1.4
59627        0.9
59628       -0.2
59629        0.3
59630        0.0
59631       -0.3
59632       -0.3
59633       -0.7
59634        0.3
59635        0.9
59636        1.9
59637        2.8
59638        3.2
59639        2.9
59640        2.7
59641        2.5
59642        2.5
59643        2.1
59644        1.6
59645        0.7
59646        1.1
59647        1.7
59648        1.7
59649        1.3
59650        0.9
59651        1.4
59652       -0.2
59653       -1.4
59654       -1.8
59655       -2.3
59656       -2.6
59657       -2.5
59658       -1.6
59659       -0.7
59660        0.3
59661        1.2
59662        1.9
59663        3.3
59664        4.8
59665        5.6
59666        5.4
59667        4.9
59668        4.1
59669        3.4
59670        2.9
59671        3.6
59672        3.1
59673        1.7
59674        1.0
59675       -0.5
59676       -1.6
59677       -2.6
59678       -3.3
59679       -4.1
59680       -4.7
59681       -6.1
59682       -6.2
59683       -5.4
59684       -3.4
59685       -0.9
59686        1.3
59687        3.9
59688        5.5
59689        7.3
59690        7.3
59691        6.4
59692        6.1
59693        4.6
59694        3.9
59695        3.2
59696        2.0
59697        1.0
59698        0.0
59699       -1.2
59700       -2.4
59701       -4.0
59702       -4.0
59703       -3.6
59704       -2.3
59705       -0.8
59706        0.2
59707        1.4
59708        2.0
59709        2.3
59710        2.3
59711        2.0
59712        2.1
59713        2.3
59714        2.9
59715        3.6
59716        4.5
59717        4.6
59718        3.6
59719        3.3
59720        2.0
59721        0.7
59722       -0.5
59723       -1.1
59724       -1.6
59725       -2.4
59726       -3.0
59727       -3.4
59728       -2.8
59729       -2.4
59730       -1.7
59731       -1.4
59732       -0.6
59733        0.2
59734        1.7
59735        2.3
59736        2.6
59737        3.1
59738        3.2
59739        2.1
59740        2.4
59741        1.6
59742        0.6
59743       -0.3
59744       -1.2
59745       -1.8
59746       -3.2
59747       -3.8
59748       -4.0
59749       -3.8
59750       -4.5
59751       -4.5
59752       -3.1
59753       -1.6
59754        1.7
59755        4.2
59756        7.3
59757          -
59758          -
59759          -
59760          -
59761          -
59762          -
59763          -
59764          -
59765          -
59766       36.2
59767       39.7
59768       42.9
59769       45.1
59770       47.4
59771       48.3
59772       48.9
59773       48.6
59774       48.2
59775       47.4
59776       47.2
59777       45.1
59778       43.7
59779       41.5
59780       39.7
59781       37.6
59782       35.9
59783       33.0
59784       30.0
59785       27.1
59786       24.4
59787       21.5
59788       18.8
59789       16.4
59790       13.7
59791       11.9
59792        8.6
59793        7.2
59794        6.2
59795        5.1
59796        3.7
59797        2.9
59798        2.8
59799        1.9
59800        1.6
59801        1.7
59802        1.5
59803        2.4
59804        2.8
59805        3.2
59806        2.5
59807        2.2
59808        2.4
59809        1.6
59810        1.2
59811        0.6
59812       -0.4
59813       -1.0
59814       -0.5
59815       -0.5
59816       -1.1
59817       -1.3
59818       -1.3
59819       -1.1
59820       -1.4
59821       -1.1
59822       -1.0
59823       -0.0
59824        0.3
59825        0.5
59826        1.2
59827        0.3
59828        0.5
59829        1.8
59830        2.8
59831        3.5
59832        4.2
59833        2.9
59834        1.9
59835        1.4
59836        0.8
59837       -0.4
59838       -0.7
59839       -1.0
59840       -1.3
59841       -1.3
59842       -1.4
59843       -0.7
59844       -0.6
59845        0.5
59846        1.1
59847        0.9
59848        1.9
59849        2.1
59850        2.3
59851        2.2
59852        2.7
59853        2.0
59854        2.4
59855        1.2
59856        1.3
59857        1.0
59858        0.5
59859        0.4
59860        0.4
59861        1.0
59862        0.7
59863        0.5
59864        0.3
59865        0.2
59866       -0.1
59867        0.3
59868       -0.1
59869        0.1
59870        0.3
59871        0.6
59872        0.2
59873        0.8
59874        0.4
59875        0.2
59876       -0.3
59877        0.2
59878        0.3
59879        0.2
59880        0.8
59881        0.6
59882        0.8
59883        0.8
59884        0.1
59885        0.2
59886        0.5
59887        0.2
59888       -0.2
59889       -0.0
59890        0.6
59891        1.7
59892        2.1
59893        1.9
59894        1.9
59895        1.6
59896        2.3
59897        3.5
59898        3.3
59899        2.6
59900        2.5
59901        2.4
59902        1.6
59903        0.9
59904        0.4
59905       -0.7
59906       -0.9
59907       -0.9
59908       -0.8
59909       -0.1
59910        0.2
59911        0.6
59912        1.1
59913        1.0
59914        1.8
59915        2.2
59916        2.0
59917        2.2
59918        3.5
59919        2.9
59920        1.3
59921        1.5
59922        1.8
59923        2.7
59924        2.3
59925        2.2
59926        2.4
59927        2.3
59928        1.7
59929        0.9
59930        1.0
59931        0.3
59932        0.2
59933       -0.4
59934       -1.1
59935       -2.0
59936       -3.7
59937       -2.2
59938       -2.3
59939       -2.7
59940       -2.8
59941       -3.1
59942       -2.4
59943       -2.4
59944       -2.0
59945       -1.9
59946        0.1
59947          -
59948        0.6
59949        1.0
59950        1.8
59951        2.5
59952        1.8
59953        2.9
59954        3.2
59955        3.0
59956        2.7
59957        1.7
59958        2.1
59959        2.4
59960        2.2
59961        1.2
59962        1.0
59963        1.2
59964        1.1
59965        1.8
59966        1.7
59967        1.3
59968        1.8
59969        2.2
59970        1.8
59971        2.7
59972        3.2
59973        2.6
59974        2.2
59975        2.6
59976        2.7
59977        3.8
59978        3.5
59979        4.2
59980        4.5
59981        2.5
59982        2.6
59983        2.8
59984        3.4
59985        2.8
59986        3.4
59987        4.1
59988        3.6
59989        3.2
59990        2.9
59991        2.7
59992        1.3
59993        1.4
59994        1.6
59995        0.5
59996        0.4
59997        0.4
59998        0.4
59999        0.5
60000        0.5
60001        0.8
60002        0.7
60003        0.8
60004        1.2
60005        1.9
60006        2.2
60007        2.0
60008        2.3
60009        0.9
60010        0.5
60011        1.1
60012        1.5
60013        2.5
60014        2.1
60015        2.4
60016        2.7
60017        3.3
60018        4.3
60019        4.1
60020        4.0
60021        4.1
60022        5.0
60023        5.6
60024        5.0
60025        3.9
60026        3.0
60027        1.8
60028        2.0
60029        1.4
60030        0.8
60031       -0.3
60032       -0.7
60033       -1.3
60034       -2.0
60035       -3.0
60036       -3.2
60037       -2.7
60038       -3.0
60039       -4.1
60040       -4.4
60041       -4.6
60042       -3.9
60043       -3.8
60044       -1.1
60045       -1.6
60046       -2.0
60047       -2.5
60048       -2.3
60049       -2.2
60050       -2.4
60051       -2.0
60052       -0.7
60053       -0.6
60054       -0.4
60055        4.1
60056       17.3
60057       90.8
60058          -
60059          -
60060          -
60061          -
60062          -
60063          -
60064          -
60065          -
60066          -
60067          -
60068          -
60069          -
60070          -
60071          -
60135        4.2
60136        2.4
60137        1.2
60138       -0.0
60139       -1.7
60140       -2.4
60141       -2.5
60142       -2.1
60143       -1.5
60144       -1.2
60145       -1.0
60146       -1.0
60147       -0.1
60148        0.1
60149       -0.2
60150       -0.2
60151        0.2
60152        1.0
60153        0.8
60154        0.9
60155        1.5
60156        2.0
60157        2.2
60158        2.2
60159        2.2
60160        2.1
60161        2.7
60162        2.6
60163        2.4
60164        2.9
60165        3.5
60166        3.2
60167        3.4
60168        3.4
60169        3.5
60170        3.4
60171        3.1
60172        3.4
60173        2.9
60174        2.8
60175        2.8
60176        2.9
60177        2.3
60178        1.9
60179        1.9
60180        1.1
60181        0.5
60182        0.5
60183        0.4
60184        0.1
60185       -0.1
60186       -0.1
60187        1.0
60188        1.1
60189        1.7
60190        2.1
60191        1.0
60192        0.9
60193        0.8
60194        0.8
60195       -0.2
60196       -0.7
60197       -0.8
60198       -0.5
60199       -0.1
60200       -0.0
60201        0.3
60202        0.7
60203        1.2
60204        1.5
60205        1.3
60206        2.0
60207        2.4
60208        2.1
60209        2.6
60210        3.0
60211        3.3
60212        3.3
60213        3.4
60214        4.2
60215        4.9
60216        4.8
60217        5.3
60218        5.1
60219        4.9
60220        4.6
60221        5.1
60222        5.6
60223        5.4
60224        5.6
60225        6.8
60226        7.0
60227        6.7
60228        7.1
60229        7.3
60230        7.2
60231        7.1
60232        7.7
60233        8.3
60234        7.7
60235        7.4
60236        7.4
60237        7.5
60238        7.4
60239        7.4
60240        7.2
60241        6.9
60242        6.6
60243        6.0
60244        5.8
60245        5.6
60246        5.1
60247        4.8
60248        5.1
60249        5.8
60250        5.2
60251        4.8
60252        4.7
60253        5.0
60254        6.1
60255        6.6
60256        7.3
60257        7.8
60258        8.0
60259        8.7
60260        9.5
60261        9.9
60262       10.6
60263       10.9
60264       11.3
60265       11.6
60266       11.7
60267       12.8
60268       12.3
60269       12.0
60270       11.3
60271       12.4
60272       11.9
60273       11.3
60274       11.3
60275       11.6
60276       11.4
60277       11.2
60278       10.5
60279        9.7
60280        9.0
60281        8.7
60282        7.2
60283        6.4
60284        5.4
60285        4.7
60286        3.9
60287        2.8
60288        2.0
60289        2.1
60290        2.5
60291        2.5
60292        2.9
60293        3.0
60294        3.3
60295        3.2
60296        3.2
60297        5.1
60298        4.9
60299        5.4
60300        5.3
60301        6.3
60302        7.2
60303        8.4
60304        9.6
60305       10.5
60306       12.9
60307       14.7
60308       15.6
60309       16.1
60310       17.0
60311       17.9
60312       19.1
60313       19.1
60314       20.4
60315       20.5
60316       21.1
60317       20.8
60318       21.2
60319       20.9
60320       21.2
60321       20.5
60322       19.6
60323       19.9
60324       18.8
60325       17.8
60326       17.1
60327       16.1
60328       15.2
60329       14.2
60330       13.6
60331       12.8
60332       11.6
60333       10.7
60334        9.3
60335        8.4
60336        8.4
60337        7.5
60338        7.5
60339        7.5
60340        6.9
60341        6.4
60342        5.6
60343        5.5
60344        5.7
60345        6.5
60346        6.8
60347        7.1
60348        7.3
60349        7.6
60350        8.0
60351        8.3
60352        8.5
60353        9.1
60354       10.2
60355       11.1
60356       11.9
60357       12.2
60358       12.9
60359       13.3
60360       13.6
60361       13.7
60362       13.3
60363       13.8
60364       14.2
60365       13.9
60366       14.1
60367       13.4
60368       12.8
60369       12.5
60370       12.7
60371       12.2
60372       12.3
60373        9.8
60374        9.1
60375        8.9
60376        8.6
60377        8.3
60378        8.1
60379        8.2
60380        8.7
60381        8.3
60382        7.8
60383        7.4
60384        6.8
60385        6.7
60386        6.6
60387        6.4
60388        6.5
60389        6.7
60390        6.7
60391        7.3
60392        6.9
60393        8.0
60394        8.2
60395        8.5
60396        8.7
60397        8.8
60398        9.3
60399        9.5
60400        8.9
60401        8.3
60402        8.2
60403        8.3
60404        9.3
60405        9.6
60406       10.1
60407        9.9
60408        9.9
60409        9.4
60410        9.0
60411        8.5
60412        8.8
60413        9.4
60414        9.5
60415        9.2
60416        8.8
60417        9.0
60418        8.8
60419        9.2
60420        8.9
60421        9.2
60422        9.4
60423        9.1
60424        9.3
60425        9.0
60426        9.0
60427        9.3
60428        9.1
60429        9.8
60430        9.9
60431       10.0
60432       10.0
60433       10.1
60434       10.3
60435       10.6
60436       11.2
60437       12.0
60438       12.2
60439       12.8
60440       12.5
60441       12.8
60442       13.0
60443       13.0
60444       12.4
60445        0.1
60446        0.2
60447          -
60448       -0.3
60449       -0.1
60450        0.2
60451        0.1
60452       12.3
60453       12.2
60454       12.0
60455       12.7
60456       12.0
60457       -0.2
60458        0.2
60459        0.1
60460        0.3
60461        0.7
60462        0.8
60463        1.1
60464        1.1
60465        1.9
60466        1.9
60467        1.8
60468        2.4
60469        2.4
60470        2.2
60471        2.7
60472        2.6
60473        3.2
60474        3.2
60475        3.3
60476        3.7
60477        4.0
60478        3.7
60479        3.3
60480        3.0
60481        2.6
60482        2.6
60483        2.0
60484        2.0
60485        1.8
60486        2.1
60487        1.4
60488        1.2
60489        1.4
60490        1.1
60491        0.8
60492        0.8
60493        1.5
60494        0.9
60495        0.6
60496        0.4
60497        0.7
60498        0.3
60499        0.7
60500        0.3
60501        0.2
60502       -0.3
60503       -0.0
60504       -0.8
60505       -0.7
60506       -0.8
60507       -0.8
60508       -1.2
60509       -1.6
60510       -1.9
60511       -2.1
60512       -2.5
60513       -2.5
60514       -3.5
60515       -3.9
60516       -4.1
60517       -3.9
60518       -3.3
60519       -3.5
60520       -3.7
60521       -3.8
60522       -3.9
60523       -4.1
60524       -4.2
60525       -4.5
60526       -4.6
60527       -5.5
60528       -5.9
60529       -6.0
60530       -6.3
60531       -6.8
60532       -7.3
60533       -7.4
60534       -7.2
60535       -7.1
60536       -7.4
60537       -7.5
60538       -7.8
60539       -8.2
60540       -7.4
60541       -7.0
60542       -6.4
60543       -5.3
60544       -5.0
60545       -4.8
60546       -4.2
60547       -4.0
60548       -4.1
60549       -3.9
60550       -3.5
60551       -3.3
60552       -3.3
60553       -2.6
60554          -
60555       -2.2
60556       -1.2
60557       -0.7
60558       -0.5
60559       -0.5
60560       -0.3
60561       -0.6
60562       -1.1
60563       -1.6
60564       -2.5
60565       -3.3
60566       -3.7
60567       -4.3
60568       -4.2
60569       -4.2
60570       -4.0
60571       -4.1
60572       -3.8
60573       -3.3
60574       -3.5
60575       -3.9
60576       -3.7
60577       -4.1
60578       -4.4
60579       -4.4
60580       -4.6
60581       -3.5
60582       -2.9
60583       -2.8
60584       -2.0
60585       -1.4
60586       -0.7
60587        0.0
60588        0.2
60589        1.2
60590        0.3
60591        1.0
60592        1.1
60593        1.2
60594        1.4
60595        1.9
60596        1.9
60597        2.1
60598        2.0
60599        1.6
60600        1.2
60601        1.2
60602        0.7
60603        0.4
60604        0.7
60605        0.3
60606       -0.1
60607       -0.2
60608       -0.0
60609       -0.1
60610       -0.1
60611        0.3
60612        0.3
60613        0.0
60614        0.3
60615        0.7
60616        0.7
60617        0.7
60618        0.5
60619        0.4
60620        0.9
60621        0.6
60622        0.6
60623        0.9
60624        0.9
60625        2.0
60626        2.9
60627        2.6
60628        2.5
60629        2.2
60630        2.6
60631        2.5
60632        2.3
60633        2.0
60634        1.7
60635        2.2
60636        3.1
60637        3.5
60638        3.8
60639        4.0
60640        3.6
60641        4.2
60642        3.9
60643        5.0
60644        5.3
60645        5.4
60646        5.1
60647        4.8
60648        4.6
60649        4.8
60650        5.4
60651        5.1
60652        4.5
60653        3.6
60654        2.4
60655        1.2
60656        1.1
60657        0.8
60658        0.4
60659       -0.2
60660       -0.9
60661       -1.4
60662       -1.8
60663       -2.7
60664       -3.2
60665       -3.1
60666       -3.8
60667       -4.1
60668       -4.3
60669       -3.9
60670       -4.1
60671       -4.2
60672       -3.9
60673       -3.5
60674       -2.5
60675       -1.3
60676       -0.7
60677       -0.1
60678        0.3
60679        1.2
60680        1.9
60681        1.7
60682        2.6
60683        3.2
60684        4.0
60685        4.0
60686        3.9
60687        4.5
60688        3.9
60689        3.8
60690        3.6
60691        2.9
60692        3.2
60693        2.4
60694        2.3
60695        2.2
60696        2.4
60697        2.3
60698        2.1
60699        2.1
60700        1.7
60701        1.2
60702        0.9
60703        1.2
60704        1.0
60705        0.9
60706        0.7
60707        0.3
60708        0.7
60709        0.3
60710        0.2
60711        0.2
60712       -0.3
60713        0.3
60714        0.5
60715        0.2
60716        0.5
60717        0.5
60718        0.6
60719        0.6
60720        1.3
60721        1.9
60722        2.5
60723        4.5
60724        5.3
60725        5.8
60726        6.3
60727        7.2
60728        7.3
60729        7.6
60730        7.7
60731        7.8
60732        8.2
60733        7.8
60734        8.3
60735        8.3
60736        8.3
60737        8.3
60738        8.1
60739        7.2
60740        7.4
60741        7.3
60742        6.7
60743        6.4
60744        5.9
60745        5.4
60746        5.0
60747        4.2
60748        3.3
60749        2.5
60750        1.7
60751        1.0
60752        0.7
60753       -0.1
60754       -0.8
60755       -0.9
60756       -1.0
60757       -1.3
60758       -1.6
60759       -1.4
60760       -2.0
60761       -2.1
60762       -2.3
60763       -2.9
60764       -2.3
60765       -2.0
60766       -0.9
60767        0.3
60768        0.1
60769       -0.2
60770       -0.5
60771        0.0
60772        0.0
60773        0.7
60774        0.8
60775        0.5
60776        0.5
60777        0.8
60778        0.8
60779        0.6
60780        0.2
60781        1.1
60782        1.3
60783        1.4
60784        1.6
60785        1.2
60786        1.2
60787        1.6
60788        1.9
60789        1.9
60790        2.0
60791        1.6
60792        2.4
60793        2.8
60794        2.1
60795        2.0
60796        2.3
60797        2.3
60798        2.3
60799        2.0
60800        1.9
60801        1.4
60802        1.5
60803        1.3
60804        1.2
60805        2.2
60806        2.3
60807        1.8
60808        0.6
60809        0.5
60810       -0.0
60811       -0.6
60812       -1.5
60813       -2.3
60814       -3.9
60815       -4.7
60816       -6.3
60817       -6.9
60818       -7.2
60819       -8.4
60820       -8.8
60821       -9.1
60822       -8.5
60823       -8.4
60824       -7.5
60825       -6.7
60826       -5.1
60827       -3.6
60828       -4.0
60829       -3.9
60830       -3.6
60831       -3.4
60832       -3.0
60833       -2.5
60834       -1.4
60835       -0.4
60836       -0.1
60837        0.4
60838        0.7
60839        0.8
60840        0.8
60841        1.0
60842        0.7
60843        1.0
60844        1.3
60845        1.5
60846        1.5
60847        1.5
60848        1.5
60849        1.6
60850        1.4
60851        1.7
60852        2.2
60853        1.7
60854        1.7
60855        1.8
60856        2.1
60857        2.3
60858        2.4
60859        2.9
60860        2.7
60861        2.9
60862        2.8
60863        2.2
60864        2.5
60865        2.2
60866        2.6
60867        2.8
60868        2.9
60869        2.6
60870        2.9
60871        2.9
60872        3.3
60873        3.2
60874        3.6
60875        3.1
60876        3.8
60877        4.4
60878        4.7
60879        4.4
60880        4.3
60881        4.3
60882        4.5
60883        3.8
60884        4.5
60885        4.5
60886        4.1
60887        4.1
60888        4.0
60889        4.1
60890        4.3
60891        4.7
60892        4.4
60893        3.3
60894        3.4
60895        3.5
60896        3.7
60897        3.9
60898        3.7
60899        3.4
60900        3.2
60901        3.1
60902        3.2
60903        2.7
60904        2.9
60905        3.1
60906        3.2
60907        3.0
60908        2.8
60909        2.9
60910        3.1
60911        3.4
60912        3.1
60913        3.6
60914        3.4
60915        3.3
60916        3.4
60917        3.3
60918        3.1
60919        2.9
60920        3.0
60921        3.0
60922        3.0
60923        3.1
60924        2.2
60925        1.8
60926        2.5
60927        2.6
60928        2.3
60929        2.3
60930        1.9
60931        2.0
60932        2.0
60933        2.4
60934        1.6
60935        1.4
60936        2.0
60937        2.4
60938        1.5
60939        1.9
60940        1.8
60941        2.3
60942        2.1
60943        2.2
60944        2.7
60945        3.5
60946        2.7
60947        3.3
60948        2.7
60949        3.8
60950        4.0
60951        4.0
60952        4.5
60953        4.5
60954        4.7
60955        4.6
60956        5.1
60957        5.6
60958        6.1
60959        6.5
60960        6.7
60961        7.3
60962        7.7
60963        7.7
60964        7.8
60965        8.4
60966        7.6
60967        7.1
60968        6.5
60969        6.6
60970        5.5
60971        5.4
60972        4.0
60973        3.2
60974        1.8
60975        1.5
60976        0.9
60977        0.4
60978       -0.6
60979        0.2
60980       -0.6
60981       -1.2
60982       -1.7
60983       -2.0
60984       -2.8
60985       -2.8
60986       -2.4
60987       -2.9
60988       -3.0
60989       -3.6
60990       -3.7
60991       -4.0
60992       -3.5
60993       -3.7
60994       -3.4
60995       -3.3
60996       -2.6
60997       -2.5
60998       -3.1
60999       -2.7
61000       -2.9
61001       -2.4
61002       -1.7
61003       -1.3
61004       -1.0
61005       -0.8
61006        0.3
61007        1.0
61008        1.2
61009        1.2
61010        1.6
61011        2.0
61012        2.8
61013        2.9
61014        3.2
61015        3.4
61016        3.9
61017        3.8
61018          -
61019          -
61020          -
61021          -
61022          -
61023          -
61038          -
61039          -
61040          -
61041          -
61042          -
61043          -
61044          -

# UTC remains available from the monthly Circular T at
# (http://www.bipm.org/en/bipm-services/timescales/time-ftp/Circular-T.html).
