# MJD  [UTCr-UTC(HKO)]/ns
58413     2173.1
58414     2174.9
58415     2172.9
58416     2175.0
58417     2181.9
58418     2186.0
58419     2192.0
58420     2193.1
58421     2194.4
58422     2197.4
58423     2197.1
58424     2200.6
58425     2200.1
58426     2204.0
58427      506.3
58428      512.4
58429      516.9
58430      518.7
58431      522.1
58432      524.8
58433      524.4
58434      529.5
58435      530.8
58436      534.4
58437      537.1
58438      544.6
58439      548.4
58440      552.5
58441      557.2
58442      560.0
58443      566.5
58444      574.6
58445      576.7
58446      582.8
58447      588.0
58448      589.8
58449      590.7
58450      596.2
58451      604.1
58452      606.9
58453      610.9
58454      615.1
58455      620.1
58456      619.8
58457      626.4
58458      629.7
58459      633.4
58460      638.1
58461      641.3
58462      649.4
58463      657.5
58464      664.8
58465      671.5
58466      675.2
58467      680.4
58468      683.4
58469      688.3
58470      693.7
58471      696.9
58472      701.5
58473      708.2
58474      712.5
58475      714.9
58476      718.2
58477      719.7
58478      723.4
58479      728.5
58480      732.4
58481      736.8
58482      741.0
58483      744.8
58484      750.8
58485      753.1
58486      757.5
58487      761.7
58488      763.4
58489      766.8
58490      770.3
58491      774.8
58492      779.3
58493      786.0
58494      789.9
58495      795.2
58496      798.7
58497      802.8
58498      809.1
58499      813.8
58500      816.6
58501      825.4
58502      831.2
58503      837.0
58504      839.3
58505      844.8
58506      852.4
58507      859.5
58508      863.8
58509      868.2
58510      875.3
58511      878.5
58512      876.1
58513      879.7
58514      884.8
58515      888.5
58516      890.2
58517      892.7
58518      891.3
58519      894.6
58520      900.9
58521      904.4
58522      910.9
58523      918.4
58524      926.4
58525      928.7
58526      933.5
58527      937.5
58528      940.1
58529      944.7
58530      948.4
58531      953.3
58532      950.8
58533      953.1
58534      957.5
58535      960.3
58536      961.7
58537      968.5
58538      978.3
58539      980.2
58540      -19.9
58541      -21.4
58542      -23.1
58543      -20.4
58544      -18.8
58545      -18.7
58546      -20.2
58547      -24.4
58548      -23.5
58549      -24.6
58550      -25.8
58551      -27.6
58552      -27.7
58553      -29.5
58554      -27.6
58555      -28.6
58556      -28.3
58557      -28.5
58558      -29.4
58559      -27.6
58560      -27.6
58561      -31.0
58562      -31.9
58563      -35.0
58564      -35.4
58565      -32.5
58566      -31.2
58567      -32.4
58568      -31.5
58569      -30.3
58570      -30.2
58571      -34.6
58572      -30.5
58573      -28.1
58574      -28.5
58575      -31.7
58576      -31.8
58577      -34.1
58578      -35.2
58579      -32.7
58580      -32.9
58581      -33.3
58582      -32.3
58583      -29.2
58584      -29.3
58585      -28.7
58586      -24.0
58587      -23.0
58588      -21.2
58589      -20.1
58590      -21.5
58591      -21.8
58592      -22.4
58593      -18.3
58594      -19.1
58595      -21.7
58596      -20.9
58597      -22.2
58598      -19.9
58599      -17.0
58600      -17.4
58601      -18.7
58602      -16.8
58603      -16.7
58604      -14.8
58605      -14.4
58606      -13.0
58607      -14.7
58608      -17.1
58609      -16.0
58610      -14.4
58611      -14.3
58612      -14.9
58613      -15.6
58614       -9.7
58615      -10.5
58616      -10.0
58617      -11.9
58618      -13.0
58619      -10.4
58620      -12.3
58621       -7.0
58622       -4.9
58623       -2.3
58624        1.4
58625        1.0
58626       -1.4
58627       -0.9
58628       -1.0
58629       -3.1
58630       -1.6
58631       -1.5
58632        0.2
58633        4.8
58634        8.9
58635       10.6
58636        9.4
58637       10.7
58638        8.8
58639        9.4
58640       10.6
58641       12.7
58642       13.2
58643       13.5
58644       14.9
58645       15.5
58646       14.1
58647       15.0
58648       20.0
58649       22.5
58650       24.9
58651       28.5
58652       24.6
58653       24.4
58654       22.7
58655       18.5
58656       21.7
58657       24.5
58658       22.9
58659       24.0
58660       26.6
58661       26.0
58662       26.9
58663       25.0
58664       26.6
58665       26.5
58666       25.5
58667       26.0
58668       27.3
58669       28.5
58670       26.7
58671       23.8
58672       26.0
58673       24.8
58674       28.1
58675       28.4
58676       31.7
58677       35.9
58678       36.0
58679       37.1
58680       35.2
58681       37.6
58682       42.4
58683       43.1
58684       44.7
58685       48.0
58686       47.5
58687       45.8
58688       48.4
58689       49.1
58690       48.6
58691       50.8
58692       50.4
58693       51.8
58694       52.4
58695       56.2
58696       55.9
58697       56.4
58698       56.5
58699       58.9
58700       62.1
58701       58.9
58702       61.1
58703       64.1
58704       64.6
58705       64.2
58706       64.0
58707       66.0
58708       67.1
58709       67.2
58710       66.4
58711       63.9
58712       63.7
58713       65.7
58714       65.2
58715       46.6
58716       51.6
58717       53.0
58718       55.6
58719       57.7
58720       58.3
58721       61.4
58722       65.5
58723       66.8
58724       68.3
58725       68.1
58726       69.5
58727       70.8
58728       72.6
58729       75.0
58730       76.6
58731       77.0
58732       80.6
58733       79.7
58734       80.8
58735       82.2
58736       77.3
58737       76.9
58738       76.9
58739       76.1
58740       77.9
58741          -
58742          -
58743       80.3
58744       85.0
58745       85.5
58746       88.3
58747       90.5
58748       89.7
58749       88.8
58750       90.5
58751       86.7
58752       85.6
58753       87.2
58754       87.5
58755       86.9
58756       88.7
58757       88.7
58758       90.5
58759       93.0
58760       92.5
58761       88.4
58762       90.6
58763       91.7
58764       91.7
58765       90.2
58766       87.3
58767          -
58768          -
58769          -
58770       97.5
58771       98.2
58772       12.9
58773       12.6
58774       14.0
58775       17.3
58776       15.8
58777       17.8
58778       19.2
58779       21.5
58780       21.1
58781       19.7
58782       20.2
58783       20.4
58784       21.4
58785       19.7
58786       25.0
58787      111.3
58788      111.6
58789      110.3
58790      111.1
58791      114.1
58792      114.3
58793      114.4
58794      120.4
58795      122.7
58796      123.3
58797      123.4
58798      126.5
58799      127.6
58800      130.1
58801      124.4
58802      126.5
58803      130.6
58804      131.5
58805      134.7
58806      137.4
58807      138.5
58808      143.0
58809      137.9
58810      136.6
58811      136.5
58812      138.6
58813      140.9
58814      143.6
58815      144.7
58816      145.1
58817      146.2
58818      147.2
58819      150.4
58820      151.9
58821      152.2
58822      154.7
58823      158.4
58824      158.4
58825      159.9
58826      160.0
58827      162.5
58828      166.8
58829      169.4
58830      171.2
58831      172.8
58832      169.5
58833      168.6
58834      166.3
58835      164.3
58836      166.6
58837      169.5
58838      171.9
58839      171.3
58840      168.3
58841      171.6
58842      169.5
58843      170.3
58844      169.5
58845      170.5
58846      171.6
58847      173.8
58848      175.7
58849      176.0
58850      176.6
58851      178.2
58852      179.2
58853      181.0
58854      185.2
58855      188.6
58856      187.8
58857      187.3
58858      188.6
58859      188.1
58860      191.3
58861      192.7
58862      196.6
58863      196.7
58864      200.5
58865      201.2
58866      199.4
58867      198.5
58868      202.9
58869      204.1
58870      204.2
58871      203.2
58872      203.7
58873      205.0
58874      202.7
58875      202.4
58876      204.3
58877      206.7
58878      207.8
58879      208.4
58880      207.2
58881      204.9
58882      208.9
58883      210.9
58884      212.4
58885      212.4
58886      215.5
58887      221.9
58888      225.0
58889      224.2
58890      224.5
58891      229.7
58892      232.7
58893      232.5
58894      233.1
58895      234.0
58896      234.9
58897      234.5
58898      237.5
58899      239.4
58900      241.6
58901      242.5
58902      244.7
58903      248.4
58904      247.3
58905      247.9
58906      248.2
58907      247.6
58908      249.1
58909      252.9
58910      254.3
58911      258.2
58912      260.4
58913      261.0
58914      262.5
58915      265.4
58916      267.3
58917      270.1
58918      268.7
58919      269.3
58920      269.6
58921      269.5
58922      274.3
58923      274.2
58924      274.2
58925      276.1
58926      278.9
58927      279.4
58928      279.9
58929      280.4
58930      287.2
58931      287.3
58932      291.5
58933      293.8
58934      293.3
58935      294.2
58936      295.6
58937      297.3
58938      297.6
58939      297.8
58940      301.4
58941      301.2
58942      299.0
58943      298.7
58944      302.1
58945      299.0
58946      302.3
58947      305.8
58948      308.2
58949      311.0
58950      311.2
58951      313.1
58952      316.9
58953      320.6
58954      321.5
58955      322.9
58956      321.8
58957      323.0
58958      323.1
58959      324.5
58960      328.5
58961      330.8
58962      331.7
58963      335.4
58964      333.3
58965      335.4
58966      338.0
58967      339.4
58968      338.7
58969      339.3
58970      345.5
58971      348.3
58972      350.0
58973      351.3
58974      357.2
58975      358.9
58976      360.4
58977      366.3
58978      363.6
58979      365.3
58980      367.8
58981      369.6
58982      371.3
58983      372.8
58984      370.3
58985      372.7
58986      375.7
58987      377.2
58988      379.7
58989      383.2
58990      384.4
58991      386.0
58992      387.8
58993      391.3
58994      391.2
58995      394.2
58996      391.1
58997      393.5
58998      394.0
58999      392.2
59000      395.8
59001      398.5
59002      402.4
59003      406.5
59004      411.4
59005      411.9
59006      411.7
59007      413.3
59008      413.3
59009      415.1
59010      418.1
59011      424.1
59012      425.4
59013      427.0
59014      433.1
59015      434.0
59016      437.5
59017      440.6
59018      444.7
59019      445.0
59020      447.0
59021      450.9
59022      455.9
59023      455.2
59024      456.5
59025      456.4
59026      456.7
59027      456.1
59028      457.3
59029      459.8
59030      463.7
59031      466.0
59032      468.4
59033      471.9
59034      476.3
59035      478.1
59036      477.9
59037      479.2
59038      482.0
59039      482.3
59040      482.8
59041      482.3
59042      484.8
59043      485.2
59044      484.7
59045      486.9
59046      488.8
59047      491.8
59048      492.0
59049      493.5
59050      494.0
59051      495.3
59052      494.0
59053      494.5
59054      497.8
59055      500.4
59056      501.3
59057      501.9
59058      502.9
59059      504.4
59060      503.0
59061      501.6
59062          -
59063          -
59064          -
59065      505.6
59066      513.2
59067      515.6
59068      511.4
59069      511.2
59070      513.0
59071      516.1
59072      516.2
59073      517.6
59074      523.5
59075      529.3
59076      533.1
59077      536.0
59078      539.8
59079      543.4
59080      543.0
59081      544.4
59082      550.1
59083      550.7
59084      550.5
59085      552.5
59086      554.3
59087      555.1
59088      557.9
59089      564.3
59090      568.6
59091      567.2
59092      571.4
59093      573.4
59094      572.1
59095      574.4
59096      571.2
59097      569.5
59098      571.1
59099      566.8
59100      567.8
59101      568.0
59102      572.3
59103      572.3
59104      574.1
59105      577.7
59106      580.4
59107      580.1
59108      582.5
59109      584.8
59110      582.2
59111      583.2
59112      583.7
59113      587.4
59114      588.3
59115      590.6
59116      592.7
59117      595.7
59118      599.8
59119      601.1
59120      604.5
59121      606.2
59122      610.0
59123      610.8
59124      613.0
59125      618.3
59126      616.9
59127      621.6
59128      622.6
59129      624.0
59130      630.9
59131      635.4
59132      637.7
59133      638.8
59134      641.2
59135      641.5
59136      641.4
59137      644.1
59138      643.2
59139      646.8
59140      649.4
59141      650.0
59142      653.3
59143      653.8
59144      652.4
59145      652.8
59146      657.3
59147      659.0
59148      660.5
59149      665.9
59150      664.7
59151      663.8
59152      666.2
59153      666.2
59154      668.0
59155      669.7
59156      667.5
59157      664.1
59158      664.1
59159      663.0
59160      665.4
59161      667.7
59162      670.6
59163      673.2
59164      676.6
59165      678.3
59166      680.9
59167      681.0
59168      683.4
59169      683.9
59170      688.4
59171      691.3
59172      691.9
59173      693.7
59174      697.0
59175      698.4
59176      697.5
59177      695.3
59178      701.4
59179          -
59180       -8.0
59181        2.5
59182        4.2
59183        6.9
59184        9.9
59185        9.6
59186        9.5
59187       10.4
59188       15.7
59189       15.7
59190       16.1
59191       17.3
59192       19.8
59193       24.6
59194       26.4
59195       24.4
59196       23.7
59197       23.8
59198       29.6
59199       31.4
59200       29.3
59201       30.4
59202       30.6
59203       28.9
59204       30.7
59205       34.8
59206       36.5
59207       39.3
59208       39.6
59209       41.3
59210       43.0
59211       47.7
59212       48.4
59213       49.0
59214       53.5
59215       54.6
59216       55.1
59217       54.7
59218       58.6
59219       61.6
59220       65.4
59221       70.2
59222       70.0
59223       73.9
59224       75.3
59225       76.6
59226       79.3
59227       81.7
59228       89.6
59229       91.5
59230       86.5
59231       86.4
59232       86.1
59233       86.6
59234       85.8
59235       88.3
59236       90.6
59237       93.4
59238       91.9
59239       91.1
59240       92.1
59241       90.0
59242       93.2
59243       97.2
59244       99.8
59245      102.5
59246      104.7
59247      102.4
59248      102.8
59249      103.8
59250       97.6
59251       98.7
59252       99.3
59253       97.7
59254       96.7
59255      102.0
59256      101.8
59257      101.5
59258      103.5
59259      105.6
59260      102.0
59261      105.4
59262      104.5
59263      108.1
59264      104.3
59265      101.2
59266       99.6
59267       98.4
59268       98.2
59269       96.6
59270       97.3
59271       96.9
59272      102.4
59273      102.6
59274      102.4
59275       99.8
59276       99.9
59277       98.3
59278       98.3
59279       98.8
59280      101.5
59281      103.0
59282      107.9
59283      111.5
59284      114.5
59285      115.2
59286      113.7
59287      113.8
59288      114.2
59289      112.2
59290      115.9
59291      114.8
59292      111.5
59293      115.9
59294          -
59295          -
59296          -
59297          -
59298          -
59299          -
59300          -
59301          -
59302          -
59303          -
59304          -
59305          -
59306          -
59307          -
59308          -
59365     -248.2
59366     -267.8
59367     -285.6
59368     -302.9
59369     -321.0
59370     -339.3
59371     -358.7
59372     -375.7
59373     -394.3
59374     -414.1
59375     -431.1
59376     -446.1
59377     -461.4
59378     -476.4
59379     -494.0
59380     -509.8
59381     -525.4
59382     -540.2
59383     -558.3
59384     -573.2
59385     -592.4
59386     -609.5
59387     -624.4
59388     -641.5
59389     -662.9
59390     -681.0
59391     -698.3
59392     -715.7
59393     -731.7
59394        4.5
59395        0.4
59396        1.7
59397        1.8
59398        0.5
59399        0.8
59400       -0.1
59401        2.0
59402        2.2
59403        3.8
59404        4.8
59405        3.4
59406        2.6
59407       -0.4
59408       -0.0
59409        0.2
59410       -1.7
59411       -2.8
59412       -6.1
59413       -5.1
59414       -4.2
59415       -2.4
59416       -5.4
59417       -6.7
59418       -7.3
59419       -7.3
59420      -10.1
59421       -8.5
59422       -5.6
59423       -8.7
59424       -7.8
59425       -7.0
59426       -4.5
59427       -3.8
59428       -3.7
59429       -2.9
59430       -3.5
59431       -2.2
59432       -0.4
59433        0.4
59434       -1.7
59435       -0.8
59436        0.6
59437       -0.5
59438       -1.7
59439       -1.4
59440       -2.9
59441       -2.5
59442       -1.6
59443       -0.6
59444       -4.1
59445       -5.9
59446       -3.7
59447       -5.1
59448       -7.2
59449       -6.3
59450       -9.0
59451       -6.4
59452       -7.5
59453       -6.6
59454       -8.1
59455       -5.9
59456       -9.9
59457      -12.0
59458      -14.5
59459      -13.3
59460      -12.8
59461      -14.0
59462      -15.5
59463      -16.3
59464      -13.4
59465      -14.9
59466      -17.5
59467      -19.0
59468      -20.0
59469      -20.5
59470      -20.4
59471      -20.2
59472      -18.3
59473      -18.9
59474      -15.3
59475      -17.0
59476      -14.4
59477      -13.4
59478      -11.1
59479      -10.5
59480       -9.9
59481      -10.5
59482      -13.2
59483      -14.3
59484      -16.2
59485      -14.9
59486      -15.0
59487      -11.5
59488      -10.8
59489      -12.9
59490      -12.2
59491       -8.1
59492       -9.5
59493       -8.8
59494      -13.8
59495      -15.6
59496      -12.4
59497      -13.9
59498      -12.3
59499      -10.4
59500       -8.1
59501       -9.1
59502       -7.0
59503       -6.6
59504       -3.3
59505       -2.0
59506       -3.0
59507       -4.6
59508       -5.2
59509       -4.0
59510       -3.9
59511       -4.8
59512       -6.7
59513       -7.2
59514       -7.3
59515       -7.3
59516       -5.9
59517       -7.1
59518       -5.3
59519       -4.4
59520       -5.1
59521       -2.7
59522       -2.4
59523       -2.6
59524       -3.4
59525       -7.5
59526       -7.2
59527      -10.5
59528       -7.6
59529       -8.4
59530       -6.6
59531       -4.2
59532       -4.3
59533       -4.0
59534       -5.5
59535       -3.6
59536       -1.9
59537        0.8
59538        1.0
59539       -1.7
59540       -0.7
59541        0.4
59542        3.4
59543        3.2
59544        4.8
59545        3.8
59546        3.3
59547        0.7
59548        3.8
59549        3.7
59550        1.6
59551       -0.8
59552        1.0
59553        1.8
59554        2.8
59555        4.1
59556        4.7
59557        6.7
59558        5.6
59559        7.2
59560        9.8
59561        8.3
59562       10.2
59563       14.5
59564       13.6
59565       15.1
59566       14.0
59567       13.9
59568       14.4
59569       13.8
59570       16.0
59571       16.5
59572       19.7
59573       21.1
59574       21.4
59575       24.2
59576       26.2
59577       26.9
59578       26.7
59579       28.4
59580       27.7
59581       29.0
59582       30.2
59583       30.3
59584       31.4
59585       34.3
59586       39.3
59587       37.9
59588       41.1
59589       38.7
59590       38.7
59591       39.6
59592       39.2
59593       42.4
59594       44.6
59595       43.2
59596       46.5
59597       48.4
59598       53.2
59599       52.3
59600       53.2
59601       54.8
59602       54.6
59603       53.8
59604       57.5
59605       56.4
59606       56.3
59607       55.5
59608       56.9
59609       56.8
59610       54.5
59611       51.9
59612       52.4
59613       53.4
59614       56.0
59615       55.6
59616       58.2
59617       56.7
59618       57.3
59619       57.7
59620       60.8
59621       61.2
59622       61.5
59623       60.1
59624       63.5
59625       66.5
59626       67.2
59627       66.8
59628       66.5
59629       65.5
59630       64.4
59631       63.6
59632       62.3
59633       65.4
59634       64.9
59635       69.4
59636       71.4
59637       74.6
59638       75.9
59639       78.8
59640       77.5
59641       77.7
59642       77.8
59643       77.0
59644       75.4
59645       79.0
59646       78.8
59647       78.1
59648       76.5
59649       78.0
59650       77.8
59651       78.0
59652       80.7
59653       81.3
59654       80.7
59655       81.4
59656       83.3
59657       86.0
59658       88.5
59659       86.9
59660       88.0
59661       86.3
59662       88.6
59663       90.4
59664       92.8
59665       96.1
59666       97.6
59667       97.2
59668      102.9
59669      101.0
59670      101.0
59671      101.7
59672      104.3
59673      105.5
59674      104.8
59675      105.4
59676      105.5
59677      106.6
59678      107.6
59679      107.4
59680      107.1
59681      110.6
59682      107.5
59683      108.6
59684      108.0
59685      106.0
59686      105.8
59687      107.3
59688      106.3
59689      110.2
59690      109.3
59691      110.1
59692      115.0
59693      115.8
59694      115.9
59695      117.8
59696      122.3
59697      120.5
59698      124.8
59699          -
59700          -
59701          -
59702      140.8
59703      143.0
59704      145.1
59705      145.4
59706      147.3
59707      151.0
59708      152.2
59709      152.4
59710      157.4
59711      161.7
59712      162.2
59713      165.7
59714      170.1
59715      170.4
59716      171.4
59717      173.1
59718      173.3
59719      175.9
59720      177.8
59721      180.2
59722      180.6
59723      183.8
59724      188.7
59725      191.5
59726      193.8
59727      198.1
59728      200.6
59729      199.7
59730      201.7
59731      206.9
59732      207.7
59733      208.6
59734      212.0
59735      213.1
59736      217.7
59737      217.7
59738      219.0
59739      220.7
59740      222.0
59741      224.3
59742      223.8
59743      224.5
59744      228.1
59745      229.3
59746      233.5
59747      236.5
59748      240.7
59749      244.2
59750      241.4
59751      246.6
59752      251.7
59753      254.6
59754      258.7
59755      261.6
59756      261.4
59757      263.7
59758      264.5
59759      270.2
59760      271.5
59761      270.1
59762      271.7
59763      272.9
59764      269.3
59765      272.2
59766      273.3
59767      271.6
59768      275.5
59769      278.7
59770      279.9
59771      285.3
59772      284.9
59773      288.3
59774      294.5
59775      299.1
59776      299.7
59777      299.2
59778      302.2
59779      307.0
59780      310.2
59781      313.6
59782      318.8
59783      321.0
59784      321.6
59785      324.6
59786      327.5
59787      330.3
59788      331.7
59789      333.9
59790      335.8
59791      341.2
59792      342.8
59793      347.9
59794      349.5
59795      348.6
59796      347.6
59797      349.4
59798      348.9
59799      349.3
59800      356.0
59801      356.3
59802      360.2
59803      364.7
59804      369.1
59805      371.9
59806      375.3
59807      379.1
59808      381.0
59809      382.7
59810      386.0
59811      391.0
59812      393.7
59813      396.3
59814      400.1
59815      404.1
59816      404.4
59817      407.2
59818      408.6
59819      412.9
59820      416.2
59821      422.7
59822      425.9
59823      430.4
59824      438.1
59825      441.7
59826      442.6
59827      445.3
59828      449.0
59829      449.5
59830      452.0
59831      452.2
59832      456.6
59833      459.5
59834      464.0
59835      468.3
59836      473.9
59837      477.4
59838      475.3
59839      478.9
59840      480.8
59841      485.0
59842      488.2
59843      492.9
59844      496.6
59845      499.6
59846      502.6
59847      504.5
59848      510.2
59849      514.4
59850      518.0
59851      524.4
59852      526.8
59853      530.0
59854      534.5
59855      535.5
59856      535.4
59857      535.1
59858      541.1
59859      544.8
59860      551.2
59861      551.0
59862      552.5
59863      554.3
59864      558.0
59865      563.5
59866      566.7
59867      572.1
59868      576.1
59869      578.1
59870      582.0
59871      584.5
59872      587.7
59873      595.5
59874      601.4
59875      603.5
59876      605.2
59877      608.9
59878      611.0
59879      615.6
59880      614.7
59881      618.3
59882      626.6
59883      630.7
59884      635.5
59885      639.1
59886      641.8
59887      645.4
59888      649.4
59889      651.2
59890      656.7
59891      657.3
59892      657.5
59893      660.8
59894      665.8
59895      667.7
59896      673.3
59897      675.8
59898      677.8
59899      679.6
59900      685.0
59901      689.8
59902      694.2
59903      701.0
59904      706.0
59905      707.9
59906      712.8
59907      713.2
59908      718.5
59909      724.2
59910      725.4
59911      726.9
59912      733.0
59913      736.8
59914      741.7
59915      746.0
59916      752.6
59917      752.7
59918      756.5
59919      760.4
59920      766.2
59921      772.4
59922      774.3
59923      778.4
59924      784.7
59925      790.7
59926      794.8
59927      790.9
59928      794.8
59929      801.1
59930      804.4
59931      808.8
59932      810.7
59933      814.4
59934      815.8
59935      819.0
59936      825.6
59937      832.4
59938      836.1
59939      839.4
59940      840.3
59941      845.4
59942      852.1
59943      857.4
59944      860.9
59945      862.7
59946      863.2
59947      867.1
59948      870.6
59949      875.6
59950      878.4
59951      881.3
59952      886.2
59953      887.7
59954      891.2
59955      897.4
59956      899.4
59957      905.6
59958      909.2
59959      916.7
59960      921.1
59961      924.7
59962      927.5
59963      932.9
59964      938.0
59965      945.0
59966      946.9
59967      953.8
59968      965.3
59969      970.5
59970      975.0
59971      979.6
59972      985.4
59973      995.7
59974          -
59975       42.9
59976       45.7
59977       48.6
59978       47.4
59979       47.7
59980       46.9
59981       47.5
59982       49.2
59983       53.5
59984       53.3
59985       53.2
59986       56.1
59987       55.8
59988       57.7
59989       57.3
59990       63.4
59991       68.0
59992       76.7
59993       75.7
59994       77.5
59995       80.1
59996       80.0
59997       83.8
59998       87.5
59999       87.2
60000       90.0
60001       88.8
60002       85.6
60003       85.7
60004       86.7
60005       88.1
60006       88.7
60007       92.0
60008       95.0
60009       92.1
60010       96.1
60011      101.6
60012      101.7
60013      106.5
60014      103.9
60015      102.2
60016      102.1
60017      109.0
60018      106.8
60019      106.8
60020      103.8
60021      104.4
60022      106.6
60023      105.7
60024      109.3
60025      108.4
60026      108.9
60027      107.0
60028      109.8
60029      110.6
60030      113.4
60031      113.6
60032      117.8
60033      121.6
60034      125.1
60035      128.6
60036      131.6
60037      132.0
60038      130.4
60039      130.1
60040      133.2
60041      136.4
60042      137.5
60043      140.1
60044      143.8
60045      147.7
60046      149.0
60047      153.5
60048      156.4
60049      159.9
60050      165.0
60051      164.8
60052      168.5
60053      172.5
60054      177.1
60055      180.3
60056      183.2
60057      185.4
60058      187.3
60059      188.4
60060      186.5
60061      187.2
60062      191.3
60063      197.1
60064      202.1
60065      203.4
60066      206.2
60067      205.7
60068      205.6
60069      207.0
60070      206.4
60071      211.3
60072      215.3
60073      215.5
60074      215.4
60075      217.5
60076      222.1
60077      226.2
60078      226.9
60079      233.0
60080      238.0
60081      239.8
60082      239.1
60083      244.1
60084      246.1
60085      245.1
60086      252.9
60087      256.9
60088      257.0
60089      256.9
60090      260.6
60091      263.1
60092      265.6
60093      269.7
60094      273.8
60095      275.7
60096      278.3
60097      280.3
60098      278.4
60099      285.2
60100      287.4
60101      290.7
60102      289.2
60103      288.0
60104      291.6
60105      290.0
60106      291.1
60107      294.0
60108      297.5
60109      299.2
60110      298.4
60111      297.8
60112      297.7
60113      304.4
60114      307.9
60115      308.9
60116      311.4
60117      314.7
60118      318.1
60119      318.5
60120      320.7
60121      322.0
60122      325.2
60123      325.9
60124      324.6
60125      330.7
60126      335.4
60127      338.7
60128      338.6
60129      337.7
60130      340.4
60131      341.3
60132      343.0
60133      343.1
60134      343.0
60135      344.9
60136      345.4
60137      347.5
60138      352.1
60139      356.0
60140      359.5
60141      364.0
60142      365.6
60143      374.9
60144      377.6
60145      378.5
60146      380.0
60147      382.6
60148      389.5
60149      400.4
60150      402.0
60151      407.5
60152      412.1
60153      413.1
60154      411.1
60155      413.7
60156      417.1
60157      419.6
60158      422.6
60159      426.4
60160      433.8
60161      437.3
60162      438.3
60163      444.6
60164      447.2
60165      448.6
60166      451.6
60167      455.2
60168      462.1
60169      464.3
60170      467.9
60171      471.4
60172      476.5
60173      481.8
60174      485.1
60175      486.1
60176      489.5
60177      488.5
60178      491.1
60179      494.5
60180      500.2
60181      503.3
60182      507.9
60183      511.7
60184      516.0
60185      521.5
60186      526.2
60187      530.5
60188      530.8
60189      539.2
60190      543.6
60191      547.2
60192      549.8
60193      550.5
60194      552.0
60195      555.4
60196      554.5
60197      556.3
60198      557.2
60199      561.1
60200      565.0
60201      567.7
60202      575.4
60203      581.0
60204      579.2
60205      580.5
60206      581.7
60207      584.5
60208      585.1
60209      594.2
60210      597.5
60211      601.3
60212          -
60213      613.4
60214      611.4
60215      618.6
60216      621.2
60217      628.0
60218      632.8
60219      633.4
60220      641.4
60221      649.5
60222      656.2
60223      662.4
60224      667.3
60225      667.8
60226      670.2
60227      673.4
60228      672.5
60229      678.1
60230      679.5
60231      680.6
60232      683.0
60233      688.9
60234      695.1
60235      697.7
60236      698.5
60237      704.8
60238      707.9
60239      712.4
60240      716.5
60241      723.9
60242      728.0
60243      728.3
60244      731.0
60245      731.0
60246      738.6
60247      744.9
60248      747.3
60249      755.7
60250      759.4
60251      761.4
60252      767.3
60253      771.9
60254      774.8
60255      781.0
60256      786.6
60257      791.5
60258      794.7
60259      800.9
60260      806.0
60261      809.9
60262      813.6
60263      817.4
60264      821.7
60265      827.0
60266      831.5
60267      836.2
60268      840.1
60269      844.6
60270      851.2
60271      857.4
60272      862.7
60273      867.8
60274      868.2
60275      873.2
60276      877.7
60277      880.8
60278      884.8
60279      890.5
60280      896.1
60281      900.1
60282      899.5
60283      906.9
60284      909.6
60285      916.8
60286      922.3
60287      928.8
60288      929.9
60289      934.7
60290      939.8
60291      948.9
60292      952.7
60293      955.1
60294      955.7
60295      964.4
60296      967.9
60297      969.7
60298      975.8
60299      982.3
60300      987.7
60301      997.5
60302     1002.2
60303     1005.6
60304     1009.8
60305     1019.2
60306     1026.5
60307     1031.5
60308     1035.3
60309     1041.4
60310     1048.8
60311     1054.4
60312     1060.3
60313     1066.6
60314     1071.8
60315     1078.5
60316     1083.6
60317     1088.0
60318     1088.9
60319     1093.9
60320     1096.9
60321     1104.8
60322     1110.2
60323     1111.7
60324     1115.0
60325     1119.3
60326     1121.3
60327     1121.6
60328     1127.9
60329     1133.8
60330     1138.4
60331     1147.4
60332     1154.9
60333     1161.4
60334     1164.8
60335     1172.4
60336     1181.9
60337     1188.6
60338     1194.7
60339     1196.6
60340       -0.8
60341        2.0
60342        5.9
60343        7.1
60344        8.1
60345        6.0
60346        4.6
60347        3.0
60348        8.0
60349       12.9
60350       15.3
60351       18.7
60352       23.1
60353       25.3
60354       27.8
60355       26.9
60356       23.9
60357       22.1
60358       20.6
60359       21.3
60360       21.7
60361       21.1
60362       27.5
60363       30.6
60364       31.1
60365       33.1
60366       35.0
60367       36.5
60368       38.1
60369       42.1
60370       43.9
60371       45.5
60372       48.0
60373       49.4
60374       46.5
60375       48.9
60376       52.7
60377       55.4
60378       56.7
60379       54.7
60380       58.1
60381       58.9
60382       58.4
60383       57.3
60384       56.7
60385       57.4
60386       59.4
60387       60.8
60388       64.4
60389       69.1
60390       70.3
60391       71.3
60392       68.9
60393       70.8
60394       66.2
60395       67.4
60396       70.0
60397       73.7
60398       78.2
60399       80.1
60400       80.1
60401       86.3
60402       91.2
60403       97.0
60404       99.3
60405      102.3
60406      102.5
60407      106.1
60408      113.0
60409      117.6
60410      117.7
60411      118.1
60412      120.8
60413      119.5
60414      123.1
60415      121.2
60416      122.3
60417      126.0
60418      131.8
60419      134.9
60420      134.6
60421      135.3
60422      140.8
60423      138.1
60424      141.2
60425      141.3
60426      143.7
60427      144.2
60428      144.0
60429      149.0
60430      151.8
60431      154.6
60432      153.4
60433      155.6
60434      157.1
60435      162.8
60436      166.2
60437      173.8
60438      174.0
60439      169.2
60440      170.8
60441      178.2
60442      182.3
60443      179.5
60444      181.8
60445      185.3
60446      184.4
60447      192.4
60448      190.6
60449      192.4
60450      192.8
60451      192.9
60452      190.6
60453      192.4
60454      192.4
60455      195.5
60456      197.5
60457      200.1
60458      201.8
60459      205.0
60460      211.2
60461      215.6
60462      214.8
60463      217.4
60464      218.5
60465      221.0
60466      224.0
60467      227.2
60468      228.8
60469      233.1
60470      232.8
60471      234.6
60472      237.9
60473      241.4
60474      243.1
60475      244.6
60476      249.2
60477      252.6
60478      254.9
60479      257.8
60480      260.0
60481      263.4
60482      263.8
60483      267.5
60484      269.6
60485      270.7
60486      274.4
60487      278.4
60488      283.4
60489      287.5
60490      290.9
60491      294.0
60492      300.1
60493      302.5
60494      309.3
60495      309.4
60496      309.4
60497      309.2
60498      312.5
60499      316.6
60500      320.5
60501      324.4
60502      328.2
60503      337.5
60504      346.1
60505      345.8
60506      353.6
60507      356.3
60508      358.6
60509      360.5
60510      363.9
60511      367.1
60512      371.5
60513      375.2
60514      379.5
60515      383.8
60516      386.0
60517      394.5
60518      401.3
60519      405.0
60520      409.9
60521      408.9
60522      411.7
60523      416.4
60524      422.2
60525      429.2
60526      434.8
60527      437.2
60528      438.3
60529      445.3
60530      446.1
60531      447.2
60532      448.9
60533      454.8
60534      461.1
60535      466.3
60536      470.9
60537      472.3
60538      469.9
60539      472.5
60540      473.6
60541      475.8
60542      481.5
60543      484.1
60544      486.0
60545      486.7
60546      488.0
60547      492.4
60548      491.4
60549      492.8
60550      498.4
60551      502.0
60552      504.6
60553      502.4
60554      508.0
60555      507.8
60556      510.2
60557      513.0
60558      516.5
60559      520.9
60560      523.9
60561      526.6
60562      529.1
60563      533.6
60564      537.4
60565      546.1
60566      550.6
60567      551.9
60568      554.3
60569      557.5
60570      564.9
60571      570.6
60572      571.5
60573      577.8
60574      582.0
60575      585.7
60576      589.0
60577      591.6
60578      596.2
60579      598.9
60580      605.7
60581      608.7
60582      615.7
60583      622.2
60584      626.6
60585      632.2
60586      635.1
60587      640.6
60588      641.5
60589      646.1
60590      650.6
60591      649.6
60592      652.6
60593      657.0
60594      663.4
60595      671.9
60596      676.2
60597      680.5
60598      683.2
60599      684.1
60600      686.1
60601      692.6
60602      700.1
60603      706.1
60604      702.9
60605      710.7
60606      717.5
60607      721.1
60608      722.3
60609      726.2
60610      727.3
60611      734.7
60612      744.0
60613      747.7
60614      751.6
60615      756.2
60616      759.3
60617      762.4
60618      766.7
60619      774.2
60620      780.9
60621      783.1
60622      786.7
60623      788.2
60624      791.3
60625      795.6
60626      799.9
60627      806.4
60628      811.7
60629      814.4
60630      822.3
60631      828.3
60632      835.2
60633      839.6
60634      846.1
60635      849.6
60636      852.9
60637      857.5
60638      865.4
60639      871.7
60640      878.5
60641      882.3
60642      887.0
60643      892.1
60644      893.2
60645      898.8
60646      907.4
60647      916.3
60648      923.5
60649      928.4
60650      931.0
60651      935.9
60652      937.4
60653      940.2
60654      942.9
60655      946.8
60656      952.5
60657      960.3
60658      968.1
60659      976.6
60660      977.2
60661      983.3
60662      987.9
60663      990.2
60664      998.2
60665     1002.5
60666     1007.4
60667     1010.6
60668     1012.9
60669     1016.8
60670     1023.8
60671     1031.4
60672     1039.3
60673     1045.7
60674     1049.6
60675     1053.1
60676     1055.0
60677     1061.9
60678     1067.9
60679     1081.1
60680     1083.6
60681     1086.8
60682     1092.1
60683     1099.7
60684     1103.3
60685     1108.6
60686     1115.1
60687     1121.9
60688     1128.3
60689     1138.3
60690     1141.6
60691     1145.2
60692     1154.6
60693     1158.8
60694     1163.9
60695     1168.6
60696     1174.2
60697     1178.0
60698     1184.3
60699     1188.9
60700     1194.9
60701     1201.6
60702     1210.1
60703     1218.4
60704     1224.3
60705     1230.3
60706     1234.1
60707     1239.3
60708     1244.3
60709     1250.5
60710       52.1
60711       51.3
60712       49.7
60713       46.9
60714       48.0
60715       50.8
60716       52.4
60717       49.6
60718       52.3
60719       52.3
60720       48.7
60721       48.1
60722       48.7
60723       52.5
60724       54.3
60725       53.7
60726       47.8
60727       47.3
60728       47.8
60729       49.4
60730       48.9
60731       51.1
60732       47.0
60733       53.0
60734       56.8
60735       59.1
60736       61.5
60737       58.9
60738       60.8
60739       59.5
60740       61.2
60741       60.6
60742       63.4
60743       66.5
60744       69.1
60745       67.1
60746       66.4
60747       67.0
60748       67.3
60749       68.5
60750       65.1
60751       66.8
60752       71.6
60753       67.8
60754       68.3
60755       70.4
60756       69.8
60757       71.2
60758       71.9
60759       73.1
60760       70.3
60761       74.9
60762       74.5
60763       76.2
60764       81.0
60765       82.8
60766       82.4
60767       84.4
60768       88.6
60769       90.4
60770       90.3
60771       94.4
60772       90.2
60773       93.9
60774       93.5
60775      107.6
60776      105.6
60777      113.5
60778      117.2
60779      115.8
60780      115.5
60781      114.9
60782      120.8
60783      124.2
60784      123.9
60785      125.8
60786      128.8
60787      127.3
60788      128.4
60789      127.1
60790      128.5
60791      113.9
60792      116.7
60793      119.9
60794      126.2
60795      126.7
60796      119.1
60797      116.4
60798      117.7
60799      118.0
60800      119.2
60801      124.9
60802      127.6
60803      128.9
60804      129.2
60805      130.1
60806      134.4
60807      136.2
60808      143.0
60809      142.6
60810      141.0
60811      146.3
60812      148.7
60813      145.8
60814      147.1
60815      148.4
60816      149.2
60817      150.9
60818      152.4
60819      148.5
60820      150.1
60821      153.0
60822      153.0
60823      156.7
60824      157.1
60825      159.5
60826      160.4
60827      157.2
60828      155.4
60829      161.8
60830      165.4
60831      164.5
60832      167.2
60833      167.3
60834      167.5
60835      173.1
60836      174.2
60837      176.1
60838      181.9
60839      183.5
60840      184.8
60841      188.4
60842      191.2
60843      188.7
60844      189.8
60845      196.4
60846      200.3
60847      199.1
60848      199.4
60849      204.5
60850      206.5
60851      211.1
60852      214.4
60853      217.2
60854      215.8
60855      216.9
60856      220.4
60857      220.9
60858      223.2
60859      224.5
60860      228.3
60861      232.7
60862      235.5
60863      234.3
60864      238.0
60865      242.5
60866      240.0
60867      241.8
60868      244.0
60869      245.3
60870      246.5
60871      247.0
60872      247.1
60873      251.0
60874      255.9
60875      259.8
60876      261.2
60877      265.5
60878      262.8
60879      266.1
60880      272.7
60881      275.5
60882      279.5
60883      283.7
60884      286.7
60885      287.2
60886      288.2
60887      287.1
60888      289.3
60889      293.4
60890      292.5
60891      296.4
60892      300.6
60893      303.5
60894      304.3
60895      305.4
60896      307.7
60897      309.2
60898      308.0
60899      311.8
60900      314.1
60901      315.2
60902      314.0
60903      317.0
60904      321.0
60905      321.8
60906      324.6
60907      330.9
60908      332.8
60909      329.5
60910      333.0
60911      334.9
60912      335.2
60913      338.8
60914      342.3
60915      346.8
60916      355.9
60917      355.8
60918      359.0
60919      358.1
60920      360.3
60921      366.0
60922      371.4
60923      374.2
60924      377.8
60925      383.5
60926      386.0
60927      382.2
60928      383.2
60929      385.7
60930      388.4
60931      390.9
60932      396.0
60933      403.8
60934      406.6
60935      411.3
60936      413.7
60937      418.6
60938      417.7
60939      424.0
60940      428.5
60941      430.3
60942      431.6
60943      431.8
60944      434.5
60945      436.6
60946      437.2
60947      438.2
60948      444.4
60949      448.1
60950      452.7
60951      455.0
60952      457.6
60953      460.2
60954      466.9
60955      472.4
60956      477.8
60957      481.9
60958      487.3
60959      493.7
60960      498.9
60961      504.6
60962      507.0
60963      510.6
60964      514.2
60965      518.5
60966      521.2
60967      523.3
60968      522.2
60969      522.8
60970      526.1
60971      530.3
60972      533.3
60973      533.9
60974      535.3
60975      541.7
60976      541.4
60977      541.6
60978      544.6
60979      549.6
60980      556.1
60981      558.6
60982      561.5
60983      567.8
60984      568.2
60985      574.6
60986      581.1
60987      584.3
60988      583.2
60989      587.4
60990      588.5
60991      591.1
60992      593.7
60993      600.9
60994      605.1
60995      609.0
60996      612.2
60997      610.6
60998      612.7
60999      613.3
61000      617.1
61001      617.4
61002      614.6
61003      618.4
61004      619.0
61005      623.1
61006      619.0
61007      621.5
61008      622.6
61009      626.2
61010      627.5
61011      633.2
61012      634.0
61013      639.7
61014      644.6
61015      651.6
61016      657.5
61017      661.6
61018      666.5
61019      669.5
61020      671.7
61021      674.9
61022      675.9
61023      686.3
61024      691.8
61025      696.8
61026      698.7
61027      699.9
61028      701.5
61029      706.7
61030      710.8
61031      713.6
61032      718.7
61033      727.4
61034      732.1
61035      733.7
61036      738.1
61037      739.2
61038      744.2
61039      747.8
61040      747.2
61041      749.2
61042      748.3
61043      750.4
61044      752.9
61045      759.5
61046      764.8
61047      768.5
61048      771.0
61049      773.3
61050      774.4
61051      778.2
61052      783.4
61053      786.9
61054      790.8
61055      796.0
61056      795.8
61057      799.9
61058      801.6
61059      799.2
61060      804.3
61061      810.4
61062      812.3
61063      819.0
61064      819.0
61065      821.5
61066      824.6
61067      827.0
61068      834.9
61069      842.3
61070      846.4
61071      852.2
61072      853.6
61073      858.7
61074      861.9
61075      868.2
61076      873.1
61077      873.3
61078      874.3
61079      882.0
61080      884.4
61081      886.6
61082      890.5
61083      897.3
61084      902.3
61085      906.6
61086      911.9
61087      916.7
61088      920.8
61089      920.8
61090      924.3
61091      927.8
61092      930.9
61093      931.4
61094      935.3
61095      940.6
61096      946.1
61097      955.5
61098      958.6
61099      961.3
61100      969.2
61101      976.9
61102      981.4
61103      985.1
61104      989.9
61105      993.0
61106      996.2
61107     1001.3
61108     1008.5
61109     1010.6
61110     1012.5
61111     1017.2
61112     1022.8
61113     1030.5
61114     1038.5
61115     1043.3
61116     1049.6
61117     1055.5
61118     1059.4
61119     1061.7
61120     1063.2
61121     1068.0
61122     1077.2
61123     1081.3
61124     1083.9
61125     1088.7
61126     1090.9
61127     1099.1
61128     1104.8
61129     1110.4
61130     1111.6
61131     1116.1
61132     1118.0
61133     1121.9
61134     1126.2
61135     1126.2
61136     1128.1
61137     1134.5
61138     1141.4
61139     1148.8
61140     1148.2
61141     1152.3
61142     1155.8
61143     1162.6
61144     1168.8
61145     1178.0
61146     1175.6
61147     1177.6
61148     1184.2
61149     1187.8
61150     1192.4
61151     1195.5
61152     1199.2
61153     1203.5
61154     1207.7
61155     1211.8
61156     1212.0
61157     1217.7
61158     1224.2
61159     1224.4
61160     1226.4
61161     1234.5
61162     1238.2
61163     1238.2
61164     1236.5
61165     1236.3
61166     1242.4
61167     1243.8
61168     1250.7
61169     1256.0
61170     1262.0
61171     1269.1
61172     1276.9
61173     1280.7
61174     1285.0
61175     1289.6
61176     1291.4
61177     1294.8
61178     1296.8
61179     1303.8
61180     1308.5
61181     1313.7
61182     1315.2
61183     1321.2
61184     1319.8
61185     1327.7
61186     1330.2
61187     1334.0
61188     1337.2
61189     1344.5
61190     1345.4
61191     1347.3
61192     1349.3
61193     1352.2
61194     1362.0
61195     1364.2
61196     1369.5
61197     1376.9
61198     1379.5
61199     1383.8
61200     1384.9
61201     1387.2
61202     1390.5
61203     1394.6
61204     1398.6
61205     1406.4
61206     1411.7
61207     1414.0
61208     1417.6
61209     1420.6
61210     1422.0
61211     1427.5
61212     1429.6
61213     1427.8
61214     1432.4
61215     1434.9
61216     1442.5
61217     1447.7
61218     1454.3
61219     1460.2

# UTC remains available from the monthly Circular T at
# (http://www.bipm.org/en/bipm-services/timescales/time-ftp/Circular-T.html).
