# MJD  [UTCr-UTC(MTC)]/ns
56992      -10.6
56993      -11.2
56994      -13.7
56995      -16.8
56996      -16.5
56997      -15.6
56998      -15.5
56999      -14.5
57000      -13.3
57001      -15.0
57002      -12.4
57003       -9.7
57004      -10.5
57005       -7.5
57006       -7.4
57007       -8.9
57008      -10.4
57009       -6.5
57010       -8.4
57011      -10.6
57012       -9.3
57013       -7.8
57014       -8.3
57015      -10.6
57016       -8.1
57017       -5.2
57018       -5.2
57019       -4.5
57020       -3.3
57021       -3.7
57022       -2.0
57023       -0.8
57024        0.9
57025        2.2
57026        3.9
57027        4.2
57028        3.8
57029        5.2
57030        6.7
57031        4.6
57032        8.3
57033       10.2
57034       12.3
57035       11.0
57036        6.5
57037        8.1
57038        4.9
57039        5.5
57040        7.6
57041       13.3
57042       12.5
57043       12.0
57044       14.8
57045       18.0
57046       20.7
57047       23.5
57048       22.0
57049       23.2
57050       23.8
57051       27.9
57052       32.2
57053       35.1
57054       35.0
57055       39.4
57056       39.5
57057       36.8
57058       34.8
57059       38.4
57060       40.2
57061       42.1
57062       43.6
57063       43.9
57064       42.6
57065       42.5
57066       44.0
57067       44.7
57068       45.4
57069       46.0
57070       44.0
57071       46.9
57072       48.7
57073       46.7
57074       49.6
57075       49.1
57076       48.3
57077       48.2
57078       50.4
57079       55.2
57080       56.9
57081       58.6
57082       58.9
57083       57.7
57084       59.6
57085       59.2
57086       62.6
57087       64.0
57088       64.6
57089       64.8
57090       62.6
57091       61.9
57092       63.1
57093       62.5
57094       64.7
57095       66.9
57096       65.8
57097       65.4
57098       68.4
57099       69.0
57100       68.5
57101       69.4
57102       70.7
57103       72.3
57104       70.8
57105       71.5
57106       71.7
57107       70.0
57108       69.7
57109       70.6
57110       77.2
57111       79.3
57112       79.6
57113       83.3
57114       84.3
57115       86.3
57116       87.1
57117       89.8
57118       91.8
57119       92.7
57120       90.3
57121       93.2
57122       91.7
57123       94.8
57124       97.2
57125       98.3
57126       97.4
57127       98.9
57128      101.6
57129      101.6
57130      102.6
57131      103.7
57132      101.8
57133      101.5
57134      102.5
57135      101.9
57136      105.6
57137      106.4
57138      107.1
57139      107.5
57140      106.3
57141      106.7
57142      105.0
57143      104.3
57144      108.0
57145      109.7
57146      110.3
57147      111.6
57148      113.5
57149      113.5
57150      118.2
57151      118.9
57152      116.6
57153      116.4
57154      115.8
57155      119.2
57156      121.5
57157      119.4
57158      120.6
57159      121.1
57160      125.7
57161      127.0
57162      130.3
57163      132.5
57164      134.1
57165      135.3
57166      135.6
57167      137.9
57168      136.8
57169      137.5
57170      139.6
57171      142.9
57172      143.2
57173      145.4
57174      149.6
57175      153.2
57176      153.1
57177      157.0
57178      155.8
57179      156.1
57180      158.7
57181      161.0
57182      162.3
57183      163.3
57184      165.1
57185      168.2
57186      170.3
57187      168.3
57188      168.2
57189      169.8
57190      169.5
57191      166.7
57192      165.4
57193      170.4
57194      170.7
57195      173.8
57196      172.8
57197      172.7
57198      172.7
57199      172.8
57200      174.1
57201      173.8
57202      173.0
57203      173.3
57204      177.2
57205      177.7
57206      176.8
57207      178.1
57208      178.8
57209      183.8
57210      185.8
57211      186.0
57212      185.6
57213      187.0
57214      191.9
57215      194.7
57216      197.0
57217      198.8
57218      201.1
57219      202.3
57220      203.0
57221      205.5
57222      206.3
57223      206.8
57224      206.2
57225      207.3
57226      208.4
57227      208.7
57228      209.0
57229      208.3
57230      205.6
57231      205.8
57232      207.0
57233      210.0
57234      208.6
57235      211.0
57236      209.9
57237      209.3
57238      209.4
57239      206.7
57240      205.3
57241      205.5
57242      202.9
57243      203.4
57244      206.0
57245      207.3
57246      210.5
57247      210.8
57248      212.1
57249      213.2
57250      214.3
57251      212.1
57252      212.2
57253      210.5
57254      211.8
57255      211.8
57256      212.9
57257      215.2
57258      216.8
57259      217.9
57260      219.8
57261      222.6
57262      222.4
57263      222.1
57264      223.9
57265      225.3
57266      227.4
57267      227.7
57268      228.1
57269      230.1
57270      231.5
57271      232.3
57272      234.3
57273      235.5
57274      234.3
57275      236.6
57276      237.0
57277      237.4
57278      237.9
57279      238.6
57280      238.8
57281      240.6
57282      240.5
57283      240.9
57284      241.8
57285      240.2
57286      241.7
57287      244.6
57288      247.2
57289      246.7
57290      247.2
57291      250.3
57292      255.1
57293      257.2
57294      257.9
57295          -
57296          -
57297          -
57298          -
57299          -
57300      265.4
57301      267.8
57302      271.4
57303      271.9
57304      272.8
57305      274.5
57306      275.8
57307      274.9
57308      272.0
57309      269.6
57310      269.7
57311      269.7
57312      271.6
57313      271.3
57314      274.4
57315      278.6
57316      277.9
57317      277.7
57318      276.7
57319      278.0
57320      276.0
57321      276.5
57322      276.0
57323      274.9
57324      277.9
57325      280.6
57326      282.2
57327      281.6
57328      282.7
57329      282.7
57330      282.3
57331      281.3
57332      282.9
57333      285.8
57334      286.3
57335      288.7
57336      288.3
57337      288.7
57338      289.7
57339      290.6
57340      292.5
57341      296.3
57342      297.4
57343      296.7
57344      299.9
57345      304.6
57346      306.6
57347      308.3
57348      308.0
57349      308.5
57350      309.3
57351      310.5
57352      311.1
57353      313.8
57354      315.7
57355      318.3
57356      319.1
57357      321.6
57358      321.5
57359      321.0
57360      322.9
57361      326.1
57362      326.5
57363      323.1
57364      325.3
57365      326.4
57366      326.7
57367      327.6
57368      330.6
57369      331.9
57370      333.9
57371      334.5
57372      335.4
57373      335.4
57374      338.7
57375      340.8
57376      340.4
57377      342.4
57378      346.2
57379      344.2
57380      348.0
57381      349.3
57382      351.3
57383      353.6
57384      352.8
57385      357.0
57386      358.8
57387      363.3
57388      365.0
57389      367.1
57390      366.7
57391      366.9
57392      367.6
57393      368.1
57394      365.7
57395      366.7
57396      371.8
57397      372.1
57398      371.1
57399      370.2
57400      370.1
57401      372.4
57402      373.3
57403      374.0
57404      375.3
57405      378.2
57406      377.0
57407      379.1
57408      380.5
57409      381.0
57410      383.1
57411      385.4
57412      388.7
57413      385.3
57414      383.2
57415      383.7
57416      385.4
57417      385.2
57418      385.3
57419      386.1
57420      385.8
57421      385.9
57422      383.9
57423      383.2
57424      384.9
57425      384.5
57426      382.4
57427      382.7
57428      385.2
57429      385.8
57430      388.0
57431      390.6
57432      394.4
57433      394.2
57434      396.3
57435      395.3
57436      396.4
57437      397.8
57438      402.1
57439      404.2
57440      406.7
57441      408.0
57442      409.9
57443      411.1
57444      413.9
57445      422.2
57446      425.0
57447      430.2
57448      430.5
57449      432.9
57450      430.2
57451      433.1
57452      432.9
57453      430.5
57454      435.7
57455      436.1
57456      441.3
57457      447.0
57458      445.1
57459      446.5
57460      444.2
57461      446.5
57462      445.1
57463      444.6
57464      448.1
57465      453.2
57466      456.6
57467      457.4
57468      458.1
57469      460.6
57470      458.2
57471      460.6
57472      460.0
57473      459.2
57474      461.3
57475      461.9
57476      461.0
57477      463.5
57478      465.7
57479      466.6
57480      466.9
57481      465.0
57482      468.8
57483      472.4
57484      474.3
57485      476.6
57486      474.7
57487      476.5
57488      480.7
57489      484.3
57490      484.3
57491      485.2
57492      488.6
57493      487.8
57494      488.8
57495      489.0
57496      490.1
57497      492.8
57498      495.3
57499      497.3
57500      496.9
57501      498.2
57502      498.1
57503      498.9
57504      500.3
57505      499.2
57506      499.0
57507      498.6
57508      501.6
57509      503.8
57510      502.3
57511      503.1
57512      502.6
57513      504.2
57514      501.6
57515      501.3
57516      499.9
57517      499.1
57518      502.2
57519      503.6
57520      505.6
57521      509.2
57522      509.3
57523      512.3
57524      513.6
57525      515.3
57526      516.0
57527      519.0
57528      520.3
57529      517.0
57530      517.9
57531      521.9
57532      526.0
57533      529.8
57534      532.3
57535      534.6
57536      538.7
57537      539.1
57538      541.0
57539      543.6
57540      544.4
57541      545.6
57542      553.1
57543      553.9
57544      555.4
57545      556.2
57546      557.9
57547      561.5
57548      562.4
57549      563.8
57550      563.6
57551      567.5
57552      567.6
57553      566.2
57554      567.4
57555      569.2
57556      574.5
57557      574.0
57558      575.1
57559      573.0
57560      578.6
57561      580.2
57562      582.2
57563      581.2
57564      583.3
57565      581.9
57566      581.9
57567      585.1
57568      587.8
57569      589.4
57570      592.1
57571      596.9
57572      598.0
57573      602.7
57574      602.6
57575      604.1
57576      605.4
57577      603.1
57578      606.3
57579      610.5
57580      608.6
57581      607.6
57582      606.9
57583      609.8
57584          -
57585          -
57586          -
57587          -
57588          -
57589      619.3
57590      619.9
57591      621.4
57592      620.5
57593      621.5
57594      622.3
57595      622.4
57596      626.5
57597      627.1
57598      625.8
57599      631.0
57600      633.5
57601      635.8
57602      639.5
57603      639.2
57604      639.5
57605      639.2
57606      638.6
57607      639.1
57608      635.7
57609      637.1
57610      641.0
57611      642.7
57612      646.8
57613      647.7
57614      647.4
57615      647.7
57616      648.3
57617      648.3
57618      650.9
57619      652.7
57620      650.6
57621      653.1
57622      655.6
57623      655.4
57624      654.0
57625      657.7
57626      658.9
57627      658.0
57628      656.8
57629      661.5
57630      661.6
57631      662.0
57632      663.5
57633      666.3
57634      665.7
57635      668.3
57636      661.6
57637      664.2
57638      662.4
57639      663.0
57640      664.9
57641      666.5
57642      667.2
57643      669.1
57644      671.7
57645      674.6
57646      676.4
57647      676.0
57648      677.9
57649      679.6
57650      683.0
57651      685.2
57652      686.3
57653      692.5
57654      693.2
57655      692.1
57656      699.5
57657      697.4
57658      698.2
57659      699.6
57660      702.8
57661      702.8
57662      702.3
57663      705.5
57664      707.7
57665      709.3
57666      709.9
57667      713.3
57668      711.6
57669      716.4
57670      716.7
57671      718.3
57672      719.8
57673      723.6
57674      726.0
57675      729.1
57676      729.2
57677      726.8
57678      732.4
57679      735.0
57680      734.0
57681      737.9
57682      742.4
57683      745.6
57684      746.5
57685      750.0
57686      751.4
57687      751.4
57688      752.0
57689      754.4
57690      756.1
57691      757.8
57692      759.0
57693      761.3
57694      760.3
57695      758.0
57696      759.9
57697      762.4
57698      770.7
57699      776.6
57700      776.4
57701      775.6
57702      778.5
57703      782.0
57704      784.0
57705      789.4
57706      790.5
57707      791.3
57708      792.8
57709      792.1
57710      792.7
57711      795.0
57712      797.8
57713      803.6
57714      802.0
57715      801.8
57716      802.7
57717      805.2
57718      806.9
57719      804.7
57720      803.2
57721      804.9
57722      802.9
57723      806.8
57724      809.5
57725      811.0
57726      808.0
57727      805.2
57728      806.6
57729      804.4
57730      808.1
57731      811.5
57732      812.7
57733      817.0
57734      824.0
57735      824.0
57736      824.6
57737      826.4
57738      829.2
57739      831.8
57740      834.6
57741      837.9
57742      836.3
57743      841.1
57744      843.1
57745      845.1
57746      847.6
57747      849.3
57748      849.6
57749      849.7
57750      851.8
57751      852.0
57752      849.0
57753      848.7
57754      848.4
57755      846.6
57756      847.6
57757      851.9
57758      851.7
57759      856.0
57760      858.1
57761      859.6
57762      861.3
57763      863.3
57764      865.1
57765      862.5
57766      863.5
57767      865.2
57768      865.6
57769      864.4
57770      865.0
57771      866.5
57772      869.3
57773      872.0
57774      874.2
57775      874.3
57776      879.9
57777      878.8
57778      879.4
57779      880.8
57780      880.0
57781      880.5
57782      881.1
57783      879.1
57784      879.7
57785      882.2
57786      883.5
57787      882.2
57788      884.0
57789      886.8
57790      887.3
57791      890.5
57792      892.8
57793      895.1
57794      895.3
57795      894.2
57796      895.3
57797      899.0
57798      903.4
57799      904.5
57800      908.3
57801      911.6
57802      914.1
57803      914.6
57804      911.2
57805      912.8
57806      915.7
57807      914.9
57808      916.9
57809      919.8
57810      921.4
57811      923.0
57812      921.7
57813      925.6
57814      924.8
57815      927.2
57816      931.4
57817      932.3
57818      930.5
57819      934.0
57820      934.9
57821      931.6
57822      933.6
57823      930.5
57824      931.4
57825      931.3
57826      927.6
57827      928.3
57828      929.9
57829      929.6
57830      928.1
57831      928.1
57832      927.0
57833      930.5
57834      929.0
57835      929.9
57836      932.0
57837      929.0
57838      931.4
57839      929.9
57840      930.7
57841      929.2
57842      929.2
57843          -
57844          -
57845          -
57846          -
57847          -
57848          -
57849          -
57850      940.2
57851      945.4
57852      946.2
57853      949.5
57854      948.7
57855      948.1
57856      946.6
57857      945.8
57858      949.7
57859      948.3
57860      950.7
57861      949.9
57862      948.4
57863      951.1
57864      954.5
57865      956.8
57866      961.5
57867      960.7
57868      963.5
57869      964.7
57870      967.5
57871      972.2
57872      971.2
57873      972.3
57874      973.5
57875      974.9
57876      977.3
57877      977.9
57878      979.7
57879      983.6
57880      983.8
57881      980.4
57882      981.0
57883      982.8
57884      984.1
57885      984.9
57886      986.4
57887      988.4
57888      987.9
57889      987.9
57890      989.0
57891      985.9
57892      990.5
57893      994.5
57894      996.3
57895     1001.4
57896     1000.4
57897     1002.2
57898     1003.0
57899     1002.3
57900     1005.7
57901     1004.1
57902     1004.6
57903     1007.2
57904     1007.8
57905     1007.6
57906     1006.6
57907     1007.1
57908     1007.5
57909     1011.8
57910     1012.2
57911     1015.1
57912     1017.5
57913     1019.9
57914     1021.6
57915     1024.3
57916     1027.1
57917     1026.3
57918     1027.6
57919     1026.8
57920     1026.7
57921     1026.3
57922     1027.2
57923     1024.2
57924     1021.5
57925     1020.1
57926     1022.9
57927     1024.8
57928     1030.0
57929     1029.4
57930     1030.4
57931     1033.6
57932     1036.9
57933     1038.0
57934     1039.3
57935     1043.1
57936     1042.5
57937     1037.2
57938     1042.6
57939     1046.5
57940     1047.0
57941     1046.1
57942     1045.7
57943     1048.9
57944     1049.0
57945     1051.6
57946     1051.9
57947     1051.3
57948     1051.2
57949     1053.5
57950     1055.9
57951     1058.0
57952     1088.8
57953     1042.5
57954     1074.1
57955     1060.6
57956     1066.6
57957     1077.9
57958     1085.8
57959     1053.2
57960     1051.7
57961     1095.6
57962     1082.3
57963     1069.7
57964     1084.7
57965     1092.1
57966     1108.5
57967     1094.8
57968     1096.4
57969     1075.7
57970     1078.5
57971     1072.9
57972     1115.1
57973     1091.8
57974     1107.3
57975     1091.4
57976     1110.8
57977     1075.5
57978     1083.1
57979     1110.0
57980     1102.5
57981     1127.5
57982     1126.8
57983     1122.2
57984     1140.2
57985     1114.2
57986     1125.1
57987     1126.6
57988     1148.5
57989     1139.7
57990     1125.9
57991     1133.6
57992     1130.0
57993     1145.9
57994     1148.0
57995     1134.2
57996     1160.8
57997     1141.8
57998     1168.3
57999     1164.6
58000     1162.2
58001     1139.7
58002     1151.0
58003     1153.6
58004     1145.1
58005     1135.5
58006     1134.6
58007     1169.2
58008     1147.2
58009     1171.0
58010     1185.4
58011     1179.6
58012     1195.7
58013     1162.8
58014     1149.9
58015     1174.1
58016     1176.1
58017     1198.4
58018     1169.0
58019     1204.3
58020     1172.1
58021     1207.1
58022     1158.4
58023     1178.3
58024     1185.1
58025     1194.0
58026     1217.4
58027     1190.4
58028     1178.5
58029     1193.9
58030     1227.5
58031     1183.0
58032     1238.0
58033     1202.2
58034     1221.6
58035     1195.9
58036     1222.5
58037     1215.4
58038     1212.6
58039     1216.7
58040     1218.9
58041     1212.1
58042     1223.0
58043     1236.1
58044     1240.9
58045     1246.6
58046     1236.3
58047     1242.5
58048     1245.2
58049     1260.3
58050     1243.2
58051     1231.0
58052     1241.5
58053     1267.3
58054     1242.3
58055     1239.2
58056     1250.7
58057     1277.5
58058     1247.4
58059     1252.6
58060     1262.5
58061     1266.3
58062     1252.8
58063     1258.6
58064     1267.7
58065     1256.7
58066     1271.5
58067     1275.7
58068     1283.7
58069     1273.6
58070     1262.9
58071     1267.1
58072     1255.6
58073     1274.6
58074     1281.6
58075     1286.8
58076     1288.8
58077     1275.4
58078     1280.0
58079     1262.8
58080     1271.3
58081     1295.8
58082     1277.2
58083     1310.6
58084     1296.2
58085     1294.8
58086     1289.7
58087     1274.4
58088     1291.2
58089     1303.1
58090     1282.3
58091     1303.7
58092     1302.4
58093     1305.7
58094     1321.5
58095     1298.6
58096     1320.7
58097     1327.9
58098     1302.9
58099     1313.0
58100     1332.7
58101     1297.3
58102     1293.2
58103     1355.9
58104     1325.2
58105     1315.0
58106     1344.5
58107     1351.2
58108     1344.8
58109     1328.7
58110     1348.6
58111     1362.8
58112     1326.1
58113     1330.7
58114     1363.7
58115     1329.4
58116     1338.9
58117     1363.0
58118     1333.2
58119     1324.5
58120     1334.2
58121     1345.4
58122     1354.4
58123     1359.4
58124     1361.8
58125     1348.9
58126     1366.1
58127     1372.1
58128     1386.2
58129     1380.2
58130     1388.2
58131     1389.1
58132     1381.8
58133     1381.9
58134     1385.7
58135     1397.5
58136     1400.6
58137     1397.6
58138     1392.7
58139     1394.5
58140     1412.1
58141     1375.6
58142     1414.6
58143     1393.5
58144     1411.5
58145     1396.2
58146     1410.4
58147     1407.6
58148     1420.6
58149     1396.7
58150     1415.2
58151     1412.5
58152     1435.5
58153     1429.7
58154     1422.4
58155     1390.9
58156     1444.3
58157     1411.7
58158     1427.8
58159     1410.9
58160     1448.4
58161     1449.6
58162     1420.1
58163     1424.2
58164     1430.4
58165     1449.4
58166     1456.6
58167     1451.7
58168     1461.0
58169     1482.1
58170     1465.8
58171     1471.6
58172     1477.9
58173     1493.0
58174     1474.5
58175     1470.8
58176     1471.0
58177     1474.2
58178     1497.0
58179     1491.7
58180     1494.2
58181     1492.6
58182     1486.4
58183     1493.9
58184     1496.0
58185     1505.5
58186     1505.5
58187     1507.0
58188     1505.3
58189     1518.8
58190     1515.2
58191     1504.7
58192     1527.4
58193     1517.3
58194     1542.9
58195     1550.2
58196       36.9
58197       51.5
58198       44.2
58199       55.1
58200       31.3
58201       50.4
58202       44.0
58203       57.5
58204       79.6
58205          -
58206          -
58207          -
58208          -
58209          -
58210          -
58211          -
58212       74.2
58213       47.8
58214       49.0
58215       51.1
58216       60.0
58217       54.5
58218       54.1
58219       49.8
58220       38.4
58221       57.8
58222       48.6
58223       77.0
58224       60.5
58225       60.7
58226       54.2
58227       50.1
58228       50.3
58229       52.2
58230       50.6
58231       55.1
58232       54.2
58233       53.0
58234       53.1
58235       53.1
58236       53.1
58237       52.8
58238       52.2
58239       53.6
58240       54.8
58241       53.0
58242       49.1
58243       47.4
58244       47.1
58245       49.9
58246       50.2
58247       51.0
58248       51.5
58249       -3.2
58250       -3.7
58251       -2.5
58252       -5.6
58253      -10.1
58254      -12.2
58255      -12.4
58256      -11.5
58257      -14.5
58258      -13.7
58259      -18.6
58260      -20.5
58261      -17.6
58262      -16.2
58263      -16.7
58264      -18.5
58265      -17.3
58266      -21.8
58267      -23.3
58268      -26.7
58269      -27.5
58270      -25.7
58271      -25.2
58272      -23.8
58273      -22.2
58274      -21.8
58275      -23.4
58276      -21.5
58277      -20.2
58278      -19.6
58279      -21.5
58280      -22.4
58281      -21.9
58282      -23.6
58283      -24.1
58284      -23.9
58285      -24.9
58286      -23.9
58287      -26.7
58288      -24.1
58289      -24.2
58290      -28.0
58291      -26.9
58292      -24.8
58293      -25.3
58294      -24.2
58295      -24.0
58296      -20.8
58297      -21.7
58298      -21.6
58299      -23.1
58300      -20.8
58301      -20.0
58302      -21.9
58303      -20.2
58304      -19.3
58305      -21.4
58306      -26.3
58307      -25.7
58308      -21.7
58309      -22.3
58310      -21.9
58311      -21.6
58312      -23.3
58313      -22.5
58314      -22.1
58315      -23.3
58316      -24.4
58317      -24.5
58318      -24.1
58319      -23.9
58320      -25.0
58321      -26.4
58322      -30.5
58323      -30.9
58324      -29.6
58325      -29.0
58326      -32.2
58327      -29.8
58328      -28.9
58329      -29.5
58330      -30.7
58331      -31.5
58332      -31.5
58333      -33.7
58334      -34.3
58335      -34.3
58336      -32.6
58337      -35.7
58338      -33.5
58339      -33.7
58340      -34.0
58341      -36.4
58342      -38.5
58343      -36.2
58344      -36.7
58345      -37.7
58346      -39.5
58347      -39.8
58348      -39.5
58349      -38.7
58350      -41.2
58351      -39.4
58352      -39.8
58353      -44.8
58354      -44.4
58355      -44.7
58356      -44.9
58357      -40.6
58358      -38.6
58359      -38.0
58360      -38.7
58361      -39.5
58362      -39.7
58363      -39.3
58364      -36.3
58365      -33.8
58366      -30.9
58367      -31.0
58368      -34.1
58369      -37.2
58370      -36.3
58371      -33.7
58372      -30.6
58373      -29.6
58374      -27.0
58375      -24.8
58376      -22.5
58377      -23.8
58378      -25.2
58379      -24.2
58380      -20.9
58381      -19.0
58382      -15.9
58383      -18.7
58384      -16.0
58385      -12.5
58386      -15.9
58387      -18.7
58388      -15.7
58389          -
58390          -
58391          -
58392          -
58393          -
58394          -
58395          -
58396          -
58397          -
58398          -
59855    -2803.5
59856    -2800.6
59857    -2807.1
59858    -2807.0
59859    -2811.4
59860    -2815.1
59861    -2821.9
59862    -2824.0
59863    -2828.5
59864    -2831.0
59865    -2832.6
59866    -2840.2
59867    -2843.1
59868    -2848.8
59869    -2849.8
59870    -2852.5
59871    -2856.4
59872    -2858.8
59873    -2860.9
59874    -2858.8
59875    -2862.7
59876    -2861.7
59877    -2861.8
59878    -2867.3
59879    -2866.7
59880    -2868.2
59881    -2872.6
59882    -2877.0
59883    -2875.2
59884    -2878.1
59885    -2883.0
59886    -2880.4
59887    -2878.5
59888    -2882.6
59889    -2886.5
59890    -2888.5
59891    -2891.8
59892    -2893.9
59893    -2900.7
59894    -2902.6
59895    -2902.9
59896    -2904.2
59897    -2908.2
59898    -2909.8
59899    -2913.9
59900    -2917.2
59901    -2919.6
59902    -2921.5
59903    -2925.4
59904    -2927.5
59905          -
59906          -
59907          -
59908    -2940.5
59909    -2941.4
59910    -2943.7
59911    -2947.9
59912    -2955.0
59913    -2959.8
59914    -2963.2
59915    -2965.7
59916    -2969.9
59917    -2971.1
59918    -2971.1
59919    -2977.7
59920          -
59921          -
59922          -
59923          -
59924          -
59939          -
59940          -
59941          -
59942          -
59943          -
59944          -
59945          -
59946          -
59947          -
59948          -
59949          -
59950          -
59951          -
59952          -
59974    -3119.1
59975    -3119.7
59976          -
59977          -
59978    -3125.1
59979          -
59980          -
59981    -3135.1
59982    -3137.5
59983    -3140.0
59984    -3144.0
59985    -3143.3
59986          -
59987          -
59988    -3158.8
59989    -3161.9
59990    -3166.0
59991    -3172.1
59992    -3178.8
59993    -3180.0
59994    -3179.9
59995          -
59996          -
59997          -
59998          -
59999    -3189.7
60000    -3192.6
60001    -3196.6
60002    -3197.6
60003    -3203.3
60004    -3203.3
60005    -3204.7
60006    -3208.9
60007    -3210.6
60008    -3212.3
60009    -3217.0
60010    -3219.0
60011    -3222.5
60012    -3224.3
60013    -3226.4
60014    -3225.6
60015    -3227.7
60016    -3231.1
60017    -3235.4
60018    -3238.0
60019    -3240.6
60020    -3244.3
60021    -3250.3
60022    -3251.2
60023    -3255.4
60024    -3259.1
60025    -3259.3
60026    -3263.0
60027    -3264.8
60028    -3267.8
60029    -3271.7
60030    -3274.9
60031    -3277.7
60032    -3280.2
60033    -3283.4
60034    -3287.9
60035    -3288.6
60036    -3292.8
60037    -3295.3
60038    -3300.5
60039    -3306.4
60040    -3310.3
60041    -3315.3
60042    -3321.6
60043    -3326.5
60044    -3327.6
60045    -3330.0
60046    -3334.0
60047    -3338.4
60048    -3339.5
60049    -3346.1
60050    -3348.4
60051    -3351.2
60052    -3352.8
60053    -3353.8
60054    -3358.0
60055    -3361.4
60056    -3363.4
60057    -3364.7
60058    -3365.9
60059    -3372.6
60060    -3375.0
60061    -3379.0
60062    -3386.7
60063    -3391.4
60064    -3393.7
60065    -3395.8
60066    -3400.5
60067    -3402.1
60068    -3401.9
60069    -3398.8
60070    -3401.5
60071    -3405.6
60072    -3413.1
60073    -3413.6
60074    -3416.7
60075    -3418.8
60076    -3421.8
60077    -3424.0
60078    -3426.3
60079    -3430.4
60080    -3431.9
60081    -3432.7
60082    -3437.4
60083    -3438.9
60084    -3441.3
60085    -3446.5
60086    -3451.0
60087    -3454.2
60088    -3457.2
60089    -3458.1
60090    -3461.3
60091    -3463.5
60092    -3465.1
60093    -3467.8
60094    -3473.0
60095    -3476.0
60096    -3480.0
60097    -3479.4
60098    -3479.4
60099    -3480.2
60100    -3481.0
60101    -3485.1
60102    -3487.2
60103    -3491.6
60104    -3498.5
60105    -3498.3
60106    -3502.6
60107    -3506.0
60108    -3508.3
60109    -3512.2
60110    -3511.6
60111    -3513.3
60112    -3514.3
60113    -3513.9
60114    -3519.6
60115    -3519.9
60116    -3522.2
60117    -3528.5
60118    -3533.6
60119    -3536.3
60120    -3542.2
60121    -3546.9
60122    -3552.6
60123    -3556.6
60124    -3558.3
60125    -3560.6
60126    -3565.3
60127    -3572.2
60128    -3575.0
60129    -3574.8
60130    -3577.2
60131    -3581.4
60132    -3585.4
60133    -3591.5
60134    -3598.1
60135    -3600.0
60136    -3600.5
60137    -3604.5
60138    -3609.3
60139    -3611.7
60140    -3615.2
60141    -3617.3
60142    -3619.9
60143    -3624.1
60144    -3630.6
60145    -3637.3
60146    -3642.8
60147    -3644.8
60148    -3648.0
60149    -3650.3
60150    -3650.7
60151    -3652.3
60152    -3655.1
60153    -3656.4
60154    -3659.8
60155    -3659.8
60156    -3662.5
60157    -3664.0
60158    -3667.3
60159    -3674.9
60160    -3675.7
60161    -3678.5
60162    -3679.7
60163    -3682.2
60164    -3687.2
60165    -3687.8
60166    -3692.2
60167    -3696.6
60168    -3704.3
60169    -3708.0
60170    -3715.7
60171    -3718.0
60172    -3719.0
60173    -3723.1
60174    -3727.9
60175    -3732.4
60176    -3732.1
60177    -3736.3
60178    -3739.8
60179    -3741.1
60180    -3743.5
60181    -3740.8
60182    -3746.0
60183    -3747.4
60184    -3751.4
60185    -3754.9
60186    -3755.6
60187    -3756.5
60188    -3761.3
60189    -3768.6
60190    -3768.1
60191    -3770.0
60192    -3768.3
60193    -3772.4
60194    -3775.2
60195    -3777.8
60196    -3782.0
60197    -3786.4
60198    -3792.5
60199    -3794.1
60200    -3797.2
60201    -3802.5
60202    -3802.9
60203    -3808.2
60204    -3808.8
60205    -3808.9
60206    -3812.3
60207    -3813.0
60208          -
60209          -
60210          -
60211          -
60212          -
60213          -
60214    -3842.5
60215    -3846.2
60216    -3846.4
60217    -3849.8
60218    -3851.9
60219    -3852.6
60220    -3855.7
60221    -3859.3
60222    -3860.3
60223    -3864.2
60224    -3870.3
60225    -3872.0
60226    -3872.5
60227    -3877.9
60228    -3879.5
60229    -3882.0
60230    -3882.7
60231    -3884.1
60232    -3887.4
60233    -3890.3
60234    -3893.0
60235    -3891.2
60236    -3893.7
60237    -3898.6
60238    -3905.9
60239    -3905.2
60240    -3906.7
60241    -3912.3
60242    -3914.9
60243    -3916.9
60244    -3921.2
60245    -3925.9
60246    -3926.1
60247    -3929.1
60248    -3932.7
60249    -3933.3
60250    -3937.0
60251    -3941.0
60252    -3945.0
60253    -3951.6
60254    -3954.7
60255    -3952.8
60256    -3955.8
60257    -3960.8
60258    -3963.2
60259    -3965.1
60260    -3968.6
60261    -3973.1
60262    -3975.4
60263    -3978.7
60264          -
60265          -
60266          -
60267    -3988.6
60268    -3993.5
60269    -3998.3
60270          -
60271          -
60272          -
60273          -
60274    -4014.2
60275    -4016.5
60276    -4017.3
60277    -4018.7
60278    -4022.8
60279    -4024.7
60280    -4024.6
60281    -4029.9
60282    -4032.1
60283    -4037.3
60284    -4040.2
60285    -4041.5
60286    -4042.2
60287    -4045.6
60288    -4048.9
60289    -4054.3
60290    -4059.8
60291    -4065.5
60292    -4066.8
60293    -4070.5
60294    -4073.9
60295    -4078.8
60296    -4080.4
60297    -4089.9
60298    -4094.2
60299    -4099.3
60300    -4105.2
60301    -4106.0
60302    -4111.8
60303    -4113.8
60304    -4116.7
60305    -4119.9
60306    -4119.2
60307    -4119.9
60308    -4127.4
60309    -4129.9
60310    -4135.0
60311    -4135.7
60312    -4134.4
60313    -4137.1
60314    -4140.0
60315    -4147.2
60316    -4152.5
60317    -4152.5
60318    -4154.2
60319    -4160.9
60320    -4165.0
60321    -4172.7
60322    -4168.9
60323    -4170.6
60324    -4172.9
60325    -4175.8
60326    -4183.7
60327    -4188.4
60328    -4189.9
60329    -4193.8
60330    -4196.1
60331    -4198.6
60332    -4199.7
60333    -4204.9
60334          -
60335          -
60336          -
60337    -4213.7
60338    -4218.2
60339    -4222.1
60340    -4225.5
60341    -4227.1
60342    -4232.1
60343    -4236.9
60344          -
60345          -
60346          -
60347          -
60348    -4250.2
60349    -4253.5
60350    -4254.7
60351    -4257.2
60352    -4260.9
60353    -4262.6
60354    -4263.1
60355    -4270.0
60356    -4269.0
60357    -4269.8
60358    -4272.4
60359    -4273.6
60360    -4279.6
60361    -4282.4
60362    -4285.6
60363    -4290.2
60364    -4291.1
60365    -4292.9
60366    -4297.3
60367    -4300.0
60368    -4303.7
60369    -4307.1
60370    -4310.8
60371    -4312.0
60372    -4313.9
60373    -4314.9
60374    -4315.2
60375    -4317.5
60376    -4320.2
60377    -4318.9
60378    -4319.8
60379    -4319.6
60380    -4321.2
60381    -4320.7
60382    -4321.9
60383    -4324.4
60384    -4328.6
60385    -4329.5
60386    -4335.4
60387    -4337.5
60388    -4340.3
60389    -4342.4
60390    -4344.8
60391    -4350.7
60392    -4355.6
60393    -4359.2
60394    -4363.6
60395    -4366.9
60396    -4371.9
60397    -4374.0
60398    -4375.8
60399    -4378.9
60400    -4384.8
60401    -4390.0
60402    -4391.0
60403    -4393.8
60404    -4398.4
60405    -4402.6
60406          -
60407          -
60429          -
60430          -
60431          -
60432          -
60433          -
60434          -
60435          -
60954     -117.2
60955     -124.8
60956     -125.0
60957     -135.6
60958     -142.8
60959     -149.0
60960     -145.6
60961     -151.9
60962     -157.2
60963     -165.7
60964     -164.3
60965     -173.3
60966     -182.5
60967     -185.3
60968     -190.1
60969     -193.6
60970     -193.0
60971     -208.1
60972          -
60973          -
60974          -
60975     -222.8
60976     -225.5
60977     -227.5
60978     -237.8
60979     -237.0
60980     -242.0
60981     -249.5
60982     -247.1
60983     -253.0
60984     -257.6
60985     -261.1
60986     -266.7
60987     -269.0
60988     -274.8
60989          -
60990          -
60991     -298.2
60992     -301.4
60993     -313.8
60994     -318.1
60995     -326.5
60996     -328.1
60997     -333.1
60998     -336.7
60999     -339.9
61000     -346.2
61001     -348.7
61002     -356.6
61003     -358.5
61004     -364.3
61005     -370.5
61006     -372.3
61007     -376.8
61008     -384.8
61009          -
61010          -
61011          -
61012     -403.7
61013     -407.3
61014     -411.6
61015     -413.7
61016     -414.8
61017     -421.5
61018     -428.8
61019     -435.3
61020     -432.4
61021     -443.1
61022       11.5
61023       10.0
61024        6.5
61025        5.9
61026          -
61027          -
61028       13.0
61029       11.8
61030       14.1
61031       15.8
61032       16.7
61033       15.0
61034       14.6
61035       15.3
61036       15.2
61037       13.8
61038       14.8
61039       13.4
61040       15.5
61041       15.4
61042       15.3
61043       13.2
61044       11.4
61045        9.6
61046       11.9
61047       11.6
61048       20.3
61049       19.7
61050       14.2
61051       17.5
61052       19.1
61053          -
61054          -
61055          -
61056       19.3
61057       18.9
61058       20.4
61059       17.4
61060       17.4
61061       14.5
61062          -
61063          -
61064          -
61065          -
61066          -
61067          -
61068          -
61069          -
61070          -
61071          -
61072          -
61073          -
61074          -
61075          -
61076          -
61077          -
61078          -
61079          -
61115          -
61116          -
61117          -
61118          -
61119          -
61120       75.7
61121       78.0
61122       79.4
61123       82.5
61124       85.0
61125       86.2
61126       86.5
61127       88.7
61128       88.5
61129       89.4
61130       90.0
61131       89.7
61132       89.6
61133       94.2
61134       95.2
61135       99.6
61136      101.9
61137      104.1
61138      106.1
61139      109.9
61140      110.2
61141      110.5
61142      111.9
61143      111.1
61144      109.6
61145      107.3
61146      107.2
61147      112.0
61148      116.0
61149      116.5
61150      119.0
61151      120.8
61152      125.1
61153      129.9
61154      133.0
61155      136.0
61156      137.3
61157      139.2
61158      141.4
61159      145.6
61160      147.5
61161      148.6
61162      150.8
61163      157.6
61164      157.5
61165      157.7
61166      160.7
61167      162.9
61168      162.5
61169      163.5
61170      167.1
61171      169.0
61172      171.1
61173      175.5
61174      178.6
61175      183.8
61176      187.7
61177      190.2
61178      193.2
61179      196.9
61180      197.8
61181      200.3
61182      201.9
61183      205.0
61184      207.1
61185      211.3
61186      215.6
61187      220.6
61188      221.5
61189      224.3
61190      226.3
61191      227.2
61192      228.3
61193      229.6
61194      231.5
61195      236.2
61196      241.7
61197      244.5
61198      250.8
61199      255.7
61200      257.7
61201      259.2
61202      257.8
61203      259.5
61204      261.0
61205      265.3
61206      267.3
61207      270.3
61208      272.4
61209      274.0
61210      279.7
61211      281.4
61212      278.2
61213      280.4
61214      284.3
61215      286.9
61216      289.6
61217      291.0
61218      293.9
61219      288.9

# UTC remains available from the monthly Circular T at
# (http://www.bipm.org/en/bipm-services/timescales/time-ftp/Circular-T.html).
