# MJD  [UTCr-UTC(NPL)]/ns
57797       12.8
57798       13.8
57799       13.0
57800       12.7
57801       13.1
57802       13.0
57803       11.6
57804        1.6
57805        1.8
57806        1.9
57807        1.7
57808        1.7
57809        1.7
57810        1.7
57811        2.3
57812        2.5
57813        2.5
57814        2.3
57815        2.0
57816        2.1
57817        2.6
57818       -1.0
57819       -0.6
57820       -0.3
57821        0.4
57822        0.6
57823        0.3
57824        0.1
57825       -0.3
57826       -0.6
57827       -0.4
57828       -0.4
57829       -0.3
57830       -0.4
57831       -0.8
57832       -0.6
57833       -0.4
57834       -0.1
57835       -0.2
57836       -0.4
57837       -0.6
57838       -1.1
57839       -1.7
57840       -1.4
57841       -1.9
57842       -1.7
57843       -1.7
57844       -1.3
57845       -1.2
57846        5.4
57847        5.5
57848        6.0
57849        6.0
57850        7.2
57851        7.6
57852        7.7
57853        7.9
57854        8.1
57855        7.9
57856        7.6
57857        7.4
57858        7.3
57859        6.6
57860        8.0
57861        7.8
57862        7.5
57863        7.4
57864        7.0
57865        6.5
57866        6.5
57867        5.6
57868        5.7
57869        5.3
57870        5.0
57871        4.5
57872        4.0
57873        3.4
57874        3.2
57875        2.5
57876        2.4
57877        1.5
57878        1.2
57879        1.2
57880        1.5
57881       -6.1
57882       -5.7
57883       -5.8
57884       -5.7
57885       -5.5
57886       -6.1
57887       -5.8
57888       -6.4
57889       -6.5
57890       -5.8
57891       -4.6
57892       -4.3
57893       -3.9
57894       -3.4
57895       -3.6
57896       -3.9
57897       -3.8
57898       -4.1
57899       -4.3
57900       -4.4
57901       -4.3
57902       -3.6
57903       -3.4
57904       -3.5
57905       -3.0
57906       -3.1
57907       -3.7
57908       -3.1
57909       -2.2
57910       -2.1
57911       -1.3
57912       -1.6
57913       -1.8
57914       -1.4
57915       -1.8
57916       -0.3
57917       -0.2
57918       -0.1
57919       -0.2
57920       -0.7
57921       -1.8
57922       -1.1
57923       -3.9
57924       -5.0
57925       -5.7
57926       -6.9
57927       -7.6
57928       -7.8
57929       -7.8
57930       -5.4
57931       -5.2
57932       -5.4
57933       -5.7
57934       -6.3
57935       -7.1
57936       -7.0
57937      -11.1
57938      -11.1
57939      -11.5
57940      -11.7
57941      -12.2
57942      -12.3
57943      -12.8
57944      -11.8
57945      -12.0
57946      -12.2
57947      -12.7
57948      -12.9
57949      -12.8
57950      -13.0
57951      -14.1
57952      -13.9
57953      -13.8
57954      -14.4
57955      -15.1
57956      -15.3
57957      -16.2
57958      -15.2
57959      -15.7
57960      -16.0
57961      -15.5
57962      -15.0
57963      -14.5
57964      -15.2
57965      -13.8
57966      -13.8
57967          -
57968      -12.3
57969      -11.7
57970      -11.2
57971      -10.9
57972       -9.3
57973       -8.7
57974       -8.4
57975       -8.1
57976       -8.3
57977       -7.9
57978       -7.1
57979       -6.2
57980       -5.6
57981       -5.7
57982       -5.3
57983       -4.4
57984       -4.2
57985       -3.8
57986       -3.4
57987       -2.6
57988       -2.1
57989       -1.9
57990       -1.3
57991       -1.0
57992       -0.5
57993       -0.4
57994        0.3
57995        0.5
57996        0.3
57997        0.5
57998        0.8
57999        1.0
58000       -1.2
58001       -0.8
58002       -0.3
58003       -0.6
58004       -0.2
58005        0.6
58006        0.6
58007        2.1
58008        2.3
58009        2.2
58010        2.1
58011        2.2
58012        2.4
58013        3.0
58014        3.2
58015        3.2
58016        3.2
58017        3.4
58018        3.4
58019        3.9
58020        3.8
58021        4.6
58022        4.7
58023        4.9
58024        5.2
58025        5.2
58026        4.9
58027        5.1
58028        5.3
58029        5.4
58030        5.2
58031        5.8
58032        5.3
58033        5.9
58034        6.0
58035        4.9
58036        5.0
58037        4.8
58038        5.5
58039        5.6
58040        4.9
58041        4.9
58042        4.3
58043        4.7
58044        4.2
58045        3.6
58046        4.0
58047        3.3
58048        3.9
58049        3.6
58050        2.8
58051        2.6
58052        2.6
58053        2.5
58054        3.2
58055        2.6
58056        3.1
58057        2.5
58058        2.3
58059        2.3
58060        1.6
58061        1.0
58062        1.3
58063        1.1
58064        0.9
58065       -0.1
58066       -0.0
58067       -0.8
58068       -1.3
58069       -1.3
58070       -1.4
58071       -1.6
58072       -2.0
58073       -2.3
58074       -2.2
58075       -2.3
58076       -2.5
58077       -2.6
58078       -3.1
58079       -3.2
58080       -3.8
58081       -3.2
58082       -2.8
58083       -3.2
58084       -3.5
58085       -3.2
58086       -3.2
58087       -3.3
58088       -3.6
58089       -3.5
58090       -3.7
58091       -2.5
58092       -2.7
58093       -2.9
58094       -3.0
58095       -2.5
58096       -2.5
58097       -1.9
58098       -2.4
58099       -2.2
58100       -2.4
58101       -2.0
58102       -2.0
58103       -2.1
58104       -2.2
58105       -2.8
58106       -2.6
58107       -3.4
58108       -3.9
58109       -4.0
58110       -4.0
58111       -4.2
58112       -4.3
58113       -4.5
58114       -4.6
58115       -4.3
58116       -4.7
58117       -5.2
58118       -6.0
58119       -4.6
58120       -4.1
58121       -4.0
58122       -4.4
58123       -4.0
58124       -3.4
58125       -3.6
58126       -4.1
58127       -3.9
58128       -4.3
58129       -4.4
58130       -4.7
58131       -4.4
58132       -4.7
58133       -4.5
58134       -4.5
58135       -4.6
58136       -5.2
58137       -5.0
58138       -5.1
58139       -5.2
58140       -5.0
58141       -5.0
58142       -5.1
58143       -5.1
58144       -4.6
58145       -4.6
58146       -5.0
58147       -5.1
58148       -5.0
58149       -5.3
58150       -4.5
58151       -4.5
58152       -4.1
58153       -4.2
58154       -2.3
58155       -1.6
58156       -1.5
58157       -1.0
58158       -0.9
58159       -0.4
58160       -0.7
58161       -0.0
58162        0.1
58163        0.5
58164        0.3
58165        0.7
58166        0.8
58167        0.8
58168        0.4
58169        0.5
58170        1.1
58171        1.0
58172        1.5
58173        1.7
58174        1.4
58175        0.9
58176        1.0
58177        0.7
58178        0.9
58179        0.1
58180       -0.6
58181       -1.2
58182       -2.3
58183       -3.2
58184       -3.4
58185       -3.9
58186       -3.8
58187       -4.5
58188       -3.9
58189       -4.0
58190       -4.1
58191       -3.0
58192       -3.2
58193       -2.5
58194       -2.4
58195       -1.8
58196       -2.0
58197       -1.9
58198       -1.8
58199       -1.9
58200       -1.9
58201       -2.0
58202       -1.8
58203       -1.8
58204       -1.7
58205       -1.6
58206       -1.2
58207       -1.3
58208       -0.6
58209        0.3
58210        1.0
58211        1.6
58212        2.6
58213        3.0
58214        3.5
58215        3.1
58216        2.0
58217       -0.2
58218       -0.5
58219       -0.5
58220       -0.1
58221       -0.3
58222       -0.4
58223       -0.2
58224       -1.0
58225       -1.2
58226       -0.8
58227       -0.8
58228       -0.5
58229       -0.8
58230       -0.8
58231       -0.0
58232        0.4
58233        0.3
58234        0.4
58235        0.4
58236        1.3
58237        1.3
58238        1.2
58239        1.2
58240        1.7
58241        0.3
58242        0.3
58243        0.3
58244        0.5
58245        1.7
58246        1.4
58247        1.6
58248        1.5
58249        1.2
58250        1.2
58251        1.3
58252        1.3
58253        1.2
58254        1.0
58255        0.7
58256        1.0
58257        0.5
58258        0.6
58259        1.4
58260        1.6
58261        1.4
58262        1.1
58263        0.8
58264        0.8
58265        0.8
58266        0.4
58267        0.1
58268       -0.0
58269        0.2
58270       -0.2
58271       -0.2
58272       -0.3
58273        2.2
58274        1.8
58275        2.2
58276        2.2
58277        2.0
58278        1.7
58279        1.5
58280        1.9
58281        1.7
58282        1.8
58283        1.4
58284        2.1
58285        1.6
58286        1.7
58287        1.6
58288        1.2
58289        0.6
58290        1.3
58291        1.0
58292        1.0
58293        1.0
58294        1.0
58295        1.6
58296        1.6
58297        1.2
58298        1.0
58299        0.6
58300        0.3
58301        0.0
58302        0.5
58303        0.1
58304       -0.3
58305       -0.4
58306       -1.0
58307       -0.6
58308       -1.2
58309       -1.0
58310       -1.4
58311       -1.4
58312       -1.6
58313       -2.0
58314       -2.2
58315       -2.6
58316       -2.8
58317       -2.8
58318       -2.9
58319       -2.8
58320       -2.9
58321       -3.1
58322       -3.1
58323       -2.9
58324       -2.9
58325       -3.1
58326       -3.3
58327       -2.8
58328       -2.5
58329       -2.6
58330       -2.5
58331       -2.3
58332       -2.2
58333       -2.5
58334       -2.5
58335       -2.1
58336       -3.5
58337       -3.8
58338       -4.1
58339       -4.1
58340       -3.8
58341       -3.5
58342       -4.1
58343       -4.0
58344       -3.9
58345       -4.3
58346       -4.6
58347       -4.4
58348       -5.0
58349       -5.1
58350       -5.2
58351       -5.2
58352       -4.8
58353       -5.0
58354       -4.5
58355       -4.0
58356       -3.8
58357       -3.4
58358       -3.1
58359       -3.0
58360       -2.6
58361       -2.3
58362       -1.9
58363       -1.4
58364       -0.2
58365       -0.5
58366       -0.4
58367       -0.1
58368        0.8
58369        0.9
58370        0.7
58371        0.8
58372        0.8
58373        0.8
58374        1.7
58375        1.6
58376        1.7
58377        1.6
58378        0.9
58379        1.1
58380        0.9
58381        0.6
58382        0.9
58383        1.1
58384        0.9
58385        2.1
58386        2.4
58387        2.5
58388        2.5
58389        2.0
58390        2.1
58391        2.3
58392        0.7
58393        0.8
58394        0.8
58395        0.6
58396        0.4
58397        0.6
58398        0.4
58399        0.2
58400        0.3
58401        0.2
58402        0.3
58403        0.1
58404        0.1
58405        0.3
58406        1.2
58407        1.4
58408        1.3
58409        1.0
58410        1.3
58411        1.7
58412        1.8
58413        1.8
58414        1.8
58415        1.9
58416        1.6
58417        1.4
58418        1.5
58419        1.2
58420        0.6
58421        0.8
58422        0.9
58423        0.3
58424        0.4
58425       -0.2
58426       -0.2
58427        0.6
58428        0.1
58429        0.0
58430       -0.4
58431       -0.1
58432       -0.4
58433       -0.4
58434       -0.4
58435       -0.1
58436       -0.2
58437       -0.7
58438       -0.8
58439       -1.2
58440       -0.7
58441       -0.7
58442       -1.0
58443       -0.8
58444       -0.9
58445       -1.2
58446       -1.1
58447       -1.5
58448       -1.5
58449       -1.4
58450       -1.7
58451       -1.6
58452       -1.7
58453       -1.7
58454       -1.6
58455       -0.6
58456       -0.7
58457       -0.9
58458       -0.8
58459       -0.9
58460       -0.7
58461       -0.6
58462       -0.2
58463       -0.3
58464       -0.1
58465       -0.4
58466       -0.2
58467       -0.3
58468        0.3
58469        0.3
58470        0.2
58471        0.1
58472        0.2
58473        0.1
58474        0.4
58475        0.4
58476        0.4
58477        0.4
58478        0.4
58479       -0.2
58480       -0.0
58481        0.0
58482       -0.1
58483       -0.3
58484       -0.4
58485       -0.2
58486       -0.3
58487       -0.1
58488       -0.2
58489       -0.1
58490        1.1
58491        0.8
58492        0.9
58493        0.8
58494        0.7
58495        1.3
58496        0.8
58497        1.3
58498        0.8
58499        0.9
58500        0.9
58501        0.5
58502        0.2
58503        0.2
58504        0.4
58505        0.9
58506        0.8
58507        0.6
58508        1.1
58509        1.3
58510        1.2
58511        1.3
58512        1.3
58513        1.6
58514        1.7
58515        1.6
58516        1.7
58517        1.6
58518       -2.4
58519       -2.3
58520       -2.6
58521       -2.2
58522       -2.4
58523       -2.3
58524       -2.5
58525       -2.3
58526       -2.3
58527       -2.6
58528       -2.8
58529       -2.9
58530       -2.8
58531       -2.9
58532       -2.2
58533       -1.8
58534       -2.6
58535       -2.7
58536       -2.3
58537       -2.5
58538       -2.4
58539       -2.3
58540       -2.6
58541       -2.1
58542       -2.0
58543       -2.4
58544       -2.4
58545       -2.5
58546       -2.9
58547       -3.3
58548       -3.1
58549       -3.5
58550       -3.1
58551       -3.5
58552       -3.2
58553       -3.2
58554       -3.1
58555       -3.4
58556       -3.3
58557       -3.4
58558       -3.3
58559       -3.4
58560       -3.7
58561       -3.8
58562       -3.9
58563       -4.0
58564       -4.3
58565       -4.2
58566       -4.2
58567       -4.1
58568       -4.2
58569       -4.4
58570       -4.8
58571       -4.7
58572       -5.1
58573       -4.8
58574       -4.7
58575       -4.7
58576       -4.5
58577       -4.3
58578       -4.3
58579       -4.2
58580       -4.1
58581       -2.9
58582       -2.9
58583       -2.8
58584       -2.8
58585       -2.5
58586       -2.8
58587       -2.6
58588       -3.1
58589       -2.7
58590       -2.8
58591       -2.8
58592       -2.4
58593       -2.6
58594       -2.3
58595       -1.8
58596       -1.5
58597       -1.5
58598       -1.8
58599       -1.6
58600       -1.4
58601       -1.8
58602       -1.8
58603       -1.6
58604       -1.5
58605       -0.8
58606       -1.9
58607       -1.5
58608       -1.6
58609       -2.9
58610       -2.8
58611       -2.9
58612       -3.3
58613       -3.5
58614       -3.7
58615       -3.5
58616       -3.4
58617       -3.4
58618       -3.2
58619       -3.2
58620       -3.1
58621       -2.7
58622       -2.6
58623       -2.8
58624       -3.0
58625       -2.9
58626       -2.2
58627       -2.4
58628       -2.2
58629       -2.1
58630       -2.7
58631       -2.4
58632       -2.2
58633       -2.0
58634       -2.0
58635       -2.1
58636       -1.9
58637       -1.7
58638       -2.1
58639       -1.8
58640       -1.8
58641       -1.6
58642       -1.5
58643       -1.3
58644       -0.9
58645       -1.3
58646       -1.2
58647       -0.9
58648       -1.0
58649       -1.1
58650       -1.5
58651       -1.8
58652       -1.6
58653       -1.7
58654       -2.0
58655       -2.3
58656       -2.2
58657       -2.3
58658       -2.1
58659       -2.5
58660       -3.2
58661       -3.3
58662       -3.4
58663       -3.0
58664       -3.7
58665       -3.8
58666       -3.7
58667       -3.4
58668       -3.4
58669       -3.3
58670       -3.5
58671       -3.3
58672       -3.4
58673       -3.4
58674       -3.3
58675       -3.6
58676       -3.7
58677       -4.0
58678       -4.5
58679       -4.3
58680       -4.3
58681       -4.3
58682       -4.0
58683       -4.4
58684       -4.4
58685       -4.4
58686       -4.6
58687       -4.7
58688       -4.7
58689       -4.8
58690       -5.1
58691       -5.1
58692       -5.4
58693       -5.2
58694       -5.3
58695       -5.1
58696       -4.8
58697       -4.8
58698       -5.1
58699       -5.2
58700       -4.1
58701       -4.0
58702       -4.0
58703       -3.9
58704       -3.9
58705       -4.2
58706       -3.5
58707       -3.6
58708       -3.4
58709       -2.8
58710       -2.8
58711       -2.7
58712       -2.7
58713       -2.4
58714       -1.5
58715       -1.3
58716       -1.3
58717       -1.0
58718       -0.9
58719       -0.6
58720       -0.4
58721       -0.0
58722        0.0
58723       -0.1
58724        0.2
58725        0.3
58726        0.4
58727        0.5
58728        0.5
58729        0.4
58730        0.1
58731        0.5
58732        0.3
58733        0.0
58734        0.2
58735       -0.7
58736       -1.0
58737       -1.3
58738       -1.3
58739       -1.4
58740       -1.0
58741       -1.2
58742       -1.7
58743       -2.0
58744       -1.8
58745       -1.9
58746       -1.6
58747       -1.5
58748       -2.3
58749       -1.4
58750       -1.5
58751       -1.5
58752       -1.8
58753       -1.4
58754       -1.2
58755       -1.4
58756       -1.5
58757       -1.6
58758       -1.9
58759       -1.5
58760       -1.0
58761       -1.0
58762       -0.7
58763       -0.0
58764        0.1
58765        0.3
58766        0.7
58767        1.0
58768        1.2
58769        1.5
58770        1.4
58771        1.8
58772        1.7
58773        1.7
58774        2.1
58775        2.6
58776        2.1
58777        2.1
58778        2.0
58779        1.8
58780        2.2
58781        1.8
58782        1.9
58783        1.8
58784        1.3
58785        1.5
58786        1.7
58787        1.8
58788        1.1
58789        0.7
58790        0.9
58791        1.3
58792        1.6
58793        1.4
58794        1.3
58795        1.4
58796        1.2
58797        0.9
58798        1.1
58799        0.8
58800        1.1
58801        1.2
58802        0.8
58803        0.9
58804        1.2
58805        0.2
58806        0.6
58807        0.6
58808        0.5
58809        0.4
58810        0.4
58811        0.5
58812        0.2
58813        0.6
58814        1.2
58815        1.3
58816        1.2
58817        1.0
58818        0.5
58819        1.9
58820        2.0
58821        1.9
58822        1.8
58823        2.0
58824        1.9
58825        1.3
58826       -2.0
58827       -2.3
58828       -2.3
58829       -2.2
58830       -1.9
58831       -1.7
58832       -1.6
58833       -1.5
58834       -1.0
58835       -0.9
58836       -1.2
58837       -0.8
58838        1.6
58839        2.5
58840        2.4
58841        2.7
58842        2.8
58843        3.5
58844        3.5
58845        3.1
58846        3.4
58847        1.2
58848        1.3
58849        1.5
58850        1.5
58851        1.9
58852        2.2
58853        2.4
58854        4.0
58855        4.2
58856        4.0
58857        4.3
58858        4.4
58859        4.2
58860        4.4
58861        4.8
58862        4.8
58863        4.7
58864        4.6
58865        4.3
58866        5.0
58867        4.7
58868        4.9
58869        5.2
58870        5.0
58871        4.6
58872        4.6
58873        4.2
58874        3.8
58875        3.6
58876        3.4
58877        2.9
58878        2.6
58879        1.7
58880        1.3
58881        0.8
58882        3.1
58883        3.3
58884        3.1
58885        3.5
58886        3.6
58887        3.1
58888        2.9
58889        3.5
58890        3.3
58891        3.6
58892        3.6
58893        3.7
58894        3.3
58895        3.2
58896        3.6
58897        3.4
58898        3.9
58899        3.9
58900        3.7
58901        3.6
58902        3.1
58903        2.8
58904        3.1
58905        3.1
58906        3.0
58907        3.2
58908        3.1
58909        3.2
58910        3.3
58911        3.3
58912        3.0
58913        3.0
58914        3.0
58915        2.9
58916        3.0
58917        3.3
58918        2.8
58919        2.5
58920        2.9
58921        3.0
58922        3.0
58923        3.2
58924        2.5
58925        2.7
58926        2.6
58927        2.4
58928        2.4
58929        2.5
58930        2.7
58931        2.7
58932        3.0
58933        3.0
58934        3.4
58935        3.4
58936        3.0
58937        3.2
58938        2.9
58939        2.9
58940        3.3
58941        3.4
58942        3.3
58943        3.0
58944        3.0
58945        2.3
58946        2.4
58947        2.0
58948        1.9
58949        1.9
58950        2.0
58951        1.7
58952        1.7
58953        1.8
58954        2.4
58955        2.9
58956        2.2
58957        2.2
58958        2.3
58959        2.5
58960        2.8
58961        2.8
58962        2.8
58963        2.7
58964        2.4
58965        2.3
58966        2.1
58967        1.9
58968        2.0
58969        1.7
58970        1.7
58971        1.3
58972        1.1
58973       -0.8
58974       -0.9
58975       -0.9
58976       -0.9
58977       -1.2
58978       -1.4
58979       -1.1
58980       -0.9
58981       -1.0
58982       -0.7
58983       -0.3
58984       -0.0
58985        0.1
58986       -0.2
58987       -0.1
58988        0.2
58989       -0.0
58990        0.3
58991        0.3
58992        0.6
58993        0.3
58994        0.1
58995        0.4
58996        0.3
58997        0.2
58998        0.7
58999        0.9
59000        0.9
59001        1.1
59002        1.2
59003        1.5
59004        1.7
59005        2.0
59006        2.1
59007        2.0
59008        1.7
59009        1.9
59010        1.9
59011        2.2
59012        2.2
59013        2.2
59014        1.8
59015        1.4
59016        1.3
59017        1.1
59018        1.0
59019        1.1
59020        0.6
59021        0.2
59022        0.3
59023       -0.0
59024       -0.3
59025       -0.0
59026       -0.4
59027       -0.5
59028       -0.2
59029       -0.6
59030       -0.4
59031       -0.3
59032       -0.5
59033       -0.5
59034       -0.8
59035       -0.7
59036       -1.0
59037       -1.0
59038       -1.3
59039       -0.9
59040       -0.6
59041       -0.5
59042       -0.2
59043       -0.3
59044       -0.3
59045        0.1
59046       -0.2
59047        0.3
59048        0.2
59049       -0.2
59050        0.2
59051        0.1
59052       -0.0
59053        0.0
59054       -0.2
59055       -0.5
59056       -0.1
59057       -0.5
59058        0.1
59059        0.0
59060       -0.4
59061        0.5
59062       -0.0
59063        0.4
59064       -0.2
59065       -0.1
59066       -0.1
59067       -0.0
59068        0.1
59069       -0.4
59070       -0.8
59071       -0.6
59072       -1.2
59073       -1.6
59074       -1.7
59075       -2.0
59076       -1.7
59077       -1.7
59078       -1.8
59079       -1.6
59080       -1.5
59081       -1.6
59082       -0.6
59083       -0.4
59084       -0.2
59085        0.4
59086        0.3
59087        1.1
59088        1.5
59089        2.2
59090        1.9
59091        1.7
59092        2.3
59093        2.6
59094        2.6
59095        2.1
59096        2.7
59097        2.6
59098        2.5
59099        0.5
59100       -0.0
59101        0.2
59102        0.2
59103        0.3
59104        0.0
59105       -0.1
59106        0.3
59107       -0.1
59108       -0.5
59109       -0.7
59110       -0.2
59111       -0.6
59112       -0.9
59113       -0.7
59114       -0.7
59115       -1.0
59116       -0.4
59117       -0.2
59118       -0.2
59119       -0.2
59120       -0.4
59121       -0.4
59122        0.3
59123       -0.0
59124        0.4
59125       -0.0
59126       -0.2
59127       -0.4
59128       -0.7
59129       -0.6
59130       -1.1
59131       -0.8
59132       -0.8
59133       -1.1
59134       -0.9
59135       -0.8
59136       -0.8
59137       -0.8
59138       -0.7
59139       -0.6
59140       -0.9
59141       -0.8
59142       -1.2
59143       -1.2
59144       -1.1
59145       -1.4
59146       -1.3
59147       -1.2
59148       -0.6
59149       -0.7
59150       -0.7
59151       -0.9
59152       -1.1
59153       -1.0
59154       -1.1
59155       -0.5
59156       -0.2
59157       -0.2
59158       -0.0
59159        0.4
59160        0.2
59161       -0.1
59162       -0.6
59163       -0.8
59164       -0.4
59165       -0.3
59166       -0.3
59167       -0.4
59168       -0.6
59169        0.0
59170       -0.3
59171       -0.3
59172       -0.4
59173       -0.6
59174       -0.4
59175       -0.2
59176       -0.1
59177       -0.4
59178       -0.4
59179       -0.6
59180       -0.5
59181       -0.9
59182       -1.3
59183       -0.5
59184       -0.0
59185        0.3
59186        0.0
59187        0.2
59188        0.1
59189       -0.1
59190       -1.9
59191       -2.1
59192       -2.0
59193       -2.1
59194       -2.2
59195       -2.3
59196       -2.2
59197       -2.4
59198       -2.2
59199       -1.8
59200       -1.7
59201       -1.8
59202       -1.8
59203       -1.6
59204       -1.4
59205       -1.7
59206       -1.8
59207       -1.7
59208       -3.5
59209       -3.1
59210       -2.9
59211       -1.2
59212       -1.7
59213       -1.7
59214       -1.6
59215       -1.4
59216       -1.5
59217       -1.4
59218       -2.4
59219       -2.1
59220       -2.5
59221       -2.6
59222       -2.3
59223       -2.5
59224       -2.4
59225       -2.5
59226       -2.8
59227       -2.9
59228       -3.6
59229       -3.7
59230       -3.6
59231       -2.8
59232       -2.3
59233       -2.0
59234       -1.6
59235       -0.8
59236        0.2
59237        0.2
59238        0.5
59239        0.6
59240        1.5
59241        0.8
59242       -0.4
59243        0.4
59244       -0.1
59245       -0.2
59246        0.3
59247        0.4
59248        0.5
59249        0.1
59250        0.5
59251        0.4
59252       -0.2
59253       -1.0
59254       -0.5
59255       -0.7
59256       -0.6
59257       -1.0
59258       -1.1
59259       -2.2
59260       -3.4
59261       -4.5
59262       -3.6
59263       -2.3
59264       -1.2
59265       -1.1
59266       -2.0
59267       -2.6
59268       -2.0
59269       -1.5
59270       -1.1
59271       -1.1
59272       -1.2
59273       -1.9
59274       -2.8
59275       -2.9
59276       -3.2
59277       -3.8
59278       -3.4
59279       -2.3
59280       -2.2
59281       -2.0
59282       -1.3
59283       -2.0
59284       -2.8
59285       -2.7
59286       -2.7
59287       -3.2
59288       -2.3
59289       -2.0
59290       -1.1
59291       -0.6
59292       -0.9
59293       -1.4
59294       -1.9
59295       -2.4
59296       -2.0
59297       -2.0
59298       -1.8
59299       -2.0
59300       -2.2
59301       -2.0
59302       -1.9
59303       -0.7
59304        0.1
59305        0.6
59306       -0.0
59307        0.9
59308        1.9
59309        2.8
59310        2.9
59311        3.4
59312        3.0
59313        2.8
59314        2.1
59315        2.0
59316        2.2
59317        2.8
59318        3.5
59319        3.4
59320        2.8
59321        2.1
59322        1.2
59323        0.5
59324        0.2
59325       -0.3
59326        0.2
59327        1.3
59328        1.3
59329        0.7
59330        0.2
59331        0.8
59332        0.9
59333        1.4
59334        1.2
59335        1.2
59336        0.5
59337        0.6
59338        0.7
59339        1.1
59340        1.5
59341        1.9
59342        2.2
59343        1.0
59344       -1.9
59345       -2.8
59346       -2.0
59347       -1.8
59348       -2.4
59349       -2.7
59350       -2.9
59351       -3.0
59352       -2.6
59353       -1.6
59354       -1.1
59355       -0.7
59356       -0.8
59357       -1.2
59358       -0.8
59359       -1.4
59360       -1.7
59361       -1.6
59362       -1.7
59363       -1.6
59364       -1.3
59365       -1.4
59366       -1.5
59367       -1.0
59368       -1.6
59369       -2.9
59370       -3.0
59371       -1.6
59372        0.1
59373        1.4
59374        2.1
59375        2.1
59376        1.9
59377        1.8
59378        0.3
59379       -0.4
59380       -0.9
59381       -0.6
59382       -0.8
59383       -1.4
59384       -1.1
59385       -1.3
59386       -1.0
59387       -0.5
59388        0.2
59389        0.6
59390       -0.6
59391       -1.0
59392       -2.3
59393       -2.9
59394       -2.9
59395       -3.0
59396       -2.3
59397       -2.5
59398       -2.6
59399       -2.3
59400       -1.6
59401       -1.2
59402       -1.2
59403       -0.8
59404       -0.5
59405       -0.5
59406       -0.5
59407       -0.3
59408        0.5
59409        1.0
59410        0.5
59411        0.9
59412        0.6
59413        0.2
59414        0.9
59415        0.4
59416       -0.4
59417       -0.5
59418        0.2
59419        0.8
59420        1.0
59421        1.3
59422        1.7
59423        1.5
59424        2.1
59425        2.1
59426        2.3
59427        2.0
59428        1.0
59429        1.4
59430        1.9
59431        2.1
59432        1.7
59433        2.0
59434        1.7
59435        1.3
59436        1.7
59437        1.5
59438        1.3
59439        1.1
59440        0.3
59441        0.0
59442        0.1
59443       -0.4
59444       -0.7
59445       -0.4
59446       -0.8
59447       -1.3
59448       -0.6
59449       -1.4
59450       -0.5
59451       -0.7
59452       -0.8
59453       -1.0
59454       -0.9
59455       -1.4
59456       -1.0
59457       -1.2
59458       -0.6
59459       -0.6
59460       -0.4
59461        0.3
59462        0.1
59463        0.4
59464        0.6
59465        1.1
59466        1.7
59467        1.4
59468        1.4
59469        0.2
59470       -0.5
59471       -0.2
59472       -0.2
59473       -0.8
59474       -1.1
59475       -0.9
59476       -1.2
59477       -0.8
59478       -0.3
59479        0.3
59480        0.5
59481       -0.1
59482       -0.4
59483       -1.0
59484       -1.2
59485       -0.7
59486       -0.5
59487        0.2
59488        0.3
59489       -0.1
59490       -0.4
59491       -0.3
59492        0.1
59493        0.4
59494        1.3
59495        0.6
59496        0.4
59497        0.4
59498        0.2
59499        0.8
59500        0.5
59501       -0.1
59502       -0.1
59503       -0.4
59504       -0.1
59505       -0.3
59506        0.5
59507        0.7
59508        0.8
59509        1.5
59510        1.9
59511        1.7
59512        1.9
59513        0.7
59514       -0.0
59515       -0.5
59516        0.5
59517        1.3
59518        1.3
59519        1.6
59520        2.0
59521        2.3
59522        2.4
59523        2.2
59524        1.7
59525        0.5
59526       -0.0
59527       -0.2
59528       -1.0
59529       -0.8
59530       -0.3
59531        0.2
59532       -0.0
59533       -0.4
59534        0.0
59535        0.4
59536        0.3
59537       -0.3
59538       -0.9
59539       -0.9
59540       -1.1
59541       -0.6
59542       -0.8
59543       -0.6
59544       -1.0
59545       -0.9
59546       -1.3
59547       -0.3
59548       -0.1
59549       -0.8
59550       -0.6
59551        0.5
59552        0.5
59553       -0.4
59554       -0.1
59555       -0.4
59556       -0.2
59557       -0.4
59558       -0.1
59559        0.6
59560        0.6
59561        1.0
59562        1.0
59563        1.5
59564        1.5
59565        1.3
59566        0.5
59567       -0.3
59568       -0.9
59569       -1.7
59570       -1.7
59571       -1.4
59572       -1.4
59573       -1.4
59574       -0.8
59575        0.4
59576        1.2
59577        1.4
59578        1.8
59579        2.1
59580        2.4
59581        2.2
59582        2.1
59583        2.6
59584        1.9
59585        2.4
59586        2.0
59587        1.7
59588        2.5
59589        1.4
59590        2.0
59591        1.5
59592        2.1
59593        1.5
59594        0.8
59595       -0.5
59596       -2.3
59597       -2.3
59598       -1.8
59599       -1.7
59600       -0.7
59601       -0.2
59602       -0.7
59603       -1.2
59604       -1.2
59605       -0.9
59606       -0.7
59607       -1.4
59608       -1.0
59609       -1.7
59610        0.1
59611        0.9
59612        0.8
59613        0.1
59614        0.3
59615        0.2
59616        0.3
59617        0.8
59618        1.4
59619        0.8
59620        0.2
59621        0.5
59622        1.2
59623        1.2
59624        0.5
59625       -0.4
59626       -0.2
59627       -0.7
59628        0.0
59629        0.8
59630        1.2
59631        1.3
59632        2.6
59633        1.7
59634        1.3
59635        1.1
59636        1.4
59637        1.5
59638        1.9
59639        1.7
59640        1.7
59641        2.1
59642        2.5
59643        2.4
59644        2.9
59645        3.5
59646        3.9
59647        3.2
59648        1.4
59649        0.9
59650        0.5
59651        0.5
59652        0.8
59653        1.9
59654        2.3
59655        2.9
59656        3.5
59657        3.2
59658        2.2
59659        1.6
59660        2.5
59661        1.9
59662        1.6
59663        2.1
59664        2.1
59665        1.3
59666        0.7
59667        0.6
59668        1.0
59669        1.4
59670        1.7
59671        2.5
59672        2.8
59673        1.5
59674        1.1
59675       -0.2
59676       -0.7
59677        0.1
59678        1.2
59679        1.4
59680        1.4
59681        1.4
59682       -0.0
59683       -0.3
59684        0.6
59685        0.7
59686        0.3
59687        0.2
59688       -1.0
59689       -1.6
59690       -1.9
59691       -2.3
59692       -2.5
59693       -3.0
59694       -3.4
59695       -2.9
59696       -1.9
59697       -1.9
59698       -2.8
59699       -4.0
59700       -4.8
59701       -5.8
59702       -5.7
59703       -4.8
59704       -3.5
59705       -1.5
59706       -0.2
59707       -0.1
59708        0.9
59709        1.5
59710        1.4
59711        2.3
59712        3.8
59713        4.6
59714        4.1
59715        4.1
59716        2.7
59717        1.9
59718        1.9
59719        2.3
59720        2.3
59721        2.5
59722        2.4
59723        1.9
59724        1.1
59725        0.9
59726        0.3
59727        1.2
59728        1.1
59729        1.1
59730        0.9
59731       -0.4
59732       -0.9
59733       -0.4
59734       -0.5
59735       -0.5
59736       -0.6
59737       -1.2
59738       -1.1
59739       -1.0
59740       -0.2
59741        0.1
59742        0.8
59743        1.4
59744        2.0
59745        1.7
59746        0.8
59747        0.5
59748        1.0
59749        0.0
59750        1.5
59751        2.1
59752        2.3
59753        2.4
59754        1.7
59755        1.9
59756        2.0
59757        2.7
59758        2.9
59759        2.3
59760        2.1
59761        1.7
59762        1.8
59763        2.1
59764        1.1
59765        1.6
59766        1.2
59767        1.1
59768        0.4
59769        0.1
59770       -0.1
59771        0.0
59772        0.4
59773        0.1
59774       -0.7
59775       -1.3
59776       -1.4
59777       -1.9
59778       -1.2
59779        0.9
59780        0.9
59781       -3.1
59782       -3.3
59783       -3.8
59784       -3.0
59785       -2.0
59786       -1.2
59787       -0.2
59788        0.3
59789        0.0
59790       -0.2
59791       -0.4
59792       -1.0
59793       -0.5
59794       -0.2
59795        0.1
59796        0.2
59797        1.5
59798        1.4
59799        0.5
59800        0.1
59801       -0.9
59802       -1.3
59803       -0.4
59804        0.4
59805        2.1
59806        2.7
59807        1.6
59808        1.0
59809        1.0
59810        1.2
59811        2.4
59812        2.1
59813        1.9
59814        1.4
59815        0.9
59816        0.8
59817        0.6
59818        0.8
59819        1.2
59820        1.2
59821        1.3
59822        1.1
59823        1.2
59824        0.7
59825        0.4
59826        0.0
59827       -0.9
59828       -0.7
59829        0.0
59830        0.3
59831        0.3
59832        0.2
59833        1.0
59834        1.5
59835        1.8
59836        1.5
59837        1.1
59838        1.7
59839        2.6
59840        2.2
59841        1.4
59842        0.6
59843        0.2
59844       -0.2
59845       -0.4
59846       -1.2
59847       -0.8
59848        1.1
59849        1.4
59850        1.3
59851        1.1
59852        1.4
59853        1.9
59854        1.4
59855        0.9
59856        0.7
59857        0.2
59858        0.1
59859        0.6
59860        0.6
59861        0.6
59862        0.7
59863        0.3
59864        0.2
59865       -0.4
59866       -1.8
59867       -0.7
59868       -0.3
59869        0.8
59870        1.2
59871        1.5
59872        1.2
59873       -0.1
59874       -0.8
59875       -0.9
59876       -0.9
59877       -0.4
59878       -0.0
59879       -0.0
59880       -0.7
59881       -0.4
59882       -0.9
59883       -1.2
59884       -0.5
59885       -0.5
59886       -0.3
59887       -0.8
59888       -1.1
59889       -0.7
59890        0.1
59891        0.3
59892        0.2
59893        0.1
59894       -0.3
59895       -0.9
59896       -0.6
59897       -0.0
59898        0.6
59899       -0.3
59900       -0.1
59901       -0.2
59902       -0.2
59903       -0.5
59904       -0.5
59905       -0.5
59906       -0.8
59907       -1.3
59908       -1.5
59909       -1.3
59910       -1.5
59911       -1.6
59912       -1.7
59913       -2.2
59914       -2.3
59915       -2.0
59916       -1.8
59917       -1.6
59918       -0.7
59919       -0.8
59920       -0.8
59921       -0.9
59922       -0.9
59923       -0.6
59924       -0.5
59925       -0.7
59926       -0.7
59927       -0.8
59928       -0.7
59929       -0.7
59930       -0.8
59931       -0.6
59932       -0.7
59933       -1.2
59934       -2.0
59935       -1.6
59936       -1.0
59937       -0.4
59938        0.4
59939        0.7
59940        0.7
59941        0.6
59942       -0.0
59943       -0.1
59944       -0.4
59945       -0.9
59946       -0.9
59947       -1.2
59948       -0.7
59949       -0.7
59950       -1.0
59951       -1.0
59952       -1.1
59953        0.2
59954        0.5
59955        0.9
59956        1.4
59957        1.7
59958        1.4
59959        1.3
59960        0.8
59961        0.4
59962        0.7
59963        0.7
59964        0.4
59965        0.1
59966       -0.4
59967       -0.8
59968       -1.1
59969       -1.3
59970       -1.1
59971       -1.3
59972       -1.2
59973       -1.0
59974       -1.1
59975       -1.1
59976       -1.3
59977       -1.3
59978       -1.4
59979       -1.5
59980       -1.7
59981       -3.7
59982       -3.7
59983       -3.9
59984       -3.7
59985       -2.7
59986       -2.1
59987       -1.9
59988       -1.5
59989       -1.4
59990       -1.1
59991       -0.9
59992       -1.2
59993       -1.1
59994       -1.2
59995       -0.9
59996       -1.0
59997       -0.8
59998       -0.4
59999       -0.1
60000        0.5
60001        0.6
60002        0.8
60003        0.9
60004        0.9
60005        0.9
60006        0.9
60007        0.6
60008        0.5
60009       -0.4
60010       -0.3
60011       -0.1
60012       -0.1
60013        0.0
60014       -0.3
60015        0.2
60016       -0.6
60017       -0.6
60018       -0.5
60019       -0.7
60020       -0.7
60021       -0.7
60022       -0.8
60023       -0.6
60024       -0.7
60025       -1.0
60026       -1.1
60027       -1.1
60028       -1.1
60029       -0.8
60030       -0.8
60031       -0.6
60032       -0.5
60033       -0.7
60034       -1.3
60035       -1.5
60036       -1.5
60037       -1.2
60038       -0.8
60039       -0.7
60040       -0.5
60041       -0.9
60042       -1.3
60043       -1.1
60044        1.8
60045        1.7
60046        1.9
60047        1.7
60048        1.2
60049        1.1
60050        0.5
60051        0.4
60052        0.1
60053        0.3
60054        0.3
60055        0.3
60056        0.6
60057        0.8
60058        1.0
60059        1.1
60060        1.2
60061        1.3
60062        1.6
60063        1.0
60064        1.0
60065        0.5
60066       -0.3
60067       -0.3
60068       -0.1
60069        0.4
60070       -0.1
60071        0.7
60072       -0.0
60073        0.1
60074       -0.2
60075        0.2
60076        0.3
60077        0.7
60078        0.3
60079        0.1
60080        0.1
60081       -0.0
60082       -0.4
60083       -0.8
60084       -1.0
60085       -0.9
60086       -0.4
60087       -0.4
60088       -0.1
60089       -0.2
60090       -0.3
60091        0.1
60092        0.7
60093        1.7
60094        1.8
60095        1.6
60096        1.4
60097        1.7
60098        1.6
60099        1.1
60100       -0.5
60101       -0.8
60102       -1.2
60103       -1.2
60104       -1.3
60105       -1.5
60106       -1.7
60107       -1.7
60108       -2.1
60109       -2.6
60110       -2.4
60111       -2.0
60112       -1.5
60113       -1.3
60114       -1.4
60115       -1.8
60116       -1.9
60117       -1.9
60118       -2.1
60119       -1.9
60120       -1.9
60121       -1.5
60122       -1.5
60123       -1.3
60124       -1.4
60125       -1.8
60126       -1.5
60127       -2.0
60128       -2.0
60129       -1.9
60130       -1.7
60131       -1.7
60132       -1.8
60133       -1.9
60134       -2.3
60135       -1.6
60136       -1.8
60137       -1.9
60138       -1.8
60139       -1.5
60140       -1.1
60141       -1.4
60142       -0.9
60143       -0.7
60144       -0.2
60145       -0.1
60146       -0.0
60147        0.2
60148        0.1
60149       -0.2
60150       -0.3
60151       -0.1
60152        0.5
60153        0.3
60154       -0.3
60155       -0.2
60156       -0.1
60157       -0.1
60158        0.0
60159        0.1
60160       -0.2
60161       -0.0
60162        0.4
60163        1.2
60164        1.5
60165        1.9
60166        1.1
60167        0.6
60168        0.1
60169       -0.2
60170       -0.8
60171       -1.1
60172       -1.2
60173       -0.9
60174       -0.9
60175       -0.8
60176       -1.1
60177       -1.1
60178       -1.5
60179       -1.5
60180       -1.8
60181       -1.9
60182       -1.6
60183       -1.3
60184       -1.0
60185       -1.1
60186       -1.0
60187       -1.2
60188       -0.8
60189       -1.4
60190       -1.5
60191       -3.1
60192       -3.2
60193       -3.3
60194       -3.4
60195       -3.2
60196       -3.0
60197       -3.3
60198       -3.2
60199       -3.4
60200       -2.5
60201       -1.7
60202       -1.1
60203       -0.6
60204       -0.6
60205       -0.4
60206       -0.3
60207        0.2
60208        0.3
60209        0.4
60210        0.9
60211        0.8
60212        1.0
60213        0.7
60214        0.5
60215       -0.3
60216       -0.3
60217        0.0
60218       -0.3
60219       -1.5
60220       -1.5
60221       -1.7
60222       -1.2
60223       -1.3
60224       -1.1
60225       -1.1
60226       -1.6
60227       -1.6
60228       -1.9
60229       -2.2
60230       -2.7
60231       -2.8
60232       -2.5
60233       -2.6
60234       -2.3
60235       -2.0
60236       -1.9
60237       -2.4
60238       -2.6
60239       -2.4
60240       -2.7
60241       -3.0
60242       -2.8
60243       -3.1
60244       -3.1
60245       -3.1
60246       -3.0
60247       -3.2
60248       -3.5
60249       -3.4
60250       -3.5
60251       -3.9
60252       -3.9
60253       -3.7
60254       -3.0
60255       -2.8
60256       -2.2
60257       -2.5
60258       -3.0
60259       -3.3
60260       -2.6
60261       -2.5
60262       -1.8
60263       -1.6
60264       -1.6
60265       -0.9
60266       -1.1
60267       -1.4
60268       -1.4
60269       -1.0
60270       -0.5
60271        0.1
60272        0.0
60273        0.1
60274        0.6
60275        1.0
60276        0.8
60277        0.9
60278        1.3
60279        1.4
60280        1.4
60281        1.1
60282       -0.9
60283       -1.7
60284       -1.9
60285       -1.5
60286       -1.5
60287       -1.7
60288       -2.0
60289       -2.4
60290       -2.8
60291       -2.6
60292       -2.4
60293       -2.2
60294       -2.4
60295       -2.7
60296       -3.1
60297       -3.3
60298       -3.1
60299       -2.9
60300       -2.6
60301       -2.4
60302       -2.5
60303       -2.4
60304       -2.6
60305       -2.7
60306       -2.7
60307       -3.1
60308       -3.0
60309       -2.5
60310       -2.4
60311       -2.5
60312       -2.7
60313       -2.9
60314       -3.1
60315       -2.9
60316       -2.3
60317       -2.4
60318       -1.7
60319       -1.7
60320       -2.3
60321       -2.5
60322       -2.5
60323       -2.5
60324       -2.7
60325       -3.2
60326       -3.1
60327       -3.2
60328       -3.9
60329       -4.0
60330       -3.7
60331       -3.5
60332       -3.8
60333       -4.3
60334       -4.6
60335       -4.7
60336       -4.6
60337       -4.0
60338       -3.6
60339       -3.6
60340       -3.5
60341       -3.1
60342       -3.3
60343       -3.0
60344       -3.2
60345       -3.3
60346       -3.0
60347       -3.2
60348       -3.3
60349       -3.1
60350       -3.2
60351       -2.8
60352       -2.6
60353       -2.2
60354       -1.7
60355       -1.8
60356       -2.2
60357       -2.2
60358       -1.8
60359       -1.8
60360       -2.0
60361       -2.4
60362       -2.4
60363       -2.3
60364       -2.2
60365       -1.5
60366       -0.8
60367       -0.6
60368       -0.2
60369       -0.4
60370       -0.9
60371       -1.3
60372       -1.3
60373       -3.4
60374       -3.7
60375       -4.1
60376       -4.3
60377       -4.4
60378       -4.3
60379       -4.1
60380       -4.3
60381       -4.1
60382       -4.2
60383       -5.5
60384       -5.4
60385       -4.9
60386       -5.0
60387       -4.0
60388       -4.0
60389       -3.9
60390       -3.4
60391       -3.0
60392       -2.0
60393       -1.9
60394       -1.3
60395       -0.8
60396       -0.8
60397       -0.2
60398       -0.5
60399       -0.4
60400       -0.5
60401       -1.2
60402       -1.6
60403       -1.8
60404       -2.1
60405       -2.4
60406       -2.7
60407       -2.8
60408       -3.4
60409       -3.8
60410       -3.9
60411       -3.7
60412       -3.9
60413       -4.1
60414       -3.8
60415       -3.2
60416       -2.7
60417       -2.6
60418       -2.3
60419       -1.9
60420       -1.9
60421       -1.6
60422       -1.4
60423       -1.3
60424       -1.4
60425       -1.7
60426       -1.5
60427       -1.9
60428       -1.8
60429       -2.0
60430       -2.3
60431       -2.3
60432       -2.9
60433       -2.7
60434       -2.6
60435       -2.1
60436       -0.6
60437       -0.2
60438       -0.8
60439       -0.9
60440       -1.2
60441       -1.4
60442       -1.4
60443       -0.8
60444       -0.3
60445       -0.2
60446       -0.1
60447        0.2
60448        0.4
60449        0.5
60450        0.7
60451        0.4
60452        0.3
60453        0.1
60454        0.3
60455        0.4
60456        0.5
60457        0.6
60458        0.7
60459        0.5
60460        0.4
60461        0.2
60462        0.1
60463       -0.2
60464       -1.3
60465       -1.5
60466       -2.1
60467       -2.1
60468       -1.6
60469       -1.6
60470       -2.1
60471       -2.4
60472       -3.0
60473       -3.2
60474       -3.0
60475       -2.8
60476       -2.9
60477       -2.5
60478       -2.1
60479       -1.5
60480       -1.2
60481       -0.7
60482       -0.7
60483       -0.5
60484       -0.4
60485       -0.4
60486       -0.6
60487       -0.7
60488       -0.8
60489       -0.6
60490       -0.1
60491        0.1
60492        0.6
60493        1.2
60494        1.1
60495        1.4
60496        1.5
60497        1.4
60498        1.2
60499        1.5
60500        1.7
60501        1.5
60502        1.0
60503        1.6
60504        2.1
60505        2.4
60506        2.6
60507        2.6
60508        2.3
60509        1.9
60510        1.4
60511        1.6
60512        1.3
60513        1.1
60514        1.5
60515        1.6
60516        2.0
60517        1.7
60518        1.5
60519        1.7
60520        2.2
60521        2.3
60522        2.6
60523        2.1
60524        1.9
60525        1.4
60526        1.3
60527        0.8
60528        1.1
60529        1.0
60530        1.4
60531        2.2
60532        1.8
60533        1.4
60534        1.0
60535        0.4
60536       -0.2
60537       -0.4
60538        0.6
60539        0.8
60540        1.2
60541        1.7
60542        2.1
60543        1.5
60544        1.7
60545        1.5
60546        0.9
60547        1.1
60548        0.6
60549        0.5
60550        0.7
60551        0.3
60552        0.5
60553        1.2
60554        1.4
60555        1.6
60556        1.0
60557        1.0
60558        1.6
60559        2.3
60560        2.4
60561        2.4
60562        2.8
60563        3.2
60564        4.0
60565        4.6
60566        4.7
60567        4.2
60568        3.7
60569        3.0
60570        2.0
60571        1.6
60572        1.3
60573        0.9
60574        0.7
60575        0.8
60576        0.8
60577        0.9
60578        1.4
60579        2.1
60580        2.7
60581        3.1
60582        3.5
60583        4.4
60584        4.2
60585        3.9
60586        3.4
60587        3.4
60588        3.6
60589        3.7
60590        2.7
60591        2.2
60592        2.1
60593        1.9
60594        2.2
60595        2.8
60596        2.7
60597        2.6
60598        3.0
60599        2.7
60600        2.0
60601        1.6
60602        1.6
60603        1.3
60604        1.2
60605        1.4
60606        1.6
60607        2.0
60608        1.9
60609        1.6
60610        1.9
60611        2.0
60612        2.0
60613        2.1
60614        2.0
60615        2.1
60616        1.9
60617        2.0
60618        1.7
60619        1.7
60620        1.9
60621        1.7
60622        1.2
60623        1.2
60624        1.7
60625        3.7
60626        3.6
60627        3.6
60628        3.3
60629        3.1
60630        2.7
60631        2.4
60632        2.0
60633        1.7
60634        1.5
60635        1.0
60636        0.9
60637        0.9
60638        1.5
60639        0.9
60640        0.3
60641        0.4
60642       -0.0
60643        0.2
60644        1.3
60645        1.9
60646        1.5
60647        1.4
60648        1.1
60649        1.3
60650        1.4
60651        1.1
60652        1.8
60653        1.8
60654        2.3
60655        2.5
60656        2.1
60657        2.5
60658        1.9
60659        1.4
60660        0.7
60661        0.5
60662        0.5
60663        0.5
60664        0.3
60665        0.3
60666        0.5
60667        0.3
60668        1.2
60669        1.6
60670        1.8
60671        1.9
60672        1.8
60673        2.0
60674        1.8
60675        1.8
60676        1.6
60677        2.6
60678        2.0
60679        2.4
60680        3.6
60681        3.1
60682        3.1
60683        3.4
60684        4.1
60685        3.7
60686        3.7
60687        3.4
60688        2.7
60689        2.4
60690        2.6
60691        1.8
60692        0.6
60693        0.9
60694        1.3
60695        2.0
60696        1.6
60697        1.7
60698        2.2
60699        1.7
60700        1.5
60701        1.5
60702        1.8
60703        1.6
60704        1.6
60705        1.5
60706        1.4
60707        1.5
60708        0.7
60709       -0.4
60710       -1.1
60711       -1.8
60712       -1.6
60713       -1.6
60714       -0.6
60715       -0.1
60716        0.5
60717        0.7
60718        0.9
60719        0.3
60720        0.0
60721       -0.0
60722        0.3
60723       -0.5
60724       -0.5
60725       -0.3
60726        0.6
60727        0.4
60728        0.0
60729       -0.0
60730        0.2
60731        0.0
60732       -0.5
60733       -0.3
60734       -0.2
60735       -0.0
60736       -0.2
60737        0.5
60738        1.0
60739        1.1
60740        1.3
60741        0.9
60742        0.1
60743        0.3
60744        0.3
60745        0.6
60746        1.4
60747        1.9
60748        1.7
60749        2.1
60750        3.2
60751        4.1
60752        4.6
60753        4.0
60754        3.7
60755        2.5
60756        2.0
60757        1.6
60758        0.8
60759        0.4
60760        1.1
60761        1.3
60762        1.2
60763        0.5
60764        0.6
60765       -0.1
60766       -0.3
60767       -0.5
60768       -0.9
60769       -1.0
60770       -1.6
60771       -1.6
60772       -1.9
60773       -2.1
60774       -2.0
60775       -2.6
60776       -2.8
60777       -3.3
60778       -3.5
60779       -3.6
60780       -3.8
60781       -3.9
60782       -3.1
60783       -1.9
60784       -0.4
60785       -0.5
60786       -0.4
60787       -0.3
60788       -0.2
60789       -0.2
60790       -0.1
60791       -0.4
60792       -0.4
60793       -0.5
60794       -0.7
60795       -0.7
60796       -1.0
60797       -1.2
60798       -0.9
60799       -0.9
60800       -0.7
60801       -0.1
60802        0.9
60803        1.3
60804        1.1
60805        0.9
60806        0.6
60807        0.4
60808        0.3
60809       -0.8
60810       -0.7
60811       -0.5
60812       -0.0
60813        0.2
60814        0.3
60815        0.4
60816        0.4
60817        1.1
60818        0.9
60819        0.8
60820        1.0
60821        0.5
60822        0.8
60823        0.9
60824        0.5
60825       -0.2
60826       -0.5
60827       -0.1
60828       -0.4
60829       -0.0
60830        0.2
60831        0.1
60832        0.2
60833        0.1
60834        0.5
60835        0.2
60836        0.1
60837       -0.1
60838       -0.3
60839       -0.5
60840       -0.7
60841       -0.9
60842       -0.9
60843       -1.1
60844       -0.9
60845       -0.9
60846       -0.9
60847       -1.3
60848       -1.5
60849       -2.2
60850       -2.1
60851       -0.8
60852       -1.0
60853       -1.5
60854       -1.7
60855       -2.0
60856       -2.4
60857       -0.2
60858        1.2
60859        0.3
60860        1.1
60861        1.5
60862        1.4
60863        0.7
60864        0.9
60865        1.2
60866        1.5
60867        0.9
60868        0.2
60869       -0.6
60870       -0.9
60871       -1.1
60872       -0.2
60873       -0.3
60874        0.5
60875       -0.1
60876        0.2
60877       -0.2
60878        0.2
60879        0.3
60880        0.9
60881        0.7
60882        0.8
60883        0.5
60884        0.8
60885        0.8
60886        0.9
60887        0.4
60888        0.3
60889        0.0
60890       -0.2
60891        0.5
60892        0.2
60893        0.1
60894        0.2
60895       -0.3
60896       -0.8
60897       -1.0
60898       -1.2
60899       -1.4
60900       -2.1
60901       -2.6
60902       -2.6
60903       -2.2
60904       -2.3
60905       -1.4
60906       -1.2
60907       -1.2
60908       -1.1
60909       -0.7
60910       -0.8
60911       -0.5
60912       -0.5
60913       -0.6
60914       -0.8
60915       -1.5
60916       -1.8
60917       -2.1
60918       -1.7
60919       -1.9
60920       -1.7
60921       -1.9
60922       -2.2
60923       -2.6
60924       -2.4
60925       -2.0
60926       -2.1
60927       -2.1
60928       -2.1
60929       -2.2
60930       -2.9
60931       -2.6
60932       -2.8
60933       -2.1
60934       -2.1
60935       -1.7
60936       -1.9
60937       -2.1
60938       -2.2
60939       -2.0
60940       -1.9
60941       -1.1
60942       -0.6
60943       -0.4
60944       -1.0
60945       -0.7
60946       -1.1
60947       -0.6
60948       -1.0
60949       -0.8
60950       -0.8
60951       -1.1
60952       -1.4
60953       -1.4
60954       -0.9
60955       -1.0
60956       -0.8
60957       -0.7
60958       -0.8
60959       -1.0
60960       -0.9
60961       -0.4
60962       -0.7
60963       -0.3
60964       -0.2
60965        0.5
60966        0.4
60967        0.5
60968        0.9
60969        1.1
60970        1.0
60971        1.7
60972        1.5
60973        2.5
60974        2.1
60975        2.4
60976        2.1
60977        2.9
60978        1.6
60979        1.5
60980        0.9
60981        1.0
60982        1.1
60983        1.3
60984        1.6
60985        1.4
60986        1.9
60987        1.6
60988        1.6
60989        1.4
60990        1.8
60991        1.3
60992        1.7
60993        0.6
60994        0.7
60995        0.1
60996        0.2
60997        0.6
60998        2.0
60999        1.5
61000        1.7
61001        1.8
61002        1.8
61003        1.7
61004        0.8
61005        0.8
61006        1.0
61007        0.6
61008        0.3
61009        0.1
61010       -0.3
61011        0.5
61012       -0.3
61013        0.3
61014        1.2
61015        1.6
61016        1.9
61017        2.0
61018        1.6
61019        1.2
61020        1.0
61021        0.5
61022        0.4
61023        0.5
61024       -0.2
61025       -0.3
61026       -0.2
61027        0.2
61028        0.6
61029        0.6
61030        0.1
61031       -0.8
61032       -1.0
61033       -0.5
61034        0.0
61035        0.2
61036        0.6
61037        0.7
61038        0.6
61039        0.8
61040        1.0
61041        1.2
61042        1.1
61043        0.9
61044        1.3
61045        1.4
61046        2.1
61047        1.9
61048        1.6
61049        0.9
61050        1.2
61051        0.9
61052        1.1
61053        0.0
61054       -1.0
61055       -1.2
61056       -0.8
61057       -0.9
61058       -0.7
61059       -0.4
61060       -0.1
61061       -0.5
61062        0.1
61063        0.5
61064        0.9
61065        1.3
61066        1.7
61067        1.7
61068        1.5
61069        1.1
61070        0.7
61071       -0.1
61072       -1.0
61073       -1.7
61074       -2.6
61075       -2.7
61076       -2.7
61077       -1.3
61078       -1.2
61079       -0.6
61080       -0.2
61081        0.5
61082        0.6
61083        0.5
61084        0.3
61085        0.4
61086        0.6
61087        1.0
61088        0.9
61089        0.6
61090        0.6
61091        0.5
61092       -0.0
61093       -0.3
61094       -0.4
61095       -0.6
61096       -1.7
61097       -2.0
61098       -1.6
61099       -1.3
61100       -1.2
61101       -1.3
61102       -0.9
61103       -1.1
61104       -1.0
61105       -1.0
61106       -1.1
61107       -0.9
61108       -1.7
61109       -1.9
61110       -1.4
61111       -1.1
61112       -0.1
61113        0.3
61114        1.1
61115        2.3
61116        2.8
61117        3.3
61118        3.0
61119        2.9
61120        2.7
61121        2.5
61122        2.6
61123        2.3
61124        2.4
61125        2.6
61126        2.7
61127        2.6
61128        1.8
61129        0.8
61130       -0.5
61131       -0.3
61132       -0.5
61133       -0.2
61134       -0.3
61135        0.3
61136        0.4
61137        1.3
61138        1.6
61139        0.8
61140        0.6
61141       -0.0
61142        0.4
61143        0.3
61144        0.6
61145       -0.0
61146        0.3
61147       -0.6
61148       -0.9
61149       -0.5
61150        0.1
61151        0.1
61152        0.2
61153        0.2
61154        0.2
61155       -0.1
61156       -0.2
61157       -0.3
61158       -0.9
61159       -1.5
61160       -1.7
61161       -1.4
61162       -1.2
61163       -2.0
61164       -2.9
61165       -3.4
61166       -3.1
61167       -2.9
61168       -2.8
61169       -2.6
61170       -2.6
61171       -2.9
61172       -2.6
61173       -2.8
61174       -3.3
61175       -4.5
61176       -4.4
61177       -3.0
61178       -2.4
61179       -1.2
61180       -0.6
61181       -0.7
61182       -1.3
61183       -1.9
61184       -2.5
61185       -3.2
61186       -3.6
61187       -3.8
61188       -3.0
61189       -2.9
61190       -2.8
61191       -3.1
61192       -3.3
61193       -3.3
61194       -3.5
61195       -2.6
61196       -2.2
61197       -1.4
61198       -0.5
61199        0.2
61200        0.5
61201        1.3
61202        1.4
61203        1.3
61204        0.6
61205        0.9
61206        0.8
61207        0.8
61208        0.1
61209        0.0
61210       -0.7
61211       -1.0
61212       -1.7
61213       -2.0
61214       -2.7
61215       -3.4
61216       -3.4
61217       -3.2
61218       -3.5
61219       -3.3

# UTC remains available from the monthly Circular T at
# (http://www.bipm.org/en/bipm-services/timescales/time-ftp/Circular-T.html).
