# MJD  [UTCr-UTC(NRC)]/ns
56467      -40.9
56468      -38.8
56469      -35.4
56470      -33.7
56471      -34.1
56472      -33.6
56473      -36.6
56474      -38.2
56475      -42.8
56476      -45.0
56477      -42.8
56478      -41.8
56479      -38.0
56480      -39.6
56481      -37.6
56482      -43.1
56483      -44.7
56484      -44.9
56485      -41.2
56486      -45.3
56487      -45.9
56488      -46.5
56489      -69.6
56490      -65.4
56491      -68.1
56492      -66.1
56493      -61.0
56494      -56.3
56495      -45.5
56496      -36.9
56497      -35.8
56498      -32.5
56499      -37.9
56500      -39.6
56501      -40.2
56502      -36.5
56503      -32.6
56504      -30.8
56505      -29.2
56506      -24.8
56507      -24.8
56508      -27.7
56509      -27.8
56510      -29.2
56511      -31.1
56512      -34.4
56513      -32.1
56514      -29.4
56515      -31.8
56516      -32.7
56517      -34.9
56518      -36.0
56519      -35.4
56520      -39.1
56521      -36.6
56522      -36.9
56523      -34.0
56524      -34.2
56525      -34.6
56526      -35.3
56527      -34.8
56528      -37.1
56529      -37.6
56530      -38.8
56531      -42.5
56532      -39.0
56533      -42.3
56534      -35.6
56535      -37.5
56536      -37.9
56537      -39.2
56538      -35.4
56539      -33.8
56540      -33.2
56541      -31.2
56542      -33.8
56543      -29.8
56544      -24.4
56545      -23.8
56546      -23.3
56547      -25.3
56548      -21.8
56549      -24.1
56550      -24.3
56551      -26.3
56552      -32.9
56553      -32.2
56554      -30.0
56555      -29.4
56556      -23.0
56557      -22.2
56558      -25.2
56559      -27.3
56560      -30.3
56561      -28.5
56562      -26.6
56563      -21.8
56564      -22.4
56565      -19.7
56566      -16.9
56567      -13.2
56568      -12.1
56569      -15.6
56570      -19.9
56571      -24.4
56572      -24.9
56573      -24.5
56574      -23.4
56575      -22.6
56576      -21.3
56577      -22.0
56578      -21.5
56579      -23.9
56580      -26.5
56581      -25.3
56582      -27.0
56583      -24.4
56584      -26.1
56585      -27.2
56586      -24.9
56587      -23.4
56588      -23.7
56589      -22.4
56590      -22.8
56591      -21.9
56592      -23.3
56593      -22.6
56594      -19.6
56595      -22.1
56596      -20.6
56597      -26.5
56598      -26.6
56599      -22.8
56600      -24.3
56601      -22.4
56602      -20.8
56603      -21.5
56604      -23.5
56605      -25.2
56606      -27.5
56607      -28.6
56608      -27.9
56609      -27.2
56610      -29.2
56611      -27.1
56612      -24.6
56613      -28.1
56614      -33.9
56615      -36.9
56616      -38.7
56617      -35.9
56618      -34.3
56619      -34.7
56620      -32.9
56621      -33.3
56622      -36.4
56623      -34.0
56624      -33.9
56625      -32.1
56626      -34.6
56627      -33.6
56628      -30.0
56629      -28.9
56630      -27.4
56631      -25.4
56632      -21.9
56633      -19.6
56634      -20.8
56635      -18.7
56636      -20.2
56637      -19.8
56638      -17.4
56639      -18.6
56640      -21.7
56641      -23.7
56642      -18.1
56643      -17.8
56644      -18.8
56645      -17.5
56646          -
56647          -
56648      -11.3
56649      -13.2
56650      -15.2
56651      -21.5
56652      -20.1
56653      -21.6
56654      -20.6
56655      -19.7
56656      -17.0
56657      -19.2
56658      -15.4
56659      -13.1
56660      -17.6
56661      -16.8
56662      -16.9
56663      -21.0
56664      -17.6
56665      -19.5
56666      -16.2
56667      -15.7
56668      -13.7
56669      -16.6
56670      -13.6
56671      -14.0
56672       -8.7
56673       -7.9
56674      -15.2
56675      -14.9
56676      -12.4
56677      -14.4
56678      -13.9
56679      -15.1
56680      -16.8
56681      -16.9
56682      -16.8
56683       -8.8
56684      -12.2
56685      -12.0
56686      -13.3
56687      -12.0
56688      -12.5
56689      -12.2
56690      -11.3
56691      -11.2
56692       -9.5
56693       -8.3
56694       -6.5
56695       -2.0
56696       -6.6
56697       -7.1
56698       -1.9
56699       -1.1
56700        2.2
56701        7.7
56702        6.4
56703        6.2
56704        4.4
56705        4.9
56706        5.5
56707        5.0
56708        6.7
56709       13.3
56710       11.0
56711       12.6
56712       12.0
56713       11.3
56714       11.7
56715       12.8
56716       14.3
56717       12.2
56718       12.0
56719       13.5
56720       13.9
56721       11.5
56722        5.2
56723        6.6
56724        6.7
56725       10.2
56726        6.5
56727        7.4
56728        7.0
56729        6.9
56730        7.1
56731        4.7
56732        2.9
56733        3.6
56734        9.7
56735       14.0
56736       13.4
56737       14.9
56738       11.8
56739        8.5
56740       13.0
56741       10.9
56742        9.7
56743        6.1
56744        5.4
56745        9.2
56746        5.5
56747        6.1
56748        7.1
56749        8.5
56750        6.3
56751        5.3
56752        3.7
56753        5.3
56754        5.2
56755        8.1
56756        8.0
56757       10.4
56758        7.8
56759       12.7
56760       16.6
56761       15.6
56762       14.1
56763       15.6
56764       15.2
56765       14.3
56766       17.2
56767       15.5
56768       13.3
56769       11.4
56770       10.1
56771        8.1
56772        7.8
56773        5.4
56774        5.4
56775        3.4
56776        7.3
56777        5.3
56778        8.1
56779        5.7
56780        7.0
56781        2.9
56782        3.6
56783       -0.9
56784       -5.7
56785       -5.1
56786       -7.3
56787        0.3
56788       -2.1
56789       -3.1
56790       -5.1
56791       -6.8
56792       -6.8
56793       -6.4
56794       -6.3
56795       -6.2
56796       -1.7
56797        0.3
56798        1.1
56799       -0.2
56800       -4.7
56801       -2.3
56802       -7.1
56803        2.3
56804          -
56805          -
56806          -
56807          -
56808      -10.9
56809      -14.0
56810      -13.5
56811      -15.4
56812      -19.6
56813      -22.1
56814      -14.6
56815      -14.8
56816       -9.8
56817       -8.1
56818      -10.9
56819      -13.0
56820      -12.0
56821      -11.1
56822      -13.4
56823      -12.5
56824      -10.8
56825      -12.7
56826      -10.2
56827      -11.1
56828       -3.6
56829       -6.8
56830       -7.1
56831       -9.3
56832       -7.5
56833       -5.8
56834       -8.6
56835       -9.0
56836      -11.9
56837      -15.0
56838      -17.8
56839      -17.3
56840      -17.3
56841      -21.2
56842      -26.7
56843      -26.2
56844      -28.6
56845      -28.7
56846      -31.1
56847      -31.1
56848      -30.5
56849      -33.6
56850      -39.0
56851      -36.3
56852      -34.5
56853      -33.9
56854      -30.5
56855      -27.7
56856      -24.6
56857      -21.8
56858      -19.1
56859      -15.2
56860      -12.4
56861       -9.1
56862       -6.4
56863       -3.6
56864       -0.7
56865        1.9
56866        4.8
56867        8.2
56868       11.2
56869       14.5
56870       17.9
56871       21.1
56872       24.2
56873      -47.0
56874      -48.5
56875      -46.4
56876      -45.1
56877      -44.2
56878      -43.3
56879      -51.1
56880      -56.7
56881      -56.6
56882      -56.0
56883      -58.6
56884      -50.1
56885      -48.3
56886      -46.1
56887      -46.5
56888      -45.5
56889      -44.9
56890      -45.0
56891      -42.9
56892      -40.7
56893      -40.6
56894      -39.6
56895      -42.4
56896      -36.5
56897      -36.5
56898      -36.4
56899      -38.9
56900      -40.0
56901      -41.5
56902      -42.6
56903      -44.9
56904      -48.4
56905      -48.8
56906      -48.3
56907      -48.0
56908      -52.1
56909      -52.4
56910      -51.6
56911      -50.7
56912      -48.7
56913      -53.3
56914      -54.4
56915      -54.2
56916      -52.5
56917      -46.0
56918      -50.9
56919      -47.2
56920      -45.0
56921      -45.5
56922      -46.6
56923      -45.9
56924      -46.2
56925      -45.9
56926      -44.9
56927      -46.1
56928      -45.3
56929      -42.2
56930      -42.0
56931      -38.7
56932      -42.2
56933      -43.2
56934      -45.9
56935      -48.5
56936      -51.6
56937      -51.4
56938      -51.1
56939      -53.1
56940      -51.2
56941      -51.6
56942      -53.5
56943      -56.8
56944      -58.7
56945      -59.6
56946      -59.1
56947      -60.2
56948      -63.3
56949      -65.6
56950      -72.5
56951      -73.8
56952      -73.8
56953      -78.5
56954      -82.0
56955      -78.6
56956      -77.4
56957      -75.2
56958      -78.7
56959      -81.3
56960      -83.9
56961      -85.3
56962      -87.0
56963      -84.7
56964      -86.9
56965      -83.8
56966      -88.5
56967      -89.6
56968      -90.3
56969      -87.5
56970      -89.3
56971      -89.6
56972      -90.2
56973      -88.6
56974      -89.8
56975      -87.1
56976      -85.2
56977      -82.9
56978      -78.2
56979      -79.2
56980      -77.0
56981      -77.4
56982      -80.3
56983      -80.0
56984      -80.2
56985      -79.7
56986      -80.1
56987      -80.6
56988      -76.4
56989      -75.2
56990      -78.3
56991      -78.0
56992      -76.2
56993      -78.5
56994      -81.1
56995      -77.8
56996      -71.8
56997      -74.5
56998      -66.8
56999      -61.6
57000      -59.4
57001      -57.3
57002      -59.4
57003      -59.7
57004      -63.4
57005      -61.8
57006      -63.6
57007      -60.8
57008      -59.8
57009      -59.1
57010      -60.1
57011      -57.8
57012      -54.9
57013      -56.0
57014      -56.1
57015      -50.8
57016      -51.9
57017      -54.5
57018      -55.1
57019      -57.1
57020      -58.7
57021      -61.4
57022      -57.2
57023      -55.7
57024      -57.3
57025      -55.6
57026      -55.1
57027      -56.7
57028      -57.1
57029      -55.9
57030      -58.4
57031      -58.8
57032      -60.0
57033      -61.0
57034      -58.5
57035      -56.5
57036      -54.8
57037      -56.7
57038      -54.7
57039      -59.1
57040      -61.3
57041      -59.6
57042      -59.0
57043      -55.3
57044      -53.9
57045      -54.5
57046      -56.3
57047      -57.5
57048      -59.4
57049      -61.0
57050      -61.1
57051      -63.7
57052      -63.9
57053      -64.3
57054      -64.1
57055      -52.7
57056      -57.4
57057      -57.0
57058      -58.4
57059      -58.3
57060      -54.3
57061      -51.9
57062      -52.3
57063      -52.8
57064      -54.0
57065      -55.2
57066      -47.5
57067      -49.0
57068      -51.8
57069      -54.4
57070      -50.4
57071      -52.8
57072      -52.1
57073      -48.1
57074      -49.5
57075      -42.7
57076      -46.7
57077      -47.9
57078      -44.6
57079      -45.2
57080      -43.5
57081      -42.1
57082      -40.2
57083      -39.1
57084      -37.2
57085      -36.7
57086      -31.7
57087      -33.4
57088      -30.0
57089      -27.2
57090      -33.2
57091      -39.6
57092      -40.1
57093      -38.4
57094      -36.1
57095      -37.4
57096      -35.0
57097      -31.8
57098      -31.6
57099      -34.0
57100      -33.7
57101      -33.8
57102      -37.3
57103      -32.8
57104      -30.9
57105      -30.1
57106      -29.1
57107      -30.8
57108      -30.0
57109      -31.8
57110      -30.1
57111      -32.7
57112      -32.8
57113      -29.3
57114      -30.2
57115      -27.8
57116      -25.7
57117      -27.1
57118      -27.1
57119      -24.6
57120      -26.4
57121      -23.5
57122      -25.1
57123      -19.3
57124      -16.3
57125      -18.7
57126      -18.0
57127      -20.3
57128      -18.3
57129      -14.3
57130      -13.8
57131      -16.5
57132      -18.8
57133      -19.7
57134      -19.7
57135      -16.4
57136      -21.3
57137      -22.8
57138      -25.5
57139      -26.2
57140      -31.4
57141      -29.2
57142      -28.0
57143      -26.7
57144      -29.5
57145      -33.7
57146      -38.4
57147      -37.4
57148      -36.5
57149      -34.9
57150      -36.2
57151      -36.1
57152      -38.1
57153      -38.8
57154      -41.1
57155      -40.8
57156      -37.8
57157      -40.2
57158      -42.9
57159      -41.3
57160      -38.4
57161      -37.0
57162      -36.3
57163      -37.0
57164      -36.4
57165      -40.2
57166      -40.0
57167      -35.1
57168      -32.1
57169          -
57170          -
57171          -
57172      -30.9
57173      -30.8
57174      -27.9
57175      -30.4
57176      -25.7
57177      -26.6
57178      -27.6
57179      -25.7
57180      -28.0
57181      -31.2
57182      -31.5
57183      -30.2
57184      -28.9
57185      -33.0
57186      -32.3
57187      -32.1
57188      -36.0
57189      -37.8
57190      -38.1
57191      -39.6
57192      -39.3
57193      -37.0
57194      -30.0
57195      -33.3
57196      -30.3
57197      -29.6
57198      -26.0
57199      -26.3
57200      -26.9
57201      -23.0
57202      -18.5
57203      -16.4
57204      -11.7
57205      -12.0
57206      -13.7
57207      -12.5
57208      -12.2
57209      -12.3
57210      -12.9
57211      -12.8
57212      -13.7
57213      -13.5
57214      -10.4
57215       -9.5
57216       -9.8
57217      -10.4
57218      -10.1
57219      -10.7
57220      -12.5
57221      -14.9
57222      -14.8
57223      -14.9
57224      -15.3
57225      -15.2
57226      -12.2
57227      -11.7
57228       -9.4
57229      -11.4
57230       -9.7
57231      -10.7
57232      -11.0
57233       -8.2
57234       -9.5
57235       -9.6
57236      -10.6
57237      -11.6
57238      -10.6
57239       -9.4
57240       -9.6
57241      -12.6
57242      -15.1
57243      -15.4
57244      -13.9
57245      -14.0
57246      -12.0
57247      -14.1
57248      -14.1
57249       -9.8
57250      -10.4
57251       -9.3
57252       -9.2
57253       -8.5
57254       -9.1
57255       -9.8
57256       -9.5
57257       -9.7
57258       -8.7
57259      -11.5
57260      -12.1
57261      -12.0
57262      -10.3
57263      -11.2
57264      -12.2
57265      -10.4
57266      -10.7
57267      -10.8
57268      -10.7
57269      -11.2
57270      -11.6
57271      -12.9
57272      -12.3
57273      -12.1
57274      -13.6
57275      -14.3
57276      -13.5
57277      -12.9
57278      -13.2
57279      -12.0
57280       -9.2
57281      -10.1
57282       -8.9
57283       -7.5
57284      -13.3
57285      -12.3
57286       -8.0
57287       -7.6
57288       -8.6
57289       -8.4
57290       -8.2
57291       -6.0
57292       -6.6
57293       -7.1
57294       -8.1
57295       -7.1
57296       -5.3
57297       -4.3
57298       -3.2
57299       -1.3
57300        0.7
57301        3.1
57302        5.7
57303        8.7
57304        9.8
57305       11.2
57306       11.9
57307       12.3
57308       16.1
57309       15.8
57310       15.8
57311       16.0
57312       18.0
57313       18.5
57314       16.7
57315       16.2
57316       20.5
57317       21.2
57318       22.4
57319       24.0
57320       24.7
57321       26.4
57322       27.8
57323       29.2
57324       24.2
57325       27.9
57326       29.1
57327       27.4
57328       27.0
57329       27.9
57330       29.3
57331       29.7
57332       28.2
57333       29.1
57334       30.8
57335       30.5
57336       30.7
57337       32.1
57338       34.4
57339       35.7
57340       37.8
57341       39.2
57342       38.4
57343       35.8
57344       37.2
57345       37.3
57346       37.2
57347       38.9
57348       42.4
57349       44.9
57350       41.9
57351       43.3
57352       43.1
57353       45.4
57354          -
57355          -
57356          -
57357       54.1
57358       54.1
57359       55.6
57360       56.6
57361       57.1
57362       57.9
57363       57.7
57364       59.4
57365       61.4
57366       62.1
57367       62.8
57368       64.0
57369       62.4
57370       62.6
57371       64.6
57372       66.3
57373       64.4
57374       62.2
57375       63.6
57376       65.9
57377       69.4
57378       68.9
57379       68.7
57380       70.6
57381       74.9
57382       74.6
57383       74.4
57384       73.6
57385       71.9
57386       72.5
57387       74.7
57388       76.5
57389       78.0
57390       76.8
57391       73.6
57392       72.1
57393       72.7
57394       72.4
57395       72.5
57396       73.0
57397       75.1
57398       78.4
57399       80.1
57400       80.8
57401       82.6
57402       81.6
57403       81.4
57404       81.8
57405       78.2
57406       79.3
57407       80.6
57408       79.0
57409       79.0
57410       76.9
57411       76.7
57412       75.0
57413       73.7
57414       71.9
57415       72.1
57416       71.8
57417       70.7
57418       71.4
57419       71.2
57420       72.1
57421       72.8
57422       73.9
57423       74.0
57424       71.4
57425       71.5
57426       68.6
57427       67.9
57428       67.7
57429       66.8
57430       62.5
57431       60.9
57432       63.3
57433       66.7
57434       66.5
57435       68.7
57436       68.8
57437       70.9
57438       71.3
57439       71.1
57440       71.2
57441       69.4
57442       69.5
57443       69.3
57444       68.7
57445       68.2
57446       68.3
57447       68.2
57448       68.1
57449       67.4
57450       70.0
57451       72.5
57452       70.5
57453       71.5
57454       75.5
57455       76.5
57456       75.5
57457       74.8
57458       71.0
57459       69.6
57460       68.7
57461       70.5
57462       69.3
57463       66.4
57464       65.7
57465       64.0
57466       61.9
57467       62.4
57468       59.0
57469       57.8
57470       59.1
57471       61.7
57472       62.3
57473       64.0
57474       65.0
57475       68.0
57476       69.7
57477       66.6
57478       64.7
57479       63.2
57480       63.2
57481       65.2
57482       69.1
57483       70.4
57484       70.6
57485       69.9
57486       70.2
57487       72.9
57488       70.0
57489       68.8
57490       68.4
57491       67.2
57492       67.3
57493       70.2
57494       69.1
57495       66.9
57496       64.6
57497       66.1
57498       66.8
57499       66.4
57500       67.8
57501       64.0
57502       64.0
57503       65.3
57504       64.6
57505       61.7
57506       61.1
57507       63.9
57508       63.4
57509       67.4
57510       65.8
57511       65.7
57512       66.5
57513       67.3
57514       69.1
57515       68.5
57516       69.8
57517       70.6
57518       69.1
57519       70.5
57520       71.2
57521       70.2
57522       69.7
57523       70.1
57524       72.3
57525       72.4
57526       70.8
57527       71.3
57528       74.3
57529       74.3
57530       75.2
57531       79.0
57532       79.6
57533       77.5
57534       77.8
57535       78.7
57536       75.5
57537       75.2
57538       76.3
57539       78.5
57540       79.9
57541       78.9
57542       80.8
57543       82.9
57544       84.2
57545       80.8
57546       80.1
57547       82.8
57548       83.6
57549       87.9
57550       88.6
57551       88.9
57552       90.0
57553       90.0
57554       89.3
57555       89.5
57556       91.8
57557       93.0
57558       92.2
57559       94.8
57560       97.9
57561       96.8
57562       98.6
57563       96.8
57564       97.0
57565       97.8
57566      100.8
57567       10.2
57568        6.9
57569        3.7
57570        3.9
57571        5.0
57572        4.6
57573        6.0
57574        4.6
57575        3.8
57576        2.9
57577        5.8
57578        4.3
57579        3.0
57580       -0.1
57581       -1.5
57582       -0.2
57583       -3.1
57584       -1.5
57585       -4.8
57586       -4.7
57587       -3.8
57588       -3.7
57589       -0.7
57590       -2.7
57591       -3.6
57592       -2.0
57593       -2.0
57594       -3.8
57595       -8.9
57596       -4.2
57597       -4.9
57598       -5.3
57599       -6.3
57600       -2.7
57601       -1.9
57602       -4.9
57603       -2.1
57604       -3.0
57605       -2.7
57606       -2.4
57607       -5.0
57608       -7.2
57609       -5.6
57610       -8.2
57611       -6.8
57612       -4.7
57613       -3.4
57614       -0.1
57615       -0.1
57616       -0.8
57617        0.6
57618        3.7
57619        4.4
57620        6.1
57621        8.4
57622        7.3
57623        7.9
57624        5.9
57625        5.9
57626        4.8
57627        4.1
57628        3.2
57629        1.1
57630        2.1
57631        1.6
57632        2.8
57633        3.6
57634        5.0
57635        6.8
57636        2.3
57637        3.4
57638        1.7
57639        0.4
57640        3.0
57641        0.4
57642       -2.1
57643       -1.5
57644       -1.7
57645       -0.5
57646       -0.8
57647       -1.5
57648       -1.9
57649       -4.7
57650       -1.1
57651        0.8
57652        1.8
57653        2.4
57654        3.8
57655        2.9
57656        4.1
57657        6.3
57658        6.2
57659        7.4
57660       10.3
57661        9.8
57662       11.9
57663       14.2
57664       17.1
57665       16.0
57666       16.5
57667       15.7
57668       17.3
57669       19.3
57670       17.9
57671       16.3
57672       16.5
57673       20.1
57674       25.0
57675       24.8
57676       23.5
57677       23.9
57678       26.2
57679       24.2
57680       23.4
57681       24.7
57682       25.7
57683       25.4
57684       25.9
57685       25.4
57686       25.7
57687       26.7
57688       28.1
57689       30.1
57690       32.9
57691       33.7
57692       34.9
57693       35.3
57694       31.9
57695       32.1
57696       33.4
57697       33.2
57698       33.1
57699       34.4
57700          -
57701       39.0
57702       39.3
57703       39.2
57704       42.4
57705       41.5
57706       43.2
57707       45.4
57708       44.1
57709       45.0
57710       45.2
57711       49.1
57712       47.5
57713       46.2
57714       45.0
57715       44.3
57716       44.2
57717       45.2
57718       46.1
57719       45.3
57720       42.9
57721       46.5
57722       49.1
57723       67.3
57724       68.4
57725       70.1
57726       75.7
57727       81.0
57728       86.7
57729       87.6
57730       87.8
57731       90.2
57732       87.5
57733       85.0
57734       85.6
57735       85.6
57736       87.0
57737       87.1
57738       85.8
57739       85.3
57740       84.8
57741       82.9
57742       80.1
57743       79.5
57744       79.9
57745       78.7
57746       79.3
57747       81.7
57748       84.7
57749       84.6
57750       82.3
57751       81.1
57752       81.9
57753       82.6
57754       83.4
57755       83.7
57756       86.6
57757       88.2
57758       90.1
57759       89.8
57760       90.1
57761       91.1
57762       91.7
57763       91.1
57764       90.2
57765       88.9
57766       89.2
57767       88.8
57768       88.9
57769       86.5
57770       83.8
57771       81.3
57772       82.7
57773       81.8
57774          -
57775          -
57776       48.8
57777       46.7
57778       50.4
57779       50.1
57780       50.6
57781       49.2
57782       51.7
57783       53.5
57784       55.7
57785       52.6
57786       48.0
57787       47.7
57788       44.9
57789       42.5
57790       38.9
57791       37.8
57792       37.3
57793       36.6
57794       36.4
57795       33.9
57796       34.9
57797       31.9
57798       32.6
57799       34.2
57800       34.2
57801       33.1
57802       33.4
57803       33.7
57804       31.4
57805       29.7
57806       30.4
57807       28.9
57808       27.2
57809       27.9
57810       28.9
57811       30.5
57812       26.1
57813       24.0
57814       22.9
57815       20.4
57816       21.1
57817       20.4
57818       16.5
57819       14.0
57820       14.7
57821       16.9
57822        9.5
57823        6.8
57824        5.1
57825        4.6
57826        3.3
57827        0.6
57828        3.7
57829        4.2
57830        7.3
57831        8.9
57832        8.4
57833        8.5
57834        6.9
57835        5.3
57836        2.4
57837        1.2
57838        3.3
57839        0.9
57840       -2.4
57841       -4.0
57842       -1.9
57843       -0.4
57844        0.6
57845        3.1
57846        8.4
57847       11.1
57848        9.0
57849        8.3
57850        8.0
57851        7.9
57852        6.0
57853        7.1
57854        5.5
57855        8.5
57856        9.9
57857       10.8
57858       12.2
57859       14.2
57860       20.1
57861       18.5
57862       16.8
57863       14.0
57864       14.0
57865       16.2
57866       16.1
57867       16.9
57868       16.4
57869       20.5
57870       22.6
57871       21.0
57872       24.4
57873       24.7
57874       23.1
57875       28.6
57876       29.3
57877       28.5
57878       29.3
57879       34.0
57880       35.7
57881       31.6
57882       33.4
57883       34.9
57884       32.3
57885       30.4
57886       29.5
57887       31.3
57888       30.1
57889       29.6
57890       30.5
57891       29.5
57892       32.8
57893       31.2
57894       35.5
57895       38.2
57896       37.3
57897       36.6
57898       33.4
57899       31.9
57900       32.0
57901       32.7
57902       32.7
57903       34.2
57904       33.0
57905       31.6
57906       33.8
57907       35.6
57908       34.9
57909       35.6
57910       36.4
57911       35.2
57912       36.2
57913       36.3
57914       37.0
57915       35.8
57916       34.3
57917       35.5
57918       36.3
57919       35.7
57920       35.2
57921       35.7
57922       39.3
57923       37.2
57924       36.2
57925       36.4
57926       37.0
57927       36.7
57928       31.7
57929       32.0
57930       36.0
57931       37.7
57932       42.4
57933       43.8
57934       44.1
57935       43.6
57936       46.5
57937       44.3
57938       48.6
57939       48.1
57940       50.1
57941       49.7
57942       48.1
57943       47.3
57944       48.7
57945       49.6
57946       49.6
57947       50.8
57948       52.4
57949       54.9
57950       53.1
57951       52.7
57952       52.0
57953       50.9
57954       51.0
57955       54.9
57956       53.1
57957       52.1
57958       52.7
57959       51.7
57960       55.0
57961       54.9
57962       49.5
57963       48.2
57964       49.0
57965       50.1
57966       47.6
57967       47.5
57968       46.1
57969       46.7
57970       45.2
57971       46.9
57972       46.8
57973       44.2
57974       46.8
57975       46.2
57976       48.1
57977       47.3
57978       46.7
57979       43.6
57980       43.0
57981       42.0
57982       42.0
57983       42.1
57984       41.7
57985       42.1
57986       42.0
57987       40.7
57988       42.2
57989       43.3
57990       43.4
57991       45.3
57992       44.9
57993       43.7
57994       44.7
57995       44.5
57996       41.3
57997       42.7
57998       44.6
57999       44.0
58000       43.2
58001       44.9
58002       43.2
58003       42.8
58004       43.8
58005       46.6
58006       49.6
58007       48.9
58008       47.8
58009       49.2
58010       46.6
58011       50.7
58012       52.3
58013       52.2
58014       52.3
58015       54.2
58016       51.7
58017       49.6
58018       44.8
58019       45.3
58020       45.5
58021       47.0
58022       45.2
58023       43.4
58024       45.8
58025       45.0
58026       44.9
58027       45.9
58028       43.5
58029       42.5
58030       43.5
58031       42.1
58032       44.5
58033       44.4
58034       45.8
58035       44.4
58036       44.5
58037       44.8
58038       46.5
58039       45.8
58040       43.3
58041       41.9
58042       42.0
58043       42.1
58044       40.8
58045       40.8
58046       40.7
58047       39.5
58048       38.7
58049       43.0
58050       43.5
58051       46.6
58052       49.4
58053       48.2
58054       48.1
58055       52.3
58056       51.9
58057       50.3
58058       51.4
58059       53.2
58060       52.6
58061       51.0
58062       44.5
58063       40.5
58064       39.3
58065       37.3
58066       37.3
58067       33.0
58068       34.0
58069       34.9
58070       35.8
58071       37.5
58072       37.1
58073       38.0
58074       41.4
58075       41.4
58076       44.5
58077       45.1
58078       43.9
58079       47.0
58080       47.0
58081       44.3
58082       43.0
58083       41.9
58084       44.5
58085       43.8
58086       44.2
58087       41.3
58088       39.3
58089       37.4
58090       37.2
58091       39.5
58092       41.6
58093       45.9
58094       47.9
58095       48.7
58096       50.1
58097       50.2
58098       51.2
58099       52.4
58100       52.6
58101       52.5
58102       48.2
58103       47.9
58104       49.9
58105       53.6
58106       52.6
58107       53.7
58108       52.4
58109       52.0
58110       52.4
58111       48.9
58112       47.0
58113       45.3
58114       47.6
58115       46.7
58116       49.1
58117       48.9
58118       48.0
58119       51.4
58120       55.9
58121       54.4
58122       55.1
58123       54.7
58124       54.3
58125       52.8
58126       54.6
58127       53.7
58128       54.8
58129       50.7
58130       51.5
58131       50.0
58132       53.3
58133       54.3
58134       55.9
58135       57.9
58136       58.7
58137       59.6
58138       61.3
58139       57.4
58140       57.4
58141       62.8
58142       61.8
58143       63.0
58144       61.1
58145       62.0
58146       65.2
58147       61.3
58148       61.4
58149       61.4
58150       59.8
58151       58.2
58152       60.8
58153       60.6
58154       61.9
58155       63.9
58156       64.5
58157       62.6
58158       61.0
58159       60.1
58160       59.1
58161       61.4
58162       61.2
58163       63.2
58164       64.0
58165       65.5
58166       64.9
58167       65.5
58168       63.4
58169       60.4
58170       57.9
58171       55.1
58172       57.3
58173       64.1
58174       66.1
58175       68.1
58176       69.4
58177       69.6
58178       69.8
58179       67.7
58180       64.9
58181       70.1
58182       69.7
58183       69.1
58184       70.7
58185       69.5
58186       70.1
58187       70.7
58188       66.5
58189       67.8
58190       72.4
58191       73.3
58192       67.8
58193       67.5
58194       61.7
58195       63.2
58196       64.3
58197       68.1
58198       68.9
58199       69.9
58200       68.9
58201       67.0
58202       67.2
58203       68.0
58204       67.9
58205       66.1
58206       66.3
58207       65.0
58208       63.9
58209       65.0
58210       63.6
58211       64.0
58212       64.1
58213       65.9
58214       67.2
58215       67.6
58216       66.7
58217       60.5
58218       59.2
58219       57.4
58220       56.2
58221       52.7
58222       48.8
58223       46.4
58224       47.0
58225       48.8
58226       48.5
58227       50.2
58228       50.0
58229       49.2
58230       49.0
58231       49.0
58232       45.9
58233       46.0
58234       43.7
58235       41.9
58236       44.7
58237       43.0
58238       44.8
58239       45.7
58240       48.1
58241       47.1
58242       48.9
58243       46.4
58244       47.0
58245       50.1
58246       51.5
58247       49.9
58248       49.4
58249       50.2
58250       48.3
58251       49.3
58252       50.6
58253       50.7
58254       50.9
58255       47.0
58256       47.5
58257       47.6
58258       45.9
58259       44.4
58260       41.6
58261       41.7
58262       40.5
58263       41.0
58264       42.9
58265       45.6
58266       44.4
58267       42.6
58268       44.3
58269       44.2
58270       45.7
58271       45.6
58272       46.0
58273       47.8
58274       49.1
58275       50.3
58276       49.3
58277       45.0
58278       42.6
58279       42.5
58280       40.7
58281       45.0
58282       45.2
58283       45.6
58284       45.7
58285       50.0
58286       51.0
58287       50.7
58288       50.4
58289       49.3
58290       50.1
58291       52.9
58292       51.9
58293       50.1
58294       53.2
58295       52.2
58296       51.1
58297       47.6
58298       49.1
58299       46.5
58300       47.0
58301       49.1
58302       45.2
58303       44.4
58304       43.9
58305       39.5
58306       41.5
58307       42.6
58308       40.5
58309       41.2
58310       41.4
58311       41.3
58312       37.9
58313       32.7
58314       33.6
58315       33.6
58316       31.0
58317       32.0
58318       30.5
58319       31.7
58320       30.3
58321       31.8
58322       29.0
58323       24.6
58324       24.7
58325       23.1
58326       23.0
58327       22.4
58328       19.8
58329       17.8
58330       13.2
58331       13.4
58332       11.4
58333       11.1
58334        7.2
58335        3.1
58336       -1.7
58337       -6.4
58338       -6.7
58339       -8.4
58340       -5.7
58341       -8.7
58342       -8.9
58343      -10.5
58344      -11.9
58345      -11.9
58346      -10.5
58347      -10.5
58348      -12.0
58349      -12.3
58350       -8.9
58351       -8.8
58352       -9.1
58353       -7.4
58354       -4.2
58355       -2.9
58356       -1.7
58357        1.8
58358        2.7
58359        0.4
58360        2.3
58361        3.2
58362        3.3
58363        4.6
58364        4.8
58365        2.6
58366       -0.0
58367        2.1
58368        1.7
58369       -0.2
58370       -1.4
58371        1.2
58372        0.9
58373        2.0
58374        1.7
58375        1.0
58376        2.9
58377        2.2
58378        0.7
58379        2.4
58380        0.4
58381        2.2
58382       -1.2
58383       -3.2
58384       -2.9
58385       -1.8
58386       -2.6
58387       -6.2
58388       -5.6
58389       -6.9
58390       -9.0
58391       -7.6
58392       -5.5
58393       -0.2
58394        0.3
58395       -0.6
58396       -1.2
58397       -5.5
58398       -6.2
58399       -8.3
58400      -10.2
58401       -9.2
58402       -7.8
58403       -8.6
58404       -6.9
58405       -5.8
58406      -10.1
58407       -9.3
58408      -10.9
58409       -9.2
58410       -9.5
58411      -10.8
58412      -11.3
58413      -11.7
58414      -14.0
58415      -13.4
58416      -12.8
58417      -12.8
58418      -12.5
58419      -13.9
58420      -13.5
58421      -13.2
58422      -17.0
58423      -19.6
58424      -22.1
58425      -20.1
58426      -17.9
58427      -15.1
58428      -13.8
58429      -16.8
58430      -18.4
58431      -17.1
58432      -20.2
58433      -18.8
58434      -21.6
58435      -20.8
58436      -22.4
58437      -20.8
58438      -20.1
58439      -18.3
58440      -17.1
58441      -17.6
58442      -18.2
58443      -16.0
58444      -22.0
58445      -26.8
58446      -22.1
58447      -23.0
58448      -27.0
58449      -27.2
58450      -31.2
58451      -31.3
58452      -33.7
58453      -30.3
58454      -31.4
58455      -31.8
58456      -32.9
58457      -35.0
58458      -37.8
58459      -34.9
58460      -35.2
58461      -35.1
58462      -34.8
58463      -32.9
58464      -29.8
58465      -29.5
58466      -30.8
58467      -30.1
58468      -27.5
58469      -26.1
58470      -22.4
58471      -21.5
58472      -22.8
58473      -20.5
58474      -20.2
58475      -20.0
58476      -18.1
58477      -14.0
58478      -10.2
58479       -7.3
58480       -6.1
58481       -4.2
58482       -2.5
58483       -2.0
58484       -1.8
58485       -0.5
58486       -1.7
58487       -2.1
58488       -3.2
58489       -1.0
58490        3.0
58491       -1.0
58492       -3.5
58493       -0.5
58494        2.1
58495       -1.1
58496        0.2
58497       -1.3
58498       -3.3
58499       -5.5
58500       -4.7
58501       -4.4
58502       -5.9
58503       -8.5
58504       -8.8
58505      -10.0
58506      -14.0
58507      -15.7
58508      -16.3
58509      -13.1
58510      -15.2
58511      -13.9
58512      -14.9
58513      -12.7
58514      -17.0
58515      -18.8
58516      -21.5
58517      -23.7
58518      -25.3
58519      -27.2
58520      -30.3
58521      -30.0
58522      -30.7
58523      -26.8
58524      -28.6
58525      -25.9
58526      -22.7
58527      -19.0
58528      -18.3
58529      -18.2
58530      -19.6
58531      -21.6
58532      -19.9
58533      -19.3
58534      -24.0
58535      -23.0
58536      -23.5
58537      -21.3
58538      -21.5
58539      -20.6
58540      -20.4
58541      -18.4
58542      -19.3
58543      -18.9
58544      -18.7
58545      -14.3
58546      -14.5
58547      -16.0
58548      -17.8
58549      -16.1
58550      -13.7
58551       -9.8
58552       -8.2
58553       -9.2
58554      -10.5
58555      -10.0
58556       -8.2
58557       -5.9
58558       -4.0
58559       -5.4
58560       -3.7
58561       -5.0
58562       -4.3
58563       -2.9
58564        0.3
58565        1.8
58566        0.9
58567        3.4
58568        5.2
58569        6.0
58570        6.8
58571        9.0
58572        7.7
58573        7.7
58574        9.2
58575        8.5
58576        7.8
58577        4.7
58578        4.4
58579        2.1
58580        0.1
58581       -0.7
58582       -1.1
58583        4.4
58584        4.7
58585        2.9
58586        5.7
58587        4.1
58588        4.0
58589        4.9
58590        7.0
58591        5.1
58592        5.8
58593        3.1
58594        4.5
58595        6.4
58596        5.3
58597        3.8
58598        6.7
58599        5.5
58600        7.6
58601        4.8
58602        5.1
58603        5.3
58604        6.6
58605        6.5
58606        6.4
58607        6.9
58608        8.1
58609        5.4
58610        4.1
58611        3.1
58612        1.8
58613        3.7
58614        4.2
58615        3.7
58616        3.3
58617        3.3
58618        5.0
58619        6.5
58620        3.5
58621       -1.0
58622       -2.6
58623        1.5
58624        1.8
58625        1.0
58626        2.8
58627        3.5
58628        6.3
58629        3.8
58630        3.4
58631        5.0
58632        4.4
58633        5.6
58634        4.9
58635        1.0
58636       -0.1
58637        2.5
58638        6.5
58639        7.1
58640        1.4
58641        1.3
58642        0.8
58643       -0.6
58644       -5.5
58645       -6.9
58646       -7.7
58647       -7.2
58648       -8.8
58649      -10.1
58650      -10.1
58651      -10.3
58652       -7.8
58653       -8.7
58654       -8.8
58655       -5.9
58656       -2.2
58657       -1.0
58658        1.1
58659        4.4
58660        6.4
58661        4.3
58662        4.2
58663        3.6
58664        2.3
58665        1.6
58666        1.8
58667        7.8
58668        5.4
58669        5.6
58670       -2.2
58671       -4.1
58672       -2.9
58673       -6.9
58674       -5.6
58675       -1.8
58676       -1.7
58677       -4.1
58678       -5.3
58679       -4.5
58680       -1.9
58681        0.1
58682       -1.8
58683        1.4
58684        0.6
58685        6.3
58686        9.4
58687        9.2
58688        7.7
58689        3.5
58690        2.2
58691        0.4
58692        3.8
58693        2.8
58694        0.2
58695       -1.3
58696       -3.2
58697       -4.7
58698       -3.1
58699       -5.3
58700       -5.6
58701       -5.0
58702       -6.6
58703      -10.5
58704       -9.0
58705       -8.2
58706      -11.7
58707       -9.1
58708      -10.9
58709      -11.2
58710      -11.7
58711       -9.4
58712      -12.4
58713      -11.4
58714      -12.6
58715      -11.6
58716      -11.1
58717       -9.6
58718      -11.2
58719      -10.4
58720      -11.2
58721      -10.9
58722      -13.2
58723      -16.1
58724      -20.7
58725      -21.7
58726      -21.8
58727      -23.8
58728      -23.9
58729      -24.3
58730      -26.1
58731      -26.3
58732      -23.7
58733      -23.7
58734      -26.4
58735      -28.3
58736      -32.2
58737      -33.7
58738      -29.6
58739      -23.8
58740      -22.0
58741      -19.8
58742      -19.9
58743      -15.7
58744      -16.2
58745      -16.4
58746      -15.9
58747      -16.4
58748      -14.0
58749      -13.7
58750      -13.1
58751       -8.3
58752       -8.6
58753       -8.9
58754       -3.6
58755       -3.6
58756       -0.6
58757       -0.9
58758        0.5
58759        2.1
58760        4.0
58761        5.2
58762        2.5
58763        0.3
58764        0.1
58765       -2.4
58766       -2.1
58767       -6.3
58768      -11.0
58769       -9.3
58770       -8.3
58771       -9.4
58772       -8.3
58773       -9.0
58774       -8.2
58775       -8.1
58776      -10.9
58777       -9.5
58778       -8.9
58779       -8.6
58780       -7.3
58781       -3.6
58782       -0.8
58783       -3.9
58784       -4.1
58785       -4.9
58786       -4.9
58787       -3.9
58788       -5.4
58789       -8.4
58790       -7.6
58791       -9.3
58792       -8.8
58793       -6.8
58794       -9.9
58795       -8.0
58796       -9.8
58797      -11.5
58798      -14.1
58799      -12.8
58800      -10.8
58801       -8.8
58802      -12.1
58803      -11.4
58804       -8.7
58805       -7.5
58806       -3.5
58807       -3.4
58808       -6.8
58809       -8.1
58810       -7.3
58811       -8.4
58812       -3.3
58813        0.9
58814        0.5
58815        0.3
58816       -1.8
58817       -4.7
58818       -8.0
58819       -2.6
58820       -2.3
58821       -0.5
58822        1.6
58823        4.1
58824        3.0
58825       -2.0
58826       -4.6
58827       -5.2
58828       -1.8
58829        3.0
58830        1.4
58831        2.2
58832        4.4
58833        6.4
58834        3.1
58835        3.0
58836        1.0
58837       -0.4
58838       -0.2
58839        0.1
58840       -1.8
58841       -2.6
58842        0.3
58843       -2.4
58844       -4.4
58845       -6.2
58846      -10.1
58847      -13.5
58848      -14.6
58849      -17.1
58850      -18.2
58851      -21.7
58852      -19.4
58853      -19.3
58854      -16.4
58855      -19.4
58856      -20.7
58857      -21.7
58858      -22.8
58859      -25.0
58860      -26.5
58861      -27.9
58862      -25.2
58863      -26.3
58864      -27.6
58865      -25.5
58866      -26.2
58867      -25.9
58868      -26.4
58869      -24.6
58870      -25.9
58871      -23.4
58872      -24.6
58873      -20.9
58874      -21.3
58875      -19.7
58876      -22.4
58877      -25.0
58878      -24.2
58879      -27.4
58880      -24.1
58881      -25.9
58882      -23.6
58883      -23.0
58884      -27.3
58885      -31.2
58886      -35.6
58887      -36.7
58888      -34.7
58889      -33.1
58890      -29.8
58891      -31.1
58892      -29.6
58893      -31.1
58894      -32.6
58895      -31.5
58896      -28.4
58897      -29.3
58898      -31.2
58899      -32.2
58900      -35.1
58901      -35.1
58902      -34.4
58903      -37.9
58904      -35.8
58905      -34.1
58906      -38.2
58907      -38.3
58908      -35.8
58909      -34.2
58910      -33.5
58911      -32.6
58912      -30.9
58913      -28.7
58914      -28.0
58915      -28.7
58916      -28.0
58917      -30.2
58918      -30.9
58919      -31.6
58920      -29.8
58921      -27.7
58922      -28.7
58923      -28.9
58924      -29.5
58925      -31.9
58926      -32.8
58927      -34.8
58928      -33.9
58929      -32.0
58930      -35.4
58931      -36.5
58932      -37.5
58933      -38.6
58934      -36.3
58935      -34.2
58936      -37.0
58937      -37.4
58938      -41.3
58939      -45.5
58940      -49.4
58941      -50.9
58942      -53.6
58943      -53.8
58944      -47.0
58945      -48.3
58946      -46.2
58947      -43.7
58948      -46.6
58949      -47.6
58950      -46.2
58951      -43.5
58952      -42.8
58953      -45.0
58954      -44.6
58955      -43.5
58956      -43.0
58957      -41.9
58958      -40.9
58959      -39.9
58960      -35.8
58961      -36.0
58962      -35.4
58963      -34.2
58964      -33.6
58965      -31.2
58966      -29.2
58967      -26.0
58968      -26.5
58969      -25.2
58970      -27.3
58971      -24.0
58972      -21.9
58973      -21.3
58974      -20.6
58975      -19.4
58976      -18.0
58977      -19.8
58978      -19.5
58979      -18.4
58980      -16.2
58981      -17.6
58982      -18.2
58983      -18.5
58984      -18.4
58985      -20.9
58986      -18.9
58987      -17.0
58988       -9.4
58989       -9.9
58990       -4.3
58991       -3.4
58992       -5.2
58993       -1.6
58994       -1.5
58995        0.8
58996        3.5
58997        7.1
58998        9.4
58999       12.9
59000        9.2
59001        7.5
59002        8.5
59003        9.1
59004        8.1
59005        8.2
59006        6.9
59007        3.9
59008        6.0
59009        5.2
59010        5.2
59011        5.2
59012        4.8
59013        8.4
59014        6.1
59015        6.5
59016        7.1
59017        3.5
59018        5.7
59019        2.1
59020        1.2
59021        2.9
59022        4.5
59023        4.7
59024        2.8
59025        4.0
59026       -1.0
59027       -6.8
59028       -6.8
59029       -7.8
59030       -7.8
59031       -3.3
59032       -1.9
59033       -5.3
59034       -7.1
59035       -7.2
59036       -9.9
59037      -11.0
59038       -9.8
59039      -11.5
59040      -11.0
59041      -13.8
59042      -13.9
59043      -15.6
59044      -17.1
59045      -17.2
59046      -16.7
59047      -13.3
59048      -12.9
59049      -10.4
59050       -9.4
59051       -8.0
59052       -5.4
59053      -10.1
59054      -11.7
59055      -11.9
59056      -10.1
59057      -12.1
59058      -11.8
59059      -11.3
59060      -10.5
59061       -7.9
59062      -10.1
59063      -11.1
59064      -12.5
59065      -14.4
59066      -14.9
59067      -15.7
59068      -17.9
59069      -18.7
59070      -16.8
59071      -13.8
59072      -15.9
59073      -15.8
59074      -13.7
59075      -17.0
59076      -16.4
59077      -16.4
59078      -17.0
59079      -14.6
59080      -15.8
59081      -13.4
59082      -18.5
59083      -17.1
59084      -18.2
59085      -16.6
59086      -15.1
59087      -15.2
59088      -12.9
59089      -10.2
59090       -6.6
59091       -5.4
59092       -5.7
59093      -11.0
59094       -9.4
59095      -11.6
59096      -13.1
59097      -11.9
59098      -12.0
59099      -12.7
59100      -11.0
59101      -14.9
59102      -15.8
59103      -13.7
59104      -15.8
59105      -16.7
59106      -16.4
59107      -14.8
59108      -11.1
59109      -10.9
59110      -15.6
59111      -18.3
59112      -16.4
59113      -19.2
59114      -19.6
59115      -19.8
59116      -19.5
59117      -22.4
59118      -23.8
59119      -25.7
59120      -27.2
59121      -28.8
59122      -28.5
59123      -28.9
59124      -32.0
59125      -30.6
59126      -32.6
59127      -33.3
59128      -33.3
59129      -34.9
59130      -36.5
59131      -38.3
59132      -38.5
59133      -34.8
59134      -29.9
59135      -28.8
59136      -25.6
59137      -22.2
59138      -22.9
59139      -18.4
59140      -17.5
59141      -18.2
59142      -16.7
59143      -13.6
59144       -9.7
59145       -5.2
59146        0.8
59147        2.8
59148        6.2
59149        7.3
59150        7.5
59151        8.2
59152       11.3
59153       10.6
59154       15.5
59155       18.4
59156       22.0
59157       20.6
59158       18.9
59159       16.2
59160       16.2
59161       12.0
59162       11.3
59163       12.7
59164        9.2
59165        5.5
59166       10.2
59167       11.7
59168       14.1
59169       13.2
59170       14.3
59171       16.3
59172       14.4
59173       11.4
59174       12.0
59175       11.3
59176        9.9
59177        9.3
59178        8.3
59179        7.2
59180        6.2
59181        5.3
59182        4.2
59183        4.2
59184        3.3
59185        2.9
59186        1.6
59187        0.7
59188        0.1
59189       -0.6
59190       -2.7
59191       -3.0
59192       -2.7
59193       -2.7
59194       -2.8
59195       -2.7
59196       -2.7
59197       -2.3
59198       -2.0
59199       -1.9
59200       -1.8
59201       -1.4
59202       -1.4
59203       -1.3
59204       -0.8
59205       -0.4
59206       -0.1
59207       -0.4
59208       -0.3
59209        0.4
59210        0.6
59211        0.6
59212        0.9
59213        1.1
59214        1.3
59215        1.7
59216        1.9
59217        2.4
59218        1.9
59219        2.3
59220        2.3
59221        2.5
59222        2.9
59223        3.2
59224        3.4
59225        3.7
59226        4.0
59227        4.3
59228        4.7
59229        5.1
59230        5.3
59231        5.6
59232        6.0
59233        6.2
59234        6.7
59235        6.8
59236        7.2
59237        7.7
59238        7.9
59239        8.2
59240        8.6
59241        8.7
59242        8.7
59243        8.9
59244        9.0
59245        9.1
59246        9.3
59247        9.6
59248        9.7
59249       10.1
59250       10.2
59251       10.3
59252       10.7
59253        9.4
59254        9.2
59255        9.3
59256        9.5
59257        9.6
59258        9.7
59259        9.5
59260        9.4
59261        9.2
59262        9.5
59263        9.3
59264        9.1
59265        9.3
59266        9.4
59267        9.6
59268       10.0
59269       10.1
59270       10.0
59271       10.2
59272       10.1
59273       10.1
59274        9.5
59275        9.9
59276        9.7
59277        9.8
59278        9.7
59279        9.8
59280        9.7
59281        9.6
59282        9.5
59283        9.7
59284        9.5
59285        9.6
59286       10.0
59287        9.8
59288       10.6
59289       10.5
59290       10.8
59291       10.9
59292       11.3
59293       11.3
59294       11.4
59295       11.5
59296       11.8
59297       12.0
59298       11.9
59299       12.3
59300       12.6
59301       12.9
59302       13.5
59303       13.5
59304       13.7
59305       14.0
59306       14.4
59307       14.6
59308       14.7
59309       14.6
59310       14.9
59311       15.1
59312       15.1
59313       15.5
59314       15.4
59315       16.1
59316       16.4
59317       16.7
59318       17.0
59319       17.2
59320       17.3
59321       17.7
59322       18.0
59323       18.4
59324       18.6
59325       18.5
59326       18.7
59327       18.8
59328       18.5
59329       18.5
59330       18.5
59331       18.6
59332       18.1
59333       18.2
59334       18.3
59335       18.6
59336       18.6
59337       19.1
59338       18.8
59339       18.6
59340       19.0
59341       19.2
59342       19.3
59343       19.3
59344       19.5
59345       19.9
59346       19.8
59347       19.8
59348       19.7
59349       19.8
59350       19.9
59351       19.9
59352       20.0
59353       20.1
59354       20.2
59355       19.9
59356       20.0
59357       20.1
59358       21.2
59359       21.4
59360       20.8
59361       21.4
59362       21.9
59363       22.2
59364       22.2
59365       22.3
59366       22.7
59367       22.8
59368       22.9
59369       23.0
59370       22.8
59371       22.7
59372       23.7
59373       23.8
59374       24.0
59375       25.1
59376       25.2
59377       25.7
59378       26.0
59379       25.9
59380       26.0
59381       26.7
59382       26.9
59383       27.1
59384       27.0
59385       27.7
59386       28.0
59387       28.1
59388       28.8
59389       29.0
59390       29.0
59391       29.0
59392       29.2
59393       29.6
59394       30.2
59395       30.3
59396       31.4
59397       31.8
59398       31.9
59399       32.5
59400       33.3
59401       33.2
59402       33.8
59403       34.5
59404       34.8
59405       35.6
59406       36.3
59407       36.7
59408       37.0
59409       37.1
59410       38.1
59411       38.4
59412       39.6
59413       39.6
59414       40.1
59415       40.4
59416       41.2
59417       42.1
59418       42.4
59419       43.0
59420       43.5
59421       44.5
59422       45.2
59423       45.7
59424       46.4
59425       46.6
59426       47.7
59427       48.2
59428       47.4
59429       48.1
59430       48.5
59431       49.2
59432       49.7
59433       50.4
59434       50.9
59435       51.3
59436       51.9
59437       52.4
59438       53.5
59439       54.3
59440       54.7
59441       55.9
59442       56.7
59443        9.0
59444        8.0
59445        8.3
59446        8.2
59447        8.0
59448        7.9
59449        7.8
59450        7.6
59451        8.3
59452        7.8
59453       -0.0
59454        0.2
59455       -0.3
59456       -0.2
59457        0.5
59458        0.5
59459        0.4
59460        0.2
59461       -0.2
59462       -0.1
59463       -0.0
59464       -0.1
59465       -0.2
59466       -0.2
59467       -0.3
59468       -0.1
59469       -0.2
59470        0.0
59471       -0.1
59472       -0.6
59473       -0.6
59474       -0.8
59475       -1.3
59476       -0.6
59477       -1.0
59478       -1.0
59479       -1.4
59480       -2.0
59481       -1.7
59482       -0.9
59483       -0.9
59484       -0.3
59485       -0.5
59486       -0.8
59487       -0.8
59488       -0.9
59489       -1.2
59490       -1.3
59491       -0.3
59492       -0.4
59493       -0.2
59494       -0.4
59495       -0.4
59496       -0.3
59497       -0.7
59498       -0.5
59499       -0.2
59500       -0.3
59501       -0.4
59502       -0.5
59503       -0.7
59504       -0.2
59505       -0.2
59506       -0.2
59507       -0.4
59508       -0.7
59509       -0.9
59510       -0.3
59511       -0.0
59512       -0.6
59513       -0.7
59514       -0.6
59515       -0.4
59516       -0.4
59517       -0.3
59518       -0.5
59519       -0.4
59520       -0.3
59521       -0.2
59522       -0.3
59523       -0.3
59524       -0.4
59525       -0.5
59526       -0.5
59527       -0.4
59528       -0.0
59529       -0.1
59530       -0.2
59531       -0.2
59532       -0.1
59533       -0.0
59534        0.1
59535        0.1
59536       -0.5
59537        0.1
59538        0.1
59539       -0.1
59540       -0.0
59541        0.3
59542        0.3
59543       -0.1
59544       -0.2
59545       -0.1
59546       -0.1
59547       -0.0
59548       -0.2
59549       -0.4
59550       -0.7
59551       -0.4
59552       -0.4
59553       -0.5
59554        0.3
59555        0.5
59556        0.9
59557        1.0
59558        0.7
59559        0.4
59560        0.3
59561        0.1
59562       -0.1
59563       -0.2
59564       -0.6
59565       -0.4
59566       -0.2
59567       -0.3
59568       -0.1
59569       -0.0
59570        0.2
59571        0.4
59572        0.3
59573        0.3
59574        0.3
59575        0.7
59576        0.8
59577        0.9
59578        1.0
59579        1.1
59580        1.1
59581        1.1
59582        1.1
59583        1.1
59584        1.0
59585        1.3
59586        1.4
59587        1.4
59588        1.1
59589       -0.1
59590       -0.1
59591       -0.1
59592        0.1
59593       -0.1
59594       -0.3
59595       -0.3
59596        0.7
59597        0.5
59598        0.6
59599        0.2
59600        0.4
59601        0.7
59602        0.9
59603        0.8
59604        0.7
59605        0.7
59606        0.5
59607       -0.2
59608        0.5
59609        0.1
59610       -0.7
59611       -0.9
59612       -1.3
59613       -2.1
59614       -1.8
59615       -1.8
59616       -1.6
59617       -1.8
59618       -1.8
59619       -1.8
59620       -1.9
59621       -2.0
59622       -2.1
59623       -1.3
59624       -1.3
59625       -1.2
59626       -1.4
59627       -2.3
59628       -2.3
59629       -1.3
59630       -1.4
59631       -1.9
59632       -1.8
59633       -1.9
59634       -1.0
59635       -1.2
59636       -0.9
59637       -1.1
59638       -0.9
59639       -0.8
59640       -0.7
59641       -0.9
59642       -0.3
59643       -0.7
59644       -1.1
59645       -1.1
59646       -0.6
59647       -0.5
59648       -0.4
59649       -0.7
59650       -0.6
59651        0.1
59652       -0.4
59653       -0.7
59654       -0.4
59655       -0.6
59656       -0.9
59657       -0.7
59658       -0.4
59659       -0.4
59660       -0.1
59661       -0.3
59662       -0.5
59663       -0.4
59664       -0.2
59665       -0.2
59666        0.3
59667        0.2
59668        0.0
59669       -0.4
59670       -0.3
59671        0.0
59672        0.1
59673       -1.4
59674       -1.3
59675       -1.5
59676       -1.6
59677       -1.5
59678       -0.9
59679       -1.3
59680       -1.0
59681       -1.3
59682       -1.2
59683       -2.3
59684       -2.5
59685       -2.9
59686       -2.7
59687       -3.4
59688       -3.8
59689       -4.3
59690       -4.9
59691       -5.2
59692       -5.2
59693       -5.5
59694       -5.6
59695       -5.8
59696       -5.8
59697       -5.8
59698       -6.1
59699       -6.3
59700       -6.5
59701       -6.7
59702       -7.1
59703       -7.1
59704       -6.6
59705       -6.8
59706       -6.6
59707       -6.8
59708       -7.1
59709       -7.9
59710       -7.5
59711       -8.2
59712       -8.5
59713       -9.3
59714      -10.2
59715      -10.0
59716       -9.6
59717       -9.3
59718       -9.6
59719      -10.0
59720      -11.0
59721      -11.5
59722      -11.4
59723      -11.4
59724      -11.5
59725      -12.1
59726      -12.7
59727      -12.9
59728      -12.5
59729      -12.8
59730      -12.6
59731      -12.5
59732      -12.9
59733      -12.1
59734      -12.2
59735      -12.4
59736      -12.9
59737      -13.7
59738      -13.6
59739      -13.8
59740      -14.4
59741      -14.7
59742      -14.8
59743      -15.2
59744      -15.3
59745      -15.7
59746      -16.7
59747      -17.0
59748      -17.0
59749      -16.3
59750      -17.2
59751      -17.9
59752      -18.5
59753      -18.9
59754      -18.8
59755      -18.5
59756      -18.3
59757      -18.3
59758      -18.1
59759      -18.3
59760      -18.1
59761      -18.2
59762      -18.3
59763      -17.8
59764      -19.0
59765      -19.1
59766      -19.5
59767      -19.1
59768      -20.1
59769      -20.2
59770      -20.3
59771      -20.5
59772      -20.1
59773      -19.5
59774      -19.7
59775      -19.8
59776      -19.9
59777      -20.2
59778      -19.7
59779      -20.6
59780      -20.6
59781      -20.8
59782      -19.5
59783      -19.6
59784      -19.6
59785      -19.4
59786      -18.6
59787      -18.9
59788      -18.6
59789      -19.1
59790      -18.7
59791      -18.7
59792      -18.8
59793      -18.8
59794      -17.8
59795      -18.5
59796      -18.3
59797      -18.5
59798      -18.7
59799      -20.2
59800      -20.2
59801      -19.9
59802      -19.8
59803      -20.2
59804      -20.4
59805      -19.7
59806      -19.6
59807      -19.6
59808      -19.4
59809      -18.9
59810      -18.6
59811      -18.3
59812      -17.7
59813      -17.7
59814      -17.4
59815      -17.7
59816      -17.1
59817      -16.9
59818      -16.4
59819      -16.3
59820      -16.8
59821      -17.4
59822      -17.1
59823      -16.5
59824      -16.0
59825      -16.4
59826      -16.6
59827      -17.3
59828      -17.6
59829      -18.1
59830      -18.3
59831      -18.9
59832      -19.2
59833      -18.8
59834      -19.5
59835      -19.6
59836      -19.4
59837      -18.9
59838      -18.6
59839      -18.2
59840      -18.6
59841      -18.3
59842      -17.6
59843      -17.6
59844      -17.9
59845      -17.2
59846      -17.0
59847      -16.9
59848      -16.1
59849      -16.1
59850      -16.6
59851      -16.7
59852      -16.2
59853      -16.5
59854      -16.7
59855      -17.4
59856      -17.5
59857      -18.0
59858      -18.3
59859      -18.6
59860      -17.9
59861      -18.6
59862      -18.8
59863      -19.1
59864      -19.3
59865      -19.6
59866      -19.8
59867      -19.1
59868      -19.0
59869      -18.6
59870      -18.6
59871      -18.7
59872      -18.6
59873      -18.7
59874      -19.7
59875      -20.6
59876      -20.5
59877      -20.7
59878      -21.3
59879      -21.4
59880      -20.7
59881      -20.8
59882      -20.8
59883      -21.0
59884      -21.9
59885      -22.0
59886      -22.3
59887      -22.2
59888      -22.3
59889      -21.6
59890      -19.9
59891      -19.8
59892      -19.8
59893      -20.3
59894      -20.7
59895      -20.9
59896      -20.6
59897      -19.9
59898      -19.9
59899      -19.5
59900      -19.6
59901      -19.3
59902      -19.5
59903      -19.3
59904      -19.1
59905      -19.3
59906      -19.3
59907      -19.6
59908      -19.4
59909      -18.9
59910      -18.9
59911      -18.7
59912      -18.8
59913      -19.1
59914      -19.0
59915      -19.2
59916      -19.1
59917      -19.0
59918      -17.7
59919      -18.1
59920      -19.7
59921      -19.8
59922      -19.9
59923      -19.7
59924      -19.4
59925      -19.9
59926      -19.3
59927      -19.1
59928      -19.2
59929      -18.9
59930      -18.9
59931      -18.7
59932      -18.5
59933      -18.1
59934      -18.2
59935      -18.4
59936      -18.7
59937      -18.1
59938      -18.4
59939      -18.0
59940      -17.8
59941      -17.2
59942      -16.8
59943      -16.4
59944      -15.9
59945      -15.1
59946      -14.2
59947      -13.7
59948      -12.8
59949      -12.0
59950      -11.1
59951      -11.2
59952      -10.8
59953       -9.9
59954       -9.7
59955       -9.8
59956       -9.6
59957       -9.7
59958       -9.3
59959       -9.2
59960       -9.5
59961       -9.5
59962       -9.9
59963       -9.3
59964       -9.1
59965       -8.7
59966       -8.0
59967       -8.1
59968       -7.6
59969       -7.1
59970       -7.3
59971       -7.2
59972       -7.5
59973       -7.1
59974       -7.3
59975       -7.1
59976       -7.5
59977       -7.8
59978       -7.8
59979       -8.0
59980       -8.1
59981       -9.4
59982       -9.3
59983       -9.5
59984       -9.5
59985       -9.6
59986       -9.1
59987       -8.8
59988       -8.6
59989       -8.0
59990       -7.7
59991       -7.8
59992       -7.6
59993       -6.8
59994       -6.8
59995       -6.7
59996       -6.3
59997       -6.5
59998       -6.9
59999       -6.6
60000       -7.0
60001       -7.0
60002       -6.9
60003       -7.4
60004       -7.6
60005       -7.4
60006       -7.5
60007       -7.6
60008       -7.8
60009       -8.7
60010       -8.7
60011       -8.9
60012       -9.3
60013       -8.9
60014       -8.8
60015       -9.2
60016       -9.4
60017      -10.3
60018      -10.0
60019       -9.6
60020       -9.7
60021       -9.5
60022      -10.0
60023      -10.1
60024      -10.3
60025      -10.0
60026      -10.0
60027      -10.1
60028       -9.8
60029      -10.2
60030      -10.5
60031      -10.1
60032      -10.2
60033       -9.9
60034      -10.2
60035      -10.4
60036      -10.1
60037      -10.0
60038      -10.1
60039       -9.8
60040       -9.7
60041       -9.3
60042       -9.1
60043       -9.0
60044       -5.8
60045       -5.7
60046       -5.7
60047       -5.9
60048       -5.2
60049       -4.3
60050       -3.5
60051       -3.2
60052       -2.2
60053       -1.8
60054       -1.2
60055       -0.9
60056       -0.4
60057        0.1
60058        0.3
60059        0.6
60060        1.2
60061        1.5
60062        1.2
60063        0.5
60064        0.3
60065       -0.1
60066        0.7
60067        0.2
60068        0.6
60069        0.9
60070        1.2
60071        1.6
60072        0.9
60073        0.5
60074        0.3
60075        0.3
60076       -0.3
60077       -0.7
60078       -0.3
60079       -0.6
60080       -0.8
60081       -0.1
60082       -0.4
60083       -0.4
60084       -0.8
60085       -1.1
60086       -0.9
60087       -0.6
60088       -0.8
60089       -0.3
60090       -0.0
60091       -0.1
60092        0.2
60093        0.6
60094        1.0
60095        1.2
60096        0.9
60097        0.8
60098        0.8
60099        1.0
60100       -0.4
60101       -0.6
60102       -0.7
60103       -0.7
60104       -1.1
60105       -1.4
60106       -1.2
60107       -1.6
60108       -2.0
60109       -2.4
60110       -2.9
60111       -2.3
60112       -2.4
60113       -2.2
60114       -1.5
60115       -1.3
60116       -1.5
60117       -1.2
60118       -0.5
60119       -1.2
60120       -0.8
60121        0.7
60122        0.9
60123        1.2
60124        1.5
60125        2.0
60126        1.6
60127        1.4
60128        1.5
60129        2.0
60130        1.6
60131        2.1
60132        2.2
60133        2.8
60134        3.0
60135        4.1
60136        4.7
60137        4.8
60138        4.8
60139        4.1
60140        3.8
60141        2.8
60142        2.6
60143        2.6
60144        2.3
60145        1.9
60146        1.7
60147        1.4
60148        1.5
60149        1.5
60150        1.0
60151        1.1
60152        0.9
60153        1.7
60154        1.3
60155        1.7
60156        1.4
60157        1.5
60158        1.6
60159        1.2
60160        0.8
60161        0.8
60162        0.9
60163        1.6
60164        0.8
60165        1.2
60166        1.3
60167        1.8
60168        2.4
60169        2.1
60170        2.0
60171        1.9
60172        1.6
60173        1.7
60174        1.6
60175        1.9
60176        1.5
60177        1.7
60178        2.4
60179        2.5
60180        2.4
60181        2.0
60182        2.4
60183        2.5
60184        2.1
60185        2.2
60186        2.1
60187        2.5
60188        2.1
60189        2.5
60190        2.5
60191        1.6
60192        1.8
60193        1.8
60194        1.7
60195        1.7
60196        2.3
60197        2.5
60198        2.4
60199        2.4
60200        2.0
60201        2.4
60202        2.1
60203        2.1
60204        2.1
60205        1.5
60206        1.1
60207        1.6
60208        1.3
60209        1.2
60210        1.2
60211        1.2
60212        0.7
60213        0.9
60214        1.2
60215        0.7
60216        0.9
60217        0.5
60218        0.8
60219        0.3
60220       -0.1
60221        0.5
60222        0.7
60223        0.8
60224        0.6
60225        1.1
60226        1.3
60227        0.8
60228        1.0
60229        0.8
60230        0.9
60231        0.4
60232        0.3
60233        0.2
60234        0.4
60235        0.2
60236        0.1
60237        0.1
60238        0.0
60239        0.3
60240       -0.1
60241        0.0
60242       -0.2
60243       -0.6
60244       -0.8
60245       -0.4
60246        0.4
60247        0.3
60248        0.7
60249        0.8
60250        0.6
60251        0.4
60252        0.7
60253        1.1
60254        2.2
60255        2.2
60256        2.9
60257        3.0
60258        3.1
60259        2.9
60260        3.0
60261        3.0
60262        3.2
60263        3.5
60264        3.6
60265        3.7
60266        3.8
60267        4.2
60268        4.1
60269        4.3
60270        4.0
60271        4.4
60272        4.3
60273        4.1
60274        4.3
60275        4.8
60276        4.9
60277        5.2
60278        5.2
60279        5.3
60280        5.0
60281        5.3
60282        3.5
60283        3.3
60284        2.9
60285        2.8
60286        2.1
60287        1.7
60288        1.0
60289        1.1
60290        0.8
60291        0.1
60292       -0.4
60293       -0.6
60294       -0.6
60295       -0.3
60296       -0.5
60297        0.0
60298       -0.4
60299       -0.3
60300       -0.2
60301        0.2
60302        0.4
60303        0.4
60304        0.7
60305        0.5
60306        0.9
60307        0.7
60308        1.1
60309        0.9
60310        0.8
60311        0.6
60312        0.8
60313        0.4
60314        0.8
60315        0.6
60316        0.5
60317       -0.3
60318       -0.5
60319       -0.3
60320       -0.3
60321       -0.4
60322       -0.0
60323        0.0
60324       -0.6
60325       -0.7
60326        0.6
60327        0.6
60328        0.8
60329        0.6
60330        0.2
60331        0.3
60332       -0.4
60333       -0.1
60334       -0.7
60335       -0.6
60336       -0.7
60337       -0.9
60338       -1.3
60339       -1.3
60340       -2.0
60341       -2.0
60342       -2.4
60343       -2.7
60344       -2.9
60345       -2.3
60346       -2.3
60347       -2.7
60348       -3.1
60349       -3.2
60350       -3.3
60351       -3.1
60352       -3.0
60353       -2.8
60354       -2.8
60355       -2.3
60356       -2.3
60357       -2.3
60358       -2.2
60359       -2.1
60360       -2.1
60361       -2.2
60362       -2.2
60363       -2.3
60364       -2.0
60365       -1.9
60366       -1.9
60367       -1.8
60368       -1.8
60369       -1.8
60370       -1.6
60371       -1.7
60372       -2.1
60373       -3.9
60374       -3.6
60375       -3.8
60376       -3.6
60377       -3.6
60378       -3.6
60379       -4.0
60380       -3.5
60381       -3.7
60382       -3.8
60383       -3.9
60384       -4.1
60385       -3.6
60386       -3.7
60387       -3.4
60388       -3.6
60389       -3.4
60390       -3.1
60391       -3.1
60392       -3.3
60393       -3.2
60394       -3.0
60395       -3.0
60396       -2.9
60397       -2.8
60398       -2.6
60399       -2.3
60400       -2.2
60401       -2.2
60402       -2.1
60403       -1.9
60404       -2.2
60405       -1.7
60406       -1.1
60407       -1.1
60408       -7.2
60409       -7.5
60410       -7.5
60411       -7.3
60412       -7.3
60413       -6.8
60414       -6.5
60415       -6.9
60416       -6.9
60417       -5.7
60418       -5.6
60419       -5.4
60420       -5.4
60421       -5.0
60422       -4.7
60423       -5.0
60424       -4.9
60425       -4.5
60426       -4.7
60427       -4.7
60428       -5.2
60429       -4.7
60430       -4.9
60431       -4.7
60432       -5.1
60433       -4.9
60434       -5.2
60435       -5.0
60436       -4.0
60437       -3.8
60438       -3.9
60439       -3.6
60440       -3.5
60441       -3.2
60442       -3.1
60443       -2.7
60444       -2.9
60445       -2.8
60446       -2.5
60447       -2.6
60448       -2.7
60449       -2.2
60450       -2.2
60451       -1.4
60452       -1.7
60453       -1.5
60454       -0.9
60455       -0.3
60456       -0.6
60457       -0.5
60458       -0.6
60459       -0.6
60460        0.1
60461        0.2
60462        0.1
60463        0.3
60464       -0.8
60465       -0.7
60466       -0.7
60467       -0.6
60468       -0.3
60469       -0.7
60470       -0.6
60471       -0.8
60472       -0.5
60473       -0.7
60474       -0.7
60475       -1.1
60476       -0.4
60477       -0.2
60478       -0.6
60479       -0.3
60480       -0.5
60481       -0.4
60482        0.2
60483        0.0
60484        0.2
60485        0.9
60486        1.2
60487        1.1
60488        1.4
60489        2.0
60490        1.9
60491        2.2
60492        2.1
60493        2.9
60494        2.9
60495        2.9
60496        2.9
60497        3.7
60498        4.0
60499        4.9
60500        5.3
60501        5.7
60502        5.7
60503        5.4
60504        5.2
60505        5.2
60506        4.9
60507        4.9
60508        4.9
60509        4.8
60510        5.1
60511        4.5
60512        4.4
60513        4.6
60514        4.2
60515        3.8
60516        3.5
60517        3.6
60518        3.6
60519        3.1
60520        3.1
60521        3.2
60522        2.8
60523        2.9
60524        3.0
60525        2.4
60526        2.7
60527        2.1
60528        2.3
60529        2.3
60530        2.2
60531        1.6
60532        1.4
60533        1.7
60534        1.6
60535        1.7
60536        1.4
60537        1.5
60538        1.3
60539        1.3
60540        0.9
60541        0.6
60542        1.5
60543        1.4
60544        1.5
60545        1.0
60546        1.0
60547        0.5
60548        0.2
60549        0.1
60550       -0.3
60551        0.7
60552        1.1
60553        0.3
60554        0.5
60555        0.6
60556        0.8
60557        0.4
60558        0.2
60559        0.4
60560        0.1
60561        0.8
60562        1.0
60563        1.0
60564        0.6
60565        0.3
60566        0.3
60567        0.3
60568        0.3
60569        0.3
60570        0.6
60571        0.8
60572        0.8
60573        0.8
60574        0.6
60575        0.6
60576        0.8
60577        1.0
60578        0.8
60579        0.9
60580        1.0
60581        1.1
60582        1.2
60583        1.2
60584        1.6
60585        1.1
60586        1.6
60587        1.3
60588        1.2
60589        1.4
60590       -0.2
60591        0.2
60592       -0.1
60593       -0.1
60594       -0.4
60595       -0.7
60596       -0.3
60597       -0.3
60598       -0.1
60599       -0.1
60600       -0.1
60601       -0.4
60602       -0.5
60603       -0.9
60604       -1.1
60605       -1.3
60606       -1.4
60607       -1.2
60608       -0.6
60609       -0.7
60610       -0.4
60611       -0.6
60612       -0.4
60613       -1.1
60614       -1.6
60615       -1.9
60616       -1.1
60617       -1.1
60618       -1.6
60619       -2.1
60620       -2.8
60621       -2.5
60622       -2.1
60623       -2.3
60624       -2.1
60625       -0.6
60626       -0.4
60627       -0.4
60628       -0.3
60629       -0.7
60630       -0.8
60631       -0.8
60632       -1.0
60633       -0.8
60634       -0.9
60635       -1.0
60636       -1.0
60637       -0.7
60638       -0.3
60639        0.1
60640        0.0
60641        0.2
60642        0.4
60643        0.4
60644        0.6
60645        0.5
60646        0.6
60647        0.3
60648        0.6
60649        0.4
60650        0.6
60651        0.7
60652        0.7
60653        0.2
60654        0.1
60655       -0.2
60656       -0.0
60657        0.4
60658        0.2
60659        0.3
60660        0.2
60661       -0.1
60662       -0.1
60663       -0.3
60664        0.3
60665        0.2
60666        0.8
60667        0.4
60668        0.5
60669        0.8
60670        0.8
60671        0.9
60672        0.5
60673        0.4
60674        0.1
60675        0.4
60676        0.2
60677        0.6
60678        0.4
60679        1.1
60680        0.8
60681        0.4
60682        0.1
60683        0.3
60684        0.4
60685        0.2
60686        0.2
60687        0.1
60688       -0.1
60689        0.2
60690        0.1
60691       -0.1
60692       -0.0
60693       -0.5
60694       -0.6
60695       -0.0
60696        0.1
60697        0.0
60698       -0.3
60699       -0.4
60700        0.0
60701       -0.2
60702       -0.6
60703       -0.7
60704       -0.3
60705       -0.2
60706       -0.4
60707       -0.5
60708       -0.3
60709       -0.8
60710       -1.1
60711       -0.8
60712       -0.7
60713       -0.9
60714       -1.0
60715       -1.1
60716       -1.2
60717       -1.2
60718       -1.1
60719       -1.3
60720       -1.3
60721       -1.4
60722       -1.4
60723       -1.1
60724       -1.1
60725       -1.1
60726       -1.2
60727       -1.8
60728       -1.3
60729       -0.5
60730       -0.7
60731       -0.9
60732       -0.7
60733       -0.4
60734       -0.3
60735        0.2
60736        0.4
60737        0.6
60738       -0.1
60739       -0.6
60740       -0.3
60741        0.2
60742        0.3
60743        0.0
60744       -0.1
60745       -0.1
60746        0.2
60747        0.3
60748       -0.0
60749       -0.3
60750       -0.4
60751       -0.4
60752        0.0
60753       -0.5
60754       -0.3
60755       -0.3
60756       -0.1
60757        0.3
60758        0.3
60759        0.2
60760        0.3
60761        0.2
60762       -0.0
60763       -0.6
60764       -0.4
60765       -1.3
60766       -0.1
60767       -0.0
60768       -0.6
60769       -0.4
60770       -0.7
60771       -1.0
60772       -0.5
60773       -0.7
60774       -0.3
60775       -0.5
60776       -0.6
60777       -0.6
60778       -0.6
60779       -0.4
60780       -0.7
60781       -0.3
60782       -0.4
60783       -0.4
60784       -0.8
60785       -0.5
60786       -0.6
60787       -0.7
60788       -0.4
60789       -0.6
60790       -0.5
60791       -0.8
60792       -0.4
60793       -0.1
60794       -0.5
60795       -0.4
60796        0.0
60797       -0.4
60798        0.1
60799       -0.2
60800       -0.3
60801       -0.9
60802        0.0
60803       -0.0
60804        0.2
60805        0.1
60806        0.6
60807        0.5
60808        0.4
60809        0.4
60810       -0.9
60811       -3.1
60812       -2.9
60813       -3.1
60814       -3.1
60815       -2.8
60816       -3.1
60817       -3.1
60818       -3.0
60819       -2.9
60820       -2.7
60821       -2.8
60822       -2.5
60823       -2.1
60824       -2.2
60825       -2.2
60826       -1.9
60827       -1.1
60828       -2.1
60829       -1.8
60830       -2.0
60831       -2.2
60832       -1.8
60833       -1.7
60834       -1.6
60835       -1.1
60836       -1.5
60837       -1.6
60838       -1.4
60839       -1.3
60840       -0.8
60841       -0.3
60842       -0.3
60843       -0.5
60844       -0.0
60845        0.9
60846        0.9
60847        1.1
60848        0.9
60849        1.1
60850        0.9
60851        1.0
60852        1.9
60853        1.8
60854        0.9
60855        1.6
60856        1.5
60857        1.2
60858        1.2
60859        1.5
60860        1.5
60861        1.2
60862        0.7
60863        0.7
60864        0.4
60865        0.8
60866        0.7
60867        0.5
60868        0.6
60869        0.1
60870        0.1
60871        0.7
60872        0.4
60873        0.3
60874        0.6
60875        0.7
60876        0.5
60877        0.7
60878        0.7
60879        0.7
60880        0.4
60881       -0.2
60882        0.7
60883        0.2
60884        0.5
60885        1.4
60886        1.6
60887        1.7
60888        2.1
60889        2.2
60890        2.0
60891        2.4
60892        2.4
60893        2.1
60894        2.5
60895        2.0
60896        2.1
60897        1.6
60898        1.7
60899        1.8
60900        1.4
60901        2.0
60902        2.4
60903        2.2
60904        1.6
60905        1.8
60906        1.7
60907        1.0
60908        0.7
60909        1.0
60910        0.8
60911        0.8
60912        0.8
60913        1.0
60914        0.9
60915        0.8
60916        0.5
60917        0.4
60918        0.3
60919        0.4
60920        0.3
60921        0.2
60922        0.2
60923        0.4
60924        0.3
60925        0.2
60926       -0.1
60927        0.0
60928       -0.1
60929       -0.1
60930        0.0
60931       -0.0
60932       -0.4
60933        0.3
60934       -0.5
60935       -0.4
60936       -0.1
60937       -0.3
60938       -0.3
60939        0.2
60940       -0.9
60941       -0.7
60942       -0.8
60943       -0.3
60944       -0.5
60945        0.2
60946       -0.1
60947        0.6
60948       -0.3
60949        0.2
60950       -0.0
60951       -0.0
60952        0.0
60953       -0.2
60954        0.3
60955        0.3
60956        0.3
60957        0.5
60958        0.7
60959        0.7
60960        0.9
60961        1.5
60962        0.7
60963        1.1
60964        1.4
60965        1.5
60966        1.0
60967        0.9
60968        1.0
60969        1.4
60970        1.3
60971        1.9
60972        1.4
60973        1.6
60974        1.3
60975        1.7
60976        1.5
60977        1.9
60978        1.8
60979        1.8
60980        2.0
60981        1.8
60982        5.1
60983        5.1
60984        5.1
60985        4.8
60986        5.2
60987        4.8
60988        5.2
60989        4.8
60990        5.2
60991        5.0
60992        5.0
60993        4.6
60994        4.8
60995        4.2
60996        3.9
60997        3.7
60998        3.5
60999        3.2
61000        2.9
61001        2.9
61002        3.0
61003        3.0
61004        2.6
61005        2.5
61006        2.6
61007        2.6
61008        2.4
61009        2.2
61010        1.9
61011        2.3
61012        2.2
61013        1.8
61014        2.5
61015        2.1
61016        2.0
61017        2.0
61018        2.2
61019        2.1
61020        2.0
61021        1.6
61022        1.7
61023        1.7
61024        1.4
61025        0.9
61026        0.5
61027        0.6
61028        0.2
61029        0.4
61030        0.3
61031        0.2
61032        0.1
61033       -0.0
61034       -0.2
61035       -0.1
61036        0.1
61037       -0.2
61038       -0.5
61039       -0.1
61040        0.2
61041       -0.2
61042       -0.0
61043       -0.3
61044       -0.4
61045       -0.6
61046       -0.5
61047       -1.2
61048       -1.2
61049       -1.4
61050       -1.4
61051       -1.6
61052       -1.2
61053       -1.7
61054       -1.8
61055       -1.4
61056       -0.9
61057       -0.9
61058       -1.3
61059       -1.4
61060       -1.5
61061       -0.7
61062       -1.1
61063       -1.3
61064       -0.6
61065       -0.7
61066       -0.8
61067       -0.9
61068       -0.7
61069       -0.7
61070       -0.6
61071       -0.8
61072       -0.9
61073       -0.6
61074       -1.1
61075       -1.1
61076       -1.6
61077       -1.7
61078       -1.6
61079       -1.3
61080       -1.4
61081       -1.8
61082       -1.9
61083       -2.1
61084       -2.1
61085       -2.2
61086       -2.5
61087       -2.5
61088       -2.7
61089       -3.0
61090       -2.7
61091       -2.7
61092       -2.6
61093       -2.2
61094       -2.5
61095       -2.1
61096       -1.6
61097       -1.8
61098       -1.8
61099       -1.9
61100       -2.1
61101       -1.8
61102       -1.9
61103       -2.2
61104       -2.3
61105       -2.2
61106       -2.4
61107       -2.6
61108       -2.4
61109       -2.9
61110       -2.7
61111       -2.7
61112       -1.9
61113       -1.8
61114       -1.7
61115       -2.1
61116       -2.5
61117       -1.4
61118       -1.8
61119       -1.6
61120       -1.5
61121       -1.7
61122       -1.4
61123       -1.4
61124       -1.3
61125       -1.4
61126       -1.2
61127       -0.6
61128       -0.6
61129       -0.7
61130       -1.4
61131       -0.9
61132       -0.9
61133       -1.1
61134       -0.9
61135       -0.7
61136       -0.2
61137        0.0
61138        0.5
61139        0.3
61140       -1.3
61141       -0.8
61142       -0.5
61143       -0.9
61144       -1.0
61145       -0.5
61146       -0.6
61147       -0.5
61148       -0.6
61149       -0.8
61150        0.4
61151        0.5
61152        0.2
61153        0.1
61154        0.3
61155        0.2
61156        0.6
61157        0.5
61158        0.9
61159        0.8
61160        1.0
61161        1.7
61162        1.4
61163        1.6
61164        1.4
61165        1.1
61166        1.3
61167        1.2
61168        1.3
61169        1.4
61170        1.0
61171        1.6
61172        1.5
61173        1.6
61174        1.6
61175        1.5
61176        1.5
61177        1.4
61178        1.2
61179        1.1
61180        1.1
61181        2.1
61182        1.7
61183        1.4
61184        1.3
61185        1.3
61186        1.8
61187        1.5
61188        1.9
61189        2.2
61190        2.6
61191        2.7
61192        2.9
61193        3.1
61194        3.7
61195        3.9
61196        3.5
61197        3.1
61198        3.4
61199        3.5
61200        3.1
61201        2.6
61202        2.1
61203        2.1
61204        2.2
61205        2.1
61206        2.2
61207        2.3
61208        2.0
61209        2.2
61210        1.7
61211        1.9
61212        1.4
61213        1.6
61214        1.3
61215        0.9
61216        1.1
61217        0.9
61218        0.9
61219        0.6

# UTC remains available from the monthly Circular T at
# (http://www.bipm.org/en/bipm-services/timescales/time-ftp/Circular-T.html).
