# MJD  [UTCr-UTC(TL)]/ns
56467       -6.6
56468       -7.1
56469       -6.6
56470       -6.7
56471       -6.9
56472       -6.9
56473       -6.8
56474       -5.2
56475       -5.1
56476       -4.8
56477       -5.6
56478       -7.0
56479       -7.7
56480       -7.8
56481       -7.6
56482       -7.7
56483       -7.3
56484       -7.2
56485       -7.3
56486       -6.4
56487       -4.7
56488       -4.4
56489       -3.8
56490       -2.9
56491       -2.5
56492       -2.4
56493       -1.8
56494       -1.0
56495       -0.0
56496       -0.0
56497       -0.1
56498        0.6
56499        0.3
56500        0.4
56501        0.5
56502        0.6
56503       -0.3
56504        0.0
56505        0.2
56506       -0.2
56507       -0.0
56508        0.1
56509        0.0
56510        0.2
56511        0.0
56512        0.6
56513        0.7
56514        0.7
56515        0.2
56516       -1.7
56517       -2.1
56518       -2.4
56519       -2.9
56520       -2.8
56521       -2.5
56522       -2.2
56523       -1.6
56524       -1.7
56525       -1.0
56526       -1.2
56527       -1.3
56528       -1.4
56529       -1.0
56530       -0.7
56531       -0.6
56532       -1.1
56533       -2.6
56534       -2.6
56535       -3.2
56536       -3.0
56537       -5.1
56538       -5.8
56539       -5.4
56540       -3.8
56541       -2.9
56542       -1.7
56543       -1.3
56544       -0.6
56545        0.4
56546        1.4
56547        2.4
56548        3.7
56549        3.8
56550        4.2
56551        5.2
56552        5.3
56553        5.4
56554        5.7
56555        6.1
56556        5.9
56557        6.5
56558        5.4
56559        5.6
56560        4.8
56561        4.5
56562        3.8
56563        3.9
56564        4.1
56565        3.5
56566        3.6
56567        3.9
56568        4.1
56569        3.7
56570        2.7
56571        2.5
56572        2.4
56573        1.3
56574        1.3
56575        0.6
56576        0.4
56577        0.3
56578        0.6
56579        0.5
56580        0.3
56581        0.5
56582        0.6
56583        0.6
56584       -0.4
56585       -0.9
56586       -2.5
56587       -3.3
56588       -3.7
56589       -3.8
56590       -3.8
56591       -3.9
56592       -4.1
56593       -5.6
56594       -6.2
56595       -6.9
56596       -7.4
56597       -7.8
56598       -8.9
56599       -8.1
56600       -9.3
56601      -11.1
56602      -11.3
56603      -12.0
56604      -12.2
56605      -12.5
56606      -12.5
56607      -11.3
56608      -11.5
56609      -11.3
56610      -10.6
56611      -10.8
56612      -10.9
56613      -11.5
56614      -11.8
56615      -11.6
56616      -11.4
56617      -12.4
56618      -13.2
56619      -13.7
56620      -14.1
56621      -14.4
56622      -15.1
56623      -15.7
56624      -17.0
56625      -19.2
56626      -15.6
56627      -14.1
56628       -9.5
56629       -9.5
56630       -9.3
56631       -9.0
56632       -8.7
56633       -8.7
56634       -8.8
56635       -9.5
56636       -9.0
56637       -9.0
56638       -7.9
56639       -7.3
56640       -8.1
56641       -8.0
56642       -8.9
56643       -8.4
56644       -7.7
56645       -7.7
56646       -7.7
56647       -7.5
56648       -7.1
56649       -6.1
56650       -6.0
56651       -5.7
56652       -5.1
56653       -5.5
56654       -5.5
56655       -4.9
56656       -3.8
56657       -3.5
56658       -3.6
56659       -3.5
56660       -2.4
56661       -2.5
56662       -2.9
56663       -2.1
56664       -2.0
56665       -1.2
56666       -0.7
56667       -0.4
56668       -0.3
56669       -0.3
56670       -1.1
56671       -1.8
56672       -2.0
56673       -1.6
56674       -1.4
56675       -1.6
56676       -2.5
56677       -2.7
56678       -3.1
56679       -3.0
56680       -3.0
56681       -3.1
56682       -2.6
56683       -2.6
56684       -3.9
56685       -3.9
56686       -4.5
56687       -5.3
56688       -5.8
56689       -5.5
56690       -5.7
56691       -5.7
56692       -6.0
56693       -6.2
56694       -7.1
56695       -7.1
56696       -7.1
56697       -7.5
56698       -7.8
56699       -7.0
56700       -6.0
56701       -5.1
56702       -4.5
56703       -4.4
56704       -4.2
56705       -4.2
56706       -5.1
56707       -5.4
56708       -5.7
56709       -5.5
56710       -6.1
56711       -7.7
56712       -7.7
56713       -8.2
56714       -8.1
56715       -8.4
56716       -7.8
56717       -7.7
56718       -7.6
56719       -7.2
56720       -6.3
56721       -5.1
56722       -4.2
56723       -3.3
56724       -3.6
56725       -3.2
56726       -3.8
56727       -4.3
56728       -4.4
56729       -3.8
56730       -4.8
56731       -5.0
56732       -5.5
56733       -7.1
56734       -7.0
56735       -7.4
56736       -8.1
56737       -9.8
56738       -9.0
56739       -9.6
56740       -9.1
56741       -9.7
56742       -9.4
56743       -9.6
56744       -9.8
56745      -10.1
56746       -9.8
56747      -10.5
56748      -11.1
56749      -11.1
56750      -10.7
56751      -10.3
56752      -10.5
56753       -9.9
56754       -8.0
56755       -7.4
56756       -7.4
56757       -7.4
56758       -7.4
56759       -7.6
56760       -7.8
56761       -8.0
56762       -7.9
56763       -7.5
56764       -7.0
56765       -7.2
56766       -6.8
56767       -7.1
56768       -4.6
56769       -5.0
56770       -5.2
56771       -5.7
56772       -5.7
56773       -6.0
56774       -6.8
56775       -6.8
56776       -6.5
56777       -7.9
56778       -8.8
56779      -10.3
56780      -11.5
56781      -12.0
56782      -10.5
56783      -11.4
56784      -12.0
56785      -12.3
56786      -11.9
56787      -10.6
56788       -8.4
56789       -8.4
56790       -8.4
56791       -8.4
56792       -8.3
56793       -9.1
56794       -9.0
56795       -8.3
56796       -6.4
56797       -5.5
56798       -6.1
56799       -5.5
56800       -5.1
56801       -4.2
56802       -3.3
56803       -4.6
56804       -4.7
56805       -4.8
56806       -6.0
56807       -5.8
56808       -5.2
56809       -4.1
56810       -2.8
56811       -2.1
56812       -1.4
56813       -1.2
56814       -1.6
56815       -1.4
56816       -1.3
56817        0.4
56818        0.1
56819        0.1
56820        0.2
56821       -0.2
56822       -0.4
56823       -0.4
56824       -1.2
56825       -1.2
56826       -1.4
56827       -2.0
56828       -1.9
56829       -2.1
56830       -1.5
56831       -1.7
56832       -1.8
56833       -1.2
56834       -1.4
56835       -1.4
56836       -1.8
56837       -2.0
56838       -1.9
56839       -2.0
56840       -2.9
56841       -3.0
56842       -3.3
56843       -3.6
56844       -3.7
56845       -2.4
56846       -3.3
56847       -3.9
56848       -4.1
56849       -4.3
56850       -4.4
56851       -5.0
56852       -4.7
56853       -4.8
56854       -4.7
56855       -4.6
56856       -4.6
56857       -4.2
56858       -4.5
56859       -3.9
56860       -3.6
56861       -3.1
56862       -3.4
56863       -4.0
56864       -3.9
56865       -3.7
56866       -4.5
56867       -4.8
56868       -5.4
56869       -5.5
56870       -4.4
56871       -3.5
56872       -3.2
56873       -3.4
56874       -3.5
56875       -3.1
56876       -3.1
56877       -3.5
56878       -3.2
56879       -3.2
56880       -5.6
56881       -6.1
56882       -6.4
56883       -7.1
56884       -7.2
56885       -7.7
56886       -8.0
56887       -8.2
56888       -7.8
56889       -7.9
56890       -8.2
56891       -8.7
56892       -9.3
56893       -9.6
56894       -9.5
56895       -9.3
56896       -9.0
56897       -8.2
56898       -8.0
56899       -8.0
56900       -8.2
56901       -7.9
56902       -8.0
56903       -7.5
56904       -7.2
56905       -6.3
56906       -5.6
56907       -5.7
56908       -5.7
56909       -5.4
56910       -5.6
56911       -6.3
56912       -7.2
56913       -7.6
56914       -8.1
56915       -6.7
56916       -6.3
56917       -6.5
56918       -6.2
56919       -6.1
56920       -6.2
56921       -7.0
56922       -7.3
56923       -8.0
56924       -7.5
56925       -7.2
56926       -7.0
56927       -6.5
56928       -6.3
56929       -6.0
56930       -6.3
56931       -6.5
56932       -6.5
56933       -6.0
56934       -5.9
56935       -6.1
56936       -5.1
56937       -5.4
56938       -6.5
56939       -7.8
56940       -7.9
56941       -8.3
56942       -8.1
56943       -9.2
56944       -8.7
56945       -8.7
56946       -8.1
56947       -6.3
56948       -5.4
56949       -4.3
56950       -4.1
56951       -3.3
56952       -2.6
56953       -2.3
56954       -2.1
56955       -2.4
56956       -1.9
56957       -1.3
56958       -1.3
56959       -1.3
56960       -0.7
56961       -0.4
56962        0.5
56963        0.1
56964        0.2
56965        0.6
56966        0.0
56967       -0.7
56968       -0.9
56969       -0.5
56970       -0.5
56971       -0.4
56972       -0.7
56973       -1.0
56974       -1.3
56975       -1.3
56976       -1.4
56977       -1.4
56978       -2.4
56979       -2.6
56980       -3.0
56981       -3.2
56982       -2.4
56983       -2.2
56984       -1.7
56985       -1.2
56986       -6.0
56987       -4.3
56988       -6.8
56989       -0.7
56990        1.9
56991       -2.1
56992       -5.5
56993       -5.5
56994       -5.6
56995       -5.0
56996       -3.7
56997       -1.3
56998        1.4
56999        5.7
57000        6.5
57001        6.5
57002        5.5
57003        5.2
57004        4.5
57005        4.4
57006        4.8
57007        5.6
57008        5.2
57009        4.2
57010        2.8
57011        3.1
57012        5.3
57013        6.6
57014        5.0
57015        4.0
57016        2.8
57017        1.7
57018        1.8
57019        1.9
57020       -1.9
57021       -0.3
57022        1.3
57023       -2.0
57024        0.7
57025       -1.3
57026       -4.8
57027       -4.3
57028       -7.6
57029       -8.2
57030      -10.8
57031      -11.0
57032       -6.7
57033      -15.9
57034      -14.7
57035      -11.2
57036      -10.4
57037       -8.1
57038       -8.4
57039       -9.5
57040       -7.6
57041       -8.7
57042       -5.6
57043       -8.1
57044       -8.1
57045       -2.2
57046       -6.5
57047       -3.9
57048       -1.7
57049       -1.9
57050        0.4
57051       -4.0
57052       -3.0
57053       -2.3
57054       -5.2
57055       -3.0
57056       -3.3
57057       -3.1
57058       -3.1
57059       -3.0
57060       -2.5
57061       -1.8
57062       -2.3
57063       -1.9
57064       -2.0
57065       -2.1
57066       -2.2
57067       -2.5
57068       -2.9
57069       -3.2
57070       -3.0
57071       -2.9
57072       -2.6
57073       -3.0
57074       -2.7
57075       -2.7
57076       -2.1
57077       -2.8
57078       -2.4
57079       -2.3
57080       -2.7
57081       -3.3
57082       -3.9
57083       -6.0
57084       -5.9
57085       -5.5
57086       -5.1
57087       -4.9
57088       -4.8
57089       -4.6
57090       -7.0
57091       -2.2
57092       -1.3
57093       -0.5
57094       -5.1
57095       -4.4
57096       -1.1
57097       -8.9
57098       -8.9
57099       -9.7
57100      -11.5
57101      -14.0
57102      -16.1
57103      -18.4
57104      -20.8
57105      -21.7
57106      -22.1
57107      -21.7
57108      -20.5
57109      -19.4
57110      -18.3
57111      -18.1
57112      -17.1
57113      -16.3
57114      -16.0
57115      -16.2
57116      -16.2
57117      -17.2
57118      -15.6
57119      -15.5
57120      -16.2
57121      -15.1
57122      -14.0
57123      -13.3
57124      -12.7
57125      -10.8
57126       -9.9
57127       -9.0
57128       -8.3
57129       -7.3
57130       -7.6
57131       -8.0
57132       -9.4
57133      -10.5
57134      -10.8
57135      -10.8
57136      -10.3
57137       -9.6
57138       -9.0
57139       -7.6
57140       -7.0
57141       -6.8
57142       -6.5
57143       -7.4
57144       -7.1
57145          -
57146       -6.9
57147       -6.1
57148       -6.1
57149       -6.7
57150       -7.0
57151       -7.4
57152       -7.4
57153       -6.9
57154       -5.4
57155       -5.3
57156       -4.8
57157       -4.5
57158       -4.2
57159       -3.8
57160       -2.8
57161       -4.0
57162       -3.6
57163       -3.2
57164       -2.7
57165       -2.7
57166       -7.4
57167       -6.5
57168       -5.1
57169       -7.7
57170       -7.7
57171       -5.7
57172       -6.3
57173       -6.7
57174       -5.8
57175       -4.7
57176       -5.5
57177       -5.3
57178       -5.5
57179       -4.8
57180       -4.0
57181       -3.9
57182       -4.2
57183       -4.4
57184       -6.1
57185       -4.8
57186       -6.0
57187       -7.1
57188       -8.2
57189       -6.2
57190       -5.3
57191       -4.2
57192       -8.2
57193       -6.8
57194       -5.9
57195       -3.2
57196       -2.5
57197       -2.0
57198       -2.1
57199       -2.7
57200       -3.0
57201        0.6
57202        1.7
57203        2.7
57204        4.3
57205        5.3
57206        5.4
57207        5.1
57208        5.8
57209        9.7
57210        9.7
57211        9.6
57212       11.5
57213        9.9
57214       11.5
57215       10.6
57216       11.5
57217       12.1
57218       12.2
57219       12.2
57220       12.6
57221       11.8
57222       11.1
57223       10.1
57224       10.1
57225       10.0
57226       10.1
57227       10.6
57228       10.4
57229       10.3
57230       12.0
57231       12.1
57232       12.7
57233       12.7
57234       12.7
57235       13.0
57236       14.7
57237       13.7
57238       12.7
57239       10.7
57240       12.8
57241       13.0
57242       12.3
57243       13.2
57244       14.0
57245       13.6
57246       12.3
57247       12.4
57248       12.6
57249        8.9
57250       11.2
57251       10.6
57252       10.1
57253        9.7
57254        9.7
57255        8.4
57256        7.3
57257        8.8
57258        6.2
57259        6.2
57260        5.0
57261        6.8
57262        6.2
57263        4.2
57264        3.6
57265        2.8
57266        1.4
57267        0.7
57268        0.4
57269       -1.2
57270       -1.1
57271        0.4
57272       -2.4
57273       -0.6
57274       -1.7
57275       -2.0
57276       -0.6
57277       -1.4
57278       -2.5
57279       -1.2
57280       -1.4
57281       -1.3
57282       -0.8
57283       -0.1
57284       -0.5
57285       -0.3
57286        1.9
57287        2.3
57288        2.6
57289        3.2
57290        3.6
57291        3.4
57292        4.0
57293        4.1
57294        4.1
57295        4.3
57296        5.0
57297        5.1
57298        4.5
57299        4.2
57300        6.8
57301        6.2
57302        5.8
57303        5.1
57304        5.2
57305        5.6
57306        5.9
57307        6.7
57308        7.1
57309        6.8
57310        6.7
57311        6.8
57312        6.8
57313        6.2
57314        5.2
57315        5.0
57316        4.8
57317        5.9
57318        5.6
57319        6.5
57320        6.8
57321        7.3
57322        8.0
57323        8.2
57324        8.4
57325        8.8
57326        8.9
57327        9.3
57328        9.8
57329        9.6
57330        9.6
57331        9.9
57332       10.1
57333       10.2
57334       10.0
57335       11.1
57336       11.3
57337       11.6
57338       11.3
57339       11.8
57340       11.4
57341       11.8
57342       12.1
57343       11.9
57344       11.6
57345       12.0
57346       12.2
57347       11.2
57348       11.2
57349       11.7
57350       11.3
57351       11.4
57352       11.1
57353       10.9
57354       10.6
57355       10.7
57356       10.5
57357       11.2
57358       11.1
57359       11.0
57360        9.8
57361       10.0
57362        9.5
57363        7.3
57364        6.7
57365        6.5
57366        6.5
57367        6.9
57368        6.5
57369        6.4
57370        6.4
57371        6.3
57372        5.9
57373        5.7
57374        5.9
57375        5.5
57376        5.8
57377        6.6
57378        6.7
57379        6.8
57380        7.1
57381        7.0
57382        7.0
57383        6.7
57384        7.6
57385        7.5
57386        7.5
57387        7.8
57388        8.3
57389        8.6
57390        8.6
57391        7.4
57392        7.3
57393        7.5
57394        8.0
57395        8.2
57396        8.9
57397        9.6
57398        9.5
57399        9.8
57400       10.2
57401       11.2
57402       10.9
57403       11.4
57404       11.4
57405       10.3
57406        9.9
57407       10.1
57408        9.9
57409        9.8
57410        9.8
57411       10.0
57412       10.4
57413        9.8
57414        9.8
57415        9.6
57416        9.7
57417       10.0
57418       11.0
57419       11.6
57420       12.0
57421       12.6
57422       13.1
57423       13.6
57424       13.7
57425       14.0
57426       11.1
57427       10.4
57428        9.7
57429        8.6
57430        7.5
57431        7.2
57432        7.1
57433        7.1
57434        7.1
57435        6.8
57436        6.0
57437        5.8
57438        5.0
57439        4.5
57440        3.6
57441        3.2
57442        3.0
57443        2.5
57444        2.0
57445        1.5
57446        0.8
57447        0.3
57448        0.6
57449        0.8
57450       -0.1
57451       -0.4
57452       -0.6
57453       -1.2
57454        0.2
57455       -0.4
57456       -0.1
57457       -0.3
57458       -0.3
57459       -0.6
57460       -0.6
57461        0.3
57462       -0.4
57463       -0.6
57464       -0.8
57465       -0.9
57466       -1.4
57467       -1.3
57468       -2.4
57469       -2.7
57470       -2.8
57471       -2.2
57472       -2.4
57473       -1.6
57474       -1.7
57475       -1.0
57476       -1.4
57477       -1.6
57478       -1.7
57479       -1.5
57480       -1.9
57481       -2.0
57482        0.3
57483        0.9
57484        1.0
57485        0.9
57486        1.1
57487        0.8
57488        0.5
57489        1.6
57490        1.0
57491        0.9
57492        0.3
57493        0.4
57494        0.5
57495        0.8
57496       -0.7
57497       -0.2
57498       -0.8
57499       -0.8
57500       -0.9
57501       -0.9
57502       -1.0
57503       -0.6
57504       -0.9
57505       -0.3
57506       -0.3
57507        0.1
57508       -0.0
57509        0.1
57510       -2.0
57511       -2.2
57512       -1.9
57513       -2.4
57514       -2.1
57515       -2.9
57516       -2.9
57517       -3.9
57518       -3.9
57519       -3.4
57520       -4.0
57521       -4.1
57522       -4.2
57523       -4.3
57524       -3.1
57525       -2.4
57526       -2.5
57527       -2.7
57528       -2.8
57529       -3.2
57530       -3.0
57531       -2.4
57532       -2.4
57533       -2.6
57534       -2.4
57535       -3.0
57536       -2.8
57537       -2.7
57538       -1.9
57539       -2.2
57540       -1.8
57541       -2.3
57542       -2.0
57543       -2.1
57544       -2.1
57545       -3.4
57546       -3.0
57547       -2.5
57548       -3.0
57549       -3.0
57550       -2.4
57551       -2.4
57552       -1.6
57553       -1.6
57554       -1.4
57555       -1.1
57556       -1.0
57557       -1.3
57558       -0.9
57559        0.6
57560        1.4
57561        1.6
57562        2.0
57563        1.7
57564        1.4
57565        1.4
57566        0.9
57567        0.2
57568        0.6
57569        0.5
57570        1.5
57571        0.6
57572        0.5
57573        2.0
57574        2.7
57575        2.9
57576        2.8
57577        2.7
57578        2.6
57579        3.3
57580        3.2
57581        3.0
57582        3.4
57583        3.5
57584        3.7
57585        4.1
57586        4.4
57587        5.0
57588        5.2
57589        5.2
57590        5.3
57591        6.1
57592        6.3
57593        6.0
57594        6.3
57595        6.5
57596        6.6
57597        6.5
57598        6.3
57599        6.3
57600        7.0
57601        8.3
57602        8.1
57603        8.2
57604        8.7
57605        8.9
57606        9.0
57607        9.0
57608        6.7
57609        6.3
57610        6.2
57611        6.3
57612        6.6
57613        6.6
57614        6.7
57615        6.8
57616        6.8
57617        6.1
57618        6.0
57619        6.0
57620        5.6
57621        5.4
57622        5.9
57623        5.8
57624        6.0
57625        6.4
57626        6.5
57627        5.9
57628        5.9
57629        6.7
57630        6.8
57631        6.7
57632        6.9
57633        6.7
57634        6.2
57635        6.3
57636        2.1
57637        1.9
57638        1.6
57639        1.6
57640        0.8
57641        0.8
57642        0.6
57643        1.5
57644        1.9
57645        1.8
57646        1.5
57647        1.8
57648        1.8
57649        2.1
57650        3.9
57651        4.1
57652        4.1
57653        4.1
57654        4.3
57655        5.4
57656        5.2
57657        5.9
57658        5.8
57659        5.3
57660        5.6
57661        5.6
57662        6.1
57663        6.5
57664        7.1
57665        7.4
57666        7.7
57667        7.2
57668        7.4
57669        7.7
57670        7.6
57671        7.1
57672        6.5
57673        7.0
57674        7.5
57675        7.4
57676        7.3
57677        7.3
57678        9.0
57679        8.9
57680        9.1
57681        8.9
57682        8.6
57683        8.4
57684        8.3
57685        8.6
57686        9.1
57687        9.5
57688       10.1
57689       10.1
57690        9.4
57691        9.3
57692        9.5
57693        9.2
57694        9.1
57695        9.0
57696        9.3
57697        9.2
57698        9.3
57699       10.7
57700       10.7
57701       11.3
57702       11.1
57703       11.6
57704       11.1
57705       10.9
57706       11.9
57707       12.3
57708       12.2
57709       11.9
57710       11.8
57711       11.7
57712       11.7
57713       11.9
57714       11.9
57715       12.4
57716       12.0
57717       11.9
57718       12.1
57719       12.3
57720       11.5
57721       11.5
57722       11.2
57723       11.6
57724       11.5
57725       11.1
57726       11.0
57727        9.3
57728        9.5
57729        9.7
57730        9.6
57731        9.5
57732        9.7
57733        9.0
57734       10.8
57735       11.0
57736       10.9
57737       10.9
57738       11.0
57739       11.3
57740       11.8
57741        9.1
57742        8.9
57743        8.2
57744        7.9
57745        8.1
57746        8.4
57747        8.2
57748        8.5
57749        8.7
57750        8.3
57751        8.4
57752        8.8
57753        8.9
57754        8.6
57755        7.6
57756        7.8
57757        7.6
57758        7.8
57759        8.1
57760        8.3
57761        7.9
57762        7.4
57763        7.6
57764        7.4
57765        7.2
57766        7.3
57767        7.5
57768        7.6
57769        9.1
57770        8.9
57771        9.0
57772        8.7
57773        9.2
57774        9.4
57775        9.5
57776        8.7
57777        8.7
57778        8.8
57779        9.4
57780        9.5
57781        9.3
57782        9.2
57783       10.4
57784       10.7
57785       10.9
57786       10.9
57787       10.5
57788       10.8
57789       11.0
57790        9.8
57791       10.5
57792       10.6
57793       11.6
57794       12.0
57795       12.2
57796       12.5
57797       12.5
57798       12.8
57799       12.7
57800       12.7
57801       12.8
57802       12.8
57803       12.7
57804       11.1
57805       11.3
57806       11.0
57807       11.6
57808       11.6
57809       11.8
57810       12.0
57811       12.1
57812       12.0
57813       12.2
57814       12.6
57815       12.2
57816       11.8
57817       11.7
57818        7.7
57819        7.5
57820        7.4
57821        7.3
57822        6.8
57823        6.6
57824        6.2
57825        5.5
57826        5.6
57827        5.4
57828        5.2
57829        5.0
57830        4.7
57831        4.0
57832        4.2
57833        3.9
57834        3.8
57835        3.9
57836        3.7
57837        3.7
57838        3.2
57839        3.1
57840        2.9
57841        2.3
57842        2.7
57843        2.2
57844        3.0
57845        3.4
57846        9.7
57847       10.0
57848       10.1
57849       10.1
57850       10.1
57851       10.2
57852       10.3
57853       11.1
57854       11.3
57855       11.9
57856       11.8
57857       11.8
57858       11.9
57859       11.3
57860       13.2
57861       13.1
57862       12.9
57863       13.5
57864       13.5
57865       13.8
57866       14.0
57867       12.7
57868       12.5
57869       12.1
57870       12.6
57871       12.6
57872       12.6
57873       11.9
57874       11.9
57875       11.3
57876       11.4
57877       10.9
57878       10.9
57879       11.2
57880       11.2
57881        5.1
57882        5.1
57883        5.4
57884        5.0
57885        4.3
57886        3.3
57887        3.2
57888        1.9
57889        1.2
57890        1.4
57891        1.2
57892        0.4
57893        0.3
57894        0.8
57895       -1.1
57896       -1.4
57897       -1.4
57898       -1.6
57899       -1.8
57900       -2.2
57901       -2.6
57902       -1.2
57903       -1.7
57904       -1.7
57905       -2.3
57906       -2.9
57907       -2.6
57908       -2.5
57909       -2.1
57910       -2.2
57911       -1.3
57912       -1.5
57913       -1.4
57914       -1.3
57915       -0.7
57916        0.1
57917       -0.0
57918        0.5
57919        0.5
57920        0.8
57921        1.6
57922        1.9
57923        0.4
57924        0.4
57925        0.5
57926        1.1
57927        1.5
57928        1.7
57929        2.0
57930        4.7
57931        4.9
57932        5.4
57933        5.6
57934        5.6
57935        5.1
57936        5.5
57937        1.6
57938        2.1
57939        2.2
57940        2.7
57941        2.7
57942        2.4
57943        2.8
57944        4.2
57945        4.3
57946        4.5
57947        4.8
57948        5.0
57949        5.1
57950        5.3
57951        4.4
57952        4.5
57953        5.2
57954        5.6
57955        5.7
57956        6.1
57957        6.1
57958        7.8
57959        7.9
57960        7.7
57961        7.6
57962        7.6
57963        7.4
57964        6.8
57965        6.7
57966        6.7
57967        6.2
57968        6.4
57969        5.3
57970        5.3
57971        5.1
57972        5.4
57973        4.6
57974        4.6
57975        3.9
57976        3.8
57977        3.4
57978        2.8
57979        3.2
57980        2.8
57981        1.6
57982        0.9
57983        0.8
57984        0.7
57985        0.0
57986       -0.2
57987       -0.6
57988       -1.2
57989       -1.3
57990       -1.2
57991       -1.2
57992       -1.6
57993       -1.7
57994       -1.5
57995       -1.7
57996       -1.5
57997       -2.6
57998       -2.7
57999       -3.0
58000       -3.1
58001       -3.2
58002       -3.0
58003       -3.5
58004       -3.5
58005       -3.5
58006       -3.4
58007       -3.1
58008       -3.1
58009       -3.1
58010       -2.9
58011       -2.1
58012       -1.4
58013       -0.3
58014        0.4
58015        0.1
58016        0.5
58017        0.5
58018        0.9
58019        1.1
58020        1.3
58021        1.6
58022        2.5
58023        2.9
58024        3.0
58025        3.0
58026        3.8
58027        4.0
58028        4.3
58029        4.6
58030        4.1
58031        3.8
58032        3.9
58033        4.0
58034        4.3
58035        4.0
58036        4.0
58037        3.9
58038        2.6
58039        2.8
58040        2.5
58041        2.0
58042        1.7
58043        1.5
58044        1.3
58045        1.1
58046        0.7
58047        1.1
58048        1.2
58049        0.9
58050        0.3
58051        0.4
58052        0.1
58053        0.1
58054       -0.2
58055       -0.3
58056       -0.2
58057       -0.7
58058       -0.8
58059       -1.9
58060       -2.4
58061       -2.1
58062       -2.3
58063       -2.8
58064       -3.4
58065       -3.6
58066       -3.8
58067       -3.9
58068       -3.8
58069       -3.8
58070       -5.3
58071       -5.2
58072       -5.0
58073       -5.2
58074       -4.9
58075       -5.0
58076       -4.5
58077       -4.5
58078       -4.7
58079       -5.0
58080       -4.6
58081       -4.9
58082       -5.1
58083       -5.3
58084       -5.5
58085       -5.6
58086       -5.4
58087       -5.6
58088       -6.0
58089       -5.9
58090       -5.8
58091       -4.3
58092       -4.1
58093       -4.3
58094       -4.6
58095       -4.6
58096       -4.5
58097       -4.2
58098       -4.8
58099       -5.3
58100       -5.2
58101       -5.4
58102       -5.8
58103       -5.9
58104       -5.4
58105       -5.9
58106       -6.1
58107       -6.1
58108       -6.3
58109       -6.8
58110       -7.3
58111       -7.5
58112       -7.7
58113       -7.8
58114       -8.0
58115       -8.3
58116       -8.1
58117       -8.4
58118       -8.3
58119       -7.7
58120       -7.3
58121       -7.3
58122       -8.4
58123       -9.0
58124       -8.8
58125       -8.6
58126       -8.8
58127       -8.0
58128       -7.6
58129       -7.2
58130       -7.3
58131       -6.8
58132       -7.0
58133       -7.3
58134       -6.2
58135       -6.7
58136       -7.1
58137       -7.3
58138       -7.2
58139       -7.1
58140       -6.4
58141       -6.3
58142       -6.1
58143       -6.0
58144       -5.9
58145       -5.9
58146       -5.9
58147       -6.3
58148       -6.4
58149       -6.7
58150       -6.0
58151       -6.2
58152       -6.0
58153       -6.0
58154       -4.8
58155       -4.6
58156       -4.4
58157       -4.7
58158       -4.9
58159       -5.1
58160       -4.7
58161       -4.6
58162       -4.7
58163       -4.5
58164       -4.2
58165       -4.5
58166       -4.0
58167       -4.1
58168       -4.2
58169       -3.8
58170       -3.9
58171       -4.0
58172       -3.9
58173       -3.9
58174       -3.8
58175       -3.6
58176       -3.5
58177       -3.9
58178       -3.3
58179       -4.0
58180       -3.7
58181       -4.1
58182       -4.9
58183       -4.5
58184       -4.6
58185       -4.9
58186       -4.2
58187       -4.2
58188       -4.0
58189       -4.3
58190       -4.3
58191       -4.0
58192       -4.0
58193       -3.3
58194       -2.8
58195       -2.9
58196       -2.7
58197       -2.5
58198       -1.2
58199       -0.6
58200       -0.6
58201       -0.2
58202       -0.1
58203       -0.2
58204        0.3
58205        0.7
58206        0.7
58207        0.9
58208        1.4
58209        1.8
58210        2.4
58211        2.1
58212        2.3
58213        2.4
58214        2.9
58215        3.5
58216        3.6
58217        2.3
58218        2.1
58219        2.0
58220        1.7
58221        1.1
58222        1.3
58223        1.8
58224        1.0
58225        0.8
58226        1.1
58227        0.6
58228       -0.1
58229       -0.5
58230       -0.6
58231       -0.7
58232       -0.8
58233       -0.4
58234       -0.9
58235       -1.5
58236       -1.4
58237       -1.6
58238       -2.0
58239       -2.4
58240       -1.1
58241       -2.7
58242       -2.5
58243       -2.7
58244       -2.6
58245       -2.0
58246       -2.2
58247       -1.6
58248       -1.3
58249       -1.8
58250       -1.8
58251       -1.8
58252       -2.5
58253       -2.5
58254       -2.5
58255       -2.5
58256       -2.6
58257       -2.8
58258       -3.0
58259       -2.5
58260       -2.8
58261       -2.4
58262       -2.5
58263       -2.4
58264       -2.0
58265       -2.3
58266       -2.8
58267       -3.1
58268       -2.9
58269       -3.1
58270       -3.2
58271       -2.9
58272       -2.9
58273       -0.7
58274       -1.0
58275       -1.0
58276       -1.0
58277       -0.3
58278        0.1
58279       -0.1
58280        0.1
58281        0.6
58282       -0.0
58283        0.0
58284        0.4
58285        1.4
58286        0.6
58287        0.7
58288        1.0
58289        1.3
58290        1.4
58291        1.6
58292        1.7
58293        1.9
58294        2.1
58295        2.8
58296        2.9
58297        3.1
58298        3.1
58299        3.0
58300        3.5
58301        3.9
58302        3.8
58303        4.3
58304        5.0
58305        5.0
58306        5.1
58307        5.7
58308        5.8
58309        6.1
58310        5.2
58311        5.3
58312        5.4
58313        5.3
58314        5.0
58315        5.1
58316        5.0
58317        4.9
58318        5.0
58319        4.8
58320        4.5
58321        4.3
58322        3.9
58323        4.4
58324        4.2
58325        4.1
58326        3.9
58327        4.0
58328        4.4
58329        4.0
58330        4.1
58331        3.6
58332        3.7
58333        3.5
58334        3.6
58335        3.5
58336        2.1
58337        2.1
58338        2.0
58339        1.8
58340        1.6
58341        1.6
58342        1.2
58343        0.9
58344        0.5
58345        0.4
58346        0.1
58347        0.0
58348       -0.5
58349       -0.9
58350       -1.0
58351       -1.1
58352       -1.1
58353       -1.5
58354       -1.8
58355       -2.0
58356       -2.0
58357       -1.8
58358       -1.6
58359       -1.6
58360       -1.6
58361       -1.5
58362       -1.2
58363       -0.6
58364        0.3
58365       -0.3
58366       -1.0
58367       -0.6
58368       -0.3
58369       -0.4
58370       -0.5
58371       -0.2
58372       -0.5
58373       -0.8
58374       -0.6
58375       -0.5
58376       -0.5
58377       -1.0
58378       -1.2
58379       -1.0
58380       -1.1
58381       -1.0
58382       -0.9
58383       -1.3
58384       -1.3
58385       -0.7
58386       -0.5
58387       -0.4
58388       -0.5
58389       -0.8
58390       -0.8
58391       -0.4
58392       -1.2
58393       -1.5
58394       -1.9
58395       -2.0
58396       -2.3
58397       -2.6
58398       -2.9
58399       -2.9
58400       -3.1
58401       -3.1
58402       -3.3
58403       -3.1
58404       -3.1
58405       -3.5
58406       -3.6
58407       -3.6
58408       -3.4
58409       -3.2
58410       -3.4
58411       -3.2
58412       -3.1
58413       -3.3
58414       -3.4
58415       -3.6
58416       -3.7
58417       -3.6
58418       -3.0
58419       -2.5
58420       -3.0
58421       -2.8
58422       -3.2
58423       -3.0
58424       -3.2
58425       -3.2
58426       -2.9
58427       -2.7
58428       -2.9
58429       -2.7
58430       -2.4
58431       -2.6
58432       -2.8
58433       -2.6
58434       -2.9
58435       -2.7
58436       -2.8
58437       -2.9
58438       -3.1
58439       -2.9
58440       -2.6
58441       -2.7
58442       -2.4
58443       -2.5
58444       -2.2
58445       -1.8
58446       -1.6
58447       -1.7
58448       -2.3
58449       -2.0
58450       -2.1
58451       -1.2
58452       -1.6
58453       -1.7
58454       -1.8
58455       -0.7
58456       -1.0
58457       -0.9
58458       -0.9
58459       -0.6
58460       -0.6
58461       -0.7
58462       -0.6
58463       -0.5
58464       -0.3
58465       -0.6
58466       -0.5
58467       -0.6
58468        0.0
58469        0.0
58470        0.3
58471        0.1
58472       -0.1
58473       -0.3
58474       -0.8
58475       -1.1
58476       -0.8
58477       -0.9
58478       -1.3
58479       -1.1
58480       -1.0
58481       -0.9
58482       -1.2
58483       -1.3
58484       -1.7
58485       -1.9
58486       -2.2
58487       -2.3
58488       -2.6
58489       -2.7
58490       -2.0
58491       -2.0
58492       -1.5
58493       -1.9
58494       -1.7
58495       -1.4
58496       -1.3
58497       -0.9
58498       -1.0
58499       -1.1
58500       -0.5
58501        0.2
58502        0.2
58503        0.1
58504        0.6
58505        1.0
58506        1.1
58507        1.3
58508        1.3
58509        1.7
58510        1.8
58511        2.0
58512        2.2
58513        2.2
58514        2.3
58515        3.2
58516        2.7
58517        2.7
58518       -1.2
58519       -1.2
58520       -1.2
58521       -1.5
58522       -1.7
58523       -1.9
58524       -2.3
58525       -2.3
58526       -2.7
58527       -2.8
58528       -3.4
58529       -3.6
58530       -3.6
58531       -3.7
58532       -3.8
58533       -4.1
58534       -4.1
58535       -4.2
58536       -4.0
58537       -3.6
58538       -3.6
58539       -4.0
58540       -3.9
58541       -4.1
58542       -4.2
58543       -3.8
58544       -3.5
58545       -3.6
58546       -3.6
58547       -3.7
58548       -3.6
58549       -3.6
58550       -3.2
58551       -3.8
58552       -3.4
58553       -2.9
58554       -2.6
58555       -3.1
58556       -3.0
58557       -3.1
58558       -3.3
58559       -3.4
58560       -3.5
58561       -2.8
58562       -2.8
58563       -2.7
58564       -2.7
58565       -2.8
58566       -2.8
58567       -2.9
58568       -2.0
58569       -2.4
58570       -1.9
58571       -2.2
58572       -2.0
58573       -1.9
58574       -2.1
58575       -2.1
58576       -1.7
58577       -1.3
58578       -1.0
58579       -0.3
58580       -0.4
58581        1.0
58582        1.0
58583        1.6
58584        1.4
58585        1.8
58586        1.8
58587        1.4
58588        1.9
58589        1.5
58590        2.1
58591        2.3
58592        1.8
58593        1.7
58594        1.6
58595        1.5
58596        1.5
58597        1.7
58598        2.1
58599        1.8
58600        1.7
58601        1.6
58602        1.6
58603        1.8
58604        1.9
58605        2.0
58606        2.1
58607        2.1
58608        1.7
58609       -0.0
58610        0.1
58611       -0.3
58612       -0.3
58613       -0.3
58614       -0.2
58615       -0.3
58616       -0.3
58617       -0.5
58618       -0.9
58619       -1.1
58620       -1.4
58621       -1.5
58622       -1.6
58623       -1.7
58624       -1.1
58625       -0.9
58626       -1.5
58627       -1.2
58628       -1.8
58629       -1.8
58630       -2.0
58631       -2.5
58632       -2.2
58633       -2.4
58634       -2.0
58635       -2.5
58636       -2.3
58637       -2.2
58638       -2.2
58639       -1.7
58640       -1.9
58641       -1.8
58642       -1.8
58643       -1.5
58644       -1.4
58645       -1.7
58646       -1.2
58647       -1.5
58648       -1.3
58649       -0.1
58650       -0.7
58651       -1.0
58652       -0.9
58653       -0.6
58654       -0.6
58655       -0.2
58656       -0.7
58657       -0.8
58658       -0.7
58659       -0.6
58660       -0.5
58661       -0.4
58662       -0.5
58663       -0.7
58664       -0.3
58665        0.3
58666       -0.1
58667       -0.1
58668        0.1
58669        0.4
58670        0.4
58671        0.3
58672        1.0
58673        1.1
58674        1.2
58675        0.9
58676        1.2
58677        1.4
58678        2.0
58679        2.0
58680        2.1
58681        2.0
58682        1.8
58683        1.8
58684        1.7
58685        1.7
58686        2.1
58687        2.0
58688        2.1
58689        1.9
58690        2.0
58691        2.0
58692        3.0
58693        2.6
58694        2.3
58695        2.6
58696        2.2
58697        2.5
58698        2.6
58699        2.6
58700        3.0
58701        3.6
58702        3.2
58703        3.1
58704        2.9
58705        3.4
58706        3.3
58707        3.1
58708        3.4
58709        3.3
58710        3.2
58711        3.2
58712        2.9
58713        3.2
58714        3.1
58715        3.4
58716        3.1
58717        3.2
58718        3.2
58719        2.9
58720        2.7
58721        3.1
58722        3.2
58723        3.0
58724        2.5
58725        2.4
58726        2.2
58727        2.1
58728        2.0
58729        1.9
58730        1.6
58731        1.4
58732        1.4
58733        1.1
58734        1.2
58735        0.6
58736        0.0
58737       -0.1
58738        0.1
58739        0.0
58740       -0.1
58741       -0.4
58742       -0.8
58743       -0.7
58744       -0.9
58745       -0.9
58746       -0.7
58747       -0.9
58748       -0.8
58749       -0.4
58750       -0.1
58751       -0.1
58752       -0.1
58753       -0.5
58754       -0.7
58755       -0.6
58756       -0.6
58757       -0.6
58758       -0.5
58759       -0.4
58760       -0.1
58761       -0.2
58762       -0.0
58763        0.4
58764        0.8
58765        0.6
58766        0.8
58767        1.1
58768        0.9
58769        0.8
58770        0.9
58771        0.9
58772        1.1
58773        0.9
58774        1.3
58775        1.0
58776        1.8
58777        1.8
58778        1.8
58779        1.4
58780        1.5
58781        1.4
58782        1.1
58783        1.0
58784        0.5
58785        0.3
58786        0.2
58787        0.1
58788        0.0
58789        0.2
58790        0.1
58791        0.6
58792        0.9
58793        0.8
58794        0.6
58795        0.6
58796        0.8
58797        0.6
58798        0.5
58799        0.1
58800        0.0
58801       -0.0
58802        0.2
58803        0.1
58804        0.1
58805       -0.5
58806       -0.5
58807       -0.7
58808       -0.6
58809       -1.1
58810       -1.0
58811       -1.3
58812       -1.7
58813       -1.7
58814       -1.9
58815       -1.9
58816       -1.9
58817       -2.1
58818       -2.1
58819       -0.5
58820       -0.3
58821       -0.5
58822       -1.2
58823       -1.0
58824       -0.1
58825        0.2
58826        0.4
58827        0.2
58828        0.2
58829        0.4
58830        0.4
58831        0.6
58832        0.4
58833        0.6
58834        0.6
58835        0.5
58836        0.6
58837        0.7
58838        0.5
58839        0.5
58840        0.9
58841        1.0
58842        1.0
58843        1.0
58844        1.5
58845        1.3
58846        0.9
58847        1.3
58848        1.4
58849        1.9
58850        1.4
58851        1.2
58852        1.3
58853        1.4
58854        2.9
58855        3.1
58856        3.6
58857        3.7
58858        3.5
58859        3.5
58860        3.6
58861        3.5
58862        3.7
58863        3.8
58864        3.9
58865        3.8
58866        4.1
58867        4.0
58868        3.9
58869        4.0
58870        3.8
58871        3.6
58872        3.6
58873        3.5
58874        3.1
58875        4.2
58876        4.0
58877        4.0
58878        4.4
58879        4.2
58880        3.9
58881        3.3
58882        5.5
58883        5.2
58884        5.4
58885        5.4
58886        5.3
58887        5.4
58888        5.3
58889        5.5
58890        5.0
58891        5.2
58892        5.2
58893        5.6
58894        5.5
58895        5.8
58896        6.6
58897        6.6
58898        6.4
58899        6.3
58900        6.2
58901        6.2
58902        6.0
58903        5.7
58904        5.6
58905        5.5
58906        5.6
58907        5.2
58908        5.3
58909        5.1
58910        5.4
58911        5.4
58912        4.9
58913        2.5
58914        1.5
58915        1.1
58916        1.2
58917        1.2
58918        0.8
58919        1.0
58920        0.4
58921        0.3
58922        0.7
58923        1.5
58924        0.9
58925        0.7
58926        0.3
58927        0.2
58928        0.9
58929        0.5
58930        0.5
58931        0.0
58932        0.2
58933       -0.1
58934       -0.1
58935        0.0
58936       -0.3
58937        0.5
58938       -0.3
58939       -0.3
58940        0.1
58941       -0.2
58942       -0.3
58943       -0.1
58944        0.0
58945       -0.4
58946       -0.2
58947       -0.2
58948       -0.4
58949       -0.3
58950       -0.8
58951       -0.3
58952        0.0
58953       -0.5
58954       -0.6
58955       -0.4
58956       -0.9
58957       -1.1
58958       -1.4
58959       -1.1
58960       -1.3
58961       -1.2
58962       -1.3
58963       -1.2
58964       -1.2
58965       -1.1
58966       -0.8
58967        0.2
58968        0.1
58969        0.3
58970        0.0
58971        0.1
58972        0.3
58973       -1.0
58974       -1.1
58975       -0.8
58976       -0.8
58977       -0.6
58978       -0.3
58979       -0.5
58980       -0.3
58981       -0.4
58982        0.1
58983        0.1
58984        0.3
58985        0.3
58986        0.4
58987        0.7
58988        1.1
58989        1.2
58990        1.0
58991        0.9
58992        1.2
58993        1.2
58994        1.0
58995        1.0
58996        1.1
58997        1.1
58998        1.1
58999        1.3
59000        1.2
59001        1.6
59002        1.9
59003        2.1
59004        2.4
59005        2.4
59006        2.2
59007        2.4
59008        2.5
59009        2.7
59010        3.4
59011        3.3
59012        3.5
59013        3.5
59014        3.7
59015        3.5
59016        3.8
59017        4.2
59018        4.3
59019        4.0
59020        3.6
59021        3.6
59022        3.3
59023        3.1
59024        3.1
59025        2.9
59026        2.6
59027        2.1
59028        2.2
59029        1.2
59030        0.9
59031        0.6
59032        0.3
59033        0.4
59034        0.6
59035        0.5
59036       -0.6
59037       -0.7
59038       -0.8
59039       -0.8
59040       -1.0
59041       -0.8
59042       -0.9
59043       -0.7
59044       -0.7
59045       -1.2
59046       -1.7
59047       -1.4
59048       -1.3
59049       -1.3
59050       -1.1
59051       -1.6
59052       -1.6
59053       -1.4
59054       -1.2
59055       -1.5
59056       -1.1
59057       -1.2
59058       -1.3
59059       -1.3
59060       -1.2
59061       -0.9
59062       -0.7
59063       -0.4
59064       -1.3
59065       -1.4
59066       -1.3
59067       -1.4
59068       -1.6
59069       -1.4
59070       -1.5
59071       -1.4
59072       -1.6
59073       -1.6
59074       -0.9
59075       -0.8
59076       -0.7
59077       -0.8
59078       -1.2
59079       -1.1
59080       -1.1
59081       -1.2
59082       -1.2
59083       -1.3
59084       -1.3
59085       -0.8
59086       -1.0
59087       -1.1
59088       -1.1
59089       -0.6
59090        0.1
59091        0.1
59092        0.7
59093        0.5
59094        0.6
59095        0.4
59096        1.0
59097        1.3
59098        1.8
59099       -0.1
59100       -0.5
59101       -0.3
59102       -0.6
59103       -0.9
59104       -0.9
59105       -0.9
59106       -0.3
59107       -0.3
59108       -0.5
59109       -0.1
59110       -0.3
59111       -0.7
59112       -0.8
59113       -0.5
59114       -0.4
59115       -0.5
59116       -0.4
59117       -0.3
59118       -0.4
59119       -0.4
59120       -0.5
59121       -0.4
59122       -0.2
59123        0.3
59124       -0.1
59125       -0.0
59126       -0.6
59127       -1.0
59128       -1.0
59129       -0.9
59130       -0.7
59131       -0.8
59132       -0.9
59133       -1.0
59134       -1.1
59135       -1.1
59136       -1.4
59137       -0.9
59138       -1.3
59139       -1.2
59140       -1.5
59141       -1.2
59142       -1.2
59143       -1.1
59144       -1.3
59145       -1.0
59146       -0.8
59147       -1.3
59148       -0.9
59149       -0.8
59150       -1.5
59151       -2.3
59152       -1.9
59153       -1.1
59154       -1.9
59155       -1.1
59156       -1.4
59157       -1.6
59158       -1.5
59159       -1.6
59160       -2.0
59161       -1.8
59162       -1.7
59163       -2.0
59164       -1.4
59165       -1.7
59166       -2.1
59167       -1.9
59168       -1.8
59169       -1.4
59170       -1.5
59171       -1.0
59172       -1.3
59173       -1.4
59174       -1.5
59175       -1.2
59176       -1.5
59177       -1.9
59178       -1.9
59179       -1.9
59180       -1.7
59181       -2.1
59182       -2.2
59183       -1.3
59184       -1.8
59185       -1.5
59186       -1.9
59187       -1.6
59188       -1.6
59189       -1.5
59190       -3.1
59191       -3.1
59192       -3.0
59193       -2.5
59194       -2.2
59195       -2.0
59196       -1.9
59197       -2.0
59198       -1.6
59199       -1.4
59200       -1.3
59201       -1.3
59202       -1.1
59203       -0.7
59204       -0.5
59205       -0.0
59206       -0.7
59207       -0.5
59208       -0.1
59209       -0.1
59210       -0.2
59211       -0.3
59212       -0.2
59213        0.4
59214        1.3
59215        1.3
59216        1.4
59217        1.3
59218        0.2
59219        0.2
59220       -0.0
59221        0.0
59222        0.5
59223        1.0
59224        0.8
59225        0.5
59226        0.8
59227        0.9
59228        0.9
59229        0.9
59230        0.4
59231        0.2
59232        0.4
59233        0.2
59234       -0.1
59235       -0.5
59236       -0.9
59237       -0.5
59238       -0.4
59239       -0.5
59240       -0.6
59241       -0.9
59242       -1.2
59243       -0.7
59244       -0.7
59245       -0.7
59246       -0.6
59247       -0.4
59248       -0.2
59249        0.1
59250        0.0
59251        0.1
59252        0.2
59253       -1.4
59254       -1.6
59255       -2.0
59256       -2.1
59257       -1.6
59258       -1.6
59259       -1.6
59260       -1.4
59261       -1.9
59262       -1.7
59263       -1.0
59264       -1.1
59265       -1.1
59266       -1.2
59267       -1.4
59268       -1.2
59269       -1.3
59270       -2.4
59271       -2.8
59272       -2.6
59273       -2.5
59274       -3.1
59275       -3.0
59276       -2.9
59277       -2.9
59278       -3.1
59279       -2.9
59280       -2.7
59281       -2.5
59282       -2.5
59283       -2.6
59284       -2.5
59285       -2.5
59286       -2.4
59287       -2.3
59288       -1.5
59289       -1.5
59290       -1.3
59291       -1.0
59292       -0.8
59293       -0.9
59294       -0.0
59295       -0.1
59296       -0.3
59297       -0.1
59298        0.7
59299        0.3
59300        0.1
59301        0.3
59302        0.6
59303        0.2
59304        0.4
59305        0.8
59306        0.9
59307        1.1
59308        1.1
59309        2.0
59310        2.6
59311        3.0
59312        2.9
59313        3.5
59314        3.6
59315        3.6
59316        3.9
59317        3.8
59318        4.0
59319        3.9
59320        3.7
59321        3.7
59322        3.8
59323        3.5
59324        3.4
59325        3.2
59326        3.0
59327        3.4
59328        3.4
59329        3.2
59330        3.3
59331        2.9
59332        2.3
59333        2.5
59334        3.0
59335        3.2
59336        2.6
59337        2.7
59338        2.3
59339        2.2
59340        2.3
59341        2.4
59342        2.2
59343        2.2
59344        1.9
59345        2.7
59346        2.5
59347        2.0
59348        1.9
59349        2.4
59350        2.4
59351        2.4
59352        2.2
59353        2.0
59354        2.0
59355        1.8
59356        1.8
59357        1.6
59358        1.6
59359        1.6
59360        1.5
59361        1.6
59362        1.0
59363        0.9
59364        0.7
59365        0.8
59366        0.6
59367        0.6
59368        0.6
59369        0.5
59370        0.1
59371        0.4
59372        1.0
59373        1.0
59374        0.8
59375        0.8
59376        0.7
59377        0.8
59378        0.5
59379        0.8
59380        0.6
59381        0.5
59382        0.5
59383        0.3
59384        0.4
59385        0.4
59386        0.5
59387        0.4
59388        0.3
59389        0.4
59390        0.2
59391        0.2
59392        0.3
59393        0.3
59394        0.5
59395        0.5
59396        1.1
59397        1.0
59398        0.8
59399        0.7
59400        1.2
59401        1.0
59402        1.0
59403        1.1
59404        1.5
59405        1.3
59406        1.3
59407        1.3
59408        1.3
59409        1.7
59410        1.5
59411        1.8
59412        2.2
59413        2.0
59414        2.1
59415        2.3
59416        2.6
59417        2.1
59418        2.1
59419        2.0
59420        2.4
59421        3.0
59422        3.2
59423        3.4
59424        3.3
59425        3.3
59426        3.2
59427        3.3
59428        2.1
59429        2.0
59430        2.1
59431        2.0
59432        1.5
59433        1.4
59434        1.7
59435        1.7
59436        1.8
59437        2.2
59438        2.6
59439        2.8
59440        2.8
59441        2.5
59442        2.7
59443        2.5
59444        1.6
59445        2.0
59446        1.9
59447        1.9
59448        2.1
59449        2.2
59450        2.1
59451        2.1
59452        2.2
59453        2.1
59454        2.1
59455        2.2
59456        2.5
59457        2.4
59458        2.5
59459        2.4
59460        2.4
59461        2.1
59462        2.5
59463        2.2
59464        2.1
59465        2.1
59466        2.4
59467        2.2
59468        2.0
59469        1.8
59470        2.1
59471        1.6
59472        1.8
59473        1.4
59474        1.2
59475        1.4
59476        1.6
59477        1.4
59478        1.2
59479        1.3
59480        1.2
59481        1.1
59482        1.0
59483        1.7
59484        2.1
59485        1.9
59486        1.8
59487        1.5
59488        1.0
59489        1.3
59490        1.6
59491        2.0
59492        2.1
59493        1.6
59494        1.2
59495        1.3
59496        1.3
59497        1.7
59498        0.9
59499        1.0
59500        0.6
59501        0.4
59502        1.1
59503        0.4
59504        0.6
59505        0.6
59506        0.7
59507        0.3
59508        0.5
59509        0.2
59510        0.5
59511        0.2
59512       -0.0
59513        0.1
59514       -0.0
59515        0.0
59516       -0.3
59517       -0.4
59518       -0.3
59519       -1.0
59520       -1.3
59521       -1.4
59522       -1.7
59523       -1.5
59524       -1.5
59525       -1.6
59526       -1.6
59527       -1.1
59528       -0.9
59529       -0.6
59530       -1.1
59531       -1.5
59532       -1.5
59533       -1.8
59534       -2.2
59535       -2.4
59536       -2.4
59537       -2.4
59538       -2.6
59539       -2.8
59540       -3.0
59541       -2.7
59542       -2.8
59543       -3.1
59544       -3.3
59545       -3.4
59546       -3.7
59547       -3.3
59548       -3.3
59549       -2.4
59550       -2.7
59551       -2.1
59552       -2.0
59553       -2.5
59554       -1.9
59555       -1.9
59556       -1.8
59557       -1.9
59558       -2.2
59559       -1.9
59560       -1.8
59561       -2.0
59562       -2.0
59563       -2.1
59564       -2.1
59565       -2.5
59566       -1.9
59567       -2.0
59568       -2.5
59569       -2.7
59570       -2.5
59571       -2.6
59572       -2.9
59573       -2.6
59574       -2.3
59575       -2.0
59576       -1.9
59577       -2.3
59578       -2.7
59579       -3.4
59580       -3.8
59581       -3.8
59582       -3.7
59583       -3.1
59584       -3.7
59585       -3.7
59586       -3.7
59587       -3.6
59588       -3.7
59589       -5.3
59590       -5.0
59591       -4.8
59592       -4.7
59593       -4.7
59594       -5.1
59595       -5.1
59596       -5.5
59597       -5.3
59598       -5.3
59599       -5.5
59600       -5.6
59601       -5.6
59602       -5.0
59603       -4.9
59604       -4.7
59605       -4.8
59606       -4.6
59607       -4.7
59608       -4.2
59609       -4.0
59610       -4.2
59611       -4.4
59612       -4.5
59613       -4.5
59614       -4.2
59615       -4.2
59616       -4.1
59617       -4.1
59618       -3.9
59619       -3.8
59620       -3.9
59621       -3.8
59622       -3.7
59623       -3.9
59624       -3.9
59625       -3.6
59626       -3.4
59627       -3.6
59628       -3.8
59629       -3.8
59630       -3.3
59631       -3.3
59632       -3.3
59633       -3.0
59634       -2.6
59635       -2.6
59636       -2.5
59637       -2.6
59638       -2.5
59639       -2.7
59640       -2.5
59641       -2.5
59642       -2.4
59643       -2.4
59644       -2.2
59645       -2.0
59646       -0.6
59647       -0.6
59648       -0.5
59649       -0.5
59650       -0.4
59651       -0.3
59652       -0.5
59653       -0.4
59654        0.0
59655        0.0
59656        0.2
59657        0.6
59658        0.8
59659        0.5
59660        0.5
59661        0.4
59662        0.9
59663        0.7
59664        0.8
59665        1.0
59666        1.2
59667        1.5
59668        1.4
59669        1.7
59670        1.5
59671        1.8
59672        2.3
59673        1.3
59674        0.9
59675        0.7
59676        0.7
59677        0.7
59678        1.0
59679        0.9
59680        0.9
59681        0.9
59682        1.1
59683        1.1
59684        1.7
59685        1.1
59686        0.9
59687        0.7
59688        0.6
59689        0.7
59690        0.6
59691        0.6
59692        0.5
59693        0.3
59694        0.3
59695        0.5
59696        0.6
59697        0.6
59698        0.3
59699        0.7
59700        0.7
59701        0.5
59702        0.6
59703        0.4
59704        0.6
59705        0.6
59706        0.7
59707        0.4
59708       -0.1
59709       -0.2
59710       -0.5
59711       -0.6
59712       -0.8
59713       -0.9
59714       -0.8
59715       -1.0
59716       -0.5
59717       -0.2
59718       -0.7
59719       -0.5
59720       -0.5
59721       -0.5
59722       -0.5
59723       -0.6
59724       -0.8
59725       -0.5
59726       -0.5
59727       -0.9
59728       -0.5
59729       -0.6
59730       -0.7
59731       -0.5
59732       -0.4
59733        0.1
59734        0.1
59735        0.4
59736        0.4
59737        0.5
59738        1.0
59739        1.3
59740        1.1
59741        1.1
59742        1.0
59743        0.9
59744        0.8
59745        0.7
59746        0.8
59747        0.8
59748        0.9
59749        1.1
59750        0.6
59751        0.4
59752        0.5
59753        0.4
59754        0.5
59755        0.5
59756        0.6
59757        0.8
59758        1.0
59759        0.6
59760        1.1
59761        0.9
59762        0.7
59763        0.9
59764       -0.4
59765       -0.3
59766       -0.5
59767       -0.4
59768       -0.5
59769       -0.6
59770       -0.5
59771       -0.4
59772       -0.2
59773       -0.3
59774       -0.7
59775       -1.2
59776       -1.2
59777       -1.2
59778       -1.2
59779       -1.6
59780       -1.7
59781       -1.3
59782       -1.0
59783       -1.2
59784       -1.0
59785       -1.3
59786       -1.0
59787       -0.9
59788       -1.1
59789       -1.0
59790       -1.2
59791       -1.0
59792       -0.9
59793       -1.0
59794       -0.9
59795       -0.6
59796       -0.2
59797       -0.2
59798       -0.0
59799       -0.9
59800       -1.1
59801       -1.1
59802       -1.3
59803       -1.2
59804       -1.2
59805       -1.0
59806       -1.0
59807       -0.9
59808       -0.8
59809       -0.8
59810       -0.5
59811       -0.2
59812       -0.1
59813       -0.0
59814       -0.1
59815       -0.3
59816       -0.6
59817       -0.2
59818       -0.6
59819       -0.9
59820       -0.9
59821       -0.5
59822       -0.3
59823       -0.3
59824       -0.2
59825       -0.3
59826       -0.2
59827       -0.8
59828       -1.1
59829       -1.2
59830       -0.2
59831       -0.1
59832        0.3
59833       -0.4
59834       -0.4
59835       -0.1
59836       -0.2
59837       -0.2
59838       -0.1
59839       -0.2
59840       -0.2
59841       -0.5
59842        0.4
59843        0.2
59844        0.2
59845       -0.2
59846       -0.4
59847       -0.8
59848        0.0
59849        0.8
59850        0.5
59851        0.5
59852        0.4
59853        0.4
59854        0.5
59855       -0.7
59856       -0.9
59857       -1.3
59858       -1.3
59859       -1.6
59860       -1.7
59861       -1.8
59862       -1.6
59863       -1.7
59864       -1.7
59865       -1.8
59866       -1.9
59867       -2.5
59868       -3.1
59869       -2.3
59870       -2.3
59871       -2.7
59872       -2.7
59873       -2.1
59874       -3.0
59875       -3.0
59876       -2.0
59877       -2.2
59878       -2.6
59879       -2.4
59880       -2.4
59881       -2.1
59882       -2.2
59883       -2.7
59884       -2.4
59885       -2.0
59886       -2.1
59887       -1.8
59888       -1.4
59889       -1.4
59890       -0.8
59891       -0.6
59892       -0.5
59893       -0.3
59894       -0.1
59895        0.3
59896        0.5
59897        0.8
59898        0.7
59899        0.9
59900        1.1
59901        1.3
59902        0.8
59903        0.8
59904        0.6
59905        0.4
59906        0.1
59907        0.2
59908        0.2
59909        0.9
59910        0.6
59911        0.7
59912        0.6
59913        0.5
59914        0.5
59915        0.3
59916        0.2
59917        0.2
59918        1.7
59919        1.6
59920        1.3
59921        1.6
59922        1.2
59923        1.3
59924        1.3
59925        0.7
59926        0.7
59927        0.7
59928        0.4
59929        0.1
59930        0.4
59931        1.2
59932        1.2
59933        0.8
59934        0.6
59935        0.8
59936        0.6
59937        0.5
59938        0.6
59939        0.3
59940       -0.4
59941       -1.1
59942       -1.5
59943       -1.9
59944       -1.7
59945       -2.4
59946       -2.6
59947       -2.5
59948       -2.2
59949       -2.4
59950       -2.5
59951       -2.6
59952       -2.7
59953       -1.7
59954       -1.6
59955       -1.6
59956       -1.8
59957       -1.6
59958       -0.6
59959        0.3
59960        1.1
59961        1.6
59962        2.2
59963        2.5
59964        2.4
59965        2.3
59966        2.4
59967        2.5
59968        2.8
59969        3.3
59970        3.3
59971        3.1
59972        3.3
59973        3.1
59974        2.9
59975        2.5
59976        1.8
59977        1.7
59978        1.8
59979        1.1
59980        0.9
59981       -0.4
59982       -0.6
59983       -0.8
59984       -1.2
59985       -1.1
59986       -1.1
59987       -1.0
59988       -0.1
59989        0.1
59990        0.4
59991        0.6
59992        0.2
59993        0.2
59994        0.3
59995        0.3
59996        0.3
59997        0.2
59998        0.0
59999       -0.1
60000       -0.3
60001       -0.2
60002       -0.3
60003       -0.3
60004       -0.3
60005       -0.3
60006       -0.4
60007       -0.6
60008       -0.4
60009       -1.4
60010       -1.7
60011       -1.9
60012       -2.2
60013       -2.3
60014       -2.9
60015       -3.1
60016       -3.0
60017       -3.3
60018       -3.4
60019       -3.6
60020       -3.9
60021       -3.8
60022       -4.0
60023       -4.0
60024       -4.5
60025       -4.3
60026       -3.7
60027       -3.8
60028       -4.0
60029       -3.6
60030       -3.6
60031       -3.3
60032       -3.5
60033       -3.1
60034       -3.2
60035       -3.0
60036       -2.5
60037       -2.4
60038       -2.4
60039       -2.3
60040       -2.1
60041       -1.9
60042       -1.2
60043       -1.3
60044        1.8
60045        1.7
60046        1.8
60047        1.8
60048        2.3
60049        2.4
60050        3.3
60051        3.4
60052        3.4
60053        3.1
60054        3.2
60055        3.5
60056        3.0
60057        3.2
60058        3.0
60059        3.4
60060        3.7
60061        3.5
60062        3.2
60063        3.0
60064        3.1
60065        3.0
60066        2.5
60067        2.4
60068        2.0
60069        2.4
60070        2.4
60071        2.1
60072        1.2
60073        1.0
60074        1.0
60075        0.6
60076        0.3
60077        0.1
60078        0.1
60079        0.2
60080        0.1
60081       -0.1
60082       -0.4
60083       -0.4
60084       -0.3
60085       -0.9
60086       -0.9
60087       -0.7
60088       -0.6
60089       -0.5
60090       -0.6
60091       -0.4
60092       -0.0
60093       -0.2
60094       -0.3
60095       -0.1
60096       -0.3
60097       -0.1
60098       -0.2
60099       -0.4
60100       -1.7
60101       -1.7
60102       -1.8
60103       -1.6
60104       -1.7
60105       -1.4
60106       -1.2
60107       -1.3
60108       -0.7
60109       -0.9
60110       -1.0
60111       -1.0
60112       -0.9
60113       -0.9
60114       -0.4
60115       -0.7
60116       -0.5
60117       -0.2
60118       -0.0
60119       -0.4
60120       -1.2
60121       -0.3
60122       -0.7
60123       -0.7
60124       -0.7
60125       -0.5
60126       -0.6
60127       -0.8
60128       -0.2
60129        0.1
60130        0.1
60131        0.5
60132        1.0
60133        1.0
60134        0.9
60135        2.4
60136        2.1
60137        1.6
60138        1.7
60139        1.6
60140        1.5
60141        1.3
60142        0.9
60143        0.6
60144        0.5
60145        0.3
60146       -0.4
60147       -0.1
60148        0.0
60149        0.4
60150        0.4
60151        0.5
60152        0.3
60153        0.6
60154        0.4
60155        0.3
60156        0.7
60157        0.7
60158        0.2
60159        0.0
60160        0.2
60161        0.1
60162        0.4
60163        1.0
60164        0.9
60165        1.0
60166        1.1
60167        1.5
60168        2.1
60169        2.3
60170        2.6
60171        2.9
60172        2.4
60173        2.6
60174        2.6
60175        2.1
60176        1.9
60177        1.9
60178        1.9
60179        1.9
60180        2.0
60181        2.4
60182        2.5
60183        2.4
60184        2.5
60185        2.5
60186        2.5
60187        2.3
60188        2.4
60189        2.7
60190        2.5
60191        1.1
60192        1.0
60193        1.1
60194        0.8
60195        0.8
60196        1.3
60197        1.8
60198        1.8
60199        1.8
60200        1.6
60201        1.5
60202        1.0
60203        1.2
60204        0.8
60205        0.5
60206        0.3
60207        0.4
60208       -0.1
60209        0.1
60210       -0.2
60211        0.4
60212        0.7
60213        1.1
60214        1.6
60215        1.9
60216        2.5
60217        2.6
60218        2.8
60219        1.6
60220        1.8
60221        1.3
60222        1.2
60223        1.1
60224        0.9
60225        1.2
60226        1.1
60227        1.0
60228        1.0
60229        1.0
60230        0.5
60231        0.4
60232        0.3
60233        1.2
60234        0.4
60235       -0.1
60236       -0.0
60237       -0.3
60238       -0.6
60239       -0.7
60240       -0.8
60241       -0.8
60242       -0.4
60243       -0.6
60244       -0.8
60245       -0.7
60246       -0.4
60247       -0.3
60248        0.1
60249       -0.1
60250        0.3
60251        0.9
60252        0.8
60253        0.9
60254        1.7
60255        2.1
60256        2.0
60257        2.0
60258        2.1
60259        2.4
60260        2.3
60261        2.8
60262        2.3
60263        2.7
60264        2.2
60265        3.2
60266        3.5
60267        3.6
60268        3.2
60269        3.0
60270        3.0
60271        3.1
60272        2.4
60273        2.1
60274        2.0
60275        2.2
60276        2.2
60277        1.5
60278        1.5
60279        1.5
60280        1.6
60281        1.5
60282       -0.8
60283       -0.1
60284       -0.9
60285       -0.0
60286       -0.5
60287       -0.6
60288       -0.7
60289       -0.8
60290       -0.7
60291       -0.3
60292       -0.3
60293       -0.1
60294        0.2
60295        0.8
60296        0.0
60297       -0.2
60298       -0.4
60299       -0.3
60300       -0.1
60301       -0.4
60302       -0.3
60303       -0.2
60304       -0.7
60305       -1.2
60306       -1.5
60307       -1.3
60308       -1.5
60309       -1.8
60310       -1.3
60311       -1.3
60312       -1.5
60313       -1.3
60314       -1.1
60315       -1.5
60316       -1.3
60317       -2.3
60318       -2.5
60319       -2.3
60320       -1.7
60321       -1.4
60322       -1.3
60323       -1.9
60324       -2.2
60325       -2.1
60326       -2.2
60327       -2.2
60328       -2.5
60329       -2.4
60330       -2.2
60331       -1.7
60332       -1.3
60333       -1.2
60334       -1.4
60335       -1.4
60336       -1.6
60337       -1.7
60338       -2.1
60339       -1.6
60340       -1.9
60341       -2.2
60342       -2.2
60343       -1.9
60344       -2.2
60345       -1.5
60346       -1.3
60347       -0.9
60348       -0.8
60349       -0.7
60350       -0.3
60351        0.0
60352       -0.1
60353        0.1
60354        0.1
60355        0.2
60356        0.7
60357        0.7
60358        0.5
60359        0.3
60360        0.1
60361        0.8
60362        0.6
60363        0.8
60364        0.8
60365        1.3
60366        1.6
60367        1.7
60368        1.7
60369        1.4
60370        1.6
60371        1.7
60372        2.0
60373       -1.2
60374       -1.8
60375       -2.2
60376       -2.3
60377       -2.3
60378       -2.1
60379       -2.5
60380       -2.6
60381       -2.4
60382       -2.4
60383       -3.0
60384       -3.2
60385       -3.0
60386       -3.5
60387       -3.2
60388       -3.5
60389       -2.9
60390       -3.0
60391       -3.3
60392       -3.8
60393       -4.0
60394       -3.7
60395       -3.9
60396       -3.6
60397       -3.6
60398       -3.7
60399       -3.7
60400       -3.8
60401       -3.9
60402       -3.6
60403       -3.5
60404       -3.4
60405       -3.1
60406       -3.0
60407       -3.0
60408       -3.1
60409       -2.7
60410       -2.8
60411       -3.0
60412       -3.0
60413       -2.9
60414       -2.7
60415       -2.9
60416       -3.1
60417       -2.4
60418       -2.4
60419       -2.5
60420       -2.3
60421       -1.7
60422       -1.8
60423       -1.8
60424       -1.6
60425       -1.5
60426       -1.4
60427       -1.0
60428       -1.1
60429       -0.5
60430       -0.4
60431       -0.4
60432       -0.1
60433        0.1
60434       -0.0
60435        0.1
60436        1.0
60437        1.4
60438        1.4
60439        2.2
60440        1.7
60441        1.5
60442        1.7
60443        2.4
60444        2.4
60445        3.1
60446        3.2
60447        2.6
60448        3.0
60449        2.6
60450        2.4
60451        2.1
60452        2.5
60453        2.4
60454        2.2
60455        2.2
60456        2.1
60457        2.3
60458        2.5
60459        2.5
60460        2.5
60461        2.5
60462        2.2
60463        2.5
60464        1.7
60465        1.6
60466        1.1
60467        1.0
60468        0.9
60469        0.7
60470        0.2
60471        0.0
60472        0.1
60473        0.1
60474        0.1
60475        0.0
60476        0.1
60477       -0.1
60478       -0.2
60479       -0.2
60480       -0.2
60481       -0.3
60482       -0.2
60483       -0.3
60484       -0.4
60485       -0.3
60486       -0.6
60487       -0.4
60488       -0.3
60489       -0.3
60490       -0.5
60491       -0.3
60492       -0.2
60493       -0.1
60494       -0.4
60495       -0.2
60496        0.0
60497       -0.2
60498       -0.5
60499        0.3
60500        0.4
60501        0.3
60502        0.4
60503        0.5
60504       -0.1
60505       -0.0
60506       -0.0
60507        0.6
60508        0.2
60509        0.1
60510        0.2
60511        0.0
60512        0.5
60513        0.5
60514       -0.4
60515       -0.1
60516        0.0
60517        0.4
60518        0.1
60519        0.3
60520       -0.1
60521       -0.0
60522        0.0
60523        0.1
60524        0.3
60525        0.4
60526        0.2
60527       -0.6
60528       -0.7
60529       -0.9
60530       -0.8
60531       -0.8
60532       -1.1
60533       -0.9
60534       -1.1
60535       -0.7
60536       -0.8
60537       -0.7
60538       -1.1
60539       -1.1
60540       -1.1
60541       -1.3
60542       -1.1
60543       -1.0
60544       -1.0
60545       -1.6
60546       -1.5
60547       -1.6
60548       -1.6
60549       -1.4
60550       -1.7
60551       -1.6
60552       -1.0
60553       -0.8
60554       -1.0
60555       -1.1
60556       -0.8
60557       -0.9
60558       -1.0
60559       -1.1
60560       -1.1
60561       -1.1
60562       -0.3
60563       -0.1
60564       -0.1
60565       -0.6
60566        0.2
60567        0.0
60568        0.2
60569       -0.1
60570        0.6
60571        0.3
60572        0.2
60573        0.4
60574        0.2
60575        0.2
60576        0.3
60577        0.6
60578        0.7
60579        0.7
60580        0.9
60581        1.3
60582        1.4
60583        1.7
60584        1.6
60585        1.4
60586        1.8
60587        1.8
60588        1.9
60589        1.8
60590        0.7
60591        0.7
60592        1.0
60593        1.0
60594        0.9
60595        0.9
60596        0.8
60597        0.6
60598        0.7
60599        0.6
60600        0.9
60601        1.1
60602        1.0
60603        1.0
60604        1.0
60605        1.2
60606        1.2
60607        0.7
60608        0.6
60609        0.5
60610        0.4
60611        0.4
60612        1.0
60613        0.7
60614        0.1
60615       -0.0
60616        0.4
60617        0.2
60618       -0.6
60619       -0.4
60620       -0.1
60621       -0.0
60622       -0.7
60623       -0.8
60624       -0.9
60625        0.8
60626        0.3
60627        0.2
60628        0.1
60629       -0.1
60630       -0.4
60631       -0.4
60632       -0.6
60633       -2.1
60634       -2.3
60635       -2.3
60636       -2.3
60637       -2.1
60638       -2.0
60639       -2.3
60640       -2.2
60641       -1.7
60642       -1.7
60643       -1.2
60644       -1.0
60645       -1.2
60646       -1.4
60647       -1.4
60648       -1.3
60649        0.9
60650        1.5
60651        1.4
60652        1.7
60653        1.4
60654        1.2
60655        0.6
60656        0.8
60657        0.6
60658        1.0
60659        0.8
60660        0.7
60661        0.4
60662        0.3
60663        0.1
60664       -0.2
60665       -0.4
60666       -0.4
60667       -0.7
60668       -0.6
60669        0.1
60670        0.8
60671        1.2
60672        1.9
60673        2.4
60674        2.3
60675        2.1
60676        2.2
60677        1.6
60678        0.9
60679        0.5
60680       -0.1
60681       -0.2
60682       -0.5
60683       -0.6
60684       -0.7
60685       -0.4
60686       -0.3
60687        0.1
60688        0.3
60689       -0.0
60690       -0.2
60691        0.1
60692        0.2
60693       -0.3
60694       -0.4
60695       -0.4
60696       -0.5
60697       -1.1
60698       -0.8
60699       -0.7
60700       -0.6
60701       -0.4
60702       -0.4
60703        0.8
60704        1.0
60705        0.9
60706        0.8
60707        0.6
60708        0.9
60709        0.9
60710        1.4
60711        1.5
60712        1.3
60713        0.9
60714        1.3
60715        1.1
60716        0.9
60717        0.6
60718        0.2
60719        0.4
60720        0.6
60721        0.8
60722        1.0
60723        1.0
60724        1.0
60725        1.1
60726        1.0
60727        1.5
60728        1.5
60729        1.5
60730        1.7
60731        1.4
60732        1.4
60733        1.5
60734        1.5
60735        1.3
60736        0.8
60737        0.9
60738        0.9
60739        0.9
60740        1.5
60741        2.2
60742        2.3
60743        2.1
60744        1.9
60745        1.7
60746        1.4
60747        1.5
60748        1.7
60749        1.6
60750        2.3
60751        2.5
60752        2.3
60753        2.5
60754        2.3
60755        2.4
60756        2.6
60757        2.4
60758        2.2
60759        2.0
60760        2.0
60761        1.7
60762        2.0
60763        2.3
60764        2.7
60765        3.1
60766        3.6
60767        3.9
60768        3.6
60769        3.4
60770        3.0
60771        3.2
60772        2.8
60773        2.6
60774        2.1
60775        2.3
60776        2.5
60777        1.8
60778        2.0
60779        2.5
60780        1.7
60781        1.6
60782        0.7
60783        0.5
60784        0.2
60785       -0.2
60786        0.0
60787        0.4
60788        0.3
60789        0.2
60790        0.4
60791        0.5
60792        0.6
60793        0.3
60794        0.8
60795        0.5
60796        0.0
60797        0.6
60798        0.0
60799       -0.4
60800       -0.4
60801       -0.4
60802        0.6
60803        0.4
60804        0.3
60805       -0.0
60806        0.4
60807        1.3
60808        1.2
60809        1.1
60810        0.9
60811        0.3
60812       -0.0
60813       -0.1
60814       -0.2
60815        0.0
60816        0.0
60817        0.1
60818       -0.1
60819       -0.6
60820        0.3
60821        1.2
60822        1.6
60823        1.2
60824        0.8
60825        1.6
60826        1.4
60827        0.8
60828       -0.0
60829        0.2
60830        0.8
60831        0.6
60832        0.1
60833        0.0
60834        0.2
60835        0.4
60836        0.4
60837        0.1
60838        0.3
60839       -0.3
60840        0.2
60841        0.1
60842       -0.3
60843       -0.5
60844       -0.5
60845       -0.5
60846       -1.0
60847       -0.9
60848       -0.5
60849       -0.2
60850       -0.3
60851        0.1
60852        0.5
60853        0.4
60854        0.7
60855        1.2
60856        1.5
60857        1.5
60858        1.1
60859        1.4
60860        0.8
60861        0.6
60862        0.6
60863        0.3
60864        0.4
60865        0.1
60866        0.3
60867       -0.3
60868       -0.1
60869       -0.3
60870       -0.2
60871       -0.6
60872       -1.0
60873       -1.2
60874       -1.0
60875       -1.2
60876       -1.5
60877       -1.8
60878       -2.0
60879       -1.7
60880       -2.3
60881       -2.8
60882       -2.6
60883       -2.4
60884       -1.7
60885       -1.7
60886       -1.6
60887       -1.8
60888       -1.3
60889       -1.2
60890       -1.3
60891       -1.0
60892       -0.7
60893       -0.8
60894       -0.0
60895       -0.3
60896       -0.3
60897       -0.5
60898       -0.4
60899       -0.4
60900       -0.3
60901       -0.4
60902        0.4
60903        0.1
60904       -0.1
60905        0.1
60906        0.2
60907        0.6
60908        0.5
60909        0.6
60910        0.7
60911        0.6
60912        0.3
60913        0.2
60914       -0.1
60915       -0.2
60916       -0.1
60917       -0.4
60918       -0.4
60919       -0.6
60920       -0.4
60921       -0.5
60922       -0.8
60923       -0.6
60924       -1.1
60925       -1.2
60926       -1.5
60927       -1.5
60928       -1.3
60929       -0.8
60930       -1.1
60931       -0.8
60932       -1.3
60933       -1.0
60934       -1.5
60935       -1.5
60936       -1.7
60937       -2.1
60938       -2.9
60939       -2.1
60940       -2.9
60941       -2.8
60942       -3.0
60943       -2.1
60944       -2.6
60945       -1.5
60946       -1.9
60947       -1.5
60948       -1.9
60949       -2.0
60950       -1.4
60951       -1.1
60952       -0.7
60953       -0.9
60954       -0.9
60955       -1.1
60956       -1.4
60957       -1.5
60958       -1.3
60959       -1.1
60960       -1.1
60961       -0.7
60962       -1.2
60963       -1.1
60964       -1.3
60965       -1.2
60966       -1.2
60967       -1.3
60968       -1.5
60969       -1.3
60970       -1.5
60971       -1.2
60972       -2.0
60973       -1.6
60974       -1.8
60975       -1.3
60976       -1.6
60977       -1.2
60978       -1.1
60979       -0.9
60980       -1.2
60981       -1.4
60982       -1.8
60983       -1.9
60984       -1.5
60985       -1.8
60986       -1.8
60987       -1.8
60988       -1.8
60989       -1.9
60990       -2.0
60991       -1.8
60992       -1.4
60993       -1.1
60994       -0.7
60995       -0.9
60996       -1.3
60997       -1.0
60998       -1.1
60999       -1.3
61000       -1.4
61001       -0.6
61002       -0.8
61003       -0.7
61004       -0.9
61005       -0.4
61006       -0.4
61007       -0.4
61008       -0.6
61009       -0.8
61010       -1.7
61011       -1.4
61012       -1.8
61013       -1.1
61014       -0.6
61015       -0.9
61016       -0.6
61017       -1.0
61018       -0.7
61019       -0.7
61020       -0.4
61021       -1.0
61022       -0.7
61023       -0.1
61024       -0.4
61025        0.1
61026       -0.1
61027       -0.3
61028       -0.6
61029       -0.6
61030       -0.3
61031       -0.8
61032       -0.7
61033       -0.7
61034       -0.8
61035       -0.9
61036       -0.8
61037       -0.8
61038       -0.8
61039       -0.8
61040       -0.7
61041       -0.9
61042       -0.6
61043       -0.4
61044       -0.6
61045       -0.5
61046       -0.1
61047        0.2
61048        0.5
61049        0.6
61050        0.7
61051        0.3
61052       -0.1
61053        0.2
61054        0.2
61055        0.0
61056       -0.3
61057        0.0
61058       -0.1
61059       -0.2
61060       -0.3
61061       -0.4
61062       -0.5
61063       -0.6
61064       -0.3
61065       -0.5
61066       -0.6
61067       -0.7
61068       -0.3
61069       -0.2
61070       -0.4
61071        0.7
61072        1.1
61073        1.6
61074        1.7
61075        2.1
61076        1.8
61077        1.9
61078        2.3
61079        2.9
61080        3.3
61081        3.1
61082        2.9
61083        2.8
61084        2.5
61085        2.5
61086        2.7
61087        2.7
61088        2.8
61089        2.9
61090        2.9
61091        2.9
61092        3.4
61093        4.1
61094        3.9
61095        3.5
61096        3.2
61097        2.6
61098        2.4
61099        2.4
61100        1.8
61101        1.6
61102        1.7
61103        1.4
61104        0.9
61105        1.2
61106        1.0
61107        0.5
61108       -0.5
61109       -0.7
61110       -0.4
61111       -0.4
61112       -0.3
61113       -0.5
61114        0.1
61115       -0.4
61116       -0.8
61117       -0.9
61118       -1.3
61119       -1.1
61120       -1.3
61121       -1.4
61122       -1.4
61123       -1.5
61124       -1.6
61125       -1.9
61126       -1.9
61127       -1.5
61128       -1.4
61129       -1.4
61130       -1.5
61131       -1.2
61132       -1.2
61133       -1.4
61134       -1.3
61135       -0.9
61136       -1.5
61137       -1.6
61138       -1.4
61139       -1.3
61140        0.1
61141       -0.0
61142        0.7
61143        0.5
61144        0.6
61145        0.3
61146        0.1
61147        0.2
61148        0.2
61149        0.7
61150        0.7
61151        0.1
61152        0.0
61153        0.2
61154        0.0
61155        0.3
61156        0.7
61157        0.8
61158        0.6
61159        0.0
61160        0.3
61161        0.9
61162        1.1
61163        0.6
61164        0.5
61165        0.2
61166        0.1
61167       -0.1
61168       -1.0
61169       -0.9
61170       -1.2
61171       -1.1
61172       -1.4
61173       -1.4
61174       -1.5
61175       -1.6
61176       -1.5
61177       -1.3
61178       -1.5
61179       -1.6
61180       -1.6
61181       -2.0
61182       -1.7
61183       -1.3
61184       -1.3
61185       -1.1
61186       -1.1
61187       -1.3
61188       -2.0
61189       -2.0
61190       -1.7
61191       -1.6
61192       -1.4
61193       -1.5
61194       -1.7
61195       -1.6
61196       -2.0
61197       -1.5
61198       -1.7
61199       -1.8
61200       -1.9
61201       -1.6
61202       -1.5
61203       -0.8
61204       -0.7
61205       -0.5
61206       -0.6
61207       -0.7
61208       -1.0
61209       -0.7
61210       -0.6
61211       -0.7
61212       -0.9
61213       -0.8
61214       -1.0
61215       -1.1
61216       -1.8
61217       -2.1
61218       -2.3
61219       -2.3

# UTC remains available from the monthly Circular T at
# (http://www.bipm.org/en/bipm-services/timescales/time-ftp/Circular-T.html).
