# MJD  [UTCr-UTC(MIKE)]/ns
57286        1.9
57287        2.0
57288        1.6
57289        1.6
57290        1.8
57291        1.7
57292        1.6
57293        1.7
57294        1.2
57295        0.7
57296        0.7
57297        0.5
57298        0.7
57299        0.7
57300        2.2
57301        1.7
57302        1.6
57303        0.9
57304        1.1
57305        1.2
57306        1.3
57307        1.5
57308        1.2
57309        0.8
57310        0.4
57311        0.1
57312       -0.1
57313       -0.7
57314       -2.0
57315       -2.2
57316       -2.5
57317       -1.9
57318       -2.3
57319       -2.2
57320       -2.6
57321       -2.2
57322       -2.4
57323       -2.4
57324       -2.7
57325       -2.8
57326       -3.1
57327       -2.8
57328       -2.3
57329       -2.5
57330       -2.5
57331       -2.4
57332       -2.7
57333       -2.2
57334       -1.9
57335       -0.8
57336       -0.5
57337       -0.2
57338       -0.5
57339       -0.4
57340       -0.6
57341       -0.6
57342       -0.3
57343       -0.4
57344       -0.7
57345       -0.4
57346        0.0
57347       -0.4
57348        0.0
57349        0.2
57350        0.0
57351        0.4
57352        0.1
57353       -0.0
57354        0.1
57355        0.8
57356        1.8
57357        2.2
57358        2.2
57359        2.2
57360        2.2
57361        2.5
57362        2.7
57363        0.8
57364        0.6
57365        0.3
57366        1.4
57367        1.6
57368        1.8
57369        2.0
57370        2.4
57371        2.4
57372        2.2
57373        2.1
57374        2.4
57375        2.5
57376        2.7
57377        4.4
57378        5.0
57379        4.9
57380        5.3
57381        5.4
57382        5.4
57383        5.2
57384        5.8
57385        5.9
57386        5.9
57387        7.1
57388          -
57389          -
57390          -
57391          -
57392        5.4
57393        6.0
57394        6.2
57395        6.6
57396        7.8
57397        8.3
57398        8.8
57399        8.9
57400        9.1
57401        9.3
57402        8.7
57403        8.6
57404        8.5
57405        6.5
57406        6.0
57407        6.1
57408        6.1
57409        6.1
57410        6.5
57411        6.4
57412        6.7
57413        6.8
57414        7.1
57415        6.9
57416        7.0
57417        7.2
57418        7.0
57419        7.6
57420        7.1
57421        7.2
57422        7.0
57423        7.5
57424        7.2
57425        7.5
57426        4.7
57427        4.8
57428        5.2
57429        5.0
57430        5.2
57431        5.3
57432        5.4
57433        5.6
57434        5.7
57435        5.8
57436        6.3
57437        6.9
57438        7.2
57439        7.5
57440        8.0
57441        8.2
57442        8.3
57443        8.7
57444        8.0
57445        7.9
57446        8.0
57447        7.6
57448        7.7
57449        8.2
57450        7.8
57451        8.0
57452        8.4
57453        8.1
57454        9.8
57455       10.0
57456        9.9
57457        9.6
57458       10.0
57459       10.0
57460       10.6
57461       11.8
57462       11.8
57463       12.0
57464       12.9
57465       13.7
57466       13.6
57467       13.9
57468       13.5
57469       13.7
57470       14.7
57471       15.4
57472       16.1
57473       16.8
57474       17.3
57475       18.3
57476       18.9
57477       19.4
57478       19.7
57479       20.2
57480       20.4
57481       20.5
57482       23.4
57483       23.7
57484       23.7
57485       23.8
57486       24.1
57487       24.1
57488       23.8
57489       24.7
57490       24.4
57491       24.6
57492       24.1
57493       24.5
57494       24.3
57495       24.5
57496       23.2
57497       22.7
57498       22.3
57499       22.2
57500       22.1
57501       21.8
57502       21.4
57503       22.3
57504       21.3
57505       21.7
57506       20.9
57507       20.6
57508       20.2
57509       20.4
57510       18.4
57511       18.1
57512       18.0
57513       18.3
57514       18.2
57515       17.9
57516       17.5
57517       16.6
57518       16.2
57519       16.1
57520       15.8
57521       15.7
57522       15.6
57523       15.0
57524       16.0
57525       15.7
57526       15.5
57527       14.8
57528       14.5
57529       13.8
57530       14.1
57531       -3.3
57532       -4.1
57533       -4.5
57534       -5.1
57535       13.2
57536       12.5
57537       12.2
57538       23.8
57539       23.1
57540       22.9
57541       22.1
57542       21.4
57543       21.7
57544       21.4
57545       19.9
57546       19.5
57547       19.0
57548       18.7
57549       18.5
57550       18.4
57551       18.0
57552       18.6
57553       17.9
57554       17.5
57555       16.3
57556       16.7
57557       16.1
57558       16.4
57559       17.5
57560       17.3
57561       17.0
57562       17.5
57563          -
57564          -
57565          -
57566          -
57567       15.0
57568       14.4
57569       14.2
57570       13.9
57571       13.7
57572       13.0
57573       14.6
57574       15.2
57575       15.2
57576       14.6
57577       14.4
57578       14.9
57579       14.4
57580       13.2
57581       13.8
57582       13.7
57583       13.4
57584       13.8
57585       13.7
57586       14.3
57587       15.0
57588       15.2
57589       15.1
57590       14.4
57591       14.7
57592       15.2
57593       14.9
57594       15.0
57595       15.1
57596       15.2
57597       15.4
57598       15.0
57599       15.1
57600       15.9
57601       17.7
57602       17.8
57603       18.2
57604       18.8
57605       19.0
57606       19.0
57607       19.3
57608       17.1
57609       17.0
57610       17.5
57611       17.8
57612       18.2
57613       17.7
57614       17.6
57615       17.9
57616       17.4
57617       17.1
57618       17.0
57619       17.2
57620       17.1
57621       16.6
57622       16.6
57623       17.3
57624       17.9
57625       18.2
57626       18.0
57627       18.4
57628       18.9
57629       19.0
57630       19.3
57631       19.6
57632       19.5
57633       20.1
57634       20.0
57635       20.0
57636       16.1
57637       16.2
57638       15.7
57639       16.2
57640       16.4
57641       15.9
57642       15.9
57643       17.0
57644       17.4
57645       17.4
57646       16.9
57647       16.9
57648       17.0
57649       16.8
57650       17.8
57651       17.8
57652       17.2
57653       16.9
57654       16.9
57655       17.1
57656       16.2
57657       16.6
57658       16.4
57659       15.5
57660       15.6
57661       15.2
57662       14.8
57663       14.6
57664       14.6
57665       14.5
57666       14.2
57667       14.1
57668       13.7
57669       13.1
57670       12.4
57671       11.6
57672       10.5
57673       10.8
57674       10.7
57675       10.0
57676        9.6
57677        9.0
57678        9.7
57679        9.7
57680        9.0
57681        9.0
57682        8.2
57683        7.8
57684        6.7
57685        6.3
57686        6.2
57687        6.2
57688        6.1
57689        5.1
57690        5.0
57691        4.1
57692        3.8
57693        3.1
57694        2.3
57695        2.1
57696        2.4
57697        2.0
57698        2.2
57699        4.0
57700        3.7
57701        3.6
57702        3.0
57703        3.2
57704        3.2
57705        2.8
57706        3.6
57707        3.9
57708        3.5
57709        3.4
57710        3.0
57711        3.0
57712        2.8
57713        2.6
57714        2.1
57715        1.8
57716        1.8
57717        1.5
57718        1.7
57719        2.1
57720        0.4
57721        0.1
57722       -0.2
57723        0.3
57724       -0.2
57725       -1.0
57726       -0.8
57727       -3.1
57728       -3.1
57729       -3.5
57730       -3.5
57731       -3.4
57732       -3.2
57733       -3.7
57734       -2.1
57735       -2.3
57736       -2.2
57737       -2.6
57738       -2.5
57739       -2.6
57740       -2.1
57741       -4.9
57742       -5.3
57743       -5.6
57744       -5.7
57745       -6.1
57746       -5.9
57747       -5.6
57748       -6.0
57749       -5.8
57750       -6.3
57751       -6.7
57752       -6.9
57753       -6.9
57754       -6.8
57755       -7.5
57756       -7.7
57757       -7.6
57758       -7.7
57759       -7.8
57760       -8.0
57761       -8.9
57762       -9.7
57763      -10.3
57764      -10.4
57765       -9.9
57766       -9.9
57767      -10.4
57768      -10.4
57769       -9.3
57770       -9.6
57771       -9.6
57772       -9.5
57773       -9.3
57774       -9.2
57775       -9.6
57776      -10.4
57777      -10.4
57778      -10.3
57779      -10.3
57780      -10.7
57781      -10.2
57782      -10.5
57783       -9.2
57784       -9.3
57785       -9.4
57786      -11.1
57787       -9.9
57788       -9.7
57789       -9.5
57790      -10.9
57791      -10.5
57792      -10.2
57793       -9.9
57794       -9.8
57795       -9.3
57796       -9.1
57797       -9.1
57798       -9.0
57799       -8.9
57800       -8.8
57801       -8.7
57802       -8.6
57803       -8.8
57804       -9.9
57805       -9.5
57806       -9.3
57807       -9.3
57808       -9.1
57809       -8.8
57810       -9.1
57811       -9.1
57812       -9.6
57813       -9.3
57814       -9.4
57815       -9.7
57816       -9.8
57817       -9.7
57818      -13.7
57819      -14.1
57820      -14.4
57821      -14.2
57822      -14.2
57823      -14.4
57824      -14.8
57825      -15.4
57826      -15.7
57827      -15.9
57828      -16.1
57829      -16.4
57830      -16.3
57831      -17.0
57832      -16.8
57833      -17.2
57834      -17.3
57835      -17.4
57836      -17.6
57837      -18.2
57838      -18.9
57839      -19.6
57840      -19.6
57841      -19.7
57842      -19.5
57843      -19.9
57844      -20.2
57845      -20.0
57846      -13.9
57847      -13.6
57848      -13.3
57849      -12.9
57850      -12.9
57851      -12.7
57852      -12.6
57853      -11.9
57854      -11.5
57855      -11.1
57856      -11.2
57857      -10.7
57858      -10.6
57859      -10.8
57860       -9.2
57861       -9.5
57862       -9.6
57863       -9.3
57864       -9.5
57865       -9.2
57866       -9.2
57867      -10.1
57868      -10.0
57869      -10.0
57870       -9.8
57871      -10.0
57872      -10.3
57873      -10.2
57874       -9.8
57875      -10.1
57876       -9.9
57877      -10.3
57878      -10.0
57879       -9.7
57880       -9.3
57881      -16.4
57882      -16.2
57883      -16.2
57884      -16.3
57885      -16.7
57886      -17.3
57887      -17.2
57888      -18.7
57889      -18.5
57890      -18.4
57891      -18.6
57892      -19.0
57893      -19.1
57894      -18.3
57895      -19.4
57896      -19.3
57897      -19.2
57898      -19.4
57899      -19.5
57900      -19.8
57901      -20.4
57902      -19.1
57903      -18.8
57904      -19.2
57905      -19.1
57906      -19.4
57907      -19.7
57908      -19.8
57909      -19.7
57910      -19.9
57911      -19.6
57912      -20.1
57913      -20.0
57914      -20.4
57915      -20.5
57916      -19.3
57917      -19.1
57918      -18.8
57919      -19.2
57920      -19.5
57921      -19.6
57922      -19.6
57923      -21.8
57924      -22.0
57925      -21.9
57926      -22.0
57927      -21.8
57928      -21.8
57929      -21.6
57930      -19.5
57931      -19.1
57932      -19.0
57933      -18.8
57934      -18.9
57935      -19.4
57936      -19.0
57937      -22.8
57938      -21.8
57939      -21.9
57940      -21.0
57941      -21.1
57942      -21.1
57943      -20.8
57944      -19.6
57945      -19.2
57946      -19.3
57947      -19.0
57948      -18.3
57949      -17.9
57950       -6.0
57951       -6.9
57952       -7.2
57953       -7.4
57954       -7.1
57955       -7.3
57956       -7.0
57957       -7.1
57958       -5.6
57959       -5.7
57960       -5.5
57961       -5.3
57962       -5.6
57963       -5.1
57964       -5.2
57965       -5.1
57966       -4.6
57967       -4.8
57968       -4.1
57969       -4.6
57970       -4.1
57971       -3.9
57972       -3.1
57973       -3.1
57974       -2.9
57975       -3.0
57976       -2.2
57977       -2.1
57978       -2.4
57979       -1.1
57980       -1.2
57981       -1.5
57982       -2.2
57983       -1.8
57984       -1.7
57985       -1.7
57986       -1.4
57987       -1.3
57988       -1.1
57989       -0.9
57990       -0.8
57991       -0.5
57992       -0.7
57993       -0.7
57994       -0.6
57995       -1.1
57996       -1.3
57997       -1.4
57998       -0.8
57999       -0.7
58000       -0.2
58001       -0.1
58002        0.4
58003        0.1
58004        0.3
58005        0.4
58006        0.1
58007        0.2
58008        0.1
58009        0.2
58010        0.2
58011        0.2
58012        0.6
58013        0.8
58014        0.7
58015        0.5
58016        0.0
58017       -0.0
58018       -0.3
58019       -0.3
58020       -0.3
58021       -0.1
58022       -0.5
58023       -0.5
58024       -0.7
58025       -0.6
58026       -0.6
58027       -0.6
58028       -1.3
58029       -1.3
58030       -1.5
58031       -1.8
58032       -1.8
58033       -1.8
58034       -1.8
58035       -2.0
58036       -2.1
58037       -2.0
58038       -2.2
58039       -2.6
58040       -2.4
58041       -2.3
58042       -2.9
58043       -2.6
58044       -2.9
58045       -3.0
58046       -3.1
58047       -3.1
58048       -2.8
58049       -3.0
58050       -3.0
58051       -3.0
58052       -3.1
58053       -2.6
58054       -2.5
58055       -2.5
58056       -2.4
58057       -2.7
58058       -2.4
58059       -2.7
58060       -2.7
58061       -2.8
58062       -3.3
58063       -3.5
58064       -3.1
58065       -3.6
58066       -3.8
58067       -3.6
58068       -3.6
58069       -3.5
58070       -4.0
58071       -4.0
58072       -4.1
58073       -4.1
58074       -4.2
58075       -4.1
58076       -3.7
58077       -3.9
58078       -3.8
58079       -3.8
58080       -4.0
58081       -3.7
58082       -3.9
58083       -3.7
58084       -3.6
58085       -3.7
58086       -3.6
58087       -3.6
58088       -3.8
58089       -3.4
58090       -3.6
58091       -2.2
58092       -2.2
58093       -2.4
58094       -2.1
58095       -1.6
58096       -2.5
58097       -1.9
58098       -2.0
58099       -2.1
58100       -1.7
58101       -2.0
58102       -1.7
58103       -1.7
58104       -1.7
58105       -2.1
58106       -2.4
58107       -2.4
58108       -2.7
58109       -2.5
58110       -2.4
58111       -2.4
58112       -2.5
58113       -2.7
58114       -2.8
58115       -2.7
58116       -2.8
58117       -2.8
58118       -2.6
58119       -2.0
58120       -1.7
58121       -1.7
58122       -1.9
58123       -1.7
58124       -1.6
58125       -1.2
58126       -1.7
58127       -1.7
58128       -1.8
58129       -1.5
58130       -1.8
58131       -1.6
58132       -1.6
58133       -1.0
58134       -1.1
58135       -0.8
58136       -0.9
58137       -0.6
58138       -0.8
58139       -0.7
58140       -0.2
58141       -0.3
58142       -0.4
58143       -0.7
58144       -0.2
58145       -0.3
58146       -0.1
58147       -0.6
58148       -0.5
58149       -0.3
58150       -0.2
58151       -0.3
58152       -0.3
58153       -0.2
58154        1.2
58155        1.2
58156        1.3
58157        1.3
58158        1.4
58159        1.2
58160        1.2
58161        1.5
58162        1.5
58163        1.7
58164        1.5
58165        1.5
58166        1.7
58167        1.7
58168        1.7
58169        1.9
58170        1.8
58171        1.8
58172        1.8
58173        1.8
58174        1.8
58175        1.7
58176        2.2
58177        1.7
58178        2.1
58179        2.1
58180        2.0
58181        1.9
58182        1.0
58183        0.7
58184        0.8
58185        0.4
58186        0.3
58187        0.2
58188        0.3
58189        0.3
58190       -0.1
58191        0.9
58192        0.9
58193        1.3
58194        1.3
58195        1.2
58196        1.0
58197        0.8
58198        1.3
58199        1.0
58200        1.0
58201        1.0
58202        1.2
58203        1.3
58204        1.5
58205        1.3
58206        1.3
58207        1.4
58208        1.5
58209        1.7
58210        1.7
58211        1.3
58212        1.4
58213        1.0
58214        1.3
58215        1.2
58216        0.8
58217       -0.7
58218       -0.6
58219       -0.5
58220       -0.2
58221       -0.6
58222       -0.6
58223       -0.2
58224       -1.5
58225       -1.6
58226       -1.2
58227       -1.7
58228       -1.6
58229       -1.7
58230       -1.6
58231       -1.5
58232       -1.5
58233       -1.4
58234       -1.6
58235       -1.6
58236       -1.4
58237       -1.7
58238       -2.0
58239       -2.4
58240       -1.1
58241       -2.7
58242       -2.5
58243       -2.5
58244       -2.7
58245       -1.7
58246       -1.9
58247       -1.5
58248       -1.3
58249       -1.4
58250       -1.8
58251       -1.9
58252       -2.4
58253       -2.6
58254       -2.8
58255       -2.5
58256       -2.7
58257       -2.2
58258       -2.2
58259       -1.9
58260       -1.7
58261       -2.1
58262       -1.7
58263       -1.8
58264       -1.8
58265       -1.8
58266       -1.9
58267       -2.0
58268       -2.0
58269       -1.9
58270       -1.8
58271       -1.7
58272       -1.5
58273        0.5
58274        1.1
58275        0.9
58276        1.3
58277        1.6
58278        1.5
58279        1.6
58280        1.5
58281        1.3
58282        1.5
58283        1.5
58284        1.6
58285        1.6
58286        1.4
58287        1.5
58288        1.7
58289        2.2
58290        1.9
58291        2.0
58292        2.1
58293        1.8
58294        1.5
58295        1.7
58296        1.4
58297        1.2
58298        1.3
58299        1.3
58300        1.3
58301        1.1
58302        1.1
58303        1.5
58304        1.5
58305        1.4
58306        1.1
58307        1.4
58308        0.9
58309        0.8
58310        0.8
58311        0.9
58312        1.0
58313        0.7
58314        0.4
58315        0.4
58316        0.7
58317        0.7
58318        1.1
58319        0.9
58320        1.1
58321        1.2
58322        1.7
58323        1.7
58324        1.7
58325        1.5
58326        1.3
58327        1.4
58328        1.3
58329        1.5
58330        1.5
58331        1.8
58332        2.2
58333        2.0
58334        2.5
58335        2.5
58336        1.4
58337        1.0
58338        0.8
58339        0.2
58340       -0.4
58341       -0.1
58342        0.6
58343        0.8
58344        1.1
58345        0.9
58346        0.7
58347        0.7
58348        0.8
58349        1.1
58350        1.5
58351        1.6
58352        1.8
58353        1.1
58354        1.1
58355        0.8
58356        1.3
58357        1.7
58358        1.7
58359        1.7
58360        1.6
58361        1.7
58362        2.1
58363       -5.8
58364       -4.9
58365       -4.9
58366       -4.8
58367       -4.9
58368       -4.8
58369       -4.9
58370       -5.0
58371       -5.2
58372       -4.8
58373       -4.7
58374       -4.5
58375       -5.0
58376       -5.4
58377       -5.5
58378       -6.2
58379       -6.5
58380       -7.0
58381       -7.3
58382       -7.5
58383       -7.7
58384       -7.5
58385       -7.0
58386       -7.3
58387       -8.1
58388       -7.9
58389       -8.7
58390       -8.9
58391       -9.5
58392      -10.9
58393      -11.2
58394      -11.1
58395      -10.8
58396      -10.8
58397      -10.6
58398      -10.6
58399       -9.9
58400      -10.2
58401      -10.3
58402       -9.9
58403       -9.0
58404       -8.3
58405       -7.7
58406       -6.4
58407       -5.4
58408       -4.8
58409       -3.9
58410       -2.6
58411       -1.6
58412       -0.7
58413        0.1
58414        1.7
58415        2.6
58416        3.7
58417        4.2
58418        4.9
58419        5.5
58420        5.6
58421        6.1
58422        6.0
58423        7.2
58424        7.4
58425        7.1
58426        7.2
58427        7.2
58428        7.0
58429        6.7
58430        6.7
58431        6.6
58432        6.2
58433        5.9
58434        5.6
58435        5.5
58436        5.5
58437        5.2
58438        4.9
58439        5.0
58440        5.5
58441        5.6
58442        5.5
58443        5.5
58444        5.8
58445        5.7
58446        5.8
58447        5.9
58448        5.5
58449        5.7
58450        5.9
58451        5.8
58452        5.4
58453        5.7
58454        5.8
58455        6.8
58456        6.6
58457        7.3
58458        7.3
58459        7.4
58460        7.5
58461        7.8
58462        8.2
58463        8.4
58464        8.2
58465        7.8
58466        7.6
58467        7.4
58468        7.2
58469        6.5
58470        6.0
58471        5.8
58472        5.6
58473        5.0
58474        4.8
58475        4.6
58476        4.5
58477        4.0
58478        3.4
58479        2.7
58480        2.1
58481        1.9
58482        1.5
58483        1.2
58484        0.1
58485        0.1
58486       -0.4
58487       -1.1
58488       -1.2
58489       -1.8
58490       -1.6
58491       -1.5
58492       -1.7
58493       -1.7
58494       -2.3
58495       -2.0
58496       -1.8
58497       -1.7
58498       -1.6
58499       -1.9
58500       -1.8
58501       -1.3
58502       -1.5
58503       -1.5
58504       -1.3
58505       -1.0
58506       -1.3
58507       -1.4
58508       -1.2
58509       -0.7
58510       -0.6
58511       -0.3
58512       -0.1
58513       -0.1
58514       -0.0
58515        0.6
58516        0.0
58517        0.3
58518       -3.3
58519       -3.3
58520       -3.5
58521       -3.5
58522       -3.6
58523       -3.6
58524       -3.6
58525       -3.5
58526       -3.3
58527       -3.2
58528       -3.6
58529       -4.0
58530       -3.7
58531       -3.3
58532       -3.2
58533       -3.3
58534       -3.0
58535       -2.9
58536       -2.8
58537       -3.1
58538       -2.8
58539       -3.0
58540       -3.0
58541       -3.1
58542       -2.8
58543       -2.5
58544       -2.5
58545       -2.7
58546       -3.6
58547       -3.5
58548       -3.3
58549       -3.9
58550       -4.1
58551       -3.9
58552       -3.9
58553       -3.4
58554       -3.7
58555       -3.9
58556       -4.1
58557       -4.2
58558       -4.4
58559       -4.5
58560       -4.7
58561       -4.3
58562       -4.5
58563       -4.5
58564       -4.4
58565       -4.8
58566       -4.6
58567       -4.5
58568       -4.0
58569       -4.2
58570       -4.2
58571       -4.9
58572       -4.8
58573       -4.7
58574       -4.7
58575       -4.9
58576       -4.5
58577       -4.4
58578       -4.3
58579       -4.1
58580       -4.0
58581       -2.8
58582       -2.6
58583       -2.5
58584       -2.7
58585       -2.6
58586       -2.8
58587       -2.8
58588       -2.6
58589       -2.7
58590       -2.5
58591       -2.4
58592       -2.6
58593       -2.4
58594       -2.1
58595       -2.1
58596       -2.3
58597       -1.9
58598       -2.0
58599       -2.1
58600       -2.0
58601       -1.6
58602       -1.3
58603       -1.2
58604       -0.8
58605       -0.9
58606       -0.5
58607       -0.4
58608       -0.9
58609       -2.4
58610       -2.7
58611       -2.6
58612       -2.7
58613       -2.8
58614       -2.6
58615       -2.7
58616       -2.6
58617       -2.8
58618       -2.6
58619       -2.7
58620       -2.9
58621       -3.0
58622       -2.9
58623       -3.0
58624       -3.0
58625       -2.8
58626       -2.8
58627       -2.5
58628       -2.2
58629       -2.1
58630       -1.9
58631       -2.2
58632       -2.5
58633       -1.9
58634       -1.7
58635       -1.7
58636       -1.9
58637       -1.6
58638       -2.2
58639       -1.9
58640       -2.1
58641       -1.9
58642       -2.0
58643       -1.8
58644       -0.8
58645       -0.8
58646       -0.9
58647       -1.1
58648       -1.3
58649       -0.4
58650       -0.9
58651       -0.7
58652       -0.4
58653       -0.4
58654       -0.5
58655       -0.8
58656       -0.6
58657       -0.6
58658       -0.9
58659       -0.8
58660       -1.1
58661       -0.7
58662       -0.5
58663       -0.7
58664       -1.0
58665       -0.7
58666       -0.6
58667       -0.6
58668       -0.3
58669       -0.2
58670       -0.2
58671       -0.6
58672       -0.3
58673       -0.5
58674       -0.5
58675       -0.4
58676       -0.2
58677       -0.5
58678       -0.4
58679       -0.3
58680       -0.2
58681       -0.4
58682       -0.3
58683       -0.1
58684       -0.2
58685       -0.6
58686       -0.6
58687       -0.5
58688       -0.4
58689       -0.7
58690       -0.8
58691       -0.8
58692       -0.7
58693       -0.1
58694        0.1
58695       -0.3
58696       -0.0
58697        0.1
58698        0.2
58699        0.2
58700        0.7
58701        0.6
58702        0.4
58703        0.8
58704        0.7
58705        1.0
58706        0.9
58707        0.9
58708        0.1
58709        1.3
58710        1.5
58711        1.6
58712        1.4
58713        1.8
58714        1.6
58715        2.3
58716        2.2
58717        2.2
58718        2.2
58719        2.4
58720        2.5
58721        2.5
58722        2.1
58723        2.6
58724        2.4
58725        2.0
58726        2.6
58727        2.7
58728        2.7
58729        2.9
58730        3.0
58731        3.2
58732        3.1
58733        3.1
58734        2.9
58735        2.0
58736        2.0
58737        2.3
58738        2.6
58739        2.9
58740        3.3
58741        2.8
58742        3.1
58743        2.8
58744        2.7
58745        2.5
58746        2.9
58747        2.4
58748        2.5
58749        2.9
58750        3.0
58751        2.4
58752        2.4
58753        2.3
58754        2.1
58755        1.9
58756        2.0
58757        1.9
58758        1.9
58759        1.8
58760        1.7
58761        1.7
58762        1.7
58763        1.9
58764        1.9
58765        2.0
58766        1.7
58767        1.4
58768        1.4
58769        1.4
58770        1.6
58771        1.6
58772        1.2
58773        1.2
58774        1.3
58775        0.9
58776        1.6
58777        1.6
58778        1.6
58779        1.3
58780        1.5
58781        0.9
58782        1.2
58783        1.3
58784        0.9
58785        0.8
58786        0.9
58787        0.5
58788        0.6
58789        0.8
58790        0.5
58791        1.3
58792        1.4
58793        1.5
58794        1.2
58795        1.0
58796        0.7
58797        0.4
58798        0.7
58799        0.7
58800        0.2
58801       -0.2
58802       -0.0
58803       -0.2
58804       -0.3
58805       -0.7
58806       -0.9
58807       -1.2
58808       -1.2
58809       -1.3
58810       -1.7
58811       -1.7
58812       -2.0
58813       -2.2
58814       -2.5
58815       -2.9
58816       -2.8
58817       -3.0
58818       -3.4
58819       -2.4
58820       -2.6
58821       -3.3
58822       -3.6
58823       -3.8
58824       -3.9
58825       -3.8
58826       -4.2
58827       -4.3
58828       -4.5
58829       -5.1
58830       -4.9
58831       -4.8
58832       -5.1
58833       -5.3
58834       -5.2
58835       -5.5
58836       -5.4
58837       -5.7
58838       -5.9
58839       -5.9
58840       -5.8
58841       -6.2
58842       -6.4
58843       -6.3
58844       -6.2
58845       -6.2
58846       -6.5
58847       -6.6
58848       -6.3
58849       -6.4
58850       -6.7
58851       -6.7
58852       -6.6
58853       -6.9
58854       -5.9
58855       -6.1
58856       -6.1
58857       -5.7
58858       -6.0
58859       -6.5
58860       -6.9
58861       -6.7
58862       -6.7
58863       -6.9
58864       -7.0
58865       -7.2
58866       -7.2
58867       -7.3
58868       -7.4
58869       -7.4
58870       -7.4
58871       -7.2
58872       -7.7
58873       -7.6
58874       -8.0
58875       -7.9
58876       -8.2
58877       -8.3
58878       -8.4
58879       -8.5
58880       -8.7
58881       -9.0
58882       -6.3
58883       -6.8
58884       -7.5
58885       -7.4
58886       -7.2
58887       -7.8
58888       -7.6
58889       -7.4
58890       -7.0
58891       -6.7
58892       -6.8
58893       -6.6
58894       -6.5
58895       -6.5
58896       -6.4
58897       -6.4
58898       -6.0
58899       -5.8
58900       -5.6
58901       -5.6
58902       -5.1
58903       -5.2
58904       -5.2
58905       -5.0
58906       -4.7
58907       -4.7
58908       -4.5
58909       -4.8
58910       -4.5
58911       -4.5
58912       -4.6
58913       -4.3
58914       -3.9
58915       -3.6
58916       -3.2
58917       -3.1
58918       -3.0
58919       -2.5
58920       -2.2
58921       -1.8
58922       -1.4
58923       -1.2
58924       -1.7
58925       -0.8
58926       -0.8
58927       -0.4
58928       -0.1
58929        0.1
58930        0.5
58931        0.5
58932        0.8
58933        1.2
58934        1.4
58935        1.9
58936        2.2
58937        2.8
58938        2.8
58939        3.3
58940        3.5
58941        3.6
58942        4.1
58943        4.2
58944        4.2
58945        3.7
58946        4.4
58947        4.6
58948        4.8
58949        5.1
58950        5.4
58951        5.5
58952        5.8
58953        6.0
58954        6.2
58955        6.0
58956        6.0
58957        5.9
58958        5.7
58959        5.4
58960        5.6
58961        5.7
58962        5.8
58963        5.8
58964        6.3
58965        6.0
58966        6.0
58967        6.1
58968        6.1
58969        5.8
58970        5.7
58971        5.6
58972        5.5
58973        4.1
58974        4.0
58975        4.2
58976        4.4
58977        4.2
58978        4.2
58979        4.4
58980        4.0
58981        4.2
58982        4.3
58983        4.4
58984        4.3
58985        4.3
58986        4.3
58987        4.5
58988        4.6
58989        4.6
58990        4.4
58991        4.4
58992        4.7
58993        4.6
58994        4.2
58995        4.5
58996        4.6
58997        4.7
58998        4.9
58999        5.0
59000        5.1
59001        5.2
59002        5.6
59003        6.0
59004        5.9
59005        6.0
59006        6.1
59007        6.5
59008        6.1
59009        6.3
59010        6.6
59011        7.0
59012        7.4
59013        7.5
59014        7.9
59015        7.7
59016        7.4
59017        7.8
59018        7.6
59019        8.2
59020        8.4
59021        8.9
59022        9.4
59023        9.7
59024        9.6
59025       10.0
59026       10.3
59027       10.6
59028       10.9
59029       11.0
59030       11.0
59031       11.8
59032       12.0
59033       12.3
59034       12.7
59035       12.7
59036       12.2
59037       12.7
59038       13.1
59039       13.4
59040       13.6
59041       13.3
59042       13.6
59043       13.4
59044       13.7
59045       13.4
59046       13.2
59047       13.2
59048       13.2
59049       13.0
59050       13.1
59051       13.1
59052       13.6
59053       13.5
59054       13.7
59055       13.7
59056       14.1
59057       14.3
59058       14.2
59059       14.8
59060       15.5
59061       16.0
59062       16.6
59063       17.1
59064       16.8
59065       17.6
59066       18.0
59067       18.3
59068       18.7
59069       19.3
59070       20.0
59071       21.2
59072       21.9
59073       22.1
59074       21.8
59075       21.9
59076       21.7
59077       21.4
59078       21.7
59079       21.6
59080       20.9
59081       21.1
59082       21.0
59083       20.6
59084       20.6
59085       20.7
59086       20.7
59087       20.8
59088       20.6
59089       20.8
59090       20.5
59091       20.1
59092       20.2
59093       20.3
59094       20.0
59095       19.4
59096       20.0
59097       20.1
59098       19.9
59099       18.1
59100       18.3
59101       18.4
59102       18.1
59103       18.0
59104       17.6
59105       17.8
59106       18.1
59107       17.4
59108       16.9
59109       17.2
59110       16.7
59111       16.6
59112       16.4
59113       15.9
59114       16.0
59115       16.0
59116       15.5
59117       15.0
59118       14.8
59119       14.8
59120       14.8
59121       14.5
59122       14.6
59123       14.8
59124       14.9
59125       14.5
59126       13.8
59127       13.3
59128       13.1
59129       13.4
59130       13.2
59131       13.4
59132       13.1
59133       12.7
59134       13.0
59135       12.9
59136       12.8
59137       12.8
59138       12.3
59139       12.2
59140       11.6
59141       12.1
59142       11.5
59143       11.2
59144       10.7
59145       10.7
59146       11.0
59147       10.7
59148       10.3
59149       10.1
59150       10.0
59151        9.8
59152        9.9
59153        9.8
59154        9.4
59155       10.3
59156        9.7
59157        9.8
59158        9.9
59159       10.1
59160        9.4
59161        9.5
59162        9.7
59163        9.6
59164        9.6
59165        9.5
59166        8.7
59167        9.0
59168        8.9
59169        8.6
59170        8.7
59171        9.0
59172        8.5
59173        9.2
59174        9.2
59175        9.2
59176        9.2
59177        8.9
59178        8.8
59179        8.4
59180        8.8
59181        8.4
59182        7.9
59183        8.8
59184        8.8
59185        8.7
59186        8.6
59187        8.7
59188        8.4
59189        8.5
59190        7.4
59191        7.4
59192        7.4
59193        7.5
59194        7.5
59195        7.0
59196        7.3
59197        7.3
59198        7.2
59199        6.9
59200        7.1
59201        7.1
59202        7.2
59203        6.8
59204        7.2
59205        7.3
59206        7.5
59207        7.6
59208        7.8
59209        7.7
59210        7.8
59211        7.5
59212        7.4
59213        7.5
59214        7.7
59215        7.7
59216        7.9
59217        8.0
59218        7.3
59219        7.3
59220        7.4
59221        7.3
59222        7.2
59223        7.2
59224        7.2
59225        7.1
59226        7.2
59227        6.9
59228        6.9
59229        7.2
59230        6.9
59231        6.8
59232        6.6
59233        6.4
59234        6.2
59235        6.2
59236        6.0
59237        5.9
59238        5.5
59239        5.4
59240        5.4
59241        5.0
59242        5.1
59243        5.1
59244        5.4
59245        5.4
59246        5.3
59247        5.3
59248        5.3
59249        5.6
59250        5.6
59251        5.3
59252        5.5
59253        4.0
59254        3.9
59255        3.9
59256        3.9
59257        3.8
59258        3.8
59259        3.5
59260        3.5
59261        3.2
59262        3.4
59263        3.4
59264        3.2
59265        3.0
59266        2.7
59267        2.6
59268        3.1
59269        2.9
59270        2.9
59271        3.1
59272        3.2
59273        2.9
59274        2.3
59275        2.3
59276        2.3
59277        2.5
59278        2.3
59279        2.3
59280        2.2
59281        2.0
59282        1.7
59283        1.8
59284        1.6
59285        1.3
59286        1.3
59287        1.0
59288        1.5
59289        1.5
59290        1.6
59291        1.8
59292        1.9
59293        1.8
59294        1.7
59295        2.0
59296        1.8
59297        1.8
59298        2.1
59299        2.3
59300        2.3
59301        2.3
59302        2.6
59303        2.1
59304        2.3
59305        3.0
59306        2.8
59307        2.7
59308        2.8
59309        2.7
59310        2.8
59311        2.6
59312        2.7
59313        2.8
59314        2.8
59315        3.0
59316        2.5
59317        2.5
59318        2.9
59319        2.6
59320        2.6
59321        2.5
59322        2.3
59323        2.3
59324        2.3
59325        2.2
59326        2.2
59327        2.3
59328        2.1
59329        2.1
59330        1.9
59331        2.0
59332        2.0
59333        2.1
59334        2.1
59335        2.1
59336        1.9
59337        2.3
59338        2.1
59339        2.2
59340        2.0
59341        2.0
59342        2.1
59343        2.1
59344        1.5
59345        1.8
59346        1.7
59347        1.4
59348        1.4
59349        1.2
59350        1.2
59351        1.4
59352        1.5
59353        1.1
59354        1.4
59355        1.2
59356        1.4
59357        1.5
59358        1.4
59359        1.3
59360        1.2
59361        1.4
59362        1.1
59363        1.3
59364        1.2
59365        1.0
59366        0.8
59367        0.8
59368        0.5
59369        0.6
59370        0.5
59371        0.7
59372        1.3
59373        1.2
59374        1.1
59375        1.3
59376        1.2
59377        1.4
59378        1.0
59379        1.4
59380        1.1
59381        1.2
59382        0.8
59383        0.9
59384        0.8
59385        0.8
59386        0.7
59387        0.6
59388        0.3
59389        0.7
59390        0.9
59391        0.8
59392        1.0
59393        1.2
59394        1.4
59395        1.2
59396        1.1
59397        1.2
59398        1.1
59399        1.1
59400        1.3
59401        1.0
59402        0.9
59403        0.8
59404        1.4
59405        1.1
59406        1.5
59407        1.9
59408        1.9
59409        1.8
59410        1.8
59411        1.9
59412        2.5
59413        2.4
59414        2.7
59415        2.5
59416        2.6
59417        2.5
59418        2.6
59419        2.5
59420        2.3
59421        2.6
59422        2.7
59423        2.5
59424        2.7
59425        3.0
59426        3.2
59427        3.2
59428        2.0
59429        2.0
59430        2.3
59431        2.0
59432        1.9
59433        1.9
59434        1.5
59435        1.5
59436        1.4
59437        1.7
59438        1.7
59439        1.9
59440        1.5
59441        1.7
59442        1.9
59443        1.6
59444        1.7
59445        1.8
59446        1.8
59447        1.8
59448        1.7
59449        1.8
59450        1.5
59451        1.5
59452        1.3
59453        1.1
59454        1.0
59455        1.4
59456        1.8
59457        1.9
59458        1.9
59459        1.8
59460        1.8
59461        1.6
59462        1.7
59463        1.3
59464        1.6
59465        1.1
59466        0.9
59467        0.9
59468        1.0
59469        0.7
59470        0.6
59471        1.2
59472        1.5
59473        1.3
59474        1.0
59475        1.2
59476        1.2
59477        1.2
59478        1.1
59479        1.5
59480        1.1
59481        1.2
59482        1.2
59483        1.2
59484        1.4
59485        1.4
59486        1.1
59487        1.3
59488        1.1
59489        1.3
59490        1.4
59491        2.0
59492        1.9
59493        2.0
59494        1.8
59495        1.9
59496        1.8
59497        2.0
59498        2.4
59499        2.7
59500        2.8
59501        2.9
59502        2.5
59503        2.9
59504        3.0
59505        2.9
59506        3.0
59507        2.7
59508        2.8
59509        2.9
59510        2.9
59511        3.2
59512        2.5
59513        2.8
59514        2.8
59515        2.8
59516        2.4
59517        2.9
59518        3.0
59519        2.8
59520        2.9
59521        2.8
59522        2.6
59523        2.6
59524        2.8
59525        3.0
59526        3.1
59527        3.3
59528        2.7
59529        3.0
59530        3.2
59531        3.0
59532        2.8
59533        3.1
59534        2.8
59535        2.9
59536        2.8
59537        3.2
59538        3.2
59539        3.1
59540        3.0
59541        2.5
59542        2.4
59543        2.2
59544        2.3
59545        2.4
59546        2.3
59547        2.3
59548        2.4
59549        2.6
59550        2.2
59551        2.4
59552        2.0
59553        1.9
59554        2.5
59555        2.6
59556        2.4
59557        2.2
59558        2.0
59559        1.4
59560        1.7
59561        1.7
59562        1.4
59563        1.9
59564        2.0
59565        2.0
59566        1.7
59567        2.0
59568        2.3
59569        2.4
59570        2.3
59571        2.3
59572        2.6
59573        2.8
59574        2.6
59575        2.8
59576        2.7
59577        2.6
59578        2.6
59579        2.5
59580        2.7
59581        2.7
59582        2.6
59583        2.6
59584        2.8
59585        2.9
59586        3.1
59587        3.0
59588        2.8
59589        1.5
59590        1.5
59591        1.4
59592        1.3
59593        1.4
59594        1.4
59595        1.4
59596        1.5
59597        1.6
59598        1.3
59599        1.4
59600        1.7
59601        1.7
59602        2.0
59603        3.0
59604        5.4
59605        9.0
59606       13.2
59607       18.8
59608       16.3
59609       16.3
59610       16.1
59611       16.2
59612       16.1
59613       16.1
59614       15.8
59615       15.7
59616       15.9
59617       16.2
59618       16.5
59619       16.6
59620       16.8
59621       17.0
59622       17.2
59623       16.8
59624       17.0
59625       17.0
59626       17.4
59627       17.4
59628       17.5
59629       17.2
59630       17.2
59631       17.0
59632       16.7
59633       16.7
59634       16.2
59635       15.9
59636       16.0
59637       15.4
59638       15.0
59639       14.7
59640       14.5
59641       14.5
59642       14.4
59643       14.2
59644       13.8
59645       13.5
59646       13.4
59647       13.1
59648       12.9
59649       12.4
59650       12.1
59651       12.1
59652       11.6
59653       11.4
59654       11.2
59655       10.7
59656       10.5
59657       10.2
59658       10.1
59659        9.9
59660        9.8
59661        9.5
59662        9.4
59663        9.0
59664        9.4
59665        9.2
59666        8.7
59667        9.1
59668        8.9
59669        8.8
59670        8.5
59671        8.4
59672        8.3
59673        6.7
59674        6.8
59675        7.3
59676        7.0
59677        6.8
59678        7.5
59679        7.4
59680        7.4
59681        7.4
59682        7.4
59683        7.4
59684        7.4
59685        7.3
59686        7.0
59687        6.7
59688        6.7
59689        6.9
59690        6.9
59691        7.1
59692        7.1
59693        7.1
59694        7.2
59695        7.6
59696        7.8
59697        7.5
59698        7.6
59699        7.6
59700        7.4
59701        7.5
59702        7.7
59703        7.7
59704        7.6
59705        7.2
59706        7.6
59707        8.0
59708        7.4
59709        7.2
59710        7.4
59711        7.6
59712        7.7
59713        7.7
59714        7.4
59715        7.5
59716        7.5
59717        7.4
59718        7.2
59719        7.1
59720        7.1
59721        7.1
59722        6.7
59723        6.8
59724        6.6
59725        6.1
59726        6.6
59727        6.2
59728        6.3
59729        6.1
59730        5.8
59731        5.8
59732        5.5
59733        5.8
59734        5.8
59735        5.4
59736        5.5
59737        5.2
59738        5.0
59739        4.9
59740        4.6
59741        4.1
59742        4.5
59743        4.4
59744        4.3
59745        4.0
59746        3.9
59747        3.6
59748        3.4
59749        3.5
59750        3.0
59751        2.7
59752        2.2
59753        1.8
59754        1.5
59755        1.2
59756        1.0
59757        0.8
59758        0.4
59759       -0.3
59760       -0.0
59761       -0.1
59762       -0.7
59763       -0.6
59764       -1.4
59765       -1.7
59766       -1.9
59767       -1.6
59768       -2.0
59769       -2.7
59770       -2.5
59771       -2.9
59772       -3.2
59773       -3.5
59774       -3.2
59775       -2.9
59776       -2.6
59777       -2.7
59778       -2.5
59779       -2.8
59780       -2.6
59781       -3.3
59782       -3.0
59783       -3.5
59784       -3.3
59785       -3.1
59786       -3.8
59787       -3.3
59788       -3.5
59789       -3.3
59790       -3.1
59791       -3.0
59792       -2.9
59793       -3.1
59794       -2.6
59795       -3.4
59796       -3.3
59797       -3.5
59798       -2.6
59799       -3.7
59800       -3.6
59801       -3.7
59802       -4.1
59803       -3.9
59804       -3.9
59805       -3.4
59806       -3.5
59807       -4.0
59808       -3.8
59809       -3.6
59810       -3.7
59811       -3.3
59812       -3.2
59813       -3.5
59814       -2.6
59815       -3.1
59816       -2.6
59817       -2.4
59818       -2.1
59819       -2.4
59820       -2.6
59821       -1.8
59822       -1.8
59823       -1.4
59824       -1.3
59825       -1.4
59826       -1.2
59827       -2.3
59828       -2.2
59829       -2.4
59830       -2.1
59831       -2.3
59832       -2.1
59833       -2.1
59834       -2.1
59835       -2.1
59836       -2.4
59837       -2.2
59838       -1.9
59839       -2.1
59840       -2.0
59841       -2.0
59842       -1.9
59843       -2.0
59844       -1.9
59845       -2.1
59846       -2.2
59847       -2.2
59848       -1.1
59849       -1.2
59850       -1.1
59851       -1.0
59852       -0.8
59853       -0.4
59854       -0.5
59855       -1.4
59856       -1.4
59857       -1.3
59858       -1.9
59859       -1.4
59860       -1.6
59861       -1.1
59862       -1.5
59863       -1.5
59864       -1.2
59865       -1.2
59866       -1.7
59867       -1.9
59868       -2.0
59869       -1.6
59870       -2.0
59871       -1.8
59872       -2.5
59873       -2.3
59874       -2.4
59875       -2.7
59876       -2.4
59877       -2.9
59878       -3.6
59879       -3.5
59880       -3.5
59881       -4.1
59882       -3.6
59883       -3.7
59884       -4.5
59885       -4.4
59886       -4.7
59887       -4.7
59888       -4.8
59889       -5.2
59890       -4.5
59891       -4.4
59892       -4.6
59893       -4.9
59894       -4.8
59895       -5.4
59896       -5.1
59897       -5.0
59898       -5.4
59899       -5.0
59900       -5.1
59901       -5.0
59902       -5.0
59903       -5.2
59904       -5.1
59905       -5.3
59906       -5.4
59907       -5.5
59908       -5.8
59909       -5.6
59910       -5.8
59911       -5.7
59912       -5.8
59913       -5.9
59914       -6.0
59915       -6.1
59916       -6.1
59917       -6.1
59918       -4.8
59919       -5.1
59920       -5.0
59921       -4.5
59922       -4.6
59923       -4.3
59924       -4.5
59925       -4.6
59926       -4.5
59927       -4.9
59928       -5.2
59929       -5.3
59930       -5.6
59931       -5.8
59932       -5.8
59933       -5.5
59934       -5.7
59935       -5.3
59936       -5.4
59937       -5.1
59938       -5.1
59939       -5.1
59940       -5.0
59941       -4.9
59942       -4.9
59943       -4.9
59944       -4.6
59945       -4.4
59946       -3.8
59947       -4.2
59948       -3.8
59949       -3.4
59950       -3.5
59951       -3.9
59952       -3.9
59953       -2.6
59954       -2.3
59955       -2.3
59956       -2.2
59957       -1.8
59958       -1.9
59959       -1.4
59960       -1.5
59961       -1.5
59962       -1.4
59963       -1.0
59964       -0.9
59965       -0.9
59966       -0.7
59967       -0.8
59968       -0.8
59969       -0.9
59970       -0.9
59971       -0.3
59972       -0.1
59973        0.2
59974        0.3
59975        0.7
59976        1.0
59977        1.4
59978        2.1
59979        2.1
59980        2.0
59981        0.3
59982        0.1
59983        0.1
59984        0.2
59985        0.8
59986        1.0
59987        1.3
59988        1.3
59989        1.2
59990        1.2
59991        1.3
59992        1.4
59993        1.8
59994        1.9
59995        2.3
59996        2.3
59997        2.1
59998        2.1
59999        2.2
60000        2.3
60001        2.4
60002        2.4
60003        2.2
60004        2.2
60005        2.0
60006        2.0
60007        2.1
60008        2.3
60009        1.3
60010        1.3
60011        1.2
60012        1.5
60013        1.3
60014        1.5
60015        1.6
60016        1.8
60017        1.4
60018        1.5
60019        1.7
60020        1.8
60021        1.6
60022        1.4
60023        1.7
60024        1.7
60025        2.0
60026        2.1
60027        2.4
60028        2.2
60029        2.2
60030        2.1
60031        2.3
60032        2.1
60033        2.3
60034        2.2
60035        2.3
60036        2.0
60037        1.8
60038        1.9
60039        1.4
60040        1.3
60041        1.2
60042        1.5
60043        1.4
60044        4.2
60045        4.2
60046        4.0
60047        4.0
60048        4.1
60049        4.3
60050        4.3
60051        4.4
60052        4.3
60053        4.2
60054        4.1
60055        3.7
60056        3.8
60057        3.8
60058        3.4
60059        3.2
60060        3.5
60061        3.3
60062        3.7
60063        3.6
60064        3.3
60065        3.4
60066        3.3
60067        3.5
60068        3.2
60069        3.1
60070        3.0
60071        2.7
60072        1.5
60073        1.2
60074        1.0
60075        1.0
60076        0.7
60077        0.3
60078       -0.1
60079       -0.2
60080       -0.4
60081       -0.6
60082       -0.2
60083       -0.3
60084       -0.4
60085       -0.5
60086       -0.9
60087       -1.1
60088       -1.2
60089       -1.4
60090       -1.0
60091       -1.0
60092       -1.4
60093       -1.3
60094       -1.4
60095       -1.6
60096       -1.5
60097       -1.4
60098       -1.4
60099       -1.8
60100       -3.3
60101       -3.4
60102       -3.3
60103       -3.4
60104       -3.6
60105       -3.9
60106       -4.0
60107       -4.4
60108       -4.5
60109       -4.4
60110       -4.5
60111       -4.3
60112       -4.3
60113       -4.6
60114       -4.1
60115       -4.0
60116       -4.2
60117       -4.1
60118       -3.7
60119       -3.8
60120       -3.6
60121       -3.5
60122       -3.6
60123       -3.5
60124       -3.4
60125       -3.1
60126       -3.1
60127       -2.6
60128       -2.5
60129       -2.0
60130       -1.8
60131       -1.8
60132       -2.0
60133       -1.8
60134       -1.4
60135        0.6
60136        0.5
60137        1.0
60138        1.2
60139        1.3
60140        1.4
60141        1.6
60142        1.6
60143        1.9
60144        2.2
60145        2.5
60146        2.7
60147        2.8
60148        3.0
60149        3.4
60150        3.4
60151        3.1
60152        3.7
60153        3.8
60154        4.2
60155        3.8
60156        4.1
60157        4.5
60158        4.1
60159        4.7
60160        4.9
60161        5.0
60162        5.0
60163        5.1
60164        5.5
60165        6.4
60166        6.5
60167        6.5
60168        7.1
60169        7.0
60170        7.1
60171        6.8
60172        5.9
60173        6.3
60174        6.2
60175        5.5
60176        5.7
60177        6.0
60178        5.9
60179        5.7
60180        5.6
60181        5.3
60182        5.1
60183        4.4
60184        4.6
60185        4.8
60186        4.4
60187        3.7
60188        4.1
60189        4.3
60190        4.1
60191        2.9
60192        2.0
60193        2.6
60194        1.9
60195        1.1
60196        0.7
60197        0.3
60198        0.1
60199       -0.0
60200       -0.8
60201       -0.7
60202       -0.4
60203       -1.1
60204       -0.8
60205       -0.5
60206       -0.9
60207       -1.1
60208       -1.6
60209       -1.7
60210       -2.1
60211       -1.4
60212       -1.3
60213       -1.5
60214       -1.7
60215       -2.2
60216       -2.3
60217       -2.8
60218       -2.1
60219       -2.8
60220       -3.2
60221       -3.5
60222       -3.4
60223       -3.2
60224       -3.8
60225       -3.3
60226       -3.4
60227       -3.8
60228       -4.7
60229       -4.2
60230       -4.2
60231       -5.4
60232       -4.7
60233       -4.4
60234       -4.6
60235       -4.7
60236       -4.5
60237       -4.5
60238       -4.6
60239       -5.2
60240       -5.3
60241       -5.2
60242       -5.5
60243       -5.3
60244       -5.4
60245       -5.2
60246       -5.2
60247       -5.2
60248       -5.5
60249       -5.7
60250       -5.4
60251       -6.0
60252       -6.1
60253       -5.9
60254       -5.0
60255       -4.9
60256       -4.9
60257       -4.9
60258       -5.0
60259       -5.3
60260       -5.4
60261       -5.4
60262       -5.4
60263       -5.5
60264       -5.8
60265       -6.0
60266       -6.4
60267       -6.3
60268       -6.4
60269       -6.4
60270       -6.7
60271       -6.7
60272       -6.5
60273       -6.6
60274       -6.6
60275       -6.3
60276       -6.6
60277       -6.5
60278       -7.2
60279       -7.3
60280       -7.2
60281       -7.0
60282       -8.7
60283       -9.0
60284       -9.4
60285       -9.6
60286       -9.9
60287       -9.9
60288      -10.0
60289      -10.0
60290      -10.1
60291      -10.2
60292      -10.1
60293      -10.0
60294      -10.0
60295      -10.1
60296      -10.0
60297       -9.7
60298       -9.3
60299       -9.3
60300       -9.2
60301       -8.7
60302       -8.6
60303       -8.4
60304       -8.1
60305       -8.2
60306       -8.0
60307       -8.1
60308       -7.9
60309       -7.5
60310       -7.5
60311       -7.3
60312       -7.0
60313       -6.9
60314       -6.8
60315       -6.6
60316       -6.6
60317       -7.3
60318       -7.4
60319       -7.8
60320       -7.7
60321       -7.3
60322       -7.1
60323       -7.2
60324       -6.8
60325       -6.5
60326       -6.5
60327       -6.3
60328       -5.6
60329       -5.4
60330       -5.8
60331       -6.0
60332       -5.6
60333       -5.8
60334       -5.6
60335       -5.4
60336       -5.3
60337       -5.8
60338       -6.0
60339       -5.7
60340       -6.0
60341       -5.4
60342       -5.1
60343       -5.2
60344       -4.8
60345       -3.9
60346       -3.6
60347       -3.4
60348       -3.1
60349       -3.2
60350       -3.1
60351       -3.0
60352       -2.9
60353       -2.2
60354       -2.0
60355       -1.5
60356       -1.4
60357       -1.3
60358       -0.5
60359       -0.2
60360       -0.2
60361       -0.0
60362       -0.1
60363        0.3
60364        0.2
60365        0.4
60366        0.6
60367        0.8
60368        0.9
60369        0.9
60370        0.9
60371        0.9
60372        1.0
60373       -1.0
60374       -0.6
60375       -0.7
60376       -0.6
60377       -0.6
60378       -0.7
60379       -0.8
60380       -0.9
60381       -0.8
60382       -0.9
60383       -1.1
60384       -1.0
60385       -1.0
60386       -1.2
60387       -0.7
60388       -0.9
60389       -0.8
60390       -0.7
60391       -0.6
60392       -0.2
60393       -0.2
60394        0.2
60395       -0.1
60396        0.0
60397       -0.0
60398        0.0
60399        0.3
60400        0.6
60401        0.1
60402        0.3
60403        0.6
60404        0.9
60405        0.7
60406        1.0
60407        0.9
60408        0.9
60409        0.5
60410        0.4
60411        0.8
60412        0.7
60413        0.8
60414        0.7
60415        0.7
60416        0.7
60417        0.5
60418        0.5
60419        0.5
60420        0.2
60421       -0.1
60422       -0.4
60423       -0.6
60424       -0.6
60425       -0.5
60426       -1.1
60427       -1.5
60428       -2.7
60429       -3.5
60430       -4.5
60431       -5.6
60432       -6.7
60433       -8.3
60434       -8.2
60435       -8.0
60436       -7.3
60437       -7.1
60438       -7.0
60439       -6.6
60440       -6.8
60441       -6.4
60442       -6.1
60443       -5.9
60444       -6.0
60445       -5.4
60446       -5.1
60447       -4.9
60448       -4.3
60449       -3.7
60450       -3.6
60451       -3.3
60452       -3.0
60453       -2.7
60454       -2.5
60455       -2.3
60456       -2.1
60457       -1.4
60458       -0.7
60459       -0.2
60460        0.0
60461        0.6
60462        0.8
60463        1.2
60464        0.5
60465        1.0
60466        1.7
60467        1.7
60468        2.3
60469        2.7
60470        2.9
60471        3.2
60472        3.5
60473        3.6
60474        3.7
60475        3.5
60476        2.7
60477        1.6
60478        0.7
60479       -0.0
60480       -0.3
60481       -1.3
60482       -2.1
60483       -3.2
60484       -4.1
60485       -5.0
60486       -5.9
60487       -6.9
60488       -8.5
60489      -11.4
60490      -14.4
60491      -15.8
60492      -19.4
60493      -21.6
60494      -24.8
60495      -27.6
60496      -31.3
60497       -3.0
60498       -6.8
60499       -9.5
60500      -13.0
60501      -16.7
60502      -20.8
60503      -23.1
60504      -21.9
60505      -21.8
60506      -20.7
60507      -20.2
60508      -20.4
60509      -19.5
60510      -18.9
60511      -18.3
60512      -17.7
60513      -17.1
60514      -16.5
60515      -16.1
60516      -15.4
60517      -14.6
60518      -13.6
60519      -13.0
60520      -12.6
60521      -11.9
60522      -11.0
60523      -10.2
60524       -9.5
60525       -8.8
60526       -8.0
60527       -8.0
60528       -7.4
60529       -6.5
60530       -6.2
60531       -5.6
60532       -5.1
60533       -3.9
60534       -3.1
60535       -2.2
60536       -1.9
60537       -1.9
60538       -2.6
60539       -2.1
60540       -1.5
60541       -1.9
60542       -1.5
60543       -1.9
60544       -2.5
60545       -1.9
60546       -1.8
60547       -1.5
60548       -1.8
60549       -2.2
60550       -2.3
60551       -2.6
60552       -2.6
60553       -3.2
60554       -2.5
60555       -3.5
60556       -3.4
60557       -3.7
60558       -3.8
60559       -4.1
60560       -4.0
60561       -4.2
60562       -4.0
60563       -3.7
60564       -3.9
60565       -3.4
60566       -4.0
60567       -4.3
60568       -4.3
60569       -3.8
60570       -4.0
60571       -4.0
60572       -4.4
60573       -4.4
60574       -4.6
60575       -4.3
60576       -4.5
60577       -4.5
60578       -4.4
60579       -4.3
60580       -4.1
60581       -3.6
60582       -2.9
60583       -2.8
60584       -2.9
60585       -3.4
60586       -3.5
60587       -3.5
60588       -4.2
60589       -4.4
60590       -5.6
60591       -5.6
60592       -5.8
60593       -5.9
60594       -6.2
60595       -5.0
60596       -5.3
60597       -5.2
60598       -5.0
60599       -5.1
60600       -5.6
60601       -5.6
60602       -6.0
60603       -6.5
60604       -7.0
60605       -6.7
60606       -6.8
60607       -7.0
60608       -7.1
60609       -7.3
60610       -7.6
60611       -7.6
60612       -6.8
60613       -7.4
60614       -6.8
60615       -7.0
60616       -6.4
60617       -6.5
60618       -6.7
60619       -7.1
60620       -7.0
60621       -7.3
60622       -7.5
60623       -7.5
60624       -7.6
60625       -5.9
60626       -6.0
60627       -5.9
60628       -5.9
60629       -5.5
60630       -5.4
60631       -4.8
60632       -4.5
60633       -4.1
60634       -3.8
60635       -3.3
60636       -2.7
60637       -2.2
60638       -1.7
60639       -2.0
60640       -2.2
60641       -1.4
60642       -1.4
60643       -1.2
60644       -1.2
60645       -1.3
60646       -1.4
60647       -1.2
60648       -0.5
60649       -0.7
60650       -0.7
60651       -0.8
60652       -0.7
60653       -0.9
60654       -1.1
60655       -0.9
60656       -0.8
60657       -0.9
60658       -1.4
60659       -0.9
60660       -0.2
60661        0.2
60662        0.6
60663        0.8
60664        1.1
60665        2.2
60666        2.2
60667        2.5
60668        2.6
60669        3.1
60670        3.3
60671        3.6
60672        3.8
60673        3.4
60674        4.2
60675        5.2
60676        5.5
60677        6.5
60678        6.8
60679        7.6
60680        7.8
60681        7.9
60682        7.8
60683        8.3
60684        9.1
60685        9.4
60686        9.9
60687       10.4
60688       10.2
60689       10.4
60690       10.8
60691       10.2
60692       10.3
60693       10.1
60694        9.6
60695        9.3
60696        8.8
60697        8.4
60698        8.4
60699        8.3
60700        8.6
60701        8.7
60702        8.3
60703        8.2
60704        8.1
60705        8.3
60706        8.3
60707        8.3
60708        7.7
60709        7.3
60710        7.1
60711        6.1
60712        5.8
60713        5.3
60714        5.0
60715        4.5
60716        4.1
60717        3.5
60718        3.4
60719        3.0
60720        2.8
60721        2.7
60722        2.4
60723        2.0
60724        1.6
60725        1.2
60726        0.8
60727        0.6
60728        0.0
60729       -0.4
60730       -1.0
60731       -1.0
60732       -1.5
60733       -1.6
60734       -2.1
60735       -2.1
60736       -2.5
60737       -2.4
60738       -2.2
60739       -2.1
60740       -2.3
60741       -2.1
60742       -2.7
60743       -2.7
60744       -3.1
60745       -2.9
60746       -2.7
60747       -2.5
60748       -2.0
60749       -1.7
60750       -1.5
60751       -1.0
60752       -1.2
60753       -0.6
60754       -0.3
60755        0.1
60756        0.3
60757        0.6
60758        0.9
60759        1.4
60760        1.8
60761        2.3
60762        2.6
60763        3.1
60764        3.2
60765        3.6
60766        4.0
60767        4.3
60768        4.3
60769        4.9
60770        5.4
60771        5.7
60772        5.6
60773        5.9
60774        6.1
60775        7.0
60776        7.4
60777        7.7
60778        7.9
60779        8.1
60780        8.3
60781        8.0
60782        7.5
60783        7.4
60784        6.5
60785        5.9
60786        6.0
60787        6.0
60788        5.2
60789        4.9
60790        4.6
60791        3.9
60792        3.3
60793        2.1
60794        1.6
60795        1.3
60796        0.8
60797        0.2
60798       -0.3
60799       -0.7
60800       -0.9
60801       -1.7
60802       -1.9
60803       -2.7
60804       -3.4
60805       -4.1
60806       -5.0
60807       -5.8
60808       -6.3
60809       -7.3
60810       -7.5
60811       -8.2
60812       -9.0
60813       -9.3
60814      -10.3
60815      -10.4
60816      -10.3
60817      -10.5
60818      -11.1
60819      -10.9
60820      -11.7
60821      -11.9
60822      -12.1
60823      -12.2
60824      -12.8
60825      -12.8
60826      -13.0
60827      -12.8
60828      -14.3
60829      -14.5
60830      -14.8
60831      -15.3
60832      -15.3
60833      -15.6
60834      -15.7
60835      -15.7
60836      -15.8
60837      -16.1
60838      -16.8
60839      -17.3
60840      -17.6
60841      -18.3
60842      -19.1
60843      -19.6
60844      -19.4
60845      -19.2
60846      -19.9
60847      -20.0
60848      -19.5
60849      -19.1
60850      -19.4
60851      -18.7
60852      -18.5
60853      -18.2
60854      -18.4
60855      -17.7
60856      -17.1
60857      -17.4
60858      -18.7
60859      -19.1
60860      -18.4
60861      -18.6
60862      -18.9
60863      -18.7
60864      -19.1
60865      -18.4
60866      -18.5
60867      -19.8
60868      -19.7
60869      -20.1
60870      -20.1
60871      -20.2
60872      -20.1
60873      -19.8
60874      -19.8
60875      -20.2
60876      -20.0
60877      -20.3
60878      -20.4
60879      -20.1
60880      -19.6
60881      -19.5
60882      -19.3
60883      -19.6
60884      -19.1
60885      -19.2
60886      -18.9
60887      -18.4
60888      -18.0
60889      -17.7
60890      -17.4
60891      -17.5
60892      -17.0
60893      -16.5
60894      -16.2
60895      -16.2
60896      -16.7
60897      -16.4
60898      -16.3
60899      -16.4
60900      -16.0
60901      -16.0
60902      -16.0
60903      -15.7
60904      -14.6
60905      -14.6
60906      -14.0
60907      -13.2
60908      -12.5
60909      -11.4
60910      -10.0
60911       -8.7
60912       -7.9
60913       -6.1
60914       -4.9
60915       -3.9
60916       -3.4
60917       -2.7
60918       -1.3
60919        0.1
60920        1.2
60921        1.8
60922        2.6
60923        3.4
60924        3.3
60925        2.9
60926        2.9
60927        3.1
60928        3.2
60929        3.4
60930        3.3
60931        3.3
60932        3.4
60933        3.7
60934        3.9
60935        4.6
60936        5.2
60937        5.4
60938        5.0
60939        5.5
60940        5.6
60941        6.9
60942        6.6
60943        6.5
60944        6.2
60945        6.4
60946        5.8
60947        6.3
60948        5.9
60949        5.8
60950        5.6
60951        5.8
60952        6.1
60953        5.8
60954        6.2
60955        6.2
60956        7.0
60957        6.7
60958        7.3
60959        8.1
60960        8.7
60961        9.6
60962        9.5
60963        9.6
60964        8.9
60965        9.2
60966        8.1
60967        7.2
60968        6.5
60969        6.0
60970        4.1
60971        3.6
60972        2.3
60973        2.2
60974        1.6
60975        1.9
60976        1.6
60977        1.2
60978        1.0
60979        0.5
60980        0.1
60981       -0.7
60982       -1.6
60983       -2.0
60984       -2.2
60985       -1.6
60986       -1.4
60987       -1.1
60988       -0.9
60989       -1.1
60990       -0.9
60991       -1.4
60992       -1.6
60993       -1.4
60994       -1.0
60995       -1.9
60996       -2.2
60997       -2.1
60998       -2.2
60999       -2.7
61000       -3.2
61001       -2.8
61002       -3.8
61003       -3.6
61004       -3.6
61005       -3.8
61006       -4.0
61007       -4.6
61008       -4.8
61009       -4.9
61010       -5.5
61011       -5.4
61012       -5.7
61013       -5.8
61014       -5.8
61015       -6.5
61016       -6.5
61017       -6.5
61018       -6.4
61019       -6.0
61020       -6.1
61021       -6.0
61022       -5.8
61023       -6.0
61024       -6.8
61025       -7.0
61026       -6.9
61027       -6.8
61028       -6.3
61029       -6.3
61030       -5.6
61031       -5.9
61032       -6.0
61033       -6.7
61034       -7.2
61035       -7.4
61036       -7.6
61037       -7.1
61038       -7.3
61039       -7.1
61040       -6.8
61041       -6.9
61042       -7.0
61043       -7.1
61044       -7.0
61045       -7.1
61046       -7.2
61047       -8.0
61048       -7.9
61049       -8.6
61050       -8.7
61051       -9.3
61052       -9.7
61053      -10.0
61054      -10.3
61055      -10.5
61056      -11.3
61057      -11.7
61058      -12.5
61059      -13.0
61060      -12.8
61061      -12.5
61062      -12.0
61063      -11.7
61064      -11.0
61065      -10.6
61066      -10.0
61067       -9.6
61068       -9.2
61069       -9.3
61070       -9.4
61071      -10.2
61072      -11.0
61073      -11.7
61074      -13.3
61075      -13.5
61076      -13.2
61077      -12.5
61078      -11.8
61079      -11.4
61080      -10.6
61081      -10.2
61082       -9.2
61083       -7.9
61084       -6.8
61085       -5.8
61086       -5.4
61087       -5.3
61088       -4.4
61089       -4.1
61090       -3.5
61091       -2.6
61092       -2.1
61093       -1.1
61094        0.2
61095        1.1
61096        1.4
61097        1.1
61098        1.1
61099        1.6
61100        1.7
61101        1.7
61102        2.1
61103        2.4
61104        2.5
61105        2.5
61106        2.5
61107        2.4
61108        1.8
61109        1.9
61110        2.4
61111        2.4
61112        3.1
61113        3.3
61114        3.6
61115        4.0
61116        3.9
61117        4.4
61118        4.4
61119        5.2
61120        5.3
61121        5.6
61122        6.2
61123        6.6
61124        7.0
61125        7.4
61126        8.1
61127        8.0
61128        7.7
61129        7.4
61130        6.8
61131        6.8
61132        6.4
61133        6.2
61134        6.1
61135        6.4
61136        6.3
61137        6.3
61138        5.8
61139        5.5
61140        5.4
61141        4.7
61142        4.2
61143        3.4
61144        2.9
61145        2.2
61146        1.7
61147        1.5
61148        1.9
61149        2.3
61150        2.2
61151        2.3
61152        2.3
61153        2.9
61154        3.1
61155        3.5
61156        4.3
61157        4.5
61158        4.8
61159        4.8
61160        4.8
61161        4.7
61162        5.1
61163        5.6
61164        6.1
61165        6.5
61166        6.7
61167        6.0
61168        5.2
61169        4.8
61170        4.4
61171        4.5
61172        4.4
61173        4.6
61174        4.9
61175        5.2
61176        5.5
61177        5.7
61178        5.6
61179        5.0
61180        5.4
61181        5.7
61182        5.9
61183        5.8
61184        6.1
61185        6.3
61186        6.6
61187        6.8
61188        7.1
61189        7.2
61190        6.9
61191        6.8
61192        7.0
61193        7.2
61194        7.0
61195        6.9
61196        7.2
61197        6.7
61198        7.5
61199        7.5
61200        7.0
61201        7.3
61202        7.7
61203        7.9
61204        8.1
61205        8.3
61206        8.8
61207        9.5
61208        9.4
61209       10.3
61210        9.9
61211        9.2
61212        8.4
61213        8.6
61214        8.2
61215        7.1
61216        7.3
61217        6.6
61218        5.9
61219        5.1

# UTC remains available from the monthly Circular T at
# (http://www.bipm.org/en/bipm-services/timescales/time-ftp/Circular-T.html).
