# MJD  [UTCr-UTC(LUX)]/ns
59036          -
59037          -
59038          -
59039      -22.1
59040      -19.9
59041      -22.5
59042      -24.4
59043      -21.2
59044      -19.8
59045      -20.2
59046      -18.5
59047      -15.7
59048      -13.6
59049      -14.3
59050      -11.8
59051       -8.6
59052       -9.9
59053      -12.6
59054      -13.6
59055      -14.5
59056      -14.5
59057      -17.4
59058      -16.9
59059      -21.6
59060      -21.1
59061      -20.2
59062      -17.8
59063      -15.2
59064      -17.8
59065      -16.6
59066      -17.0
59067      -17.8
59068      -20.9
59069      -19.4
59070      -18.6
59071      -17.3
59072      -17.5
59073      -16.9
59074      -19.3
59075      -19.7
59076      -20.3
59077      -19.7
59078      -22.0
59079      -22.5
59080      -26.0
59081      -25.8
59082      -26.7
59083      -31.0
59084      -33.2
59085      -32.1
59086      -31.4
59087      -33.8
59088      -30.4
59089      -32.6
59090      -32.6
59091      -30.8
59092      -30.6
59093      -32.3
59094      -30.4
59095      -31.7
59096      -29.2
59097      -27.4
59098      -27.5
59099      -28.1
59100      -26.8
59101      -28.7
59102      -27.8
59103      -25.5
59104      -24.3
59105      -23.9
59106      -25.3
59107      -24.8
59108      -23.2
59109      -19.1
59110      -20.2
59111      -20.3
59112      -18.9
59113      -19.5
59114      -16.3
59115      -16.9
59116      -12.1
59117      -11.8
59118      -10.7
59119      -14.1
59120      -12.3
59121      -11.1
59122      -12.7
59123      -12.4
59124       -9.2
59125       -8.1
59126       -8.3
59127       -5.2
59128       -5.2
59129       -3.1
59130       -6.4
59131       -4.9
59132       -2.7
59133       -2.6
59134       -1.2
59135        1.9
59136        1.8
59137        0.6
59138        2.3
59139        5.3
59140        8.7
59141        9.0
59142       11.6
59143       10.4
59144        8.9
59145       10.0
59146       11.3
59147        8.4
59148        8.5
59149       10.2
59150       10.1
59151        7.9
59152       10.8
59153       10.6
59154       10.9
59155       12.8
59156       15.5
59157       18.9
59158       18.4
59159       17.7
59160       15.0
59161       17.9
59162       18.1
59163       20.0
59164       20.9
59165       23.6
59166       28.2
59167       26.9
59168       27.6
59169       27.5
59170       27.4
59171       27.4
59172       23.6
59173       23.1
59174       25.3
59175       23.8
59176       21.9
59177       23.7
59178       23.1
59179       23.0
59180       21.3
59181       21.6
59182       22.2
59183       22.7
59184       22.7
59185       24.5
59186       25.4
59187       27.4
59188       24.1
59189       24.3
59190       20.6
59191       20.4
59192       21.2
59193       19.2
59194       21.4
59195       18.7
59196       22.9
59197       21.7
59198       18.8
59199       19.3
59200       20.2
59201       19.2
59202       17.7
59203       18.5
59204       15.1
59205       16.6
59206       16.7
59207       17.1
59208       15.1
59209       15.3
59210       14.4
59211       19.2
59212       18.7
59213          -
59214      130.7
59215      133.2
59216      137.7
59217      143.6
59218      142.5
59219      141.3
59220      137.2
59221      131.3
59222      125.4
59223      116.7
59224      104.5
59225       93.9
59226       82.8
59227       71.8
59228       58.8
59229       48.5
59230       41.6
59231       35.0
59232       29.0
59233       24.1
59234       22.1
59235       20.4
59236       18.3
59237       16.7
59238       16.8
59239       15.0
59240       14.6
59241       14.7
59242       16.7
59243       16.1
59244       16.6
59245       16.3
59246       15.3
59247       15.6
59248       14.5
59249       14.4
59250       14.1
59251       11.5
59252       11.8
59253       11.2
59254        8.5
59255        7.9
59256        6.3
59257        5.9
59258        5.7
59259        4.1
59260        4.2
59261        4.2
59262        4.3
59263        4.9
59264        3.7
59265        2.5
59266        2.6
59267        5.7
59268        5.8
59269        4.8
59270        5.1
59271        7.0
59272        7.2
59273        7.6
59274        9.2
59275        8.6
59276        7.9
59277        5.2
59278        4.9
59279        5.9
59280        4.7
59281        8.0
59282        6.9
59283        5.7
59284        4.6
59285        6.1
59286        6.9
59287        4.4
59288        4.7
59289        3.9
59290        3.7
59291        4.8
59292        6.4
59293        5.9
59294        4.9
59295        6.1
59296        7.9
59297       10.0
59298        8.1
59299        9.6
59300        8.0
59301        9.6
59302        9.1
59303        8.7
59304        7.9
59305        9.5
59306        8.3
59307        8.9
59308        7.5
59309        8.4
59310        7.0
59311        2.6
59312        1.2
59313       -0.5
59314       -2.2
59315       -0.0
59316       -0.7
59317       -0.8
59318       -0.4
59319       -5.5
59320       -6.3
59321       -5.7
59322       -3.5
59323       -6.6
59324       -5.9
59325       -5.4
59326       -5.6
59327       -1.0
59328       -3.1
59329       -2.4
59330       -1.9
59331       -0.5
59332        1.4
59333        3.0
59334        6.8
59335        6.7
59336        6.1
59337        3.5
59338        3.0
59339        5.2
59340        6.6
59341        8.8
59342        9.7
59343       10.1
59344       10.4
59345        9.4
59346       11.1
59347        8.8
59348        9.1
59349        5.7
59350        6.4
59351        2.9
59352        1.0
59353        0.1
59354       -3.1
59355       -5.1
59356       -7.5
59357       -8.2
59358       -7.9
59359       -9.4
59360       -9.8
59361      -10.6
59362      -13.6
59363      -15.5
59364      -17.5
59365      -18.5
59366      -20.2
59367      -22.0
59368      -25.9
59369      -25.0
59370      -26.8
59371      -24.6
59372      -23.1
59373      -24.8
59374      -25.0
59375      -27.0
59376      -24.4
59377      -21.3
59378      -20.3
59379      -18.0
59380      -12.6
59381      -13.2
59382       -9.9
59383       -6.9
59384       -6.2
59385       -6.4
59386       -6.4
59387       -4.2
59388       -4.0
59389       -4.1
59390       -2.8
59391       -3.1
59392       -0.6
59393        3.4
59394        5.0
59395        4.9
59396        5.0
59397        6.6
59398        5.5
59399        6.1
59400        8.8
59401        6.8
59402        7.3
59403        7.1
59404        6.4
59405        5.7
59406        6.1
59407        7.1
59408        8.3
59409        7.0
59410        6.1
59411       10.8
59412        9.6
59413       10.8
59414       10.9
59415       10.7
59416        9.9
59417        9.3
59418        7.8
59419        8.5
59420        7.7
59421       10.0
59422        8.8
59423        7.0
59424       10.1
59425       13.1
59426       13.2
59427       13.8
59428       13.8
59429       14.6
59430       17.8
59431       18.8
59432       18.3
59433       19.3
59434       22.0
59435       23.8
59436       22.7
59437       22.5
59438       24.2
59439       23.5
59440       23.0
59441       23.2
59442       22.7
59443       23.7
59444       21.6
59445       19.6
59446       18.7
59447       18.5
59448       17.1
59449       14.9
59450       14.3
59451       11.4
59452       10.6
59453        7.9
59454        8.9
59455       10.6
59456        9.9
59457        8.8
59458        8.3
59459        6.4
59460        5.9
59461        2.9
59462        3.5
59463        1.3
59464        0.1
59465       -2.7
59466       -6.1
59467       -6.5
59468       -5.5
59469       -6.2
59470       -5.7
59471       -5.7
59472       -6.8
59473       -8.5
59474       -9.2
59475       -7.4
59476      -10.2
59477      -11.7
59478      -11.3
59479       -7.6
59480       -5.8
59481       -4.1
59482       -2.6
59483       -2.5
59484       -2.8
59485       -0.6
59486        0.6
59487        2.7
59488        2.7
59489        2.7
59490        2.8
59491        2.2
59492        4.1
59493        3.3
59494        5.8
59495        4.3
59496        6.3
59497        8.0
59498       10.7
59499        9.9
59500       10.2
59501       10.1
59502        8.0
59503        4.8
59504        1.5
59505        1.1
59506        1.5
59507        0.5
59508        1.6
59509        2.3
59510        4.3
59511        1.9
59512        0.3
59513       -0.6
59514       -1.0
59515       -2.8
59516       -2.0
59517       -1.2
59518       -2.2
59519       -6.1
59520       -8.6
59521       -9.9
59522       -8.6
59523       -6.1
59524       -5.6
59525       -4.8
59526       -3.4
59527       -2.2
59528       -4.0
59529       -6.7
59530       -6.5
59531       -8.0
59532       -5.6
59533       -4.6
59534       -5.1
59535       -5.9
59536       -5.1
59537       -7.1
59538       -5.9
59539       -5.2
59540       -6.3
59541       -5.9
59542       -7.8
59543       -6.9
59544       -7.4
59545       -6.0
59546       -6.0
59547       -7.2
59548       -5.4
59549       -4.9
59550       -5.0
59551       -2.2
59552       -2.3
59553        0.1
59554       -0.1
59555        0.5
59556       -2.8
59557       -2.5
59558        0.1
59559        0.6
59560        0.2
59561       -1.8
59562       -5.4
59563       -7.5
59564       -7.0
59565       -6.1
59566       -7.3
59567       -9.0
59568      -12.8
59569      -14.9
59570      -16.0
59571      -20.2
59572      -21.1
59573      -21.8
59574      -25.7
59575      -28.9
59576      -34.1
59577      -31.5
59578      -32.3
59579      -34.5
59580      -38.4
59581      -38.3
59582      -38.0
59583      -39.4
59584      -40.5
59585      -42.8
59586      -41.5
59587      -40.9
59588      -41.3
59589      -39.7
59590      -37.8
59591      -36.0
59592      -36.5
59593      -37.2
59594      -37.4
59595      -34.4
59596      -31.4
59597      -31.7
59598      -32.6
59599      -30.4
59600      -27.9
59601      -25.4
59602      -20.6
59603      -19.4
59604      -17.0
59605      -18.0
59606      -20.0
59607      -19.0
59608      -17.4
59609      -16.9
59610      -16.2
59611      -15.2
59612      -13.6
59613      -11.4
59614      -11.7
59615      -11.8
59616      -10.6
59617      -11.7
59618      -11.4
59619       -9.7
59620       -8.2
59621       -8.7
59622       -7.0
59623       -8.0
59624       -5.2
59625       -2.3
59626       -4.2
59627       -5.0
59628       -5.2
59629       -4.5
59630       -3.6
59631       -0.5
59632        0.9
59633       -0.0
59634        1.3
59635        2.4
59636        1.5
59637        2.1
59638        0.2
59639        0.9
59640        1.4
59641        1.9
59642        2.4
59643        1.8
59644        3.4
59645        6.6
59646        9.7
59647        9.8
59648        9.2
59649        7.5
59650        4.3
59651        3.5
59652        5.8
59653        6.6
59654        8.4
59655        9.8
59656        8.3
59657        5.1
59658        7.0
59659        5.6
59660        5.8
59661        5.4
59662        5.2
59663        7.9
59664       11.6
59665       14.7
59666       13.9
59667       12.7
59668       13.8
59669       15.5
59670       17.4
59671       16.2
59672       11.9
59673       10.7
59674        9.5
59675        9.1
59676        9.9
59677        9.6
59678        8.7
59679        8.5
59680        9.2
59681        6.3
59682        6.0
59683        0.8
59684       -0.2
59685        0.7
59686       -1.1
59687       -2.3
59688       -4.8
59689       -3.9
59690       -2.5
59691       -5.1
59692       -3.7
59693       -2.0
59694       -0.4
59695       -2.8
59696       -7.0
59697       -9.0
59698       -9.0
59699       -9.0
59700       -7.5
59701      -10.5
59702       -9.7
59703       -8.5
59704       -8.6
59705       -2.8
59706       -3.3
59707       -2.1
59708       -4.1
59709       -3.0
59710       -3.0
59711       -2.9
59712       -2.1
59713       -3.2
59714       -0.6
59715       -1.4
59716       -3.6
59717       -4.1
59718       -3.7
59719       -2.1
59720       -0.0
59721        0.3
59722       -0.6
59723       -2.4
59724       -5.1
59725       -3.8
59726       -4.6
59727       -6.0
59728       -6.1
59729       -9.0
59730       -8.2
59731      -10.8
59732       -8.0
59733       -8.3
59734       -7.5
59735       -7.5
59736       -8.2
59737       -7.3
59738      -10.6
59739       -9.7
59740       -9.2
59741       -9.8
59742       -8.2
59743       -6.1
59744       -5.5
59745       -4.3
59746       -5.9
59747       -8.8
59748       -9.8
59749      -12.7
59750      -13.5
59751      -12.6
59752      -14.2
59753      -14.7
59754      -13.4
59755      -13.2
59756       -9.9
59757       -7.5
59758       -7.4
59759       -6.2
59760       -5.2
59761       -3.2
59762       -2.7
59763       -4.7
59764       -5.9
59765       -7.3
59766       -7.4
59767       -8.1
59768       -6.8
59769       -7.6
59770       -4.1
59771       -3.6
59772       -1.9
59773       -5.7
59774       -4.0
59775       -3.8
59776       -1.6
59777       -1.9
59778       -3.5
59779       -1.5
59780       -1.6
59781        0.9
59782        1.8
59783        2.4
59784        4.6
59785        3.6
59786        5.1
59787        6.4
59788        4.2
59789        2.1
59790        2.6
59791        0.9
59792       -1.1
59793       -4.3
59794       -6.0
59795       -4.4
59796       -5.8
59797       -5.9
59798       -6.7
59799       -9.9
59800      -13.2
59801      -16.3
59802      -17.5
59803      -20.3
59804      -21.1
59805      -16.4
59806      -18.5
59807      -18.1
59808      -19.7
59809      -23.6
59810      -22.5
59811      -20.7
59812      -21.5
59813      -24.2
59814      -22.2
59815      -22.0
59816      -22.2
59817      -22.1
59818      -21.8
59819      -22.4
59820      -24.9
59821      -25.0
59822      -25.1
59823      -22.5
59824      -21.7
59825      -21.0
59826      -19.1
59827      -19.3
59828      -18.4
59829      -15.8
59830      -15.0
59831      -16.5
59832      -17.1
59833      -17.1
59834      -15.1
59835      -14.4
59836      -14.9
59837      -14.7
59838      -10.6
59839       -9.2
59840       -9.6
59841       -7.0
59842       -8.9
59843       -9.3
59844      -10.0
59845       -8.8
59846       -8.5
59847      -10.6
59848      -12.5
59849      -13.0
59850      -13.2
59851      -13.2
59852      -12.8
59853      -13.6
59854      -14.2
59855      -12.2
59856      -11.8
59857      -13.2
59858       -9.6
59859       -8.6
59860       -5.4
59861       -0.6
59862        5.0
59863        3.7
59864        2.0
59865       -0.1
59866       -0.4
59867        0.9
59868       -3.1
59869       -5.8
59870       -7.2
59871       -8.1
59872       -6.5
59873       -3.3
59874       -1.5
59875       -4.3
59876       -5.5
59877       -7.1
59878       -7.6
59879       -6.5
59880       -8.4
59881       -8.5
59882       -8.8
59883      -12.4
59884      -11.6
59885      -12.2
59886      -12.2
59887      -13.9
59888      -15.1
59889      -13.1
59890      -11.5
59891      -12.6
59892      -14.3
59893      -10.2
59894       -8.3
59895       -6.6
59896      -11.3
59897       -9.7
59898      -10.4
59899      -10.0
59900       -9.3
59901       -9.5
59902       -9.8
59903       -9.8
59904       -8.2
59905       -8.2
59906       -7.8
59907       -7.0
59908       -7.1
59909       -6.8
59910       -6.5
59911       -5.9
59912       -8.0
59913       -9.8
59914       -9.7
59915       -7.0
59916       -3.8
59917       -1.6
59918        0.3
59919        0.6
59920        2.4
59921        5.8
59922        7.2
59923       11.9
59924       13.3
59925       13.7
59926       15.3
59927       18.0
59928       18.3
59929       20.0
59930       18.0
59931       16.2
59932       15.8
59933       13.0
59934       13.4
59935       14.7
59936       12.3
59937       10.8
59938       13.4
59939       11.9
59940       11.8
59941       10.8
59942       11.8
59943       11.3
59944        8.9
59945       10.2
59946        7.5
59947        8.7
59948        8.5
59949        6.3
59950        3.5
59951        0.9
59952       -0.3
59953       -0.7
59954        0.5
59955        0.4
59956        2.3
59957        3.2
59958        0.1
59959        3.0
59960        5.8
59961        9.1
59962        9.9
59963       10.7
59964       11.2
59965        9.6
59966       12.7
59967       14.3
59968       15.0
59969       18.3
59970       19.0
59971       19.7
59972       18.3
59973       19.3
59974       15.5
59975       12.8
59976       10.2
59977        7.6
59978        5.5
59979        3.3
59980        3.2
59981        5.1
59982        3.6
59983        7.1
59984       10.3
59985        8.0
59986        6.2
59987        5.6
59988        7.0
59989        5.5
59990        7.8
59991        6.9
59992        7.2
59993        6.2
59994        4.3
59995        1.1
59996       -2.1
59997       -0.2
59998        0.0
59999        0.3
60000       -0.6
60001        0.7
60002        4.0
60003        3.9
60004        2.8
60005        1.8
60006        3.5
60007       -0.7
60008       -0.8
60009       -2.8
60010       -3.2
60011       -2.3
60012        0.2
60013       -2.1
60014       -4.0
60015       -5.6
60016       -7.9
60017       -5.7
60018       -5.1
60019       -7.7
60020       -8.1
60021       -9.2
60022       -8.1
60023      -11.0
60024      -12.0
60025       -9.9
60026       -8.3
60027       -7.9
60028      -10.6
60029      -11.3
60030      -12.6
60031      -12.2
60032      -14.4
60033      -13.5
60034      -13.6
60035      -12.9
60036      -12.9
60037       -8.0
60038       -5.0
60039       -2.7
60040       -3.2
60041       -4.7
60042       -4.6
60043       -5.0
60044       -1.1
60045       -0.4
60046        2.5
60047        4.9
60048        3.2
60049        2.4
60050        2.8
60051        2.4
60052        0.7
60053       -0.3
60054       -1.6
60055       -2.6
60056       -3.8
60057       -3.1
60058       -2.2
60059       -2.6
60060       -5.1
60061       -7.0
60062       -8.5
60063       -7.7
60064       -9.5
60065       -8.2
60066       -8.9
60067      -11.1
60068      -10.0
60069      -13.2
60070      -12.1
60071       -9.8
60072      -11.4
60073      -12.0
60074      -11.5
60075      -11.0
60076       -8.3
60077       -5.5
60078       -6.3
60079       -3.4
60080       -4.6
60081       -6.0
60082       -2.8
60083       -1.5
60084       -2.0
60085        1.5
60086        3.6
60087        3.0
60088        2.4
60089        2.1
60090       -0.1
60091        1.7
60092        3.9
60093        4.0
60094        6.9
60095        8.8
60096        7.7
60097        8.7
60098        7.6
60099        7.5
60100        3.9
60101        3.0
60102        7.5
60103        7.1
60104        8.9
60105       10.9
60106       13.0
60107       17.9
60108       19.5
60109       19.6
60110       19.9
60111       20.4
60112       23.4
60113       21.8
60114       23.6
60115       22.3
60116       20.2
60117       20.0
60118       20.6
60119       19.9
60120       21.5
60121       26.4
60122       24.8
60123       22.2
60124       20.0
60125       20.9
60126       21.2
60127       20.7
60128       18.8
60129       21.0
60130       21.2
60131       23.2
60132       22.4
60133       20.9
60134       19.8
60135       19.5
60136       15.2
60137       13.6
60138       14.7
60139       13.8
60140       12.3
60141       12.4
60142       12.5
60143       12.4
60144       11.2
60145       11.0
60146        6.6
60147        3.8
60148        2.9
60149        2.7
60150        4.1
60151        3.9
60152       -1.4
60153       -3.5
60154       -5.4
60155       -7.1
60156      -11.0
60157      -15.7
60158      -14.8
60159      -17.2
60160      -19.4
60161      -18.1
60162      -16.0
60163      -14.9
60164      -12.5
60165      -14.9
60166      -11.7
60167      -14.5
60168      -13.1
60169      -15.0
60170      -11.6
60171       -8.2
60172       -7.5
60173       -6.1
60174       -5.5
60175       -6.4
60176       -5.0
60177       -2.6
60178        0.5
60179        0.4
60180       -0.2
60181       -0.0
60182       -0.0
60183        1.2
60184        2.7
60185        3.8
60186        4.2
60187        4.0
60188        3.2
60189        3.5
60190        2.9
60191        0.5
60192       -3.2
60193       -4.3
60194       -2.6
60195       -5.7
60196       -5.4
60197       -4.8
60198       -3.5
60199       -3.3
60200       -3.5
60201       -3.4
60202       -4.2
60203       -4.9
60204       -4.9
60205       -4.1
60206       -3.2
60207       -3.8
60208       -6.3
60209       -5.6
60210       -5.5
60211       -1.2
60212       -3.4
60213       -3.7
60214       -2.7
60215       -2.0
60216        0.4
60217        2.3
60218        5.7
60219        5.5
60220        7.1
60221        9.2
60222       10.6
60223        9.0
60224        9.2
60225       14.2
60226       16.3
60227       20.1
60228       20.7
60229       20.1
60230       20.0
60231       20.4
60232       23.6
60233       25.6
60234       25.2
60235       24.8
60236       25.0
60237       25.9
60238       30.4
60239       32.8
60240       36.0
60241       38.4
60242       41.5
60243       38.4
60244       40.5
60245       44.6
60246       46.4
60247       46.1
60248       42.9
60249       38.5
60250       35.0
60251       29.3
60252       27.8
60253       25.9
60254       26.6
60255       27.4
60256       27.1
60257       24.7
60258       27.3
60259       26.0
60260       24.2
60261       21.0
60262       23.6
60263       24.7
60264       21.9
60265       20.4
60266       15.1
60267       17.3
60268       12.9
60269       10.4
60270        6.0
60271        3.6
60272        2.7
60273        6.7
60274        7.4
60275        8.8
60276        8.2
60277        8.8
60278        9.8
60279       10.5
60280        9.6
60281        7.8
60282        8.3
60283        5.2
60284        4.4
60285        4.9
60286        3.8
60287        6.9
60288        7.3
60289        6.9
60290        9.8
60291       13.3
60292       17.0
60293       17.4
60294       18.9
60295       19.2
60296       20.5
60297       18.9
60298       15.1
60299       16.2
60300       15.3
60301       12.0
60302       11.1
60303       10.7
60304       11.1
60305       11.3
60306       11.0
60307        8.0
60308        5.5
60309        2.6
60310        4.0
60311        4.2
60312        2.6
60313       -3.5
60314       -5.1
60315       -4.5
60316       -8.0
60317       -4.8
60318       -4.6
60319       -8.2
60320      -11.8
60321      -13.1
60322      -15.6
60323      -18.5
60324      -19.5
60325      -19.0
60326      -17.4
60327      -18.4
60328      -14.0
60329      -13.5
60330      -13.6
60331      -13.5
60332      -13.2
60333      -15.8
60334      -14.5
60335      -13.2
60336      -12.4
60337      -11.3
60338       -9.7
60339       -9.1
60340      -12.9
60341      -12.7
60342      -15.7
60343      -11.8
60344      -13.9
60345      -12.6
60346      -13.9
60347      -16.7
60348      -19.8
60349      -18.9
60350      -16.6
60351      -15.0
60352      -17.7
60353      -17.5
60354      -16.5
60355      -18.0
60356      -13.5
60357       -9.6
60358       -5.6
60359       -2.2
60360       -5.1
60361       -8.6
60362       -6.9
60363       -5.8
60364       -3.5
60365       -1.6
60366       -1.8
60367       -1.5
60368        0.2
60369       -0.4
60370        2.2
60371        5.5
60372        5.3
60373        8.3
60374       12.5
60375       13.0
60376       13.6
60377       15.8
60378       10.5
60379       10.6
60380       14.2
60381       13.8
60382       12.3
60383        9.3
60384        8.0
60385        7.1
60386        8.3
60387        7.7
60388        7.6
60389        7.9
60390       10.3
60391       14.2
60392       18.2
60393       21.1
60394       20.7
60395       20.3
60396       20.4
60397       20.0
60398       19.6
60399       19.3
60400       20.2
60401       21.0
60402       21.5
60403       19.8
60404       22.0
60405       22.6
60406       22.6
60407       23.2
60408       25.2
60409       25.7
60410       25.3
60411       24.6
60412       24.5
60413       24.5
60414       22.7
60415       24.1
60416       25.6
60417       25.4
60418       24.4
60419       24.7
60420       27.0
60421       28.1
60422       26.9
60423       27.8
60424       25.9
60425       24.9
60426       25.3
60427       26.4
60428       29.4
60429       30.0
60430       29.7
60431       28.8
60432       27.1
60433       26.9
60434       27.0
60435       28.5
60436       27.5
60437       26.7
60438       28.0
60439       26.7
60440       26.0
60441       26.4
60442       23.0
60443       21.8
60444       18.3
60445       20.6
60446       20.5
60447       17.8
60448       15.1
60449        9.9
60450       10.7
60451        8.8
60452        8.4
60453        8.1
60454        6.2
60455        5.3
60456        3.2
60457        2.3
60458        2.2
60459        3.2
60460        2.4
60461        3.1
60462        2.3
60463        3.3
60464        3.6
60465        4.6
60466        4.5
60467        5.1
60468        5.7
60469        4.9
60470        0.5
60471        2.9
60472        2.8
60473        4.3
60474        6.0
60475        3.1
60476        4.1
60477        3.9
60478        5.4
60479        6.1
60480        4.8
60481        1.3
60482        2.9
60483        5.4
60484        5.9
60485        6.8
60486        7.7
60487        8.9
60488       11.6
60489       12.0
60490        7.9
60491        8.2
60492       10.0
60493       12.4
60494       15.4
60495       14.7
60496       14.1
60497       14.5
60498       15.9
60499       16.1
60500       17.7
60501       19.3
60502       18.4
60503       19.9
60504       21.6
60505       20.9
60506       20.4
60507       22.5
60508       23.6
60509       25.5
60510       24.1
60511       24.0
60512       26.8
60513       30.1
60514       32.2
60515       31.4
60516       31.0
60517       27.0
60518       28.6
60519       24.4
60520       22.1
60521       19.2
60522       19.4
60523       22.6
60524       16.7
60525       14.3
60526       16.7
60527       11.1
60528        7.5
60529        5.9
60530        5.3
60531        1.5
60532       -1.3
60533       -5.1
60534       -4.4
60535       -6.3
60536       -7.9
60537       -8.7
60538       -7.0
60539       -9.5
60540       -7.8
60541       -7.2
60542       -6.7
60543       -7.3
60544       -8.0
60545       -9.2
60546       -5.2
60547       -5.4
60548       -2.7
60549       -6.2
60550       -6.6
60551       -8.5
60552       -6.1
60553       -6.8
60554       -8.3
60555       -6.0
60556       -6.7
60557       -7.1
60558       -5.5
60559       -6.4
60560       -2.2
60561       -4.3
60562       -3.0
60563       -4.5
60564       -3.6
60565        0.1
60566       -2.2
60567       -2.9
60568       -3.8
60569       -3.7
60570       -0.8
60571        1.3
60572        3.3
60573        4.9
60574        3.8
60575        3.7
60576        2.0
60577        4.5
60578        6.1
60579        7.2
60580        7.6
60581        5.6
60582        4.3
60583        6.2
60584        7.5
60585        9.5
60586       10.1
60587        9.9
60588        8.5
60589       12.5
60590       13.8
60591       14.9
60592       13.8
60593       11.5
60594        9.6
60595       10.5
60596        9.8
60597       10.4
60598        8.9
60599        6.6
60600       10.2
60601       10.3
60602       10.9
60603        7.5
60604        7.4
60605        9.1
60606        5.1
60607        5.8
60608        4.2
60609        5.0
60610        1.5
60611        1.1
60612        0.1
60613       -3.6
60614       -7.6
60615       -6.0
60616       -5.6
60617       -6.7
60618       -8.1
60619      -10.9
60620      -11.8
60621      -15.4
60622      -15.9
60623      -17.4
60624      -13.8
60625       -9.4
60626       -7.3
60627       -3.1
60628       -4.3
60629       -3.2
60630       -6.8
60631       -7.1
60632       -7.2
60633      -10.7
60634      -10.6
60635      -12.1
60636      -13.5
60637      -13.7
60638      -12.1
60639      -13.3
60640      -14.9
60641      -15.0
60642      -15.3
60643      -13.3
60644      -15.9
60645      -16.3
60646      -14.1
60647      -11.6
60648       -9.5
60649       -8.4
60650       -7.4
60651       -9.0
60652       -6.0
60653       -4.2
60654       -2.0
60655        0.7
60656        0.4
60657        5.8
60658        5.7
60659        6.0
60660        4.1
60661        2.2
60662        3.9
60663        3.4
60664        3.1
60665       -0.4
60666       -1.5
60667       -6.0
60668       -5.7
60669       -6.2
60670       -6.6
60671       -7.9
60672       -7.5
60673       -7.3
60674      -11.0
60675      -11.3
60676      -12.7
60677      -11.8
60678      -11.3
60679      -13.8
60680      -14.2
60681      -15.8
60682      -14.3
60683      -12.6
60684      -12.9
60685      -14.4
60686      -15.4
60687      -17.0
60688      -15.0
60689      -15.4
60690      -19.6
60691      -18.7
60692      -17.4
60693      -22.3
60694      -27.3
60695      -26.0
60696      -27.8
60697      -28.2
60698      -28.9
60699      -31.2
60700      -35.2
60701      -38.0
60702      -40.3
60703      -43.5
60704      -45.6
60705      -51.6
60706      -52.4
60707      -53.8
60708      -53.0
60709      -54.8
60710      -60.1
60711      -60.0
60712      -56.6
60713      -58.2
60714      -57.9
60715      -55.2
60716      -53.0
60717      -50.0
60718      -44.4
60719      -41.9
60720      -44.9
60721      -33.1
60722      -16.9
60723        0.2
60724        3.3
60725       -2.1
60726       -5.1
60727       -5.9
60728        1.3
60729        4.1
60730        4.9
60731        6.6
60732        8.1
60733       13.0
60734       14.9
60735       16.1
60736       16.9
60737       17.6
60738       17.2
60739       21.1
60740       23.1
60741       24.9
60742       26.0
60743       26.0
60744       29.3
60745       28.1
60746       23.6
60747       18.1
60748       14.5
60749        9.9
60750        6.0
60751        4.4
60752        4.1
60753        0.2
60754       -0.7
60755       -5.0
60756       -7.0
60757       -6.7
60758       -8.3
60759       -8.7
60760       -7.9
60761       -3.9
60762       -6.5
60763       -8.1
60764       -6.5
60765       -5.4
60766       -4.9
60767       -1.0
60768       -3.7
60769       -6.3
60770       -6.8
60771       -9.0
60772      -10.0
60773       -9.8
60774      -11.6
60775      -13.6
60776      -14.9
60777      -13.4
60778      -12.4
60779       -7.5
60780       -8.0
60781      -10.5
60782       -9.2
60783       -6.7
60784       -7.7
60785       -6.5
60786       -9.8
60787      -10.2
60788       -9.8
60789       -9.2
60790       -8.2
60791      -10.4
60792      -10.3
60793      -11.8
60794      -10.5
60795       -9.3
60796       -5.4
60797       -4.2
60798       -2.8
60799        0.1
60800        1.0
60801        3.0
60802        3.3
60803        5.3
60804        4.6
60805        7.5
60806        8.1
60807        9.4
60808       10.2
60809       12.3
60810       13.7
60811       12.7
60812       12.3
60813        9.0
60814        7.7
60815        6.3
60816        4.2
60817        5.3
60818        6.1
60819        6.8
60820        6.1
60821        7.9
60822        8.1
60823        8.3
60824        6.0
60825        3.2
60826        2.3
60827        2.7
60828        2.9
60829        2.4
60830        3.4
60831       -0.2
60832       -1.8
60833       -2.0
60834       -4.2
60835       -3.9
60836       -4.1
60837       -6.4
60838       -6.1
60839       -7.2
60840       -6.5
60841       -4.5
60842       -5.4
60843       -5.1
60844       -6.0
60845       -8.2
60846       -9.4
60847      -11.2
60848      -12.3
60849      -12.9
60850      -12.2
60851      -12.1
60852      -11.5
60853      -11.1
60854      -12.3
60855      -13.0
60856      -12.5
60857      -12.9
60858      -13.3
60859      -15.9
60860      -15.4
60861      -16.0
60862      -14.9
60863      -14.1
60864      -11.0
60865      -13.3
60866      -12.7
60867      -15.6
60868      -14.1
60869      -12.2
60870      -10.3
60871       -8.0
60872       -7.9
60873       -6.4
60874       -1.1
60875        2.9
60876        5.8
60877       11.1
60878       14.9
60879       14.9
60880       14.8
60881       14.8
60882       15.3
60883       13.8
60884       15.4
60885       16.8
60886       15.9
60887       13.9
60888       15.0
60889       14.6
60890       13.4
60891       12.5
60892       11.4
60893       15.5
60894       15.2
60895       16.5
60896       18.2
60897       16.3
60898       15.0
60899       13.9
60900       15.8
60901       15.5
60902       16.3
60903       18.5
60904       18.8
60905       20.8
60906       20.3
60907       21.9
60908       23.5
60909       24.2
60910       23.9
60911       23.3
60912       21.7
60913       21.8
60914       20.7
60915       22.4
60916       23.4
60917       24.5
60918       21.2
60919       21.3
60920       26.4
60921       29.4
60922       27.9
60923       29.1
60924       27.9
60925       27.0
60926       25.4
60927       28.1
60928       30.7
60929       30.9
60930       31.5
60931       31.9
60932       31.6
60933       31.0
60934       30.9
60935       31.0
60936       28.6
60937       30.3
60938       26.2
60939       26.8
60940       25.7
60941       24.9
60942       22.1
60943       20.5
60944       19.2
60945       18.1
60946       18.2
60947       19.7
60948       17.3
60949       16.7
60950       15.1
60951       12.6
60952       10.6
60953        7.0
60954        4.9
60955        1.1
60956       -1.6
60957       -7.0
60958      -10.6
60959      -10.1
60960      -11.6
60961      -12.1
60962       -9.9
60963      -11.6
60964      -11.9
60965      -11.2
60966      -12.7
60967      -15.1
60968      -15.3
60969      -14.1
60970      -14.3
60971      -16.2
60972      -19.8
60973      -21.8
60974      -23.4
60975      -25.9
60976      -27.3
60977      -29.0
60978      -30.3
60979      -32.9
60980      -34.8
60981      -32.8
60982      -33.4
60983      -35.8
60984      -36.9
60985      -36.9
60986      -35.5
60987      -35.0
60988      -33.9
60989      -33.5
60990      -33.2
60991      -30.0
60992      -28.4
60993      -28.5
60994      -27.4
60995      -23.2
60996      -21.0
60997      -18.3
60998      -18.9
60999      -17.2
61000      -19.7
61001      -16.6
61002      -16.4
61003      -15.7
61004      -17.0
61005      -17.1
61006      -16.1
61007      -15.5
61008      -14.6
61009      -14.9
61010      -14.7
61011      -15.8
61012      -16.6
61013      -17.6
61014      -19.0
61015      -20.7
61016      -21.9
61017      -20.6
61018      -19.6
61019      -22.2
61020      -21.1
61021      -21.3
61022      -21.5
61023      -20.2
61024      -20.0
61025      -21.8
61026      -20.3
61027      -18.2
61028      -16.6
61029      -16.5
61030      -16.0
61031      -12.7
61032      -12.7
61033      -15.4
61034      -14.0
61035      -14.8
61036      -14.1
61037      -14.0
61038      -11.6
61039      -11.9
61040      -10.5
61041       -9.4
61042      -10.6
61043      -10.3
61044       -7.1
61045       -5.4
61046       -3.5
61047       -2.7
61048       -2.9
61049       -3.2
61050       -2.1
61051       -1.4
61052       -3.3
61053       -3.7
61054       -2.9
61055       -3.5
61056        0.3
61057        2.1
61058        3.3
61059        3.3
61060        3.8
61061        5.5
61062        5.0
61063        4.6
61064        5.4
61065        2.5
61066        6.6
61067        6.9
61068        9.1
61069       10.7
61070       10.6
61071        9.4
61072        8.9
61073        7.9
61074        9.8
61075       12.3
61076       11.7
61077       11.0
61078       11.0
61079       10.0
61080       10.5
61081        7.8
61082       12.0
61083       12.6
61084       14.9
61085       11.6
61086       14.1
61087       16.5
61088       16.5
61089       19.4
61090       20.8
61091       33.2
61092       39.6
61093       36.9
61094       34.2
61095       30.4
61096       25.8
61097       20.4
61098       17.1
61099       14.4
61100       14.8
61101       13.2
61102       11.8
61103       11.7
61104       11.5
61105       12.6
61106       11.8
61107       11.2
61108        9.3
61109        8.8
61110        6.9
61111        9.0
61112       11.3
61113       10.0
61114       13.8
61115       15.0
61116       12.2
61117        9.7
61118        7.8
61119        9.3
61120        6.2
61121        4.7
61122        4.0
61123        3.4
61124        5.2
61125        2.3
61126       -0.2
61127        0.5
61128       -0.4
61129        2.4
61130        4.2
61131        5.7
61132        7.7
61133        9.2
61134        8.6
61135        8.7
61136        7.5
61137        7.2
61138        9.4
61139       12.7
61140        9.0
61141        6.7
61142        8.2
61143        6.8
61144        6.5
61145        6.5
61146        5.5
61147        5.0
61148        6.0
61149        6.4
61150        3.6
61151        4.7
61152        4.5
61153        1.6
61154       -0.7
61155       -1.4
61156       -0.4
61157       -0.1
61158       -2.9
61159       -5.0
61160       -7.0
61161      -10.1
61162      -11.2
61163      -11.5
61164      -11.7
61165      -12.4
61166      -11.6
61167      -11.9
61168       -9.3
61169      -13.0
61170      -15.5
61171      -15.2
61172      -16.2
61173      -15.8
61174      -15.9
61175      -15.2
61176      -17.8
61177      -20.2
61178      -19.9
61179      -20.2
61180      -20.8
61181      -18.9
61182      -17.8
61183      -17.1
61184      -12.9
61185      -12.6
61186       -8.5
61187       -8.0
61188      -10.2
61189       -8.5
61190       -5.9
61191       -2.9
61192       -2.5
61193       -0.2
61194       -1.9
61195       -3.5
61196       -5.0
61197       -2.6
61198       -2.8
61199       -1.4
61200        0.1
61201       -0.0
61202        0.2
61203       -1.3
61204       -2.3
61205       -2.0
61206        0.4
61207        0.7
61208       -0.8
61209       -2.2
61210       -3.9
61211       -0.3
61212        0.7
61213        3.1
61214        2.4
61215       -1.6
61216       -4.9
61217       -7.6
61218       -7.7
61219       -6.7

# UTC remains available from the monthly Circular T at
# (http://www.bipm.org/en/bipm-services/timescales/time-ftp/Circular-T.html).
