# MJD  [UTCr-UTC(INM)]/ns
60702      -18.2
60703      -19.2
60704      -22.0
60705      -22.1
60706      -23.2
60707      -24.0
60708      -29.7
60709      -28.9
60710      -34.0
60711      -31.3
60712      -29.7
60713      -29.1
60714      -28.2
60715      -30.8
60716      -27.5
60717      -18.3
60718      -17.1
60719      -15.0
60720      -11.8
60721      -20.9
60722      -19.9
60723      -22.7
60724      -19.0
60725      -17.0
60726      -10.2
60727       -1.8
60728       -0.9
60729       -1.2
60730      -16.1
60731      -18.9
60732      -13.0
60733      -21.9
60734      -41.3
60735      -38.3
60736      -31.0
60737      -22.5
60738      -17.0
60739       -6.7
60740       -6.9
60741      -10.4
60742      -13.6
60743      -16.0
60744      -21.3
60745      -22.1
60746      -21.6
60747      -30.6
60748      -27.5
60749      -23.6
60750      -26.2
60751      -22.6
60752      -17.3
60753      -18.1
60754      -19.3
60755      -20.0
60756      -22.3
60757      -18.1
60758      -16.4
60759       -9.5
60760       -9.8
60761      -13.1
60762      -17.2
60763      -10.4
60764      -10.0
60765       -2.7
60766       -0.3
60767        3.0
60768        6.6
60769        7.4
60770       10.3
60771        3.0
60772       15.1
60773          -
60774       11.7
60775       11.3
60776        9.7
60777       12.6
60778        5.0
60779        8.3
60780       10.4
60781        8.8
60782       12.5
60783        3.8
60784        3.3
60785        5.8
60786        6.1
60787       12.0
60788       10.8
60789        4.0
60790        6.0
60791        9.0
60792       10.9
60793       14.0
60794        5.2
60795        9.4
60796        9.1
60797       15.1
60798       13.2
60799       14.8
60800       11.4
60801       17.4
60802       16.0
60803       16.6
60804       18.7
60805       18.1
60806       19.6
60807       21.3
60808       22.1
60809       24.4
60810       27.2
60811       19.3
60812       23.4
60813       20.8
60814       17.4
60815       19.9
60816       18.3
60817       23.6
60818       22.6
60819       16.6
60820       21.6
60821       25.3
60822       22.1
60823       19.2
60824       16.9
60825       13.1
60826       10.5
60827        8.5
60828        2.2
60829        1.7
60830       -3.1
60831       -0.8
60832       -3.6
60833        2.9
60834        2.2
60835       -0.2
60836       -3.0
60837       -1.0
60838       -1.8
60839       -0.4
60840       -0.7
60841        0.8
60842        3.8
60843       -7.8
60844       -3.0
60845        0.1
60846       -1.5
60847       -5.0
60848       -3.7
60849       -0.8
60850       -1.9
60851        1.2
60852       -0.9
60853       -5.7
60854      -10.9
60855       -3.6
60856       -6.0
60857       -3.0
60858       -3.2
60859        2.2
60860       -1.6
60861       -2.0
60862        1.7
60863        3.7
60864        8.9
60865       14.0
60866       19.5
60867       19.2
60868        4.7
60869       -5.1
60870      -11.6
60871      -11.7
60872      -20.4
60873      -18.9
60874      -15.2
60875       -7.9
60876       -6.9
60877       -5.2
60878        6.2
60879        0.6
60880        5.6
60881        9.5
60882       15.1
60883       19.4
60884       25.3
60885       27.8
60886       20.1
60887       14.0
60888       11.8
60889       11.6
60890        4.6
60891        4.4
60892        3.2
60893        0.3
60894       -6.8
60895      -10.4
60896       -7.6
60897       -5.4
60898      -10.9
60899      -14.0
60900      -14.7
60901      -15.7
60902      -17.5
60903      -25.9
60904      -30.6
60905      -36.2
60906      -31.2
60907      -40.8
60908      -42.6
60909      -56.2
60910      -55.6
60911      -68.5
60912      -73.1
60913      -87.1
60914      -94.1
60915     -103.8
60916     -109.8
60917     -104.2
60918     -102.2
60919     -109.7
60920     -106.4
60921     -113.5
60922     -112.2
60923     -122.1
60924     -124.0
60925     -124.1
60926     -121.4
60927     -113.4
60928     -109.6
60929     -106.7
60930     -109.1
60931      -99.9
60932      -98.8
60933      -98.0
60934      -96.0
60935      -97.1
60936      -92.1
60937      -96.6
60938      -94.6
60939      -90.0
60940      -77.3
60941      -84.2
60942      -80.8
60943      -74.3
60944      -73.3
60945      -71.3
60946      -66.9
60947      -55.6
60948      -56.8
60949      -56.2
60950      -48.7
60951      -56.7
60952      -55.4
60953      -46.3
60954      -46.3
60955      -51.1
60956      -49.8
60957      -47.1
60958      -49.3
60959      -49.6
60960      -43.8
60961      -38.8
60962      -31.3
60963      -39.9
60964      -31.3
60965      -24.7
60966      -19.8
60967      -23.1
60968      -14.1
60969      -25.8
60970      -31.1
60971      -31.3
60972      -34.2
60973      -31.8
60974      -21.8
60975      -29.1
60976      -23.7
60977      -23.3
60978      -22.1
60979      -26.2
60980      -24.7
60981      -27.4
60982      -25.9
60983      -21.7
60984      -32.8
60985      -36.3
60986      -20.2
60987      -20.4
60988      -19.1
60989      -14.2
60990      -12.9
60991      -10.9
60992       -7.8
60993       -4.3
60994       -3.8
60995       -2.4
60996        9.2
60997       13.0
60998       11.3
60999        8.0
61000        1.1
61001      -11.9
61002      -18.5
61003      -22.4
61004      -36.1
61005      -39.8
61006      -41.6
61007      -48.8
61008      -46.7
61009      -51.5
61010      -53.2
61011      -51.4
61012      -47.7
61013      -49.3
61014      -49.6
61015      -48.1
61016      -58.8
61017      -56.6
61018      -59.9
61019      -61.5
61020      -68.8
61021      -58.8
61022      -54.4
61023      -60.5
61024      -64.6
61025      -63.5
61026      -63.1
61027      -56.5
61028      -55.0
61029      -52.1
61030      -57.3
61031      -61.3
61032      -54.8
61033      -59.3
61034      -57.2
61035      -54.4
61036      -50.5
61037      -50.4
61038      -52.0
61039      -41.1
61040      -43.9
61041      -45.7
61042      -47.7
61043      -42.8
61044      -45.8
61045      -40.7
61046      -42.1
61047      -38.7
61048      -37.9
61049      -40.5
61050      -39.5
61051      -42.4
61052      -39.2
61053      -40.0
61054      -41.6
61055      -39.6
61056      -35.9
61057      -41.4
61058      -37.1
61059      -34.6
61060      -35.1
61061      -42.7
61062      -38.2
61063      -31.2
61064      -23.9
61065      -25.4
61066      -25.7
61067      -28.4
61068      -32.5
61069      -31.6
61070      -34.9
61071      -33.9
61072      -41.2
61073      -40.2
61074      -41.7
61075      -38.8
61076      -31.5
61077      -34.2
61078      -36.4
61079      -32.9
61080      -39.8
61081      -39.1
61082      -38.2
61083      -43.7
61084      -39.6
61085      -36.2
61086      -36.2
61087      -34.1
61088      -28.4
61089      -29.6
61090      -30.0
61091      -27.3
61092      -24.5
61093      -23.5
61094      -14.9
61095      -21.5
61096      -24.2
61097      -27.2
61098      -26.9
61099      -26.7
61100      -29.6
61101      -30.9
61102      -23.2
61103      -21.0
61104      -22.9
61105      -19.7
61106      -12.4
61107      -16.6
61108      -14.1
61109      -24.8
61110      -18.9
61111      -18.3
61112      -19.0
61113      -24.5
61114      -26.3
61115      -15.3
61116      -15.7
61117      -20.4
61118      -21.8
61119      -20.3
61120      -19.4
61121      -14.2
61122      -13.1
61123      -14.5
61124      -11.9
61125       -9.1
61126      -13.0
61127      -15.2
61128      -14.9
61129      -14.5
61130      -13.5
61131      -17.5
61132          -
61133          -
61134       -2.0
61135       -6.6
61136       -5.0
61137      -11.0
61138      -18.3
61139      -18.9
61140      -20.9
61141      -23.5
61142      -27.0
61143      -18.4
61144      -18.3
61145      -16.7
61146      -18.2
61147      -19.0
61148      -19.7
61149      -26.0
61150      -24.3
61151      -24.8
61152      -23.2
61153      -20.4
61154      -19.7
61155      -28.1
61156      -22.9
61157      -28.7
61158      -33.0
61159      -35.8
61160      -42.0
61161      -35.8
61162      -36.3
61163      -35.0
61164      -33.5
61165      -33.0
61166      -33.9
61167      -35.4
61168      -34.7
61169      -33.6
61170      -28.2
61171      -26.2
61172      -17.4
61173      -18.5
61174      -15.1
61175      -13.9
61176      -10.8
61177      -10.2
61178      -12.6
61179      -13.3
61180      -13.3
61181      -12.8
61182       -7.1
61183       -5.2
61184       -6.7
61185       -7.6
61186       -6.9
61187       -5.8
61188       -6.2
61189       -1.2
61190        1.4
61191        4.5
61192        8.1
61193       14.1
61194       12.0
61195        9.6
61196        7.0
61197        6.4
61198       12.7
61199       20.7
61200       23.0
61201       13.1
61202       13.0
61203       17.7
61204       10.0
61205       14.8
61206       17.2
61207       20.3
61208       17.7
61209       16.6
61210       19.6
61211       17.2
61212       14.5
61213       11.2
61214        6.4
61215        7.4
61216        8.9
61217       11.6
61218       13.5
61219       11.5

# UTC remains available from the monthly Circular T at
# (http://www.bipm.org/en/bipm-services/timescales/time-ftp/Circular-T.html).
